1453265421      433   433    4
1453265422      435   869    9
1453265423      442   1312    15
1453265424      400   1712    19
1453265425      385   2097    24
1453265426      382   2479    28
1453265427      381   2861    32
1453265428      381   3242    37
1453265429      378   3620    41
1453265430      379   4000    45
1453265431      380   4381    50
1453265432      385   4767    54
1453265433      381   5148    58
1453265434      388   5536    63
1453265435      391   5927    67
1453265436      385   6312    72
1453265437      397   6709    76
1453265438      433   7142    81
1453265439      433   7575    86
1453265440      435   8010    91
1453265441      352   8362    95
1453265442      430   8792    100
1453265443      429   9221    105
1453265444      393   9647    110
1453265445      431   10078    115
1453265446      433   10512    120
1453265447      431   10943    125
1453265448      431   11375    130
1453265449      429   11804    135
1453265450      430   12234    140
1453265451      434   12668    145
1453265452      288   12956    148
1453265453      434   13390    153
1453265454      434   13824    158
1453265455      429   14254    163
1453265456      435   14689    168
1453265457      435   15124    173
1453265458      437   15562    178
1453265459      432   15994    183
1453265460      430   16424    188
1453265461      431   16856    193
1453265462      430   17286    198
1453265463      386   17689    202
1453265464      432   18122    207
1453265465      431   18553    212
1453265466      432   18985    217
1453265467      279   19315    221
1453265468      436   19751    226
1453265469      429   20180    231
1453265470      434   20615    236
1453265471      430   21045    241
1453265472      433   21479    246
1453265473      432   21911    251
1453265474      432   22344    256
1453265475      428   22773    260
1453265476      434   23208    265
1453265477      432   23640    270
1453265478      431   24071    275
1453265479      436   24507    280
1453265480      391   24929    285
1453265481      433   25362    290
1453265482      340   25753    295
1453265483      432   26186    300
1453265484      434   26620    305
1453265485      431   27051    309
1453265486      432   27483    314
1453265487      433   27916    319
1453265488      431   28348    324
1453265489      435   28783    329
1453265490      446   29229    334
1453265491      455   29684    340
1453265492      460   30145    345
1453265493      401   30565    350
1453265494      454   31020    355
1453265495      455   31475    360
1453265496      435   31910    365
1453265497      260   32191    368
1453265498      436   32627    373
1453265499      433   33060    378
1453265500      431   33492    383
1453265501      433   33926    388
1453265502      433   34360    393
1453265503      430   34791    398
1453265504      428   35219    403
1453265505      430   35650    408
1453265506      432   36082    413
1453265507      423   36506    418
1453265508      450   36957    423
1453265509      405   37404    428
1453265510      453   37858    433
1453265511      450   38308    438
1453265512      314   38629    442
1453265513      430   39060    447
1453265514      426   39487    452
1453265515      430   39918    457
1453265516      433   40351    462
1453265517      429   40781    467
1453265518      430   41211    472
1453265519      429   41640    477
1453265520      431   42071    482
1453265521      433   42505    487
1453265522      433   42938    492
1453265523      432   43370    496
1453265524      449   43819    502
1453265525      401   44243    506
1453265526      455   44698    512
1453265528      304   45067    516
1453265529      451   45518    521
1453265530      452   45971    526
1453265531      455   46427    532
1453265532      454   46881    537
1453265533      442   47324    542
1453265534      431   47756    547
1453265535      434   48190    552
1453265536      425   48615    557
1453265537      429   49044    562
1453265538      393   49478    566
1453265539      432   49911    571
1453265540      437   50348    576
1453265541      439   50787    581
1453265542      431   51218    586
1453265543      372   51590    591
1453265544      436   52027    596
1453265545      431   52459    601
1453265546      438   52897    606
1453265547      433   53330    611
1453265548      431   53761    616
1453265549      432   54194    621
1453265550      432   54627    625
1453265551      432   55060    630
1453265552      433   55494    635
1453265553      391   55916    640
1453265554      429   56346    645
1453265555      432   56778    650
1453265556      435   57213    655
1453265557      431   57644    660
1453265558      272   57943    663
1453265559      427   58371    668
1453265560      431   58803    673
1453265561      434   59238    678
1453265562      434   59673    683
1453265563      432   60106    688
1453265564      432   60538    693
1453265565      434   60972    698
1453265566      431   61404    703
1453265567      431   61835    708
1453265568      444   62280    713
1453265569      451   62732    718
1453265570      393   63156    723
1453265571      449   63605    728
1453265572      442   64047    733
1453265573      383   64430    738
1453265574      430   64861    743
1453265575      430   65292    748
1453265576      432   65725    753
1453265577      430   66156    758
1453265578      433   66589    763
1453265579      432   67021    768
1453265580      430   67451    772
1453265581      431   67883    777
1453265582      436   68320    782
1453265583      433   68754    787
1453265584      428   69182    792
1453265585      391   69594    797
1453265586      432   70027    802
1453265587      432   70459    807
1453265588      294   70819    811
1453265589      429   71248    816
1453265590      433   71682    821
1453265591      431   72114    826
1453265592      431   72545    831
1453265593      433   72978    836
1453265594      435   73414    841
1453265595      436   73850    846
1453265596      430   74281    851
1453265597      430   74712    856
1453265598      431   75143    861
1453265599      433   75576    866
1453265600      433   76009    871
1453265601      390   76433    875
1453265602      433   76867    880
1453265604      302   77257    885
1453265605      433   77691    890
1453265606      432   78124    895
1453265607      433   78557    900
1453265608      436   78993    905
1453265609      431   79424    910
1453265610      430   79855    915
1453265611      433   80288    920
1453265612      431   80719    924
1453265613      433   81153    929
1453265614      432   81586    934
1453265615      438   82025    939
1453265616      431   82457    944
1453265617      387   82871    949
1453265618      432   83304    954
1453265619      326   83695    959
1453265620      454   84150    964
1453265621      443   84594    969
1453265622      432   85026    974
1453265623      433   85459    979
1453265624      454   85914    984
1453265625      458   86373    989
1453265626      443   86817    994
1453265627      435   87252    999
1453265628      432   87685    1004
1453265629      389   88106    1009
1453265630      432   88538    1014
1453265631      432   88971    1019
1453265632      437   89408    1024
1453265633      437   89846    1029
1453265634      267   90133    1032
1453265635      432   90565    1037
1453265636      435   91000    1042
1453265637      455   91455    1048
1453265638      451   91906    1053
1453265639      453   92360    1058
1453265640      433   92793    1063
1453265641      432   93225    1068
1453265642      434   93659    1073
1453265643      433   94092    1078
1453265644      431   94523    1083
1453265645      384   94945    1088
1453265646      429   95375    1092
1453265647      437   95812    1097
1453265648      436   96248    1102
1453265649      317   96571    1106
1453265650      433   97004    1111
1453265651      429   97434    1116
1453265652      430   97864    1121
1453265653      432   98296    1126
1453265654      430   98727    1131
1453265655      450   99178    1136
1453265656      454   99633    1141
1453265657      454   100087    1146
1453265658      451   100539    1152
1453265659      405   100982    1157
1453265660      454   101436    1162
1453265661      456   101892    1167
1453265662      454   102347    1172
1453265663      455   102802    1178
1453265664      240   103042    1180
1453265665      434   103476    1185
1453265666      431   103908    1190
1453265667      433   104342    1195
1453265668      434   104776    1200
1453265669      433   105209    1205
1453265670      434   105644    1210
1453265671      429   106073    1215
1453265672      428   106501    1220
1453265673      430   106932    1225
1453265674      449   107381    1230
1453265676      402   107821    1235
1453265677      449   108270    1240
1453265678      453   108723    1245
1453265679      451   109175    1251
1453265680      359   109535    1255
1453265681      448   109984    1260
1453265682      450   110434    1265
1453265683      449   110884    1270
1453265684      446   111330    1275
1453265685      427   111757    1280
1453265686      434   112192    1285
1453265687      433   112626    1290
1453265688      395   113056    1295
1453265689      437   113493    1300
1453265690      432   113926    1305
1453265691      432   114358    1310
1453265692      433   114792    1315
1453265693      435   115227    1320
1453265694      431   115658    1325
1453265695      244   115902    1328
1453265696      430   116333    1333
1453265697      432   116765    1338
1453265698      431   117197    1343
1453265699      429   117626    1347
1453265700      431   118057    1352
1453265701      432   118490    1357
1453265702      434   118924    1362
1453265703      431   119355    1367
1453265704      430   119786    1372
1453265705      431   120218    1377
1453265706      435   120654    1382
1453265707      431   121085    1387
1453265708      387   121499    1392
1453265709      434   121933    1397
1453265710      300   122323    1401
1453265711      431   122754    1406
1453265712      432   123186    1411
1453265713      427   123613    1416
1453265714      430   124043    1421
1453265715      430   124474    1426
1453265716      434   124908    1431
1453265717      431   125339    1436
1453265718      441   125781    1441
1453265719      452   126233    1446
1453265720      450   126684    1451
1453265721      435   127119    1456
1453265722      389   127536    1461
1453265723      432   127969    1466
1453265724      433   128402    1471
1453265725      276   128761    1475
1453265726      428   129190    1480
1453265727      433   129623    1485
1453265728      430   130054    1490
1453265729      431   130485    1495
1453265730      429   130915    1500
1453265731      435   131351    1505
1453265732      435   131786    1510
1453265733      440   132226    1515
1453265734      434   132660    1520
1453265735      436   133096    1525
1453265736      449   133546    1530
1453265737      402   133974    1535
1453265738      455   134430    1540
1453265739      437   134868    1545
1453265741      270   135199    1549
1453265742      429   135628    1554
1453265743      432   136061    1559
1453265744      433   136495    1564
1453265745      432   136928    1569
1453265746      431   137359    1574
1453265747      431   137791    1578
1453265748      432   138223    1583
1453265749      450   138674    1589
1453265750      455   139130    1594
1453265751      455   139586    1599
1453265752      402   140011    1604
1453265753      461   140473    1609
1453265754      429   140903    1614
1453265755      435   141338    1619
1453265756      264   141637    1623
1453265757      454   142092    1628
1453265758      440   142532    1633
1453265759      430   142963    1638
1453265760      431   143395    1643
1453265761      430   143825    1648
1453265762      432   144257    1653
1453265763      432   144690    1658
1453265764      445   145135    1663
1453265765      445   145580    1668
1453265766      453   146034    1673
1453265767      395   146449    1678
1453265768      458   146908    1683
1453265769      449   147358    1688
1453265770      434   147792    1693
1453265771      253   148075    1696
1453265772      431   148507    1701
1453265773      438   148945    1706
1453265774      430   149376    1711
1453265775      432   149809    1716
1453265776      435   150244    1721
1453265777      429   150673    1726
1453265778      430   151103    1731
1453265779      430   151533    1736
1453265780      431   151965    1741
1453265781      433   152398    1746
1453265782      432   152830    1751
1453265783      427   153258    1756
1453265784      429   153687    1761
1453265785      389   154090    1765
1453265786      336   154513    1770
1453265787      432   154946    1775
1453265788      436   155382    1780
1453265789      434   155816    1785
1453265790      431   156247    1790
1453265791      433   156680    1795
1453265792      429   157109    1800
1453265793      432   157542    1805
1453265794      450   157993    1810
1453265795      455   158448    1815
1453265796      454   158903    1820
1453265797      402   159325    1825
1453265798      455   159780    1830
1453265799      435   160215    1835
1453265800      433   160649    1840
1453265802      261   160951    1844
1453265803      432   161384    1849
1453265804      434   161819    1854
1453265805      441   162261    1859
1453265806      454   162715    1864
1453265807      454   163170    1869
1453265808      456   163626    1875
1453265809      454   164081    1880
1453265810      455   164536    1885
1453265811      403   164961    1890
1453265812      454   165415    1895
1453265813      450   165865    1900
1453265814      430   166296    1905
1453265815      431   166728    1910
1453265816      430   167158    1915
1453265817      330   167488    1919
1453265818      435   167924    1924
1453265819      431   168355    1929
1453265820      427   168783    1934
1453265821      432   169216    1939
1453265822      429   169645    1944
1453265823      431   170076    1948
1453265824      438   170515    1953
1453265825      433   170948    1958
1453265826      434   171382    1963
1453265827      385   171800    1968
1453265828      437   172238    1973
1453265829      434   172673    1978
1453265830      433   173107    1983
1453265831      432   173539    1988
1453265832      265   173827    1991
1453265833      431   174259    1996
1453265834      437   174696    2001
1453265835      434   175130    2006
1453265836      433   175563    2011
1453265837      431   175995    2016
1453265838      430   176425    2021
1453265839      433   176858    2026
1453265840      433   177292    2031
1453265841      436   177729    2036
1453265842      446   178175    2041
1453265843      444   178620    2046
1453265844      394   179040    2051
1453265845      442   179483    2056
1453265846      435   179918    2061
1453265847      382   180300    2066
1453265848      431   180731    2071
1453265849      455   181186    2076
1453265850      445   181631    2081
1453265851      435   182067    2086
1453265852      429   182497    2091
1453265853      432   182929    2096
1453265854      454   183384    2101
1453265855      456   183840    2106
1453265856      403   184275    2111
1453265857      455   184731    2116
1453265858      449   185181    2122
1453265859      435   185616    2127
1453265860      430   186047    2131
1453265861      433   186480    2136
1453265862      242   186722    2139
1453265863      432   187155    2144
1453265864      430   187585    2149
1453265865      428   188013    2154
1453265866      430   188443    2159
1453265867      430   188874    2164
1453265868      431   189305    2169
1453265869      433   189738    2174
1453265870      430   190168    2179
1453265871      437   190605    2184
1453265872      435   191041    2189
1453265873      426   191468    2194
1453265874      429   191898    2199
1453265875      393   192317    2203
1453265876      430   192747    2208
1453265877      289   193141    2213
1453265878      428   193570    2218
1453265879      432   194002    2223
1453265880      431   194434    2228
1453265881      433   194867    2233
1453265882      431   195298    2237
1453265883      445   195743    2243
1453265884      454   196198    2248
1453265885      455   196654    2253
1453265886      464   197118    2258
1453265887      404   197552    2263
1453265888      447   197999    2268
1453265889      432   198432    2273
1453265890      430   198863    2278
1453265892      434   199297    2283
1453265893      277   199579    2287
1453265894      433   200013    2292
1453265895      433   200446    2296
1453265896      433   200879    2301
1453265897      431   201311    2306
1453265898      432   201743    2311
1453265899      446   202189    2316
1453265900      453   202642    2322
1453265901      455   203098    2327
1453265902      451   203549    2332
1453265903      404   203990    2337
1453265904      445   204435    2342
1453265905      451   204887    2347
1453265906      456   205343    2353
1453265907      460   205803    2358
1453265908      236   206039    2361
1453265909      450   206490    2366
1453265910      433   206924    2371
1453265911      431   207356    2376
1453265912      430   207786    2381
1453265913      432   208218    2386
1453265914      435   208654    2391
1453265915      434   209088    2396
1453265916      447   209536    2401
1453265917      454   209990    2406
1453265918      411   210428    2411
1453265919      457   210886    2416
1453265920      456   211342    2421
1453265921      456   211798    2427
1453265922      457   212256    2432
1453265923      339   212596    2436
1453265924      457   213053    2441
1453265925      456   213509    2446
1453265926      457   213967    2451
1453265927      437   214404    2456
1453265928      434   214838    2461
1453265929      397   215262    2466
1453265930      438   215701    2471
1453265931      433   216135    2476
1453265932      431   216566    2481
1453265933      433   216999    2486
1453265934      438   217438    2491
1453265935      437   217875    2496
1453265936      435   218311    2501
1453265937      437   218748    2506
1453265938      227   218975    2509
1453265939      444   219420    2514
1453265940      453   219874    2519
1453265941      454   220328    2524
1453265942      440   220769    2529
1453265943      434   221203    2534
1453265944      436   221640    2539
1453265945      432   222072    2544
1453265946      390   222502    2549
1453265947      438   222941    2554
1453265948      439   223380    2559
1453265949      431   223811    2564
1453265950      438   224250    2569
1453265951      432   224683    2574
1453265952      430   225114    2579
1453265953      369   225484    2583
1453265954      437   225922    2588
1453265955      430   226352    2593
1453265956      437   226789    2598
1453265957      433   227222    2603
1453265958      432   227655    2608
1453265959      438   228093    2613
1453265960      434   228528    2618
1453265961      392   228940    2623
1453265962      439   229379    2628
1453265963      434   229813    2633
1453265964      431   230245    2638
1453265965      436   230682    2643
1453265966      433   231115    2648
1453265967      431   231546    2653
1453265968      239   231785    2656
1453265969      431   232216    2661
1453265970      435   232651    2666
1453265971      442   233093    2671
1453265972      441   233535    2676
1453265973      439   233974    2681
1453265974      451   234426    2686
1453265975      453   234880    2691
1453265976      453   235333    2696
1453265977      437   235771    2701
1453265978      379   236180    2706
1453265979      447   236627    2711
1453265980      435   237062    2716
1453265981      433   237495    2721
1453265982      436   237931    2726
1453265983      376   238307    2730
1453265984      432   238740    2735
1453265985      434   239175    2740
1453265986      427   239602    2745
1453265987      432   240035    2750
1453265988      432   240468    2755
1453265989      435   240903    2760
1453265990      451   241354    2765
1453265991      454   241808    2770
1453265992      406   242217    2775
1453265993      427   242644    2780
1453265994      436   243081    2785
1453265995      432   243513    2790
1453265996      434   243947    2795
1453265997      436   244383    2800
1453265998      248   244645    2803
1453265999      427   245073    2808
1453266000      434   245508    2813
1453266001      432   245941    2818
1453266002      433   246374    2823
1453266003      433   246807    2828
1453266004      432   247239    2833
1453266005      431   247670    2838
1453266006      434   248104    2843
1453266007      436   248540    2848
1453266008      430   248971    2853
1453266009      432   249403    2857
1453266010      430   249833    2862
1453266011      391   250259    2867
1453266012      436   250695    2872
1453266014      289   251083    2877
1453266015      431   251515    2882
1453266016      433   251948    2887
1453266017      431   252380    2892
1453266018      429   252810    2897
1453266019      442   253253    2902
1453266020      455   253708    2907
1453266021      455   254163    2912
1453266022      454   254618    2917
1453266023      454   255073    2922
1453266024      388   255494    2927
1453266025      432   255926    2932
1453266026      431   256357    2937
1453266027      439   256796    2942
1453266028      433   257229    2947
1453266029      275   257521    2951
1453266030      452   257974    2956
1453266031      453   258427    2961
1453266032      451   258878    2966
1453266033      454   259333    2971
1453266034      454   259787    2976
1453266035      448   260236    2982
1453266036      432   260668    2987
1453266037      444   261112    2992
1453266038      400   261531    2996
1453266039      433   261965    3001
1453266040      432   262398    3006
1453266041      433   262831    3011
1453266042      430   263262    3016
1453266043      432   263694    3021
1453266044      244   263959    3024
1453266045      444   264404    3029
1453266046      430   264834    3034
1453266047      433   265267    3039
1453266048      437   265705    3044
1453266049      430   266136    3049
1453266050      433   266569    3054
1453266051      433   267003    3059
1453266052      437   267440    3064
1453266053      432   267872    3069
1453266054      431   268304    3074
1453266055      430   268735    3079
1453266056      431   269167    3084
1453266057      387   269573    3089
1453266058      433   270007    3094
1453266059      339   270397    3098
1453266060      430   270828    3103
1453266061      429   271257    3108
1453266062      432   271689    3113
1453266063      439   272129    3118
1453266064      454   272583    3123
1453266065      455   273038    3128
1453266066      448   273487    3133
1453266067      455   273943    3139
1453266068      451   274395    3144
1453266069      389   274808    3149
1453266070      433   275242    3154
1453266071      432   275674    3159
1453266072      430   276104    3163
1453266073      433   276538    3168
1453266074      266   276835    3172
1453266075      433   277268    3177
1453266076      434   277702    3182
1453266077      430   278132    3187
1453266078      433   278565    3192
1453266079      433   278998    3197
1453266080      435   279434    3202
1453266081      431   279865    3207
1453266082      429   280295    3211
1453266083      433   280728    3216
1453266084      433   281161    3221
1453266085      431   281593    3226
1453266086      431   282024    3231
1453266087      392   282449    3236
1453266088      435   282884    3241
1453266089      369   283273    3246
1453266090      433   283707    3251
1453266091      436   284144    3256
1453266092      431   284576    3261
1453266093      433   285009    3266
1453266094      433   285443    3270
1453266095      438   285881    3276
1453266096      432   286314    3280
1453266097      431   286745    3285
1453266098      428   287173    3290
1453266099      441   287614    3295
1453266100      428   288043    3300
1453266101      435   288478    3305
1453266102      385   288887    3310
1453266103      435   289322    3315
1453266105      287   289711    3319
1453266106      429   290140    3324
1453266107      430   290570    3329
1453266108      427   290997    3334
1453266109      441   291438    3339
1453266110      452   291891    3344
1453266111      455   292346    3350
1453266112      455   292801    3355
1453266113      455   293256    3360
1453266114      435   293691    3365
1453266115      428   294120    3370
1453266116      387   294523    3375
1453266117      436   294959    3380
1453266118      433   295392    3385
1453266119      430   295822    3389
1453266120      274   296149    3393
1453266121      428   296577    3398
1453266122      431   297008    3403
1453266123      437   297445    3408
1453266124      452   297898    3413
1453266125      444   298343    3418
1453266126      453   298796    3424
1453266127      451   299248    3429
1453266128      446   299694    3434
1453266129      434   300129    3439
1453266130      430   300559    3444
1453266131      384   300961    3448
1453266132      431   301393    3453
1453266133      436   301830    3458
1453266134      431   302261    3463
1453266135      282   302587    3467
1453266136      434   303021    3472
1453266137      431   303452    3477
1453266138      434   303887    3482
1453266139      437   304325    3487
1453266140      431   304757    3492
1453266141      433   305191    3497
1453266142      434   305626    3502
1453266143      433   306059    3507
1453266144      431   306490    3512
1453266145      431   306922    3517
1453266146      434   307357    3522
1453266147      433   307791    3527
1453266148      389   308201    3531
1453266149      433   308634    3536
1453266151      298   309025    3541
1453266152      430   309455    3546
1453266153      431   309887    3551
1453266154      432   310319    3556
1453266155      431   310751    3561
1453266156      432   311184    3565
1453266157      436   311620    3570
1453266158      455   312075    3576
1453266159      440   312516    3581
1453266160      434   312951    3586
1453266161      434   313385    3591
1453266162      432   313817    3596
1453266163      390   314238    3600
1453266164      432   314670    3605
1453266165      432   315102    3610
1453266166      312   315463    3615
1453266167      431   315894    3619
1453266168      429   316324    3624
1453266169      431   316756    3629
1453266170      432   317188    3634
1453266171      432   317620    3639
1453266172      432   318052    3644
1453266173      431   318483    3649
1453266174      435   318918    3654
1453266175      438   319357    3659
1453266176      432   319789    3664
1453266177      432   320222    3669
1453266178      432   320655    3674
1453266179      384   321077    3679
1453266180      434   321511    3684
1453266181      289   321901    3688
1453266182      431   322332    3693
1453266183      430   322762    3698
1453266184      433   323195    3703
1453266185      432   323627    3708
1453266186      437   324065    3713
1453266187      431   324497    3718
1453266188      437   324934    3723
1453266189      430   325365    3728
1453266190      435   325801    3733
1453266191      447   326249    3738
1453266192      455   326704    3743
1453266193      398   327114    3748
1453266194      444   327559    3753
1453266195      431   327990    3758
1453266196      343   328339    3762
1453266197      426   328765    3767
1453266198      437   329202    3772
1453266199      431   329634    3777
1453266200      431   330065    3782
1453266201      428   330494    3787
1453266202      432   330927    3792
1453266203      432   331359    3797
1453266204      428   331788    3802
1453266205      431   332219    3807
1453266206      431   332651    3811
1453266207      433   333084    3816
1453266208      431   333515    3821
1453266209      399   333953    3826
1453266210      435   334389    3831
1453266212      295   334777    3836
1453266213      428   335206    3841
1453266214      431   335638    3846
1453266215      433   336071    3851
1453266216      432   336504    3856
1453266217      432   336937    3861
1453266218      430   337368    3866
1453266219      434   337803    3871
1453266220      436   338240    3876
1453266221      432   338673    3880
1453266222      434   339107    3885
1453266223      427   339534    3890
1453266224      431   339966    3895
1453266225      392   340391    3900
1453266226      436   340827    3905
1453266227      285   341215    3910
1453266228      432   341647    3915
1453266229      434   342081    3920
1453266230      430   342511    3924
1453266231      432   342943    3929
1453266232      443   343386    3934
1453266233      448   343834    3940
1453266234      453   344288    3945
1453266235      452   344740    3950
1453266236      445   345186    3955
1453266237      401   345626    3960
1453266238      439   346065    3965
1453266239      431   346496    3970
1453266240      429   346925    3975
1453266241      432   347358    3980
1453266242      255   347653    3983
1453266243      432   348085    3988
1453266244      433   348518    3993
1453266245      430   348948    3998
1453266246      433   349382    4003
1453266247      435   349817    4008
1453266248      449   350266    4013
1453266249      453   350719    4019
1453266250      449   351169    4024
1453266252      438   351608    4029
1453266253      433   352042    4034
1453266254      390   352465    4039
1453266255      451   352917    4044
1453266256      455   353373    4049
1453266257      449   353823    4054
1453266258      242   354091    4057
1453266259      428   354520    4062
1453266260      455   354975    4067
1453266261      455   355431    4073
1453266262      455   355886    4078
1453266263      461   356347    4083
1453266264      440   356788    4088
1453266265      438   357226    4093
1453266266      433   357660    2
1453266267      433   358094    7
1453266268      392   358502    12
1453266269      438   358941    17
1453266270      432   359373    22
1453266271      436   359810    27
1453266272      435   360246    32
1453266273      278   360529    35
1453266274      435   360965    40
1453266275      438   361404    45
1453266276      436   361840    50
1453266277      438   362279    55
1453266278      431   362711    60
1453266279      432   363144    65
1453266280      432   363577    70
1453266281      432   364009    75
1453266282      431   364440    80
1453266283      434   364874    85
1453266284      436   365311    90
1453266285      391   365742    95
1453266286      435   366177    100
1453266287      450   366628    105
1453266288      288   366967    109
1453266289      452   367420    114
1453266290      447   367868    119
1453266291      445   368313    124
1453266292      436   368750    129
1453266293      432   369182    134
1453266294      431   369614    139
1453266295      431   370046    144
1453266296      433   370480    149
1453266297      430   370910    154
1453266298      432   371343    159
1453266299      434   371778    164
1453266300      389   372180    168
1453266301      434   372614    173
1453266302      432   373046    178
1453266303      307   373405    182
1453266304      434   373840    187
1453266305      431   374271    192
1453266306      454   374726    198
1453266307      459   375186    203
1453266308      447   375633    208
1453266309      434   376067    213
1453266310      431   376498    218
1453266311      431   376930    223
1453266312      432   377362    228
1453266313      432   377794    233
1453266314      390   378217    238
1453266315      431   378649    243
1453266316      432   379082    248
1453266317      432   379514    252
1453266319      277   379843    256
1453266320      451   380295    261
1453266321      450   380745    267
1453266322      453   381199    272
1453266323      456   381655    277
1453266324      455   382110    282
1453266325      436   382546    287
1453266326      430   382977    292
1453266327      432   383410    297
1453266328      434   383844    302
1453266329      388   384254    307
1453266330      430   384684    312
1453266331      432   385116    317
1453266332      433   385549    322
1453266333      431   385980    327
1453266334      267   386281    330
1453266335      448   386729    335
1453266336      453   387182    340
1453266337      455   387637    346
1453266338      455   388093    351
1453266339      454   388547    356
1453266340      439   388987    361
1453266341      431   389419    366
1453266342      431   389850    371
1453266343      433   390284    376
1453266344      388   390692    381
1453266345      432   391125    386
1453266346      432   391557    390
1453266347      434   391991    395
1453266348      432   392424    400
1453266349      264   392719    404
1453266350      432   393152    409
1453266351      430   393583    414
1453266352      431   394015    419
1453266353      432   394448    424
1453266354      431   394880    429
1453266355      430   395311    434
1453266356      431   395743    438
1453266357      431   396175    443
1453266358      438   396613    448
1453266359      431   397045    453
1453266360      436   397481    458
1453266361      428   397910    463
1453266362      388   398333    468
1453266363      430   398764    473
1453266364      341   399157    478
1453266365      432   399589    483
1453266366      432   400021    487
1453266367      434   400456    492
1453266368      435   400891    497
1453266369      436   401327    502
1453266370      431   401758    507
1453266371      431   402190    512
1453266372      432   402623    517
1453266373      429   403052    522
1453266374      429   403482    527
1453266375      430   403912    532
1453266376      432   404345    537
1453266377      388   404771    542
1453266378      437   405208    547
1453266380      301   405595    551
1453266381      436   406031    556
1453266382      429   406461    561
1453266383      430   406892    566
1453266384      436   407328    571
1453266385      431   407759    576
1453266386      430   408190    581
1453266387      431   408621    586
1453266388      441   409062    591
1453266389      432   409495    596
1453266390      431   409927    601
1453266391      432   410360    606
1453266392      429   410790    611
1453266393      388   411209    616
1453266394      434   411643    621
1453266395      382   412033    625
1453266396      431   412465    630
1453266397      434   412899    635
1453266398      433   413333    640
1453266399      435   413768    645
1453266400      433   414202    650
1453266401      431   414633    655
1453266402      438   415072    660
1453266403      454   415527    665
1453266404      454   415981    670
1453266405      428   416410    675
1453266406      429   416840    680
1453266407      388   417246    685
1453266408      431   417677    690
1453266409      433   418110    695
1453266410      280   418471    699
1453266411      431   418903    704
1453266412      432   419335    709
1453266413      432   419767    714
1453266414      434   420201    719
1453266415      444   420645    724
1453266416      428   421074    729
1453266417      434   421509    734
1453266418      431   421941    739
1453266419      430   422372    744
1453266420      449   422821    749
1453266421      455   423277    754
1453266422      398   423684    759
1453266423      443   424127    764
1453266424      431   424559    769
1453266425      276   424909    773
1453266426      455   425364    778
1453266427      455   425819    783
1453266428      451   426270    788
1453266429      434   426704    793
1453266430      438   427143    798
1453266431      431   427574    803
1453266432      434   428009    808
1453266433      437   428446    813
1453266434      437   428883    818
1453266435      431   429314    823
1453266436      387   429721    828
1453266437      426   430147    833
1453266438      428   430575    838
1453266439      444   431020    843
1453266440      294   431347    846
1453266441      453   431801    852
1453266442      450   432251    857
1453266443      452   432703    862
1453266444      446   433150    867
1453266445      431   433582    872
1453266446      433   434015    877
1453266447      430   434445    882
1453266448      432   434878    887
1453266449      435   435313    892
1453266450      431   435744    897
1453266452      392   436159    902
1453266453      437   436597    907
1453266454      433   437030    912
1453266455      436   437467    917
1453266456      272   437785    920
1453266457      433   438218    925
1453266458      433   438652    930
1453266459      432   439084    935
1453266460      440   439525    940
1453266461      437   439963    945
1453266462      432   440395    950
1453266463      433   440829    955
1453266464      430   441259    960
1453266465      433   441692    965
1453266466      436   442128    970
1453266467      434   442563    975
1453266468      430   442994    980
1453266469      388   443399    985
1453266470      447   443846    990
1453266471      341   444223    994
1453266472      452   444675    999
1453266473      453   445128    1004
1453266474      448   445576    1010
1453266475      439   446015    1015
1453266476      454   446470    1020
1453266477      455   446926    1025
1453266478      449   447375    1030
1453266479      434   447810    1035
1453266480      393   448233    1040
1453266481      433   448667    1045
1453266482      430   449097    1050
1453266483      432   449529    1055
1453266484      435   449964    1060
1453266485      441   450405    1065
1453266486      239   450661    1068
1453266487      453   451115    1073
1453266488      451   451567    1078
1453266489      422   451989    1083
1453266490      429   452419    1088
1453266491      455   452874    1093
1453266492      455   453329    1098
1453266493      454   453783    1104
1453266494      455   454239    1109
1453266495      403   454671    1114
1453266496      455   455126    1119
1453266497      446   455573    1124
1453266498      434   456007    1129
1453266499      444   456451    1134
1453266500      434   456886    1139
1453266501      356   457243    1143
1453266502      430   457674    1148
1453266503      432   458106    1153
1453266504      431   458537    1158
1453266505      433   458970    1163
1453266506      431   459401    1168
1453266507      447   459849    1173
1453266508      433   460282    1178
1453266509      391   460708    1183
1453266510      435   461143    1188
1453266511      437   461580    1193
1453266512      433   462013    1198
1453266513      430   462444    1203
1453266514      431   462876    1208
1453266515      432   463308    1213
1453266516      240   463548    1215
1453266517      433   463982    1220
1453266518      433   464416    1225
1453266519      431   464847    1230
1453266520      431   465278    1235
1453266521      431   465709    1240
1453266522      432   466141    1245
1453266523      431   466572    1250
1453266524      431   467004    1255
1453266525      431   467435    1260
1453266526      434   467870    1265
1453266527      432   468302    1270
1453266528      427   468729    1275
1453266529      391   469151    1280
1453266530      434   469585    1285
1453266532      299   469975    1289
1453266533      430   470405    1294
1453266534      430   470836    1299
1453266535      433   471270    1304
1453266536      430   471700    1309
1453266537      431   472131    1314
1453266538      432   472563    1319
1453266539      434   472997    1324
1453266540      430   473428    1329
1453266541      432   473861    1334
1453266542      435   474297    1339
1453266543      433   474731    1344
1453266544      430   475161    1349
1453266545      385   475589    1353
1453266546      455   476044    1359
1453266547      312   476413    1363
1453266548      430   476843    1368
1453266549      431   477274    1373
1453266550      431   477706    1378
1453266551      430   478137    1383
1453266552      433   478570    1388
1453266553      432   479003    1393
1453266554      431   479434    1398
1453266555      430   479864    1402
1453266556      433   480298    1407
1453266557      430   480728    1412
1453266558      435   481164    1417
1453266559      429   481593    1422
1453266560      432   482025    1427
1453266561      387   482428    1432
1453266562      300   482851    1437
1453266563      452   483304    1442
1453266564      454   483759    1447
1453266565      447   484206    1452
1453266566      430   484637    1457
1453266567      433   485070    1462
1453266568      436   485506    1467
1453266569      432   485939    1472
1453266570      433   486372    1477
1453266571      431   486804    1482
1453266572      432   487236    1487
1453266573      391   487663    1492
1453266574      427   488090    1497
1453266575      438   488529    1502
1453266576      431   488961    1507
1453266577      311   489289    1510
1453266578      429   489718    1515
1453266579      430   490149    1520
1453266580      435   490584    1525
1453266581      430   491014    1530
1453266582      431   491446    1535
1453266583      431   491878    1540
1453266584      431   492310    1545
1453266585      433   492743    1550
1453266586      433   493177    1555
1453266587      430   493607    1560
1453266588      431   494038    1565
1453266589      433   494472    1570
1453266591      390   494903    1575
1453266592      432   495336    1580
1453266593      304   495727    1584
1453266594      436   496163    1589
1453266595      433   496597    1594
1453266596      434   497031    1599
1453266597      436   497467    1604
1453266598      434   497901    1609
1453266599      435   498336    1614
1453266600      431   498767    1619
1453266601      434   499202    1624
1453266602      433   499635    1629
