1453280901      383   383    4
1453280902      443   826    9
1453280903      441   1267    14
1453280904      443   1711    19
1453280905      442   2154    24
1453280906      424   2579    29
1453280907      390   2969    34
1453280908      381   3351    38
1453280909      383   3735    42
1453280910      381   4116    47
1453280911      382   4499    51
1453280912      382   4882    55
1453280913      381   5263    60
1453280914      378   5641    64
1453280915      384   6025    69
1453280916      385   6410    73
1453280917      416   6826    78
1453280918      392   7253    83
1453280919      434   7687    88
1453280920      432   8119    93
1453280921      430   8549    97
1453280922      433   8983    102
1453280923      429   9413    107
1453280924      433   9846    112
1453280925      430   10276    117
1453280926      431   10708    122
1453280927      433   11142    127
1453280928      431   11573    132
1453280929      432   12006    137
1453280930      431   12438    142
1453280931      395   12867    147
1453280932      286   13153    150
1453280933      431   13585    155
1453280934      433   14019    160
1453280935      434   14453    165
1453280936      432   14886    170
1453280937      389   15307    175
1453280938      432   15740    180
1453280939      433   16174    185
1453280940      433   16607    190
1453280941      440   17047    195
1453280942      449   17497    200
1453280943      450   17948    205
1453280944      458   18406    210
1453280945      450   18857    216
1453280946      455   19312    221
1453280947      232   19544    223
1453280948      454   19999    229
1453280949      455   20454    234
1453280950      434   20888    239
1453280951      432   21321    244
1453280952      432   21754    249
1453280953      387   22158    253
1453280954      432   22591    258
1453280955      433   23024    263
1453280956      434   23459    268
1453280957      435   23895    273
1453280958      429   24325    278
1453280959      434   24759    283
1453280960      432   25191    288
1453280961      428   25619    293
1453280962      229   25848    296
1453280963      432   26280    301
1453280964      433   26713    306
1453280965      435   27148    311
1453280966      430   27579    316
1453280967      440   28020    321
1453280968      437   28457    326
1453280969      429   28886    331
1453280970      430   29316    335
1453280971      438   29755    340
1453280972      429   30185    345
1453280973      393   30613    350
1453280974      431   31045    355
1453280975      434   31480    360
1453280976      431   31911    365
1453280977      280   32251    369
1453280978      430   32682    374
1453280979      437   33120    379
1453280980      432   33553    384
1453280981      429   33983    389
1453280982      433   34417    394
1453280983      431   34849    399
1453280984      431   35281    404
1453280985      428   35710    409
1453280986      432   36142    414
1453280987      432   36574    419
1453280988      429   37004    424
1453280989      432   37437    429
1453280990      402   37865    433
1453280991      454   38319    439
1453280993      321   38701    443
1453280994      455   39156    448
1453280995      452   39608    453
1453280996      431   40040    458
1453280997      430   40470    463
1453280998      435   40905    468
1453280999      440   41345    473
1453281000      435   41780    478
1453281001      429   42210    483
1453281002      437   42647    488
1453281003      432   43079    493
1453281004      432   43512    498
1453281005      386   43914    503
1453281006      431   44346    508
1453281007      432   44779    513
1453281008      286   45151    517
1453281009      430   45581    522
1453281010      432   46014    527
1453281011      431   46445    532
1453281012      430   46875    537
1453281013      436   47312    542
1453281014      432   47745    547
1453281015      432   48177    552
1453281016      445   48623    557
1453281017      449   49073    562
1453281018      448   49521    567
1453281019      408   49963    572
1453281020      454   50418    577
1453281021      455   50873    582
1453281022      455   51328    588
1453281023      268   51601    591
1453281024      453   52054    596
1453281025      432   52487    601
1453281026      436   52923    606
1453281027      437   53360    611
1453281028      432   53792    616
1453281029      430   54223    621
1453281030      433   54656    626
1453281031      435   55092    631
1453281032      429   55521    636
1453281033      430   55952    641
1453281034      432   56385    646
1453281035      403   56814    651
1453281036      455   57269    656
1453281037      458   57727    661
1453281038      287   58051    665
1453281039      456   58507    670
1453281040      433   58940    675
1453281041      431   59371    680
1453281042      429   59800    685
1453281043      428   60228    690
1453281044      431   60660    695
1453281045      429   61089    700
1453281046      436   61525    705
1453281047      432   61957    709
1453281048      430   62388    714
1453281049      444   62833    720
1453281050      404   63264    724
1453281051      456   63720    730
1453281052      456   64176    735
1453281053      339   64516    739
1453281054      453   64970    744
1453281055      433   65403    749
1453281056      430   65833    754
1453281057      433   66266    759
1453281058      433   66700    764
1453281059      431   67131    769
1453281060      432   67564    774
1453281061      431   67995    779
1453281062      437   68432    784
1453281063      429   68862    789
1453281064      433   69296    794
1453281065      389   69714    798
1453281066      433   70148    803
1453281067      432   70581    808
1453281069      293   70951    813
1453281070      434   71385    818
1453281071      432   71817    822
1453281072      455   72272    828
1453281073      455   72727    833
1453281074      441   73169    838
1453281075      435   73604    843
1453281076      432   74036    848
1453281077      430   74467    853
1453281078      433   74900    858
1453281079      431   75331    863
1453281080      430   75762    868
1453281081      386   76164    872
1453281082      437   76601    877
1453281083      430   77031    882
1453281084      370   77401    886
1453281085      432   77833    891
1453281086      433   78266    896
1453281087      432   78699    901
1453281088      426   79126    906
1453281089      429   79556    911
1453281090      432   79989    916
1453281091      432   80421    921
1453281092      435   80856    926
1453281093      431   81287    931
1453281094      430   81717    936
1453281095      456   82173    941
1453281096      404   82614    946
1453281097      454   83069    951
1453281098      455   83524    957
1453281099      275   83851    960
1453281100      431   84282    965
1453281101      434   84716    970
1453281102      432   85148    975
1453281103      430   85579    980
1453281104      431   86011    985
1453281105      432   86443    990
1453281106      431   86875    995
1453281107      433   87309    1000
1453281108      432   87741    1005
1453281109      436   88177    1010
1453281110      454   88632    1015
1453281111      403   89064    1020
1453281112      454   89519    1025
1453281113      455   89974    1031
1453281114      281   90301    1034
1453281115      432   90734    1039
1453281116      435   91169    1044
1453281117      431   91600    1049
1453281118      431   92031    1054
1453281119      433   92465    1059
1453281120      432   92898    1064
1453281121      429   93327    1069
1453281122      433   93760    1074
1453281123      432   94192    1079
1453281124      434   94627    1084
1453281125      433   95061    1089
1453281126      447   95509    1094
1453281127      397   95915    1099
1453281128      453   96368    1104
1453281130      315   96751    1108
1453281131      449   97201    1113
1453281132      452   97654    1119
1453281133      451   98105    1124
1453281134      452   98558    1129
1453281135      451   99010    1134
1453281136      441   99451    1139
1453281137      431   99883    1144
1453281138      433   100316    1149
1453281139      431   100747    1154
1453281140      386   101162    1159
1453281141      434   101596    1164
1453281142      433   102029    1169
1453281143      427   102456    1174
1453281144      435   102891    1179
1453281145      262   103201    1182
1453281146      451   103653    1187
1453281147      455   104108    1193
1453281148      455   104563    1198
1453281149      454   105018    1203
1453281150      455   105473    1208
1453281151      453   105926    1213
1453281152      432   106358    1218
1453281153      430   106789    1223
1453281154      396   107211    1228
1453281155      454   107666    1233
1453281156      454   108120    1238
1453281157      454   108574    1244
1453281158      445   109020    1249
1453281159      442   109462    1254
1453281160      293   109755    1257
1453281161      433   110189    1262
1453281162      430   110620    1267
1453281163      434   111055    1272
1453281164      430   111486    1277
1453281165      430   111916    1282
1453281166      432   112349    1287
1453281167      431   112780    1292
1453281168      430   113211    1297
1453281169      441   113653    1302
1453281170      398   114062    1307
1453281171      455   114517    1312
1453281172      455   114972    1317
1453281173      454   115426    1322
1453281174      442   115868    1327
1453281175      248   116116    1330
1453281176      429   116545    1335
1453281177      432   116977    1340
1453281178      437   117414    1345
1453281179      431   117845    1350
1453281180      431   118276    1355
1453281181      434   118710    1360
1453281182      432   119142    1365
1453281183      433   119576    1370
1453281184      433   120010    1375
1453281185      427   120437    1380
1453281186      429   120866    1385
1453281187      430   121297    1389
1453281188      402   121715    1394
1453281189      453   122168    1399
1453281190      374   122551    1404
1453281191      437   122988    1409
1453281192      431   123420    1414
1453281193      430   123851    1419
1453281194      436   124287    1424
1453281195      431   124719    1429
1453281196      435   125155    1434
1453281197      431   125586    1439
1453281198      427   126014    1444
1453281199      431   126445    1448
1453281200      428   126874    1453
1453281201      450   127324    1459
1453281202      402   127764    1464
1453281203      455   128219    1469
1453281204      446   128665    1474
1453281205      278   129001    1478
1453281206      433   129434    1483
1453281207      434   129869    1488
1453281208      431   130300    1493
1453281209      431   130732    1498
1453281210      441   131173    1503
1453281211      432   131606    1508
1453281212      430   132036    1513
1453281213      433   132469    1518
1453281214      432   132902    1522
1453281215      433   133335    1527
1453281216      433   133768    1532
1453281217      432   134200    1537
1453281218      389   134615    1542
1453281219      433   135048    1547
1453281220      368   135451    1552
1453281221      433   135885    1557
1453281222      433   136318    1562
1453281223      433   136751    1567
1453281224      436   137187    1572
1453281225      432   137620    1577
1453281226      433   138053    1581
1453281227      435   138488    1586
1453281228      429   138918    1591
1453281229      432   139351    1596
1453281230      430   139781    1601
1453281231      431   140213    1606
1453281232      432   140646    1611
1453281234      387   141065    1616
1453281235      429   141495    1621
1453281236      288   141901    1626
1453281237      433   142335    1631
1453281238      444   142780    1636
1453281239      454   143234    1641
1453281240      453   143688    1646
1453281241      457   144145    1651
1453281242      455   144601    1657
1453281243      455   145056    1662
1453281244      408   145510    1667
1453281245      454   145964    1672
1453281246      454   146419    1677
1453281247      431   146850    1682
1453281248      430   147280    1687
1453281249      426   147706    1692
1453281250      430   148136    1697
1453281251      234   148370    1700
1453281252      431   148801    1705
1453281253      432   149233    1710
1453281254      430   149663    1715
1453281255      435   150098    1720
1453281256      434   150532    1724
1453281257      442   150975    1730
1453281258      440   151416    1735
1453281259      439   151856    1740
1453281260      430   152286    1745
1453281261      429   152715    1750
1453281262      435   153150    1754
1453281263      389   153564    1759
1453281264      433   153998    1764
1453281265      435   154433    1769
1453281266      296   154801    1773
1453281267      433   155234    1778
1453281268      432   155667    1783
1453281269      432   156100    1788
1453281270      432   156532    1793
1453281271      431   156963    1798
1453281272      438   157401    1803
1453281273      435   157837    1808
1453281274      437   158275    1813
1453281275      451   158726    1818
1453281276      449   159176    1824
1453281277      406   159613    1829
1453281278      442   160055    1834
1453281279      447   160502    1839
1453281280      452   160954    1844
1453281282      269   161251    1847
1453281283      447   161698    1852
1453281284      457   162155    1858
1453281285      437   162593    1863
1453281286      431   163024    1868
1453281287      430   163455    1873
1453281288      436   163891    1878
1453281289      431   164322    1883
1453281290      432   164755    1887
1453281291      432   165188    1892
1453281292      432   165621    1897
1453281293      433   166055    1902
1453281294      388   166464    1907
1453281295      432   166896    1912
1453281296      433   167330    1917
1453281297      323   167701    1921
1453281298      429   168131    1926
1453281299      434   168565    1931
1453281300      432   168997    1936
1453281301      433   169430    1941
1453281302      434   169864    1946
1453281303      430   170294    1951
1453281304      428   170723    1956
1453281305      432   171156    1961
1453281306      430   171587    1966
1453281307      431   172019    1971
1453281308      436   172455    1976
1453281309      434   172889    1981
1453281310      392   173315    1986
1453281311      433   173748    1991
1453281312      289   174151    1995
1453281313      435   174586    2000
1453281314      434   175020    2005
1453281315      433   175453    2010
1453281316      455   175908    2015
1453281317      454   176362    2020
1453281318      454   176816    2026
1453281319      455   177272    2031
1453281320      456   177728    2036
1453281321      393   178161    2041
1453281322      433   178594    2046
1453281323      430   179025    2051
1453281324      432   179458    2056
1453281325      432   179890    2061
1453281326      434   180324    2066
1453281327      350   180675    2070
1453281328      435   181110    2075
1453281329      427   181538    2080
1453281330      432   181970    2085
1453281331      441   182411    2090
1453281332      433   182845    2095
1453281333      430   183276    2100
1453281334      432   183709    2105
1453281335      432   184142    2110
1453281336      432   184574    2115
1453281337      432   185006    2120
1453281338      389   185413    2124
1453281339      430   185843    2129
1453281340      434   186277    2134
1453281341      431   186708    2139
1453281343      280   187051    2143
1453281344      430   187481    2148
1453281345      431   187913    2153
1453281346      431   188345    2158
1453281347      432   188777    2163
1453281348      433   189210    2168
1453281349      431   189642    2173
1453281350      441   190084    2178
1453281351      455   190539    2183
1453281352      454   190994    2188
1453281353      442   191437    2193
1453281354      392   191863    2198
1453281355      434   192297    2203
1453281356      430   192728    2208
1453281357      433   193162    2213
1453281358      277   193501    2217
1453281359      431   193933    2222
1453281360      430   194364    2227
1453281361      431   194795    2232
1453281362      432   195227    2237
1453281363      432   195659    2242
1453281364      431   196091    2247
1453281365      428   196520    2251
1453281366      429   196949    2256
1453281367      431   197380    2261
1453281368      433   197814    2266
1453281369      435   198249    2271
1453281370      430   198680    2276
1453281371      433   199113    2281
1453281372      387   199516    2286
1453281373      300   199951    2291
1453281374      452   200403    2296
1453281375      453   200857    2301
1453281376      453   201310    2306
1453281377      433   201744    2311
1453281378      427   202172    2316
1453281379      430   202602    2321
1453281380      431   203034    2326
1453281381      431   203465    2331
1453281382      430   203895    2336
1453281383      432   204328    2341
1453281384      432   204760    2346
1453281386      386   205164    2351
1453281387      431   205595    2355
1453281388      432   206028    2360
1453281389      287   206401    2365
1453281390      431   206833    2370
1453281391      435   207268    2375
1453281392      435   207704    2380
1453281393      438   208142    2385
1453281394      435   208578    2390
1453281395      432   209010    2395
1453281396      431   209441    2400
1453281397      431   209872    2404
1453281398      432   210304    2409
1453281399      434   210739    2414
1453281400      431   211170    2419
1453281401      430   211601    2424
1453281402      386   212015    2429
1453281403      434   212449    2434
1453281404      317   212851    2439
1453281405      442   213293    2444
1453281406      447   213741    2449
1453281407      453   214195    2454
1453281408      451   214647    2459
1453281409      432   215080    2464
1453281410      434   215515    2469
1453281411      450   215965    2474
1453281412      446   216412    2479
1453281413      407   216861    2485
1453281414      431   217293    2490
1453281415      430   217723    2494
1453281416      431   218155    2499
1453281417      432   218587    2504
1453281418      432   219019    2509
1453281419      257   219301    2513
1453281420      431   219733    2517
1453281421      434   220167    2522
1453281422      433   220601    2527
1453281423      432   221034    2532
1453281424      430   221465    2537
1453281425      431   221897    2542
1453281426      431   222328    2547
1453281427      428   222756    2552
1453281428      435   223191    2557
1453281429      449   223640    2562
1453281430      452   224092    2567
1453281431      397   224514    2572
1453281432      447   224962    2577
1453281433      429   225392    2582
1453281435      301   225751    2586
1453281436      434   226186    2591
1453281437      435   226622    2596
1453281438      434   227057    2601
1453281439      433   227491    2606
1453281440      424   227915    2611
1453281441      430   228345    2616
1453281442      432   228777    2621
1453281443      433   229211    2626
1453281444      435   229647    2631
1453281445      437   230084    2636
1453281446      434   230518    2641
1453281447      433   230951    2646
1453281448      391   231365    2651
1453281449      436   231801    2656
1453281450      284   232201    2660
1453281451      435   232636    2665
1453281452      436   233072    2670
1453281453      434   233507    2675
1453281454      431   233939    2680
1453281455      431   234370    2685
1453281456      430   234801    2690
1453281457      431   235232    2695
1453281458      431   235663    2700
1453281459      433   236097    2705
1453281460      435   236532    2710
1453281461      438   236971    2715
1453281462      431   237403    2720
1453281463      389   237815    2725
1453281464      432   238248    2730
1453281465      342   238651    2734
1453281466      432   239083    2739
1453281467      454   239538    2744
1453281468      455   239993    2750
1453281469      444   240438    2755
1453281470      430   240868    2760
1453281471      429   241297    2765
1453281472      438   241735    2770
1453281473      433   242168    2775
1453281474      434   242603    2780
1453281475      433   243036    2785
1453281476      393   243463    2789
1453281477      431   243894    2794
1453281478      433   244327    2799
1453281479      427   244754    2804
1453281481      287   245101    2808
1453281482      432   245534    2813
1453281483      434   245968    2818
1453281484      433   246401    2823
1453281485      433   246834    2828
1453281486      430   247264    2833
1453281487      432   247697    2838
1453281488      431   248129    2843
1453281489      433   248562    2848
1453281490      430   248992    2853
1453281491      431   249424    2858
1453281492      432   249856    2863
1453281493      431   250288    2868
1453281494      391   250715    2873
1453281495      433   251149    2878
1453281496      332   251551    2882
1453281497      435   251986    2887
1453281498      435   252422    2892
1453281499      432   252855    2897
1453281500      433   253288    2902
1453281501      430   253718    2907
1453281502      445   254163    2912
1453281503      454   254617    2917
1453281504      453   255070    2922
1453281505      455   255525    2928
1453281506      404   255962    2933
1453281507      455   256418    2938
1453281508      433   256851    2943
1453281509      431   257283    2948
1453281510      431   257715    2953
1453281511      255   258001    2956
1453281512      434   258436    2961
1453281513      429   258866    2966
1453281514      427   259294    2971
1453281515      430   259724    2976
1453281516      429   260154    2981
1453281517      432   260587    2986
1453281518      434   261022    2991
1453281519      431   261453    2996
1453281520      431   261885    3001
1453281521      426   262312    3005
1453281522      432   262744    3010
1453281523      429   263173    3015
1453281524      431   263605    3020
1453281525      388   264016    3025
1453281526      377   264451    3030
1453281527      435   264886    3035
1453281528      432   265319    3040
1453281529      432   265751    3045
1453281530      431   266182    3050
1453281531      431   266613    3055
1453281532      432   267045    3060
1453281533      438   267484    3065
1453281534      434   267918    3070
1453281535      437   268356    3075
1453281536      446   268802    3080
1453281537      454   269256    3085
1453281538      400   269664    3090
1453281539      454   270119    3095
1453281540      455   270575    3100
1453281542      281   270901    3104
1453281543      454   271355    3109
1453281544      454   271810    3114
1453281545      441   272251    3119
1453281546      434   272685    3124
1453281547      434   273119    3129
1453281548      434   273553    3134
1453281549      429   273983    3139
1453281550      430   274413    3144
1453281551      430   274844    3149
1453281552      430   275275    3154
1453281553      431   275706    3159
1453281554      388   276114    3164
1453281555      437   276552    3169
1453281556      452   277005    3174
1453281557      284   277351    3178
1453281558      449   277801    3183
1453281559      458   278260    3188
1453281560      453   278713    3193
1453281561      454   279167    3199
1453281562      455   279622    3204
1453281563      454   280077    3209
1453281564      436   280513    3214
1453281565      433   280946    3219
1453281566      389   281361    3224
1453281567      433   281794    3229
1453281568      432   282226    3234
1453281569      432   282658    3239
1453281570      427   283086    3243
1453281571      430   283516    3248
1453281572      263   283801    3252
1453281573      433   284235    3257
1453281574      437   284672    3262
1453281575      433   285105    3267
1453281576      430   285536    3272
1453281577      431   285967    3276
1453281578      433   286401    3281
1453281579      431   286832    3286
1453281580      431   287263    3291
1453281581      434   287697    3296
1453281582      435   288133    3301
1453281583      433   288567    3306
1453281584      430   288998    3311
1453281585      389   289415    3316
1453281586      432   289847    3321
1453281587      298   290251    3326
1453281588      432   290684    3331
1453281589      435   291119    3336
1453281590      431   291550    3340
1453281591      430   291980    3345
1453281592      433   292414    3350
1453281593      432   292846    3355
1453281594      431   293277    3360
1453281595      432   293709    3365
1453281596      432   294141    3370
1453281597      438   294579    3375
1453281598      433   295013    3380
1453281599      432   295446    3385
1453281601      391   295865    3390
1453281602      436   296301    3395
1453281603      340   296701    3400
1453281604      453   297155    3405
1453281605      440   297595    3410
1453281606      432   298028    3415
1453281607      433   298461    3420
1453281608      432   298893    3425
1453281609      431   299324    3430
1453281610      427   299751    3434
1453281611      442   300193    3440
1453281612      451   300645    3445
1453281613      451   301096    3450
1453281614      396   301513    3455
1453281615      445   301959    3460
1453281616      451   302410    3465
1453281617      447   302858    3470
1453281618      259   303151    3473
1453281619      445   303597    3479
1453281620      448   304045    3484
1453281621      436   304482    3489
1453281622      438   304920    3494
1453281623      437   305357    3499
1453281624      432   305789    3504
1453281625      435   306224    3509
1453281626      433   306658    3514
1453281627      437   307095    3519
1453281628      434   307529    3524
1453281629      431   307960    3529
1453281630      391   308364    3533
1453281631      454   308818    3538
1453281632      455   309274    3544
1453281633      359   309633    3548
1453281634      455   310088    3553
1453281635      452   310540    3558
1453281636      433   310974    3563
1453281637      438   311412    3568
1453281638      432   311844    3573
1453281639      434   312278    3578
1453281640      433   312712    3583
1453281641      429   313142    3588
1453281642      430   313572    3593
1453281643      430   314003    3598
1453281644      390   314413    3602
1453281645      436   314849    3607
1453281646      436   315285    3612
1453281647      429   315715    3617
1453281648      275   316051    3621
1453281649      434   316485    3626
1453281650      435   316920    3631
1453281651      435   317355    3636
1453281652      433   317789    3641
1453281653      433   318222    3646
1453281654      434   318657    3651
1453281655      434   319092    3656
1453281656      431   319524    3661
1453281657      436   319960    3666
1453281658      435   320395    3671
1453281659      433   320828    3676
1453281660      434   321262    3681
1453281661      388   321665    3686
1453281662      433   322099    3691
1453281664      287   322501    3695
1453281665      433   322934    3700
1453281666      432   323367    3705
1453281667      432   323800    3710
1453281668      430   324231    3715
1453281669      431   324662    3720
1453281670      433   325095    3725
1453281671      430   325526    3730
1453281672      433   325960    3735
1453281673      435   326396    3740
1453281674      437   326833    3745
1453281675      434   327267    3750
1453281676      430   327697    3755
1453281677      391   328115    3759
1453281678      431   328547    3764
1453281679      293   328951    3769
1453281680      431   329382    3774
1453281681      434   329816    3779
1453281682      433   330249    3784
1453281683      430   330679    3789
1453281684      439   331119    3794
1453281685      455   331574    3799
1453281686      455   332029    3804
1453281687      439   332469    3809
1453281688      428   332898    3814
1453281689      433   333331    3819
1453281690      393   333763    3824
1453281691      431   334195    3829
1453281692      455   334650    3834
1453281693      454   335104    3840
1453281694      266   335401    3843
1453281695      431   335832    3848
1453281696      431   336264    3853
1453281697      430   336695    3858
1453281698      430   337126    3863
1453281699      429   337555    3868
1453281700      430   337986    3873
1453281701      431   338417    3878
1453281702      433   338851    3883
1453281703      431   339283    3887
1453281704      443   339726    3893
1453281705      455   340182    3898
1453281706      405   340614    3903
1453281707      455   341069    3908
1453281708      455   341524    3913
1453281710      300   341851    3917
1453281711      434   342285    3922
1453281712      432   342718    3927
1453281713      427   343145    3932
1453281714      431   343576    3937
1453281715      431   344008    3942
1453281716      431   344439    3947
1453281717      432   344871    3951
1453281718      431   345302    3956
1453281719      432   345734    3961
1453281720      451   346186    3967
1453281721      455   346641    3972
1453281722      402   347064    3977
1453281723      455   347520    3982
1453281724      455   347975    3987
1453281725      283   348301    3991
1453281726      431   348733    3996
1453281727      433   349166    4001
1453281728      430   349597    4006
1453281729      431   350029    4011
1453281730      431   350461    4016
1453281731      431   350893    4021
1453281732      431   351325    4025
1453281733      433   351759    4030
1453281734      430   352190    4035
1453281735      435   352626    4040
1453281736      435   353061    4045
1453281737      434   353496    4050
1453281738      391   353915    4055
1453281739      434   354349    4060
1453281740      350   354751    4065
1453281741      432   355184    4070
1453281742      434   355619    4075
1453281743      431   356050    4080
1453281744      431   356481    4085
1453281745      444   356925    4090
1453281746      450   357376    4095
1453281747      454   357831    4
1453281748      438   358269    9
1453281749      432   358701    14
1453281750      435   359136    19
1453281751      392   359563    24
1453281752      428   359992    29
1453281753      432   360425    34
1453281754      432   360857    39
1453281755      286   361201    43
1453281756      430   361631    48
1453281757      430   362062    52
1453281758      432   362495    57
1453281759      430   362926    62
1453281760      434   363361    67
1453281761      429   363791    72
1453281762      431   364223    77
1453281763      432   364655    82
1453281764      432   365088    87
1453281765      431   365519    92
1453281766      431   365950    97
1453281767      432   366382    102
1453281768      392   366815    107
1453281769      432   367247    112
1453281771      343   367651    117
1453281772      431   368083    121
1453281773      429   368513    126
1453281774      430   368944    131
1453281775      432   369376    136
1453281776      431   369807    141
1453281777      433   370241    146
1453281778      432   370673    151
1453281779      434   371107    156
1453281780      434   371541    161
1453281781      433   371974    166
1453281782      435   372410    171
1453281783      408   372864    176
1453281784      452   373317    181
1453281785      451   373769    187
1453281786      269   374101    190
1453281787      432   374534    195
1453281788      430   374965    200
1453281789      437   375402    205
1453281790      433   375836    210
1453281791      433   376269    215
1453281792      429   376699    220
1453281793      432   377132    225
1453281794      438   377571    230
1453281795      445   378017    235
1453281796      455   378472    241
1453281797      405   378913    246
1453281798      454   379367    251
1453281799      455   379822    256
1453281800      455   380277    261
1453281801      363   380640    265
1453281802      431   381071    270
1453281803      429   381501    275
1453281804      436   381938    280
1453281805      430   382368    285
1453281806      431   382799    290
1453281807      432   383231    295
1453281808      428   383660    300
1453281809      434   384095    305
1453281810      429   384524    310
1453281811      431   384955    315
1453281812      390   385363    320
1453281813      430   385794    324
1453281814      440   386234    329
1453281815      454   386688    335
1453281816      272   387001    338
1453281817      451   387452    343
1453281818      452   387905    349
1453281819      455   388361    354
1453281820      454   388816    359
1453281821      455   389271    364
1453281822      449   389721    369
1453281823      432   390154    374
1453281824      425   390580    379
1453281825      430   391010    384
1453281826      383   391412    389
1453281827      434   391846    394
1453281828      431   392277    399
1453281829      431   392708    404
1453281830      430   393139    409
1453281831      268   393451    412
1453281832      430   393881    417
1453281833      433   394314    422
1453281834      430   394744    427
1453281835      433   395177    432
1453281836      433   395611    437
1453281837      429   396041    442
1453281838      449   396490    447
1453281839      459   396950    452
1453281840      455   397406    458
1453281841      436   397842    463
1453281843      390   398263    467
1453281844      434   398697    472
1453281845      433   399130    477
1453281846      431   399562    482
1453281847      274   399901    486
1453281848      429   400331    491
1453281849      433   400764    496
1453281850      437   401201    501
1453281851      436   401637    506
1453281852      445   402083    511
1453281853      431   402515    516
1453281854      455   402970    521
1453281855      454   403424    526
1453281856      455   403880    532
1453281857      404   404312    537
1453281858      460   404773    542
1453281859      437   405210    547
1453281860      433   405643    552
1453281861      439   406082    557
1453281862      249   406351    560
1453281863      434   406786    565
1453281864      431   407218    570
1453281865      432   407650    575
1453281866      431   408082    580
1453281867      437   408519    585
1453281868      430   408950    590
1453281869      439   409389    595
1453281870      445   409834    600
1453281871      434   410268    605
1453281872      431   410699    610
1453281873      437   411137    615
1453281874      392   411564    620
1453281875      434   411998    625
1453281876      435   412434    630
1453281877      289   412801    634
1453281878      432   413233    639
1453281879      433   413666    644
1453281880      435   414102    649
1453281881      438   414541    654
1453281882      430   414972    659
1453281883      428   415401    664
1453281884      431   415832    669
1453281885      432   416264    674
1453281886      430   416695    679
1453281887      432   417127    684
1453281888      433   417561    688
1453281889      431   417993    693
1453281890      390   418415    698
1453281891      438   418853    703
1453281893      299   419251    708
1453281894      442   419693    713
1453281895      453   420147    718
1453281896      455   420603    723
1453281897      442   421045    728
1453281898      430   421475    733
1453281899      431   421906    738
1453281900      432   422339    743
1453281901      430   422770    748
1453281902      433   423203    753
1453281903      433   423636    758
1453281904      393   424063    763
1453281905      434   424497    768
1453281906      435   424933    773
1453281907      438   425371    778
1453281908      320   425701    782
1453281909      456   426158    787
1453281910      454   426613    792
1453281911      454   427068    797
1453281912      454   427522    803
1453281913      454   427977    808
1453281914      454   428432    813
1453281915      447   428879    818
1453281916      399   429310    823
1453281917      432   429743    828
1453281918      432   430175    833
1453281919      432   430608    838
1453281920      432   431041    843
1453281921      429   431471    848
1453281922      432   431903    853
1453281923      235   432151    856
1453281924      437   432589    861
1453281925      434   433024    866
1453281926      435   433459    871
1453281927      438   433897    876
1453281928      437   434335    881
1453281929      435   434770    886
1453281930      428   435198    891
1453281931      431   435629    896
1453281932      438   436068    901
1453281933      433   436502    906
1453281934      437   436939    911
1453281935      389   437364    915
1453281936      435   437800    920
1453281937      430   438230    925
1453281938      344   438601    930
1453281939      432   439033    935
1453281940      432   439465    939
1453281941      434   439900    944
1453281942      433   440333    949
1453281943      432   440765    954
1453281944      438   441203    959
1453281945      449   441652    965
1453281946      454   442107    970
1453281947      453   442560    975
1453281948      450   443010    980
1453281949      397   443413    985
1453281950      434   443847    990
1453281951      431   444279    995
1453281952      433   444712    1000
1453281953      267   445051    1003
1453281954      432   445484    1008
1453281955      434   445919    1013
1453281956      435   446355    1018
1453281957      430   446786    1023
1453281958      435   447221    1028
1453281959      434   447655    1033
1453281960      433   448089    1038
1453281961      431   448520    1043
1453281962      437   448958    1048
1453281963      432   449390    1053
1453281964      436   449827    1058
1453281965      434   450261    1063
1453281966      389   450665    1068
1453281967      435   451100    1073
1453281969      297   451501    1077
1453281970      434   451935    1082
1453281971      432   452368    1087
1453281972      433   452802    1092
1453281973      432   453235    1097
1453281974      435   453670    1102
1453281975      433   454103    1107
1453281976      431   454535    1112
1453281977      434   454969    1117
1453281978      429   455399    1122
1453281979      430   455830    1127
1453281980      434   456264    1132
1453281981      429   456693    1137
1453281982      391   457115    1142
1453281983      441   457556    1147
1453281984      294   457951    1151
1453281985      433   458385    1156
1453281986      433   458818    1161
1453281987      429   459248    1166
1453281988      433   459681    1171
1453281989      432   460113    1176
1453281990      432   460546    1181
1453281991      432   460978    1186
1453281992      428   461406    1191
1453281993      431   461837    1196
1453281994      428   462265    1201
1453281995      431   462696    1206
1453281996      428   463125    1211
1453281997      432   463558    1216
1453281998      388   463966    1220
1453282000      309   464401    1225
1453282001      432   464834    1230
1453282002      429   465263    1235
1453282003      433   465696    1240
1453282004      426   466122    1245
1453282005      452   466574    1250
1453282006      454   467028    1255
1453282007      454   467483    1261
1453282008      454   467938    1266
1453282009      448   468386    1271
1453282010      392   468812    1276
1453282011      433   469245    1281
1453282012      432   469678    1286
1453282013      431   470109    1291
1453282014      432   470541    1296
1453282015      285   470851    1299
1453282016      434   471285    1304
1453282017      431   471717    1309
1453282018      431   472148    1314
1453282019      435   472583    1319
1453282020      447   473031    1324
1453282021      450   473482    1329
1453282022      448   473930    1334
1453282023      450   474381    1340
1453282024      445   474826    1345
1453282025      430   475256    1350
1453282026      393   475663    1354
1453282027      433   476097    1359
1453282028      427   476525    1364
1453282029      430   476955    1369
1453282030      283   477301    1373
1453282031      431   477732    1378
1453282032      429   478161    1383
1453282033      431   478592    1388
1453282034      436   479028    1393
1453282035      432   479461    1398
1453282036      438   479900    1403
1453282037      436   480336    1408
1453282038      429   480766    1413
1453282039      435   481202    1418
1453282040      432   481634    1423
1453282041      433   482067    1428
1453282042      434   482501    1433
1453282043      391   482915    1437
1453282044      436   483352    1442
1453282045      345   483751    1447
1453282046      433   484184    1452
1453282047      435   484620    1457
1453282048      433   485054    1462
1453282049      440   485494    1467
1453282050      455   485949    1472
1453282051      455   486404    1477
1453282052      452   486857    1483
1453282053      455   487312    1488
1453282054      432   487744    1493
1453282055      392   488162    1498
1453282056      433   488595    1502
1453282057      431   489026    1507
1453282058      431   489457    1512
1453282059      433   489890    1517
1453282061      263   490201    1521
1453282062      430   490632    1526
1453282063      433   491066    1531
1453282064      432   491498    1536
1453282065      433   491931    1541
1453282066      432   492364    1546
1453282067      433   492798    1551
1453282068      432   493230    1556
1453282069      434   493664    1561
1453282070      431   494095    1566
1453282071      436   494531    1571
1453282072      432   494964    1575
1453282073      441   495406    1581
1453282074      397   495815    1585
1453282075      451   496267    1590
1453282076      394   496661    1595
1453282077      452   497113    1600
1453282078      461   497574    1605
1453282079      455   498029    1611
1453282080      452   498481    1616
1453282081      449   498930    1621
1453282082      434   499365    1626
1453282083      438   499803    1631
