1453254502      394   394    4
1453254503      429   823    9
1453254504      425   1249    14
1453254505      430   1679    19
1453254506      431   2111    24
1453254507      425   2537    29
1453254508      386   2923    33
1453254509      380   3303    37
1453254510      382   3686    42
1453254511      381   4067    46
1453254512      382   4450    50
1453254513      384   4835    55
1453254514      379   5215    59
1453254515      380   5595    64
1453254516      382   5978    68
1453254517      380   6359    72
1453254518      449   6809    78
1453254519      393   7239    82
1453254520      432   7672    87
1453254521      433   8105    92
1453254522      432   8537    97
1453254523      429   8967    102
1453254524      433   9401    107
1453254525      432   9834    112
1453254526      431   10265    117
1453254527      432   10697    122
1453254528      430   11128    127
1453254529      434   11562    132
1453254530      453   12015    137
1453254531      404   12452    142
1453254532      404   12873    147
1453254533      454   13327    152
1453254534      454   13782    157
1453254535      446   14228    163
1453254536      433   14661    168
1453254537      434   15095    172
1453254538      431   15526    177
1453254539      427   15954    182
1453254540      436   16390    187
1453254541      429   16820    192
1453254542      436   17256    197
1453254543      397   17685    202
1453254544      433   18119    207
1453254545      432   18551    212
1453254546      431   18982    217
1453254547      282   19309    221
1453254548      454   19764    226
1453254549      455   20219    231
1453254550      454   20673    236
1453254551      455   21129    242
1453254552      446   21576    247
1453254553      431   22007    252
1453254554      432   22439    257
1453254555      430   22870    262
1453254556      435   23305    267
1453254557      384   23720    271
1453254558      430   24150    276
1453254559      433   24583    281
1453254560      433   25016    286
1453254561      387   25404    291
1453254562      383   25787    295
1453254563      448   26235    300
1453254564      454   26690    305
1453254565      454   27144    311
1453254566      440   27584    316
1453254567      444   28028    321
1453254568      437   28466    326
1453254569      434   28900    331
1453254570      432   29332    336
1453254571      391   29755    340
1453254572      431   30187    345
1453254573      432   30619    350
1453254574      432   31051    355
1453254575      432   31484    360
1453254576      435   31920    365
1453254577      258   32181    368
1453254578      436   32618    373
1453254579      429   33047    378
1453254580      430   33478    383
1453254581      436   33915    388
1453254582      436   34352    393
1453254583      436   34788    398
1453254584      432   35220    403
1453254585      431   35652    408
1453254586      431   36083    413
1453254587      430   36514    418
1453254588      435   36949    423
1453254589      433   37382    428
1453254590      386   37795    433
1453254591      431   38226    438
1453254593      303   38617    442
1453254594      434   39051    447
1453254595      429   39480    452
1453254596      432   39912    457
1453254597      438   40350    462
1453254598      431   40781    467
1453254599      434   41216    472
1453254600      436   41652    477
1453254601      434   42086    482
1453254602      432   42519    487
1453254603      435   42954    492
1453254604      435   43389    497
1453254605      435   43824    502
1453254606      385   44231    506
1453254607      434   44665    511
1453254608      313   45053    516
1453254609      429   45483    521
1453254610      432   45915    526
1453254611      440   46355    531
1453254612      430   46785    536
1453254613      425   47210    540
1453254614      431   47642    545
1453254615      431   48074    550
1453254616      429   48503    555
1453254617      433   48937    560
1453254618      442   49380    565
1453254619      431   49811    570
1453254620      432   50243    575
1453254621      389   50667    580
1453254622      434   51101    585
1453254623      302   51489    590
1453254624      430   51919    594
1453254625      431   52351    599
1453254626      437   52788    604
1453254627      431   53220    609
1453254628      438   53658    614
1453254629      429   54087    619
1453254630      433   54520    624
1453254631      431   54951    629
1453254632      433   55384    634
1453254633      433   55818    639
1453254634      433   56251    644
1453254635      439   56691    649
1453254636      389   57103    654
1453254637      432   57535    659
1453254639      341   57925    663
1453254640      431   58357    668
1453254641      450   58808    673
1453254642      452   59260    679
1453254643      432   59693    684
1453254644      433   60126    689
1453254645      430   60556    693
1453254646      432   60988    698
1453254647      431   61419    703
1453254648      431   61850    708
1453254649      432   62282    713
1453254650      429   62712    718
1453254651      390   63138    723
1453254652      432   63570    728
1453254653      436   64007    733
1453254654      286   64361    737
1453254655      432   64793    742
1453254656      436   65230    747
1453254657      437   65667    752
1453254658      433   66100    757
1453254659      430   66531    762
1453254660      433   66965    767
1453254661      436   67402    772
1453254662      441   67843    777
1453254663      433   68276    782
1453254664      432   68709    787
1453254665      433   69142    792
1453254666      429   69572    797
1453254667      388   69975    801
1453254668      445   70420    806
1453254669      390   70811    811
1453254670      455   71266    816
1453254671      454   71720    821
1453254672      454   72174    827
1453254673      436   72610    832
1453254674      430   73040    836
1453254675      432   73472    841
1453254676      432   73904    846
1453254677      437   74342    851
1453254678      435   74778    856
1453254679      393   75208    861
1453254680      431   75639    866
1453254681      430   76069    871
1453254682      431   76500    876
1453254683      448   76948    881
1453254684      279   77233    885
1453254685      454   77687    890
1453254686      454   78142    895
1453254687      454   78596    900
1453254688      437   79033    905
1453254689      430   79463    910
1453254690      431   79894    915
1453254691      436   80330    920
1453254692      433   80764    925
1453254693      432   81197    930
1453254694      446   81643    935
1453254695      396   82045    940
1453254696      450   82495    945
1453254697      450   82945    950
1453254698      454   83400    955
1453254699      266   83669    958
1453254700      442   84112    963
1453254701      435   84547    968
1453254702      432   84979    973
1453254703      428   85408    978
1453254704      432   85840    983
1453254705      436   86276    988
1453254706      429   86706    993
1453254707      432   87138    998
1453254708      432   87571    1003
1453254709      433   88005    1008
1453254710      431   88437    1013
1453254711      432   88870    1018
1453254712      391   89283    1023
1453254713      433   89716    1028
1453254714      327   90105    1032
1453254715      454   90560    1037
1453254716      454   91015    1042
1453254717      446   91461    1048
1453254718      431   91892    1053
1453254719      433   92326    1057
1453254720      439   92765    1063
1453254721      431   93196    1067
1453254722      430   93626    1072
1453254723      430   94057    1077
1453254724      442   94499    1082
1453254725      388   94917    1087
1453254726      432   95350    1092
1453254727      431   95781    1097
1453254728      429   96211    1102
1453254730      282   96541    1106
1453254731      453   96994    1111
1453254732      437   97432    1116
1453254733      430   97862    1121
1453254734      428   98290    1126
1453254735      431   98721    1131
1453254736      426   99148    1136
1453254737      433   99581    1141
1453254738      429   100011    1146
1453254739      426   100438    1150
1453254740      431   100870    1155
1453254741      433   101304    1160
1453254742      437   101742    1165
1453254743      388   102155    1170
1453254744      433   102589    1175
1453254745      332   102977    1180
1453254746      432   103410    1185
1453254747      432   103842    1189
1453254748      431   104273    1194
1453254749      434   104707    1199
1453254750      433   105140    1204
1453254751      431   105571    1209
1453254752      433   106005    1214
1453254753      433   106438    1219
1453254754      433   106871    1224
1453254755      431   107303    1229
1453254756      431   107734    1234
1453254757      428   108163    1239
1453254758      393   108591    1244
1453254759      434   109026    1249
1453254760      299   109413    1253
1453254761      429   109843    1258
1453254762      433   110277    1263
1453254763      435   110713    1268
1453254764      431   111145    1273
1453254765      437   111583    1278
1453254766      454   112037    1283
1453254767      455   112492    1289
1453254768      435   112928    1294
1453254769      431   113359    1299
1453254770      430   113789    1303
1453254771      429   114219    1308
1453254772      388   114626    1313
1453254773      454   115080    1318
1453254774      455   115535    1323
1453254775      377   115913    1328
1453254776      454   116368    1333
1453254777      445   116813    1338
1453254778      432   117246    1343
1453254779      434   117680    1348
1453254780      428   118108    1353
1453254781      430   118539    1358
1453254782      432   118971    1363
1453254783      436   119408    1368
1453254784      430   119839    1373
1453254785      388   120260    1378
1453254786      433   120694    1383
1453254787      435   121130    1388
1453254788      453   121583    1393
1453254789      446   122030    1398
1453254790      252   122285    1401
1453254791      449   122735    1406
1453254792      450   123186    1411
1453254793      438   123625    1416
1453254794      432   124057    1421
1453254795      431   124488    1426
1453254796      436   124925    1431
1453254797      431   125356    1436
1453254798      434   125790    1441
1453254799      428   126219    1446
1453254800      433   126652    1451
1453254801      431   127083    1456
1453254803      390   127498    1461
1453254804      435   127933    1466
1453254805      432   128365    1470
1453254806      284   128721    1475
1453254807      431   129153    1480
1453254808      433   129587    1484
1453254809      430   130017    1489
1453254810      433   130451    1494
1453254811      431   130882    1499
1453254812      432   131315    1504
1453254813      429   131745    1509
1453254814      431   132176    1514
1453254815      430   132607    1519
1453254816      429   133037    1524
1453254817      432   133470    1529
1453254818      433   133903    1534
1453254819      390   134335    1539
1453254820      442   134778    1544
1453254821      298   135157    1548
1453254822      434   135591    1553
1453254823      433   136025    1558
1453254824      433   136458    1563
1453254825      429   136887    1568
1453254826      432   137319    1573
1453254827      438   137757    1578
1453254828      432   138189    1583
1453254829      431   138621    1588
1453254830      433   139054    1593
1453254831      434   139489    1598
1453254832      428   139917    1603
1453254833      431   140349    1608
1453254834      388   140771    1613
1453254835      436   141207    1618
1453254837      293   141593    1622
1453254838      431   142024    1627
1453254839      431   142455    1632
1453254840      430   142885    1637
1453254841      429   143314    1642
1453254842      429   143744    1647
1453254843      433   144177    1652
1453254844      433   144610    1657
1453254845      434   145045    1662
1453254846      428   145473    1667
1453254847      434   145907    1671
1453254848      430   146338    1676
1453254849      432   146770    1681
1453254850      433   147204    1686
1453254851      385   147608    1691
1453254852      332   148029    1696
1453254853      435   148464    1701
1453254854      431   148896    1706
1453254855      433   149330    1711
1453254856      433   149764    1716
1453254857      434   150198    1721
1453254858      426   150625    1726
1453254859      437   151062    1731
1453254860      431   151493    1736
1453254861      431   151925    1740
1453254862      434   152359    1745
1453254863      442   152801    1751
1453254864      400   153242    1756
1453254865      448   153690    1761
1453254866      450   154140    1766
1453254867      288   154465    1770
1453254868      461   154927    1775
1453254869      435   155362    1780
1453254870      431   155793    1785
1453254871      430   156224    1790
1453254872      431   156655    1795
1453254873      441   157097    1800
1453254874      432   157530    1805
1453254875      429   157959    1810
1453254876      440   158399    1815
1453254877      435   158835    1820
1453254878      433   159269    1825
1453254879      387   159678    1829
1453254880      433   160112    1834
1453254881      433   160546    1839
1453254882      329   160901    1843
1453254883      429   161331    1848
1453254884      432   161764    1853
1453254885      428   162192    1858
1453254886      431   162624    1863
1453254887      432   163056    1868
1453254888      430   163487    1873
1453254889      434   163921    1878
1453254890      433   164354    1883
1453254891      436   164790    1888
1453254892      435   165226    1893
1453254893      440   165667    1898
1453254894      406   166114    1903
1453254895      453   166568    1908
1453254896      452   167021    1913
1453254897      287   167337    1917
1453254898      453   167791    1922
1453254899      428   168219    1927
1453254900      431   168651    1932
1453254901      429   169081    1937
1453254902      430   169512    1942
1453254903      427   169939    1947
1453254904      432   170371    1952
1453254905      431   170803    1957
1453254906      432   171235    1962
1453254908      432   171667    1967
1453254908      440   172107    1972
1453254909      431   172538    1977
1453254911      388   172951    1981
1453254912      438   173389    1986
1453254913      393   173782    1991
1453254914      434   174216    1996
1453254915      430   174647    2001
1453254916      432   175079    2006
1453254917      434   175513    2011
1453254918      432   175945    2016
1453254919      430   176376    2021
1453254920      427   176803    2026
1453254921      430   177233    2030
1453254922      431   177665    2035
1453254923      426   178091    2040
1453254924      431   178523    2045
1453254925      430   178954    2050
1453254926      394   179387    2055
1453254927      434   179822    2060
1453254928      299   180209    2065
1453254929      430   180639    2070
1453254930      431   181071    2074
1453254931      432   181504    2079
1453254932      431   181936    2084
1453254933      449   182385    2090
1453254934      455   182840    2095
1453254935      459   183299    2100
1453254936      455   183754    2105
1453254937      454   184209    2110
1453254938      397   184620    2115
1453254939      434   185054    2120
1453254940      437   185491    2125
1453254941      431   185922    2130
1453254942      431   186354    2135
1453254943      266   186645    2138
1453254944      435   187081    2143
1453254945      431   187512    2148
1453254946      431   187943    2153
1453254947      432   188375    2158
1453254948      435   188810    2163
1453254949      450   189260    2168
1453254950      450   189710    2173
1453254951      443   190153    2179
1453254952      455   190609    2184
1453254953      404   191056    2189
1453254954      453   191510    2194
1453254955      453   191963    2199
1453254956      454   192418    2204
1453254957      442   192860    2210
1453254958      265   193125    2213
1453254959      430   193555    2218
1453254960      431   193986    2222
1453254961      427   194413    2227
1453254962      429   194843    2232
1453254963      432   195275    2237
1453254964      431   195706    2242
1453254965      434   196140    2247
1453254966      430   196570    2252
1453254967      445   197015    2257
1453254968      444   197459    2262
1453254969      420   197879    2267
1453254970      380   198294    2272
1453254971      422   198717    2277
1453254972      422   199139    2282
1453254974      295   199517    2286
1453254975      428   199946    2291
1453254976      455   200401    2296
1453254977      448   200849    2301
1453254978      437   201286    2306
1453254979      427   201713    2311
1453254980      429   202143    2316
1453254981      438   202582    2321
1453254982      432   203014    2326
1453254983      429   203444    2331
1453254984      433   203878    2336
1453254985      438   204316    2341
1453254986      398   204730    2346
1453254987      453   205184    2351
1453254988      455   205639    2356
1453254989      351   205990    2360
1453254990      451   206441    2365
1453254991      432   206873    2370
1453254992      431   207305    2375
1453254993      430   207735    2380
1453254994      431   208166    2385
1453254995      430   208597    2390
1453254996      424   209021    2395
1453254997      429   209451    2400
1453254998      431   209882    2405
1453254999      432   210314    2410
1453255000      432   210747    2415
1453255001      391   211166    2419
1453255002      429   211596    2424
1453255003      433   212029    2429
1453255004      296   212389    2433
1453255005      431   212820    2438
1453255006      434   213254    2443
1453255007      434   213688    2448
1453255008      451   214139    2453
1453255009      454   214594    2459
1453255010      454   215048    2464
1453255011      453   215501    2469
1453255012      452   215954    2474
1453255013      402   216399    2479
1453255014      444   216844    2484
1453255015      434   217279    2489
1453255016      435   217714    2494
1453255017      430   218144    2499
1453255018      432   218577    2504
1453255019      379   218956    2509
1453255020      433   219389    2514
1453255021      431   219820    2518
1453255022      435   220256    2523
1453255023      434   220690    2528
1453255024      423   221113    2533
1453255025      432   221545    2538
1453255026      434   221980    2543
1453255027      434   222414    2548
1453255028      392   222835    2553
1453255029      433   223269    2558
1453255030      437   223706    2563
1453255031      450   224156    2568
1453255032      451   224608    2573
1453255033      456   225064    2579
1453255034      263   225327    2582
1453255035      449   225777    2587
1453255036      431   226208    2592
1453255037      430   226639    2597
1453255038      432   227072    2602
1453255039      433   227506    2607
1453255040      432   227939    2612
1453255041      430   228369    2616
1453255042      431   228800    2621
1453255043      429   229230    2626
1453255044      430   229660    2631
1453255045      397   230073    2636
1453255046      435   230508    2641
1453255047      435   230944    2646
1453255048      428   231373    2651
1453255049      281   231697    2655
1453255050      433   232130    2660
1453255051      430   232560    2664
1453255052      430   232990    2669
1453255053      431   233422    2674
1453255054      432   233854    2679
1453255055      429   234284    2684
1453255056      431   234716    2689
1453255057      427   235143    2694
1453255058      431   235574    2699
1453255059      431   236006    2704
1453255060      453   236460    2709
1453255061      406   236910    2714
1453255062      454   237364    2720
1453255063      454   237818    2725
1453255065      287   238133    2728
1453255066      436   238570    2733
1453255067      430   239001    2738
1453255068      434   239435    2743
1453255069      437   239872    2748
1453255070      437   240309    2753
1453255071      439   240749    2758
1453255072      428   241177    2763
1453255073      429   241607    2768
1453255074      431   242039    2773
1453255075      431   242470    2778
1453255076      447   242917    2783
1453255077      397   243346    2788
1453255078      447   243793    2793
1453255079      445   244239    2798
1453255080      275   244569    2802
1453255081      448   245018    2807
1453255082      431   245450    2812
1453255083      432   245882    2817
1453255084      430   246313    2822
1453255085      428   246741    2827
1453255086      432   247173    2832
1453255087      429   247603    2837
1453255088      431   248035    2842
1453255089      437   248473    2847
1453255090      437   248911    2852
1453255091      433   249344    2857
1453255092      426   249771    2862
1453255093      389   250183    2866
1453255094      431   250614    2871
1453255095      339   251005    2876
1453255096      432   251438    2881
1453255097      431   251869    2886
1453255098      433   252302    2891
1453255099      431   252734    2896
1453255100      431   253165    2901
1453255101      432   253598    2906
1453255102      436   254034    2911
1453255103      430   254465    2916
1453255104      434   254899    2920
1453255105      435   255334    2925
1453255106      430   255765    2930
1453255107      434   256199    2935
1453255108      389   256619    2940
1453255109      428   257048    2945
1453255110      297   257441    2950
1453255111      431   257872    2955
1453255112      434   258307    2960
1453255113      429   258736    2964
1453255114      430   259167    2969
1453255115      433   259600    2974
1453255116      435   260036    2979
1453255117      434   260470    2984
1453255118      430   260900    2989
1453255119      432   261332    2994
1453255120      435   261767    2999
1453255121      433   262200    3004
1453255122      430   262631    3009
1453255124      392   263055    3014
1453255125      429   263484    3019
1453255126      340   263877    3023
1453255127      432   264309    3028
1453255128      431   264741    3033
1453255129      431   265172    3038
1453255130      431   265603    3043
1453255131      436   266039    3048
1453255132      438   266477    3053
1453255133      434   266911    3058
1453255134      432   267343    3063
1453255135      437   267781    3068
1453255136      433   268215    3073
1453255137      428   268644    3078
1453255138      432   269076    3083
1453255139      393   269491    3088
1453255140      434   269926    3093
1453255141      296   270313    3097
1453255142      435   270748    3102
1453255143      432   271181    3107
1453255144      432   271614    3112
1453255145      433   272047    3117
1453255146      432   272479    3122
1453255147      425   272905    3127
1453255148      425   273331    3132
1453255149      428   273760    3137
1453255150      431   274191    3142
1453255151      443   274635    3147
1453255152      443   275078    3152
1453255153      422   275501    3157
1453255154      405   275927    3161
1453255155      451   276378    3167
1453255156      380   276759    3171
1453255157      449   277208    3176
1453255158      450   277658    3181
1453255159      449   278107    3186
1453255160      451   278558    3192
1453255161      451   279009    3197
1453255162      429   279439    3202
1453255163      426   279865    3207
1453255164      432   280297    3212
1453255165      433   280730    3216
1453255166      391   281160    3221
1453255167      455   281615    3227
1453255168      455   282071    3232
1453255169      455   282526    3237
1453255170      455   282981    3242
1453255171      257   283239    3245
1453255172      442   283681    3250
1453255173      433   284115    3255
1453255174      432   284548    3260
1453255175      431   284979    3265
1453255176      434   285413    3270
1453255177      432   285845    3275
1453255178      440   286286    3280
1453255179      457   286743    3285
1453255180      448   287192    3291
1453255181      383   287596    3295
1453255182      431   288028    3300
1453255183      435   288463    3305
1453255184      432   288896    3310
1453255185      434   289330    3315
1453255186      273   289621    3318
1453255187      432   290053    3323
1453255188      433   290487    3328
1453255189      433   290920    3333
1453255190      430   291350    3338
1453255191      435   291785    3343
1453255192      432   292218    3348
1453255193      429   292648    3353
1453255194      431   293080    3358
1453255195      435   293516    3363
1453255196      425   293941    3368
1453255197      431   294372    3373
1453255198      432   294804    3378
1453255199      393   295235    3383
1453255200      433   295669    3388
1453255202      300   296057    3392
1453255203      430   296487    3397
1453255204      430   296917    3402
1453255205      430   297347    3407
1453255206      433   297780    3412
1453255207      434   298215    3417
1453255208      434   298649    3422
1453255209      430   299080    3427
1453255210      435   299516    3432
1453255211      436   299952    3437
1453255212      455   300407    3442
1453255213      454   300862    3447
1453255214      403   301270    3452
1453255215      433   301704    3457
1453255216      431   302135    3462
1453255217      287   302493    3466
1453255218      429   302923    3471
1453255219      430   303353    3476
1453255220      429   303783    3481
1453255221      431   304215    3486
1453255222      436   304651    3491
1453255223      427   305079    3496
1453255224      430   305510    3500
1453255225      436   305947    3505
1453255226      432   306380    3510
1453255227      431   306811    3515
1453255228      435   307247    3520
1453255229      429   307676    3525
1453255230      390   308107    3530
1453255231      432   308539    3535
1453255232      325   308929    3540
1453255233      433   309362    3545
1453255234      434   309797    3550
1453255235      432   310230    3555
1453255236      434   310664    3560
1453255237      429   311093    3564
1453255238      431   311525    3569
1453255239      439   311964    3574
1453255240      432   312397    3579
1453255241      430   312828    3584
1453255242      431   313259    3589
1453255243      437   313696    3594
1453255244      433   314129    3599
1453255245      390   314543    3604
1453255246      432   314976    3609
1453255248      292   315365    3613
1453255249      429   315794    3618
1453255250      430   316224    3623
1453255251      431   316656    3628
1453255252      432   317089    3633
1453255253      431   317521    3638
1453255254      427   317948    3643
1453255255      436   318385    3648
1453255256      432   318818    3653
1453255257      432   319251    3658
1453255258      430   319682    3663
1453255259      436   320118    3668
1453255260      431   320550    3673
1453255261      391   320979    3678
1453255262      426   321406    3683
1453255263      348   321801    3687
1453255264      431   322232    3692
1453255265      436   322668    3697
1453255266      432   323101    3702
1453255267      433   323534    3707
1453255268      432   323966    3712
1453255269      428   324394    3717
1453255270      433   324827    3722
1453255271      434   325262    3727
1453255272      431   325694    3732
1453255273      429   326124    3737
1453255274      437   326561    3742
1453255275      432   326994    3747
1453255276      387   327415    3751
1453255277      436   327851    3756
1453255278      282   328237    3761
1453255279      434   328671    3766
1453255280      434   329106    3771
1453255281      431   329537    3776
1453255282      436   329974    3781
1453255283      435   330409    3786
1453255284      434   330844    3791
1453255285      431   331276    3796
1453255286      432   331708    3801
1453255287      430   332138    3806
1453255288      434   332572    3811
1453255289      431   333003    3815
1453255290      438   333441    3821
1453255292      386   333851    3825
1453255293      432   334284    3830
1453255294      299   334673    3835
1453255295      431   335105    3840
1453255296      432   335537    3845
1453255297      432   335970    3849
1453255298      436   336407    3855
1453255299      433   336840    3859
1453255300      432   337272    3864
1453255301      446   337719    3870
1453255302      451   338170    3875
1453255303      457   338627    3880
1453255304      450   339078    3885
1453255305      398   339485    3890
1453255306      451   339936    3895
1453255307      436   340373    3900
1453255308      430   340803    3905
1453255309      274   341109    3908
1453255310      430   341539    3913
1453255311      435   341975    3918
1453255312      430   342405    3923
1453255313      431   342837    3928
1453255314      428   343265    3933
1453255315      431   343696    3938
1453255316      430   344126    3943
1453255317      449   344575    3948
1453255318      453   345029    3953
1453255319      455   345484    3959
1453255320      404   345921    3964
1453255321      454   346376    3969
1453255322      431   346807    3974
1453255323      430   347238    3979
1453255324      273   347545    3982
1453255325      434   347980    3987
1453255326      432   348413    3992
1453255327      434   348847    3997
1453255328      433   349281    4002
1453255329      432   349713    4007
1453255330      436   350150    4012
1453255331      438   350588    4017
1453255332      433   351021    4022
1453255333      432   351454    4027
1453255334      430   351884    4032
1453255335      435   352320    4037
1453255336      435   352755    4042
1453255337      391   353159    4046
1453255338      452   353611    4052
1453255339      322   353981    4056
1453255340      452   354434    4061
1453255341      454   354888    4066
1453255342      455   355343    4072
1453255343      447   355790    4077
1453255344      432   356222    4082
1453255345      429   356652    4087
1453255346      432   357085    4091
1453255347      435   357520    0
1453255348      433   357953    5
1453255349      430   358384    10
1453255350      393   358793    15
1453255351      432   359225    20
1453255352      436   359661    25
1453255353      433   360094    30
1453255355      263   360417    34
1453255356      434   360851    39
1453255357      432   361284    44
1453255358      432   361716    49
1453255359      431   362147    53
1453255360      432   362579    58
1453255361      431   363011    63
1453255362      446   363457    68
1453255363      453   363911    74
1453255364      441   364352    79
1453255365      451   364803    84
1453255366      397   365229    89
1453255367      452   365681    94
1453255368      432   366113    99
1453255369      434   366547    104
1453255370      322   366869    108
1453255371      432   367301    113
1453255372      432   367733    117
1453255373      431   368165    122
1453255374      431   368596    127
1453255375      435   369032    132
1453255376      429   369461    137
1453255377      434   369895    142
1453255378      433   370329    147
1453255379      432   370761    152
1453255380      452   371213    157
1453255381      406   371665    163
1453255382      454   372119    168
1453255383      447   372566    173
1453255384      433   373000    178
1453255385      265   373289    181
1453255386      432   373722    186
1453255387      431   374154    191
1453255388      430   374585    196
1453255389      430   375015    201
1453255390      438   375453    206
1453255391      432   375886    211
1453255392      431   376318    216
1453255393      439   376758    221
1453255394      435   377193    226
1453255395      434   377628    231
1453255396      429   378057    236
1453255397      433   378491    241
1453255398      387   378903    245
1453255399      434   379338    250
1453255400      382   379725    255
1453255401      431   380156    260
1453255402      434   380591    265
1453255403      427   381019    270
1453255404      434   381453    275
1453255405      428   381881    280
1453255406      432   382314    285
1453255407      439   382753    290
1453255408      455   383208    295
1453255409      454   383663    300
1453255410      459   384123    305
1453255411      399   384537    310
1453255412      439   384976    315
1453255413      437   385413    320
1453255414      436   385849    325
1453255415      272   386161    329
1453255416      429   386591    334
1453255417      433   387024    339
1453255418      437   387461    344
1453255419      439   387900    349
1453255420      432   388333    354
1453255421      429   388763    358
1453255422      445   389208    364
1453255423      455   389663    369
1453255424      455   390119    374
1453255425      408   390572    379
1453255426      453   391025    384
1453255427      438   391463    389
1453255428      430   391894    394
1453255429      434   392329    399
1453255430      255   392597    402
1453255431      430   393027    407
1453255432      425   393453    412
1453255433      455   393908    417
1453255434      455   394363    423
1453255435      456   394820    428
1453255436      456   395276    433
1453255437      431   395707    438
1453255438      448   396156    443
1453255439      407   396607    448
1453255440      454   397061    454
1453255441      455   397517    459
1453255442      449   397966    464
1453255443      432   398398    469
1453255444      432   398830    474
1453255445      268   399098    477
1453255446      434   399533    482
1453255447      428   399962    487
1453255448      444   400407    492
1453255449      455   400863    497
1453255450      454   401317    502
1453255452      435   401753    507
1453255453      438   402192    512
1453255454      406   402642    518
1453255455      454   403097    523
1453255456      453   403550    528
1453255457      451   404001    533
1453255458      451   404452    538
1453255459      435   404888    543
1453255460      433   405322    548
1453255461      253   405575    551
1453255462      428   406004    556
1453255463      434   406438    561
1453255464      431   406869    566
1453255465      430   407299    571
1453255466      433   407732    576
1453255467      433   408165    581
1453255468      432   408597    586
1453255469      429   409026    591
1453255470      435   409461    596
1453255471      388   409880    600
1453255472      432   410312    605
1453255473      432   410744    610
1453255474      433   411177    615
1453255475      430   411608    620
1453255476      322   411930    624
1453255477      434   412364    629
1453255478      433   412798    634
1453255479      426   413225    639
1453255480      432   413657    644
1453255481      430   414087    649
1453255482      431   414518    654
1453255483      439   414957    659
1453255484      436   415393    664
1453255485      434   415827    669
1453255486      436   416263    674
1453255487      431   416695    679
1453255488      393   417118    683
1453255489      430   417549    688
1453255490      433   417982    693
1453255491      291   418341    697
1453255492      433   418775    702
1453255493      431   419206    707
1453255494      432   419639    712
1453255495      430   420070    717
1453255496      432   420502    722
1453255497      435   420937    727
1453255498      434   421372    732
1453255499      455   421828    737
1453255500      455   422283    743
1453255501      454   422738    748
1453255502      400   423153    753
1453255503      458   423611    758
1453255504      438   424050    763
1453255505      432   424482    768
1453255506      327   424809    772
1453255507      431   425240    776
1453255508      435   425676    781
1453255509      441   426117    787
1453255510      433   426550    791
1453255511      431   426982    796
1453255512      434   427417    801
1453255513      433   427851    806
1453255514      456   428307    812
1453255515      455   428763    817
1453255516      402   429188    822
1453255517      455   429644    827
1453255518      461   430106    832
1453255519      429   430536    837
1453255520      431   430968    842
1453255521      240   431213    845
1453255522      432   431646    850
1453255523      432   432078    855
1453255524      435   432514    860
1453255525      428   432942    865
1453255526      432   433375    870
1453255527      435   433810    875
1453255528      435   434246    880
1453255529      451   434698    885
1453255530      455   435153    890
1453255531      455   435608    895
1453255532      401   436025    900
1453255533      455   436480    905
1453255534      436   436917    910
1453255535      432   437349    915
1453255536      365   437715    919
1453255537      432   438147    924
1453255538      436   438583    929
1453255539      432   439016    934
1453255540      428   439444    939
1453255541      432   439876    944
1453255542      432   440309    949
1453255543      427   440737    954
1453255544      432   441169    959
1453255545      427   441596    964
1453255546      455   442051    969
1453255547      398   442461    974
1453255548      459   442921    979
1453255549      433   443354    984
1453255550      432   443786    989
1453255551      265   444085    992
1453255552      431   444517    997
1453255553      430   444948    1002
1453255554      434   445383    1007
1453255555      430   445813    1012
1453255556      430   446243    1017
1453255557      435   446678    1022
1453255558      438   447116    1027
1453255559      430   447547    1032
1453255560      430   447977    1037
1453255561      430   448407    1042
1453255562      434   448842    1047
1453255563      437   449279    1052
1453255564      392   449699    1057
1453255565      434   450133    1062
1453255567      288   450521    1066
1453255568      430   450951    1071
1453255569      432   451384    1076
1453255570      431   451816    1081
1453255571      428   452244    1086
1453255572      430   452675    1091
1453255573      430   453105    1096
1453255574      437   453542    1101
1453255575      434   453976    1106
1453255576      432   454409    1111
1453255577      432   454842    1116
1453255578      432   455275    1121
1453255579      430   455705    1126
1453255580      396   456135    1131
1453255581      432   456567    1135
1453255582      302   456957    1140
1453255583      431   457389    1145
1453255584      434   457823    1150
1453255585      431   458254    1155
1453255586      431   458686    1160
1453255587      427   459114    1165
1453255588      434   459549    1170
1453255589      445   459995    1175
1453255590      455   460450    1180
1453255591      454   460905    1185
1453255592      455   461360    1190
1453255593      398   461769    1195
1453255594      433   462203    1200
1453255595      429   462632    1205
1453255596      435   463067    1210
1453255597      267   463393    1214
1453255598      429   463823    1219
1453255599      434   464258    1224
1453255600      434   464693    1229
1453255601      439   465133    1234
1453255602      432   465565    1239
1453255603      432   465998    1244
1453255604      433   466432    1249
1453255605      435   466868    1254
1453255606      433   467302    1258
1453255607      431   467733    1263
1453255608      434   468167    1268
1453255609      430   468597    1273
1453255610      390   469007    1278
1453255611      433   469440    1283
1453255613      323   469829    1287
1453255614      437   470266    1292
1453255615      432   470698    1297
1453255616      432   471130    1302
1453255617      430   471560    1307
1453255618      433   471994    1312
1453255619      434   472428    1317
1453255620      459   472887    1322
1453255621      455   473343    1328
1453255622      455   473799    1333
1453255623      405   474240    1338
1453255624      449   474689    1343
1453255625      432   475122    1348
1453255626      435   475558    1353
1453255627      432   475990    1358
1453255628      249   476265    1361
1453255629      435   476700    1366
1453255630      428   477129    1371
1453255631      434   477563    1376
1453255632      443   478006    1381
1453255633      455   478462    1386
1453255634      454   478917    1392
1453255635      440   479358    1397
1453255636      431   479790    1402
1453255637      435   480226    1407
1453255638      429   480655    1411
1453255639      397   481077    1416
1453255640      431   481509    1421
1453255641      431   481940    1426
1453255642      431   482372    1431
1453255643      347   482719    1435
1453255644      428   483148    1440
1453255645      432   483581    1445
1453255646      434   484015    1450
1453255647      432   484447    1455
1453255648      434   484882    1460
1453255649      434   485316    1465
1453255650      433   485750    1470
1453255651      438   486188    1475
1453255652      449   486638    1480
1453255653      450   487089    1485
1453255654      402   487513    1490
1453255655      446   487959    1495
1453255656      448   488407    1500
1453255657      441   488848    1505
1453255658      268   489137    1509
1453255659      431   489568    1514
1453255660      435   490003    1519
1453255661      431   490434    1524
1453255662      430   490865    1528
1453255663      432   491297    1533
1453255664      430   491727    1538
1453255665      436   492164    1543
1453255666      436   492600    1548
1453255667      436   493036    1553
1453255668      435   493472    1558
1453255669      434   493906    1563
1453255670      431   494338    1568
1453255671      390   494751    1573
1453255672      433   495185    1578
1453255673      291   495573    1582
1453255675      430   496004    1587
1453255676      430   496434    1592
1453255677      430   496865    1597
1453255678      432   497298    1602
1453255679      439   497738    1607
1453255680      455   498193    1612
1453255681      455   498648    1618
1453255682      454   499102    1623
1453255683      455   499557    1628
1453255684      402   499984    1633
