1453285516      2   3    0
1453285517      1   5    0
1453285518      1   7    0
1453285520      1   9    0
1453285521      2   11    0
1453285522      2   13    0
1453285524      1   15    0
1453285525      1   17    0
1453285527      1   19    0
1453285528      1   21    0
1453285529      1   23    0
1453285531      1   25    0
1453285532      1   26    0
1453285533      1   28    0
1453285534      2   30    0
1453285536      2   32    0
1453285537      1   33    0
1453285538      2   35    0
1453285540      1   37    0
1453285541      1   39    0
1453285542      1   41    0
1453285544      1   43    0
1453285545      1   45    0
1453285547      1   47    0
1453285548      2   49    0
1453285549      2   51    0
1453285551      2   53    0
1453285552      1   55    0
1453285553      1   57    0
1453285555      2   59    0
1453285556      1   61    0
1453285557      1   63    0
1453285559      1   65    0
1453285560      1   67    0
1453285562      1   69    0
1453285563      1   71    0
1453285565      1   73    0
1453285566      1   75    0
