1453285314      2   2    0
1453285316      1   4    0
1453285317      2   6    0
1453285319      1   8    0
1453285320      1   10    0
1453285321      1   12    0
1453285323      1   14    0
1453285324      1   16    0
1453285326      1   18    0
1453285327      1   20    0
1453285328      1   22    0
1453285330      1   24    0
1453285331      1   26    0
1453285332      2   28    0
1453285334      1   30    0
1453285335      1   32    0
1453285337      1   34    0
1453285338      1   36    0
1453285339      1   38    0
1453285341      1   40    0
1453285342      1   42    0
1453285343      1   44    0
1453285345      2   46    0
1453285346      1   48    0
1453285348      1   50    0
1453285349      1   52    0
1453285350      1   54    0
1453285352      1   56    0
1453285353      1   58    0
1453285355      1   60    0
1453285356      1   62    0
1453285357      1   64    0
1453285359      1   66    0
1453285360      1   68    0
1453285361      1   70    0
1453285363      1   72    0
1453285364      1   74    0
1453285366      1   76    0
1453285367      1   78    0
1453285368      1   80    0
1453285370      1   82    0
1453285371      1   84    0
1453285373      1   86    0
