1484137901      1344   1344    0.0102539
1484137902      1262   2606    0.0198822
1484137903      1379   3985    0.0304031
1484137904      1317   5302    0.040451
1484137906      884   6321    0.0482254
1484137907      1154   7475    0.0570297
1484137908      874   8466    0.0645905
1484137909      1151   9617    0.0733719
1484137910      721   10496    0.0800781
1484137911      1099   11595    0.0884628
1484137912      1018   12613    0.0962296
1484137913      747   13360    0.101929
1484137914      1125   14485    0.110512
1484137915      687   15386    0.117386
1484137916      1156   16542    0.126205
1484137917      809   17531    0.133751
1484137918      1137   18668    0.142426
1484137920      750   19561    0.149239
1484137921      1073   20634    0.157425
1484137922      902   21706    0.165604
1484137923      1107   22813    0.174049
1484137924      1035   23848    0.181946
1484137925      565   24451    0.186546
1484137926      1066   25517    0.194679
1484137927      845   26596    0.202911
1484137928      1047   27643    0.210899
1484137929      1020   28663    0.218681
1484137930      598   29341    0.223854
1484137931      1157   30498    0.232681
1484137932      854   31486    0.240219
1484137933      1111   32597    0.248695
1484137934      1004   33601    0.256355
1484137936      496   34231    0.261162
1484137937      1133   35364    0.269806
1484137938      982   36346    0.277298
1484137939      652   37091    0.282982
1484137940      1153   38244    0.291779
1484137941      801   39045    0.29789
1484137942      336   39381    0.300453
1484137943      1148   40529    0.309212
1484137944      648   41266    0.314835
1484137945      941   42207    0.322014
1484137946      1154   43361    0.330818
1484137947      527   44011    0.335777
1484137948      1163   45174    0.34465
1484137949      938   46112    0.351807
1484137950      692   46871    0.357597
1484137951      1158   48029    0.366432
1484137953      675   48901    0.373085
1484137954      1087   49988    0.381378
1484137955      819   51046    0.38945
1484137956      1158   52204    0.398285
1484137957      961   53165    0.405617
1484137958      513   53791    0.410393
1484137959      1143   54934    0.419113
1484137960      975   55909    0.426552
1484137961      678   56651    0.432213
1484137962      1158   57809    0.441048
1484137963      870   58679    0.447685
1484137964      609   59396    0.453156
1484137965      1161   60557    0.462013
1484137966      872   61429    0.468666
1484137968      703   62256    0.474976
1484137969      1140   63396    0.483673
1484137970      658   64054    0.488693
1484137971      724   65001    0.495918
1484137972      1151   66152    0.5047
1484137973      974   67126    0.512131
1484137974      646   67861    0.517738
1484137975      938   68799    0.524895
1484137976      1086   69885    0.53318
1484137977      674   70606    0.538681
1484137978      1127   71733    0.547279
1484137979      963   72696    0.554626
1484137980      517   73351    0.559624
1484137981      1154   74505    0.568428
1484137983      746   75496    0.575989
1484137984      1011   76507    0.583702
1484137985      1119   77626    0.592239
1484137986      481   78241    0.596931
1484137987      1145   79386    0.605667
1484137988      804   80386    0.613297
1484137989      1157   81543    0.622124
1484137990      782   82531    0.629662
1484137991      692   83223    0.634941
1484137992      1082   84305    0.643196
1484137993      955   85260    0.650482
1484137995      639   85991    0.656059
1484137996      1088   87079    0.66436
1484137997      712   88021    0.671547
1484137998      1058   89079    0.679619
1484137999      965   90044    0.686981
1484138000      797   90881    0.693367
1484138001      1012   91893    0.701088
1484138003      490   92911    0.708855
1484138004      868   93779    0.715477
1484138005      1145   94924    0.724213
1484138006      703   95771    0.730675
1484138007      969   96740    0.738068
1484138009      713   97801    0.746162
1484138010      1158   98959    0.754997
1484138011      893   99852    0.76181
1484138012      687   100661    0.767982
1484138013      1167   101828    0.776886
1484138014      636   102691    0.78347
1484138015      1158   103849    0.792305
1484138016      899   104748    0.799164
1484138017      758   105551    0.80529
1484138018      1077   106628    0.813507
1484138020      671   107581    0.820778
1484138021      1155   108736    0.82959
1484138022      798   109726    0.837143
1484138023      1026   110752    0.844971
1484138024      836   111871    0.853508
1484138025      971   112842    0.860916
1484138027      869   113901    0.868996
1484138028      993   114894    0.876572
1484138029      858   116046    0.885361
1484138030      1008   117054    0.893051
1484138031      683   117737    0.898262
1484138032      796   118791    0.906303
1484138033      1020   119811    0.914085
1484138034      1005   120816    0.921753
1484138035      695   121651    0.928123
1484138036      859   122510    0.934677
1484138037      1143   123653    0.943398
1484138039      687   124396    0.949066
1484138040      1101   125497    0.957466
1484138041      1028   126525    0.965309
1484138042      511   127141    0.970009
1484138043      1138   128279    0.978691
1484138044      981   129260    0.986176
1484138045      650   130001    0.991829
1484138046      1150   131151    1.0006
1484138047      685   132031    1.00732
1484138048      1086   133117    1.0156
1484138049      827   134176    1.02368
1484138050      1028   135204    1.03152
1484138051      982   136186    1.03902
1484138053      578   136921    1.04462
1484138054      1064   137985    1.05274
1484138055      990   138975    1.0603
1484138056      684   139781    1.06644
1484138057      1151   140932    1.07523
1484138058      678   141811    1.08193
1484138059      1154   142965    1.09074
1484138060      799   143956    1.0983
1484138061      1159   145115    1.10714
1484138063      730   146101    1.11466
1484138064      781   146882    1.12062
1484138065      992   147874    1.12819
1484138066      835   148846    1.1356
1484138067      1106   149952    1.14404
1484138068      838   150991    1.15197
1484138069      948   151939    1.1592
1484138070      344   152306    1.162
1484138071      1163   153469    1.17088
1484138072      812   154451    1.17837
1484138073      1050   155501    1.18638
1484138075      785   156481    1.19386
1484138076      1154   157635    1.20266
1484138077      928   158563    1.20974
1484138078      697   159341    1.21568
1484138079      1155   160496    1.22449
1484138080      655   161371    1.23116
1484138081      1127   162498    1.23976
1484138082      851   163516    1.24753
1484138083      1040   164556    1.25546
1484138085      865   165661    1.26389
1484138086      953   166614    1.27116
1484138087      813   167691    1.27938
1484138088      1166   168857    1.28828
1484138089      748   169836    1.29575
1484138090      1010   170846    1.30345
1484138091      842   171688    1.30988
1484138093      681   172581    1.31669
1484138094      811   173392    1.32288
1484138095      1142   174534    1.33159
1484138096      836   175441    1.33851
1484138097      940   176381    1.34568
1484138098      1060   177441    1.35377
1484138099      789   178230    1.35979
1484138100      1008   179238    1.36748
1484138101      785   180331    1.37582
1484138102      961   181292    1.38315
1484138103      839   182361    1.3913
1484138104      1155   183516    1.40012
1484138105      860   184506    1.40767
1484138106      1135   185641    1.41633
1484138108      739   186536    1.42316
1484138109      1105   187641    1.43159
1484138110      829   188681    1.43952
1484138111      1155   189836    1.44833
1484138112      697   190711    1.45501
1484138113      1101   191812    1.46341
1484138114      820   192856    1.47137
1484138115      1137   193993    1.48005
1484138117      881   195001    1.48774
1484138118      967   195968    1.49512
1484138119      869   197031    1.50323
1484138120      1141   198172    1.51193
1484138121      808   199176    1.51959
1484138122      1156   200332    1.52841
1484138123      730   201206    1.53508
1484138124      1122   202328    1.54364
1484138125      886   203351    1.55145
1484138126      1168   204519    1.56036
1484138128      742   205381    1.56693
1484138129      1157   206538    1.57576
1484138130      876   207526    1.5833
1484138131      1157   208683    1.59212
1484138132      972   209655    1.59954
1484138133      613   210271    1.60424
1484138134      1162   211433    1.61311
1484138135      870   212416    1.62061
1484138136      1168   213584    1.62952
1484138137      863   214561    1.63697
1484138138      974   215535    1.6444
1484138139      897   216591    1.65246
1484138140      1156   217747    1.66128
1484138141      876   218736    1.66882
1484138142      1160   219896    1.67767
1484138143      744   220766    1.68431
1484138144      1156   221922    1.69313
1484138146      871   222911    1.70068
1484138147      1153   224064    1.70947
1484138148      744   224941    1.71616
1484138149      1153   226094    1.72496
1484138150      847   227086    1.73253
1484138151      1131   228217    1.74116
1484138152      883   229231    1.74889
1484138153      803   230034    1.75502
1484138154      1155   231189    1.76383
1484138155      673   231976    1.76984
1484138156      1170   233146    1.77876
1484138157      862   234121    1.7862
1484138158      957   235078    1.7935
1484138160      889   236151    1.80169
1484138161      1021   237172    1.80948
1484138162      928   238296    1.81805
1484138163      1122   239418    1.82661
1484138164      753   240326    1.83354
1484138165      1083   241409    1.8418
1484138166      833   242471    1.84991
1484138167      1143   243614    1.85863
1484138168      749   244501    1.86539
1484138169      1113   245614    1.87389
1484138171      856   246646    1.88176
1484138172      1035   247681    1.88966
1484138173      918   248791    1.89812
1484138174      928   249719    1.9052
1484138175      884   250821    1.91361
1484138176      1149   251970    1.92238
1484138177      817   252966    1.92998
1484138178      1146   254112    1.93872
1484138180      698   254996    1.94547
1484138181      1135   256131    1.95412
1484138182      796   257141    1.96183
1484138183      1035   258176    1.96973
1484138184      757   259171    1.97732
1484138185      1156   260327    1.98614
1484138186      872   261316    1.99368
1484138187      1156   262472    2.0025
1484138188      874   263461    2.01005
1484138189      945   264406    2.01726
1484138191      907   265491    2.02554
1484138192      1157   266648    2.03436
1484138193      872   267636    2.0419
1484138194      1158   268794    2.05074
1484138195      734   269666    2.05739
1484138196      1159   270825    2.06623
1484138197      875   271811    2.07375
1484138198      952   272763    2.08102
1484138199      820   273841    2.08924
1484138200      1156   274997    2.09806
1484138202      873   275986    2.10561
1484138203      1156   277142    2.11443
1484138204      874   278131    2.12197
1484138205      974   279105    2.1294
1484138206      898   280161    2.13746
1484138207      1157   281318    2.14629
1484138208      874   282306    2.15382
1484138209      1153   283459    2.16262
1484138210      696   284336    2.16931
1484138211      1138   285474    2.17799
1484138212      869   286481    2.18568
1484138213      1146   287627    2.19442
1484138215      636   288511    2.20116
1484138216      805   289316    2.20731
1484138217      1111   290427    2.21578
1484138218      769   291371    2.22298
1484138219      1071   292442    2.23116
1484138220      705   293401    2.23847
1484138221      1124   294525    2.24705
1484138223      759   295546    2.25484
1484138224      1031   296577    2.2627
1484138225      967   297544    2.27008
1484138226      543   298291    2.27578
1484138227      1012   299303    2.2835
1484138228      972   300275    2.29092
1484138229      741   301151    2.2976
1484138230      1040   302191    2.30553
1484138231      982   303173    2.31303
1484138232      607   303896    2.31854
1484138233      1158   305054    2.32738
1484138234      980   306034    2.33485
1484138236      670   306756    2.34036
1484138237      1153   307909    2.34916
1484138238      635   308544    2.354
1484138239      732   309501    2.36131
1484138240      1121   310622    2.36986
1484138241      980   311602    2.37733
1484138242      681   312361    2.38313
1484138243      941   313302    2.3903
1484138244      874   314391    2.39861
1484138245      992   315383    2.40618
1484138247      853   316536    2.41498
1484138248      1159   317695    2.42382
1484138249      592   318287    2.42834
1484138250      796   319281    2.43592
1484138251      1156   320437    2.44474
1484138252      959   321396    2.45206
1484138253      686   322141    2.45774
1484138254      971   323112    2.46515
1484138255      956   324068    2.47244
1484138256      722   324886    2.47868
1484138257      1163   326049    2.48756
1484138258      975   327024    2.495
1484138259      504   327631    2.49963
1484138260      1159   328790    2.50847
1484138261      972   329762    2.51588
1484138262      689   330491    2.52145
1484138263      1168   331659    2.53036
1484138265      673   332521    2.53693
1484138266      1008   333529    2.54462
1484138267      851   334666    2.5533
1484138268      1152   335818    2.56209
1484138269      804   336811    2.56966
1484138270      690   337501    2.57493
1484138271      1146   338647    2.58367
1484138272      775   339556    2.59061
1484138273      1001   340557    2.59824
1484138275      857   341701    2.60697
1484138276      958   342659    2.61428
1484138277      768   343731    2.62246
1484138278      1125   344856    2.63104
1484138279      813   345876    2.63882
1484138280      1140   347016    2.64752
1484138281      687   347703    2.65276
1484138283      731   348621    2.65977
1484138284      1158   349779    2.6686
1484138285      778   350766    2.67613
1484138286      992   351758    2.6837
1484138287      863   352621    2.69028
1484138288      834   353511    2.69707
1484138289      1015   354526    2.70482
1484138290      850   355656    2.71344
1484138291      1159   356815    2.72228
1484138292      680   357495    2.72747
1484138293      746   358401    2.73438
1484138294      868   359269    2.741
1484138295      1138   360407    2.74969
1484138296      588   360995    2.75417
1484138298      635   361861    2.76078
1484138299      1147   363008    2.76953
1484138300      798   364006    2.77715
1484138301      1000   365006    2.78477
1484138302      1018   366024    2.79254
1484138303      578   366751    2.79809
1484138304      1163   367914    2.80696
1484138305      803   368896    2.81445
1484138306      1142   370038    2.82317
1484138308      817   371041    2.83082
1484138309      681   371722    2.83601
1484138310      1158   372880    2.84485
1484138311      775   373786    2.85176
1484138312      1010   374796    2.85947
1484138313      826   375931    2.86813
1484138314      974   376905    2.87556
1484138315      866   377961    2.88361
1484138316      1009   378970    2.89131
1484138318      855   380106    2.89998
1484138319      1156   381262    2.9088
1484138320      684   381946    2.91402
1484138321      772   382851    2.92092
1484138322      1150   384001    2.9297
1484138323      806   384996    2.93729
1484138324      1010   386006    2.94499
1484138325      963   386969    2.95234
1484138326      791   387760    2.95837
1484138327      1020   388780    2.96616
1484138328      845   389886    2.97459
1484138329      1157   391043    2.98342
1484138330      681   391724    2.98862
1484138332      768   392631    2.99554
1484138333      1156   393787    3.00436
1484138334      983   394770    3.01186
1484138335      672   395491    3.01736
1484138336      841   396332    3.02377
1484138337      1149   397481    3.03254
1484138338      697   398236    3.0383
1484138339      1156   399392    3.04712
1484138340      987   400379    3.05465
1484138341      509   400981    3.05924
1484138342      1027   402008    3.06708
1484138343      1034   403042    3.07497
1484138344      737   403841    3.08106
1484138345      1153   404994    3.08986
1484138347      570   405871    3.09655
1484138348      1026   406897    3.10438
1484138349      829   407726    3.1107
1484138350      816   408731    3.11837
1484138351      999   409730    3.12599
1484138352      713   410761    3.13386
1484138353      1076   411837    3.14207
1484138354      874   412711    3.14874
1484138356      736   413621    3.15568
1484138357      1071   414692    3.16385
1484138358      884   415576    3.17059
1484138359      554   416366    3.17662
1484138360      1022   417388    3.18442
1484138361      814   418202    3.19063
1484138362      811   419226    3.19844
1484138363      1143   420369    3.20716
1484138364      707   421076    3.21255
1484138365      858   421934    3.2191
1484138366      730   422686    3.22484
1484138367      1060   423746    3.23293
1484138369      855   424831    3.2412
1484138370      971   425802    3.24861
1484138371      817   426861    3.25669
1484138372      1156   428017    3.26551
1484138373      827   429006    3.27306
1484138374      1039   430045    3.28098
1484138375      964   431009    3.28834
1484138376      792   431801    3.29438
1484138377      1149   432950    3.30315
1484138378      857   433896    3.31036
1484138379      1153   435049    3.31916
1484138380      742   435926    3.32585
1484138381      1155   437081    3.33466
1484138382      872   438071    3.34222
1484138383      1164   439235    3.3511
1484138385      741   440101    3.3577
1484138386      1158   441259    3.36654
1484138387      879   442246    3.37407
1484138388      1166   443412    3.38297
1484138389      872   444391    3.39043
1484138390      970   445361    3.39783
1484138391      908   446421    3.40592
1484138392      1155   447576    3.41473
1484138393      875   448566    3.42229
1484138394      1151   449717    3.43107
1484138395      727   450596    3.43777
1484138396      1021   451617    3.44556
1484138398      912   452741    3.45414
1484138399      1127   453868    3.46274
1484138400      744   454771    3.46963
1484138401      1140   455911    3.47832
1484138402      838   456916    3.48599
1484138403      1156   458072    3.49481
1484138404      868   459061    3.50236
1484138405      916   459977    3.50935
1484138406      878   461091    3.51785
1484138407      1113   462204    3.52634
1484138409      897   463236    3.53421
1484138410      1156   464392    3.54303
1484138411      836   465228    3.54941
1484138412      712   465981    3.55515
1484138413      972   466953    3.56257
1484138414      1150   468103    3.57134
1484138415      678   468841    3.57697
1484138416      974   469815    3.5844
1484138417      1024   470839    3.59222
1484138418      713   471586    3.59792
1484138419      600   472301    3.60337
1484138420      1157   473458    3.6122
1484138421      740   474331    3.61886
1484138422      1097   475428    3.62723
1484138423      894   476476    3.63522
1484138424      1145   477621    3.64396
1484138425      844   478621    3.65159
1484138426      923   479544    3.65863
1484138428      898   480651    3.66708
1484138429      1162   481813    3.67594
1484138430      873   482796    3.68344
1484138431      1157   483953    3.69227
1484138432      742   484826    3.69893
1484138433      1156   485982    3.70775
1484138434      875   486971    3.71529
1484138435      1158   488129    3.72413
1484138436      742   489001    3.73078
1484138437      1156   490157    3.7396
1484138438      875   491146    3.74715
1484138439      1155   492301    3.75596
1484138441      883   493291    3.76351
1484138442      973   494264    3.77094
1484138443      901   495321    3.779
1484138444      1157   496478    3.78783
1484138445      880   497466    3.79536
1484138446      1161   498627    3.80422
1484138447      743   499496    3.81085
