1481937276      1498   1498    0.00285721
1481937277      1499   2997    0.00571632
1481937278      1499   4496    0.00857544
1481937279      1500   5996    0.0114365
1481937280      1499   7495    0.0142956
1481937281      1500   8995    0.0171566
1481937282      1499   10494    0.0200157
1481937283      1499   11993    0.0228748
1481937284      1500   13493    0.0257359
1481937285      1499   14992    0.028595
1481937286      1461   16453    0.0313816
1481937287      1385   17838    0.0340233
1481937288      1385   19223    0.036665
1481937289      1385   20608    0.0393066
1481937290      1272   21880    0.0417328
1481937291      1350   23230    0.0443077
1481937292      1385   24615    0.0469494
1481937293      1282   25999    0.0495892
1481937294      1392   27391    0.0522442
1481937295      1385   28776    0.0548859
1481937296      1386   30162    0.0575294
1481937297      1271   31433    0.0599537
1481937298      1297   32730    0.0624275
1481937299      1386   34116    0.0650711
1481937300      1385   35501    0.0677128
1481937301      1385   36886    0.0703545
1481937302      1272   38158    0.0727806
1481937303      1225   39383    0.0751171
1481937304      1386   40769    0.0777607
1481937305      1386   42155    0.0804043
1481937306      1264   43421    0.082819
1481937307      1392   44813    0.085474
1481937308      1385   46198    0.0881157
1481937309      1387   47585    0.0907612
1481937310      1271   48856    0.0931854
1481937311      1142   50123    0.095602
1481937312      1227   51350    0.0979424
1481937313      1210   52560    0.10025
1481937314      1336   53896    0.102798
1481937315      1336   55232    0.105347
1481937316      1264   56555    0.10787
1481937317      1393   57948    0.110527
1481937318      1385   59333    0.113169
1481937319      1386   60719    0.115812
1481937320      1272   61991    0.118238
1481937321      1385   63376    0.12088
1481937322      1385   64761    0.123522
1481937323      1297   66058    0.125996
1481937324      1385   67443    0.128637
1481937325      1271   68714    0.131062
1481937326      1386   70100    0.133705
1481937327      1385   71485    0.136347
1481937328      1385   72870    0.138988
1481937329      1272   74142    0.141415
1481937330      1385   75527    0.144056
1481937331      1385   76912    0.146698
1481937332      1278   78265    0.149279
1481937333      1392   79657    0.151934
1481937334      1386   81043    0.154577
1481937335      1023   82066    0.156528
1481937336      1385   83451    0.15917
1481937337      1385   84836    0.161812
1481937338      1269   86105    0.164232
1481937339      1384   87489    0.166872
1481937340      1385   88874    0.169514
1481937341      1384   90258    0.172153
1481937342      1271   91529    0.174578
1481937343      1386   92915    0.177221
1481937344      1385   94300    0.179863
1481937345      1384   95684    0.182503
1481937346      1271   96955    0.184927
1481937348      1046   98101    0.187113
1481937349      1392   99493    0.189768
1481937350      1384   100877    0.192408
1481937351      1386   102263    0.195051
1481937352      1271   103534    0.197475
1481937353      1385   104919    0.200117
1481937354      1386   106305    0.202761
1481937355      1385   107690    0.205402
1481937356      1272   108962    0.207829
1481937357      1386   110348    0.210472
1481937358      1385   111733    0.213114
1481937359      1281   113109    0.215738
1481937360      1181   114451    0.218298
1481937361      1392   115843    0.220953
1481937362      1386   117229    0.223597
1481937363      1385   118614    0.226238
1481937364      1272   119886    0.228664
1481937365      1387   121273    0.23131
1481937366      1385   122658    0.233952
1481937367      1225   123883    0.236288
1481937368      1240   125123    0.238653
1481937369      1003   126243    0.240789
1481937370      1392   127635    0.243444
1481937371      1386   129021    0.246088
1481937372      1386   130407    0.248732
1481937373      1296   131703    0.251204
1481937374      1221   132945    0.253572
1481937375      1166   134111    0.255796
1481937376      1159   135270    0.258007
1481937377      1162   136432    0.260223
1481937378      1385   137817    0.262865
1481937379      1385   139202    0.265507
1481937380      1272   140474    0.267933
1481937381      1385   141859    0.270575
1481937382      1385   143244    0.273216
1481937383      1381   144625    0.27585
1481937384      1271   145896    0.278275
1481937385      1296   147192    0.280746
1481937386      1386   148578    0.28339
1481937387      1385   149963    0.286032
1481937388      1385   151348    0.288673
1481937389      1272   152620    0.2911
1481937390      1384   154004    0.293739
1481937391      1384   155388    0.296379
1481937392      1384   156772    0.299019
1481937393      1270   158042    0.301441
1481937394      1384   159426    0.304081
1481937395      1386   160812    0.306725
1481937396      1336   162148    0.309273
1481937397      1269   163417    0.311693
1481937398      1294   164711    0.314161
1481937399      1384   166095    0.316801
1481937400      1384   167479    0.319441
1481937401      1280   168861    0.322077
1481937402      1391   170252    0.32473
1481937403      1336   171588    0.327278
1481937404      1385   172973    0.32992
1481937405      1269   174242    0.33234
1481937406      1384   175626    0.33498
1481937407      1385   177011    0.337622
1481937408      1384   178395    0.340261
1481937409      1269   179664    0.342682
1481937410      1291   180955    0.345144
1481937411      1381   182336    0.347778
1481937412      1385   183721    0.35042
1481937413      1386   185107    0.353064
1481937414      1223   186330    0.355396
1481937415      1336   187666    0.357944
1481937416      1386   189052    0.360588
1481937417      1385   190437    0.36323
1481937418      1271   191708    0.365654
1481937419      1386   193094    0.368298
1481937420      1385   194479    0.370939
1481937421      1385   195864    0.373581
1481937422      1296   197160    0.376053
1481937423      1269   198429    0.378473
1481937424      1384   199813    0.381113
1481937425      1337   201150    0.383663
1481937426      1384   202534    0.386303
1481937427      1270   203804    0.388725
1481937428      1385   205189    0.391367
1481937429      1224   206413    0.393702
1481937430      1384   207797    0.396341
1481937431      1264   209065    0.39876
1481937432      1392   210457    0.401415
1481937433      1224   211681    0.403749
1481937434      1072   212753    0.405794
1481937435      1376   214129    0.408419
1481937436      1364   215493    0.41102
1481937437      1228   216721    0.413363
1481937438      1219   217940    0.415688
1481937439      1379   219319    0.418318
1481937440      1336   220655    0.420866
1481937441      1357   222012    0.423454
1481937442      1271   223283    0.425879
1481937443      1385   224668    0.42852
1481937444      1386   226054    0.431164
1481937445      1385   227439    0.433805
1481937446      1271   228710    0.43623
1481937447      1297   230007    0.438704
1481937448      1385   231392    0.441345
1481937449      1385   232777    0.443987
1481937450      1386   234163    0.44663
1481937451      1270   235433    0.449053
1481937452      1384   236817    0.451693
1481937453      1383   238200    0.45433
1481937454      1384   239584    0.45697
1481937455      1269   240853    0.459391
1481937456      1385   242238    0.462032
1481937457      1384   243622    0.464672
1481937458      1277   244981    0.467264
1481937459      1301   246323    0.469824
1481937460      1391   247714    0.472477
1481937461      1386   249100    0.475121
1481937462      1384   250484    0.47776
1481937463      1271   251755    0.480185
1481937464      1386   253141    0.482828
1481937465      1384   254525    0.485468
1481937466      1384   255909    0.488108
1481937467      1270   257179    0.49053
1481937468      1384   258563    0.49317
1481937469      1385   259948    0.495811
1481937470      1282   261331    0.498449
1481937471      1299   262673    0.501009
1481937472      1392   264065    0.503664
1481937473      1384   265449    0.506304
1481937474      1384   266833    0.508944
1481937475      1271   268104    0.511368
1481937476      1384   269488    0.514008
1481937477      1384   270872    0.516647
1481937478      1386   272258    0.519291
1481937479      1270   273528    0.521713
1481937480      1384   274912    0.524353
1481937481      1386   276298    0.526997
1481937482      1280   277681    0.529634
1481937483      1301   279023    0.532194
1481937484      1392   280415    0.534849
1481937485      1385   281800    0.537491
1481937486      1385   283185    0.540133
1481937487      1270   284455    0.542555
1481937488      1385   285840    0.545197
1481937489      1385   287225    0.547838
1481937490      1385   288610    0.55048
1481937491      1271   289881    0.552904
1481937492      1382   291263    0.55554
1481937493      1384   292647    0.55818
1481937494      1183   293830    0.560436
1481937495      1167   294997    0.562662
1481937496      1384   296381    0.565302
1481937497      1100   297517    0.567469
1481937498      1162   298679    0.569685
1481937499      1339   300018    0.572239
1481937500      1326   301344    0.574768
1481937501      1340   302684    0.577324
1481937502      1237   303921    0.579683
1481937503      1084   305021    0.581781
1481937504      1393   306414    0.584438
1481937505      1384   307798    0.587078
1481937506      1384   309182    0.589718
1481937507      1270   310452    0.59214
1481937508      1296   311748    0.594612
1481937509      1384   313132    0.597252
1481937510      1386   314518    0.599895
1481937511      1376   315894    0.60252
1481937512      1270   317164    0.604942
1481937513      1386   318550    0.607586
1481937514      1384   319934    0.610226
1481937515      1384   321318    0.612865
1481937516      1270   322588    0.615288
1481937517      1384   323972    0.617928
1481937518      1384   325356    0.620567
1481937519      1279   326731    0.62319
1481937520      1294   328073    0.62575
1481937521      1391   329464    0.628403
1481937522      1384   330848    0.631042
1481937523      1386   332234    0.633686
1481937524      1270   333504    0.636108
1481937525      1385   334889    0.63875
1481937526      1385   336274    0.641392
1481937527      1385   337659    0.644033
1481937528      1269   338928    0.646454
1481937529      1383   340311    0.649092
1481937530      1385   341696    0.651733
1481937531      1281   343081    0.654375
1481937532      1129   344210    0.656528
1481937533      1268   345495    0.658979
1481937534      1390   346885    0.661631
1481937535      1386   348271    0.664274
1481937536      1385   349656    0.666916
1481937537      1270   350926    0.669338
1481937538      1385   352311    0.67198
1481937539      1384   353695    0.67462
1481937540      1384   355079    0.677259
1481937541      1270   356349    0.679682
1481937542      1385   357734    0.682323
1481937543      1384   359118    0.684963
1481937544      1020   360138    0.686909
1481937545      1384   361522    0.689548
1481937546      1384   362906    0.692188
1481937547      1270   364176    0.694611
1481937548      1384   365560    0.69725
1481937549      1384   366944    0.69989
1481937551      1273   368277    0.702433
1481937552      1391   369668    0.705086
1481937553      1385   371053    0.707727
1481937554      1385   372438    0.710369
1481937555      1271   373709    0.712793
1481937556      1385   375094    0.715435
1481937557      1076   376170    0.717487
1481937558      1307   377477    0.71998
1481937559      1172   378649    0.722216
1481937560      1224   379873    0.72455
1481937561      1385   381258    0.727192
1481937562      1189   382483    0.729528
1481937563      1234   383717    0.731882
1481937564      1364   385081    0.734484
1481937565      1323   386404    0.737007
1481937566      1340   387744    0.739563
1481937567      1200   388944    0.741852
1481937568      1386   390330    0.744495
1481937569      1385   391715    0.747137
1481937570      1296   393011    0.749609
1481937571      1386   394397    0.752253
1481937572      1271   395668    0.754677
1481937573      1385   397053    0.757318
1481937574      1386   398439    0.759962
1481937575      1383   399822    0.7626
1481937576      1271   401093    0.765024
1481937577      1386   402479    0.767668
1481937578      1384   403863    0.770308
1481937579      1384   405247    0.772947
1481937580      1270   406517    0.77537
1481937581      1384   407901    0.778009
1481937582      1289   409190    0.780468
1481937583      1385   410575    0.78311
1481937584      1384   411959    0.785749
1481937585      1270   413229    0.788172
1481937586      1386   414615    0.790815
1481937587      1385   416000    0.793457
1481937588      1272   417327    0.795988
1481937589      1391   418718    0.798641
1481937590      1381   420099    0.801275
1481937591      1384   421483    0.803915
1481937592      1269   422752    0.806335
1481937593      1384   424136    0.808975
1481937594      1292   425428    0.81144
1481937595      1383   426811    0.814077
1481937596      1384   428195    0.816717
1481937597      1271   429466    0.819141
1481937598      1384   430850    0.821781
1481937599      1385   432235    0.824423
1481937600      1384   433619    0.827063
1481937601      1260   434879    0.829466
1481937602      1385   436264    0.832108
1481937603      1384   437648    0.834747
1481937604      1384   439032    0.837387
1481937605      1270   440302    0.839809
1481937606      1294   441596    0.842278
1481937607      1384   442980    0.844917
1481937608      1385   444365    0.847559
1481937609      1279   445739    0.85018
1481937610      1391   447130    0.852833
1481937611      1384   448514    0.855473
1481937612      1385   449899    0.858114
1481937613      1270   451169    0.860537
1481937614      1384   452553    0.863176
1481937615      1386   453939    0.86582
1481937616      1385   455324    0.868462
1481937617      1266   456590    0.870876
1481937618      1292   457882    0.873341
1481937619      1248   459130    0.875721
1481937620      1384   460514    0.878361
1481937621      1368   461882    0.88097
1481937622      1244   463126    0.883343
1481937623      1195   464321    0.885622
1481937624      1227   465548    0.887962
1481937625      1222   466770    0.890293
1481937626      1248   468018    0.892673
1481937627      1225   469243    0.89501
1481937628      1226   470469    0.897348
1481937629      1105   471737    0.899767
1481937630      1334   473071    0.902311
1481937631      1289   474360    0.90477
1481937632      1386   475746    0.907413
1481937633      1384   477130    0.910053
1481937634      1270   478439    0.91255
1481937635      1390   479829    0.915201
1481937636      1384   481213    0.917841
1481937637      1386   482599    0.920485
1481937638      1269   483868    0.922905
1481937639      1384   485252    0.925545
1481937640      1385   486637    0.928186
1481937641      1384   488021    0.930826
1481937642      1269   489290    0.933247
1481937643      1295   490585    0.935717
1481937644      1384   491969    0.938356
1481937645      1384   493353    0.940996
1481937646      1385   494738    0.943638
1481937647      1266   496004    0.946053
1481937648      1384   497388    0.948692
1481937649      1385   498773    0.951334
