1499859040      999   999    0
1499859041      999   1998    0
1499859042      1000   2998    0
1499859043      999   3997    0
1499859044      1000   4997    0
1499859045      999   5996    0
1499859046      1000   6996    0
1499859047      999   7995    0
1499859048      1000   8995    0
1499859049      999   9994    0
1499859050      1000   10994    0
1499859051      999   11993    0
1499859052      1000   12993    0
1499859053      1000   13993    0
1499859054      999   14992    0
1499859055      1000   15992    0
1499859056      999   16991    0
1499859057      1000   17991    0
1499859058      996   18987    0
1499859059      1000   19987    0
1499859060      999   20986    0
1499859061      1000   21986    0
1499859062      1000   22986    0
1499859063      999   23985    0
1499859064      1000   24985    0
1499859065      999   25984    0
1499859066      1000   26984    0
1499859067      999   27983    0
1499859068      1000   28983    0
1499859069      999   29982    0
1499859070      996   30978    0
1499859071      999   31977    0
1499859072      979   32956    0
1499859073      915   33871    0
1499859074      977   34848    0
1499859075      978   35826    0
1499859076      964   36790    0
1499859077      978   37768    0
1499859078      924   38692    0
1499859079      978   39670    0
1499859080      970   40640    0
1499859081      978   41618    0
1499859082      977   42595    0
1499859083      939   43534    0
1499859084      977   44511    0
1499859085      978   45489    0
1499859086      978   46467    0
1499859087      977   47444    0
1499859088      944   48388    0
1499859089      977   49365    0
1499859090      978   50343    0
1499859091      977   51320    0
1499859092      977   52297    0
1499859093      926   53223    0
1499859094      978   54201    0
1499859095      977   55178    0
1499859096      978   56156    0
1499859097      977   57133    0
1499859098      946   58079    0
1499859099      976   59055    0
1499859100      977   60032    0
1499859101      978   61010    0
1499859102      955   61965    0
1499859103      978   62943    0
1499859104      977   63920    0
1499859105      969   64889    0
1499859106      977   65866    0
1499859107      978   66844    0
1499859108      950   67794    0
1499859109      978   68772    0
1499859110      977   69749    0
1499859111      978   70727    0
1499859112      978   71705    0
1499859113      945   72650    0
1499859114      978   73628    0
1499859115      977   74605    0
1499859116      978   75583    0
1499859117      948   76534    0
1499859118      985   77519    0
1499859119      977   78496    0
1499859120      969   79465    0
1499859121      978   80443    0
1499859122      941   81384    0
1499859123      978   82362    0
1499859124      977   83339    0
1499859125      978   84317    0
1499859126      977   85294    0
1499859127      932   86226    0
1499859128      977   87203    0
1499859129      977   88180    0
1499859130      977   89157    0
1499859131      978   90135    0
1499859132      934   91069    0
1499859133      978   92047    0
1499859134      978   93025    0
1499859135      977   94002    0
1499859136      977   94979    0
1499859137      937   95916    0
1499859138      969   96885    0
1499859139      977   97862    0
1499859140      978   98840    0
1499859141      977   99817    0
1499859142      948   100765    0
1499859143      977   101742    0
1499859144      978   102720    0
1499859145      970   103690    0
1499859146      976   104666    0
1499859147      937   105603    0
1499859148      977   106580    0
1499859149      978   107558    0
1499859150      977   108535    0
1499859151      978   109513    0
1499859152      933   110446    0
1499859153      978   111424    0
1499859154      977   112401    0
1499859155      978   113379    0
1499859156      977   114356    0
1499859157      946   115302    0
1499859158      978   116280    0
1499859159      977   117257    0
1499859160      978   118235    0
1499859161      974   119209    0
1499859162      951   120160    0
1499859163      977   121137    0
1499859164      978   122115    0
1499859165      977   123092    0
1499859166      930   124035    0
1499859167      985   125020    0
1499859168      961   125981    0
1499859169      978   126959    0
1499859170      977   127936    0
1499859171      945   128881    0
1499859172      957   129838    0
1499859173      978   130816    0
1499859174      977   131793    0
1499859175      976   132769    0
1499859176      978   133747    0
1499859177      946   134693    0
1499859178      978   135671    0
1499859179      977   136648    0
1499859180      978   137626    0
1499859181      969   138595    0
1499859182      942   139537    0
1499859183      977   140514    0
1499859184      978   141492    0
1499859185      977   142469    0
1499859186      935   143431    0
1499859187      984   144415    0
1499859188      978   145393    0
1499859189      973   146366    0
1499859190      978   147344    0
1499859191      935   148279    0
1499859192      977   149256    0
1499859193      970   150226    0
1499859194      977   151203    0
1499859195      978   152181    0
1499859196      944   153125    0
1499859197      978   154103    0
1499859198      977   155080    0
1499859199      978   156058    0
1499859200      977   157035    0
1499859201      935   157970    0
1499859202      977   158947    0
1499859203      978   159925    0
1499859204      978   160903    0
1499859205      952   161855    0
1499859206      970   162825    0
1499859207      944   163769    0
1499859208      978   164747    0
1499859209      977   165724    0
1499859210      978   166702    0
1499859211      943   167645    0
1499859212      985   168630    0
1499859213      977   169607    0
1499859214      965   170572    0
1499859215      977   171549    0
1499859216      944   172493    0
1499859217      978   173471    0
1499859218      977   174448    0
1499859219      959   175407    0
1499859220      977   176384    0
1499859221      936   177320    0
1499859222      977   178297    0
1499859223      978   179275    0
1499859224      977   180252    0
1499859225      978   181230    0
1499859226      951   182181    0
1499859227      978   183159    0
1499859228      976   184135    0
1499859229      978   185113    0
1499859230      978   186091    0
1499859231      929   187020    0
1499859232      978   187998    0
1499859233      977   188975    0
1499859234      977   189952    0
1499859235      977   190929    0
1499859236      952   191881    0
1499859237      974   192855    0
1499859238      969   193824    0
1499859239      965   194789    0
1499859240      978   195767    0
1499859241      941   196708    0
1499859242      978   197686    0
1499859243      978   198664    0
1499859244      959   199623    0
1499859245      978   200601    0
1499859246      931   201532    0
1499859247      978   202510    0
1499859248      977   203487    0
1499859249      978   204465    0
1499859250      977   205442    0
1499859251      951   206393    0
1499859252      977   207370    0
1499859253      967   208337    0
1499859254      977   209314    0
1499859255      978   210292    0
1499859256      950   211242    0
1499859257      977   212219    0
1499859258      978   213197    0
1499859259      977   214174    0
1499859260      950   215146    0
1499859261      985   216131    0
1499859262      977   217108    0
1499859263      960   218068    0
1499859264      977   219045    0
1499859265      943   219988    0
1499859266      977   220965    0
1499859267      977   221942    0
1499859268      978   222920    0
1499859269      976   223896    0
1499859270      937   224833    0
1499859271      965   225798    0
1499859272      978   226776    0
1499859273      977   227753    0
1499859274      978   228731    0
1499859275      974   229705    0
1499859276      922   230627    0
1499859277      977   231604    0
1499859278      978   232582    0
1499859279      977   233559    0
1499859280      972   234531    0
1499859281      949   235480    0
1499859282      977   236457    0
1499859283      978   237435    0
1499859284      977   238412    0
1499859285      935   239360    0
1499859286      985   240345    0
1499859287      977   241322    0
1499859288      972   242294    0
1499859289      977   243271    0
1499859290      934   244205    0
1499859291      966   245171    0
1499859292      961   246132    0
1499859293      977   247109    0
1499859294      978   248087    0
1499859295      944   249031    0
1499859296      978   250009    0
1499859297      975   250984    0
1499859298      978   251962    0
1499859299      978   252940    0
1499859300      951   253891    0
1499859301      978   254869    0
1499859302      977   255846    0
1499859303      978   256824    0
1499859304      977   257801    0
1499859305      928   258756    0
1499859306      972   259728    0
1499859307      977   260705    0
1499859308      978   261683    0
1499859309      977   262660    0
1499859310      946   263606    0
1499859311      978   264584    0
1499859312      977   265561    0
1499859313      973   266534    0
1499859314      977   267511    0
1499859315      942   268453    0
1499859316      977   269430    0
1499859317      978   270408    0
1499859318      975   271383    0
1499859319      978   272361    0
1499859320      938   273299    0
1499859321      978   274277    0
1499859322      977   275254    0
1499859323      978   276232    0
1499859324      978   277210    0
1499859325      943   278153    0
1499859326      978   279131    0
1499859327      977   280108    0
1499859328      978   281086    0
1499859329      948   282043    0
1499859330      985   283028    0
1499859331      977   284005    0
1499859332      977   284982    0
1499859333      978   285960    0
1499859334      937   286897    0
1499859335      978   287875    0
1499859336      976   288851    0
1499859337      978   289829    0
1499859338      968   290797    0
1499859339      976   291773    0
1499859340      940   292713    0
1499859341      978   293691    0
1499859342      976   294667    0
1499859343      978   295645    0
1499859344      950   296621    0
1499859345      978   297599    0
1499859346      977   298576    0
1499859347      978   299554    0
1499859348      978   300532    0
1499859349      931   301463    0
1499859350      978   302441    0
1499859351      977   303418    0
1499859352      978   304396    0
1499859353      966   305362    0
1499859354      937   306299    0
1499859355      977   307276    0
1499859356      978   308254    0
1499859357      969   309223    0
1499859358      978   310201    0
1499859359      941   311142    0
1499859360      978   312120    0
1499859361      978   313098    0
1499859362      976   314074    0
1499859363      978   315052    0
1499859364      930   315982    0
1499859365      978   316960    0
1499859366      977   317937    0
1499859367      978   318915    0
1499859368      977   319892    0
1499859369      931   320823    0
1499859370      977   321800    0
1499859371      968   322768    0
1499859372      976   323744    0
1499859373      978   324722    0
1499859374      950   325672    0
1499859375      977   326649    0
1499859376      977   327626    0
1499859377      977   328603    0
1499859378      970   329573    0
1499859379      925   330498    0
1499859380      977   331475    0
1499859381      977   332452    0
1499859382      978   333430    0
1499859383      976   334406    0
1499859384      943   335349    0
1499859385      977   336326    0
1499859386      977   337303    0
1499859387      977   338280    0
1499859388      977   339257    0
1499859389      948   340205    0
1499859390      977   341182    0
1499859391      977   342159    0
1499859392      977   343136    0
1499859393      978   344114    0
1499859394      941   345055    0
1499859395      978   346033    0
1499859396      977   347010    0
1499859397      978   347988    0
1499859398      947   348940    0
1499859399      985   349925    0
1499859400      977   350902    0
1499859401      971   351873    0
1499859402      978   352851    0
1499859403      935   353786    0
1499859404      969   354755    0
1499859405      977   355732    0
1499859406      978   356710    0
1499859407      977   357687    0
1499859408      971   358658    0
1499859409      953   359611    0
1499859410      976   360587    0
1499859411      977   361564    0
1499859412      978   362542    0
1499859413      967   363509    0
1499859414      919   364428    0
1499859415      976   365404    0
1499859416      977   366381    0
1499859417      978   367359    0
1499859418      949   368336    0
1499859419      973   369309    0
1499859420      977   370286    0
1499859421      978   371264    0
1499859422      977   372241    0
1499859423      935   373176    0
1499859424      977   374153    0
1499859425      978   375131    0
1499859426      977   376108    0
1499859427      974   377082    0
1499859428      938   378020    0
1499859429      977   378997    0
1499859430      978   379975    0
1499859431      976   380951    0
1499859432      978   381929    0
1499859433      953   382882    0
1499859434      978   383860    0
1499859435      977   384837    0
1499859436      978   385815    0
1499859437      974   386789    0
1499859438      927   387732    0
1499859439      984   388716    0
1499859440      964   389680    0
1499859441      978   390658    0
1499859442      978   391636    0
1499859443      955   392591    0
1499859444      978   393569    0
1499859445      977   394546    0
1499859446      978   395524    0
1499859447      962   396486    0
1499859448      928   397414    0
1499859449      977   398391    0
1499859450      978   399369    0
