1487623731      998   999    0.0104799
1487623732      1000   1999    0.0209703
1487623733      999   2999    0.0314608
1487623734      948   3947    0.0414057
1487623735      770   4717    0.0494833
1487623736      634   5494    0.0576344
1487623737      776   6270    0.0657749
1487623738      793   7063    0.0740938
1487623739      565   7634    0.0800838
1487623740      650   8312    0.0871964
1487623741      798   9110    0.0955677
1487623742      793   9903    0.103887
1487623743      585   10488    0.110023
1487623744      778   11266    0.118185
1487623745      631   11897    0.124804
1487623746      788   12685    0.133071
1487623747      566   13270    0.139208
1487623748      796   14066    0.147558
1487623749      794   14860    0.155888
1487623750      573   15433    0.161899
1487623751      638   16088    0.16877
1487623752      802   16890    0.177183
1487623753      779   17669    0.185355
1487623754      584   18253    0.191482
1487623755      791   19044    0.19978
1487623756      654   19698    0.20664
1487623757      796   20494    0.214991
1487623758      568   21062    0.220949
1487623759      799   21861    0.229331
1487623760      785   22646    0.237566
1487623761      591   23237    0.243766
1487623762      658   23895    0.250669
1487623763      798   24693    0.25904
1487623765      637   25469    0.26718
1487623766      753   26222    0.27508
1487623767      629   26851    0.281678
1487623768      652   27503    0.288518
1487623769      655   28287    0.296742
1487623770      806   29093    0.305198
1487623771      216   29357    0.307967
1487623772      803   30160    0.316391
1487623773      766   30926    0.324427
1487623774      652   31578    0.331266
1487623775      554   32175    0.337529
1487623776      729   32904    0.345177
1487623777      729   33633    0.352824
1487623778      551   34315    0.359979
1487623779      640   34993    0.367091
1487623780      807   35800    0.375557
1487623781      778   36578    0.383718
1487623782      596   37174    0.389971
1487623783      779   37953    0.398143
1487623785      648   38738    0.406378
1487623786      655   39416    0.41349
1487623787      795   40211    0.42183
1487623788      792   41003    0.430139
1487623789      574   41577    0.43616
1487623790      797   42374    0.444521
1487623791      633   43007    0.451161
1487623792      768   43775    0.459218
1487623793      589   44374    0.465502
1487623794      803   45177    0.473926
1487623795      792   45969    0.482234
1487623796      580   46549    0.488318
1487623797      629   47192    0.495064
1487623798      792   47984    0.503372
1487623799      791   48775    0.51167
1487623800      583   49358    0.517786
1487623801      786   50144    0.526031
1487623802      240   50402    0.528738
1487623803      621   51080    0.535851
1487623804      800   51880    0.544243
1487623805      797   52677    0.552604
1487623806      587   53264    0.558762
1487623807      794   54058    0.567091
1487623808      641   54699    0.573815
1487623809      778   55477    0.581977
1487623810      589   56066    0.588156
1487623811      795   56861    0.596496
1487623812      651   57643    0.604699
1487623813      646   58321    0.611812
1487623814      792   59113    0.62012
1487623815      799   59912    0.628502
1487623816      569   60481    0.634471
1487623817      795   61276    0.642811
1487623818      776   62052    0.650951
1487623819      653   62705    0.657802
1487623820      596   63301    0.664054
1487623821      795   64096    0.672394
1487623822      656   64884    0.68066
1487623823      811   65695    0.689168
1487623824      655   66350    0.696039
1487623825      804   67154    0.704473
1487623826      587   67741    0.710631
1487623827      797   68538    0.718992
1487623828      649   69307    0.727059
1487623830      652   69985    0.734172
1487623831      809   70794    0.742659
1487623832      643   71590    0.751009
1487623833      809   72399    0.759496
1487623834      661   73195    0.767846
1487623835      658   73873    0.774959
1487623836      810   74683    0.783456
1487623838      501   75478    0.791796
1487623839      587   76065    0.797954
1487623840      640   76705    0.804667
1487623841      805   77510    0.813112
1487623842      464   77974    0.81798
1487623843      797   78771    0.826341
1487623844      587   79366    0.832582
1487623845      800   80166    0.840975
1487623846      790   80956    0.849262
1487623847      597   81553    0.855525
1487623848      653   82206    0.862375
1487623849      788   82994    0.870642
1487623850      794   83788    0.878971
1487623851      580   84368    0.885056
1487623852      797   85165    0.893416
1487623853      639   85804    0.90012
1487623854      800   86604    0.908512
1487623855      586   87190    0.91466
1487623856      797   87987    0.92302
1487623857      643   88747    0.930993
1487623858      658   89425    0.938106
1487623859      793   90218    0.946424
1487623860      796   91014    0.954775
1487623861      568   91582    0.960733
1487623862      793   92375    0.969052
1487623863      645   93170    0.977392
1487623864      637   93848    0.984505
1487623865      802   94650    0.992918
1487623866      789   95439    1.00119
1487623867      572   96011    1.0072
1487623868      795   96806    1.01554
1487623870      231   97201    1.01968
1487623871      799   98000    1.02806
1487623872      787   98787    1.03632
1487623873      570   99357    1.0423
1487623874      794   100151    1.05063
1487623875      786   100937    1.05887
1487623876      564   101501    1.06479
1487623877      605   102159    1.07169
1487623878      787   102946    1.07995
1487623879      794   103740    1.08828
1487623880      551   104299    1.09414
1487623881      665   104977    1.10125
1487623882      805   105782    1.1097
1487623883      793   106575    1.11802
1487623884      568   107143    1.12397
1487623885      778   107921    1.13214
1487623886      796   108717    1.14049
1487623887      395   109112    1.14463
1487623888      640   109752    1.15134
1487623889      631   110470    1.15888
1487623890      811   111281    1.16738
1487623891      786   112067    1.17563
1487623892      599   112666    1.18191
1487623893      659   113325    1.18883
1487623894      797   114122    1.19719
1487623895      659   114893    1.20528
1487623896      809   115702    1.21376
1487623897      665   116498    1.22211
1487623898      664   117176    1.22923
1487623899      806   117982    1.23768
1487623901      653   118781    1.24606
1487623902      809   119590    1.25455
1487623903      657   120386    1.2629
1487623904      654   121064    1.27001
1487623905      809   121873    1.2785
1487623906      780   122653    1.28668
1487623907      595   123248    1.29292
1487623908      776   124024    1.30106
1487623909      647   124671    1.30785
1487623910      798   125469    1.31622
1487623911      181   125650    1.31812
1487623912      671   126321    1.32516
1487623913      647   127092    1.33325
1487623914      804   127896    1.34168
1487623915      652   128548    1.34852
1487623916      794   129342    1.35685
1487623917      598   129940    1.36312
1487623918      791   130731    1.37142
1487623919      653   131515    1.37965
1487623920      641   132193    1.38676
1487623921      790   132983    1.39505
1487623922      796   133779    1.4034
1487623923      576   134355    1.40944
1487623924      796   135151    1.41779
1487623926      643   135938    1.42605
1487623927      663   136616    1.43316
1487623928      803   137419    1.44158
1487623929      796   138215    1.44993
1487623930      591   138806    1.45613
1487623931      786   139592    1.46438
1487623932      635   140227    1.47104
1487623933      790   141017    1.47933
1487623934      582   141599    1.48543
1487623935      793   142392    1.49375
1487623936      649   143179    1.50201
1487623937      660   143857    1.50912
1487623938      806   144663    1.51758
1487623939      788   145451    1.52584
1487623940      589   146040    1.53202
1487623941      785   146825    1.54026
1487623942      551   147602    1.54841
1487623943      224   147826    1.55076
1487623944      768   148594    1.55881
1487623945      641   149350    1.56674
1487623946      796   150146    1.57509
1487623947      797   150943    1.58346
1487623948      587   151530    1.58961
1487623949      645   152175    1.59638
1487623950      802   152977    1.60479
1487623952      661   153773    1.61314
1487623953      805   154578    1.62159
1487623954      797   155375    1.62995
1487623955      638   156013    1.63664
1487623956      584   156597    1.64277
1487623957      780   157377    1.65095
1487623958      800   158177    1.65934
1487623959      575   158752    1.66537
1487623960      503   159409    1.67227
1487623961      802   160211    1.68068
1487623962      639   160850    1.68738
1487623963      622   161549    1.69472
1487623964      807   162356    1.70318
1487623965      792   163148    1.71149
1487623966      643   163791    1.71824
1487623967      569   164367    1.72428
1487623968      799   165166    1.73266
1487623969      735   165901    1.74037
1487623970      593   166507    1.74673
1487623971      649   167185    1.75384
1487623972      797   167982    1.7622
1487623973      725   168707    1.76981
1487623974      475   169325    1.77629
1487623975      690   170015    1.78353
1487623976      779   170794    1.7917
1487623977      626   171420    1.79827
1487623979      632   172143    1.80585
1487623980      798   172941    1.81422
1487623981      795   173736    1.82256
1487623982      561   174297    1.82845
1487623983      647   174961    1.83541
1487623984      785   175746    1.84365
1487623985      795   176541    1.85199
1487623986      577   177118    1.85804
1487623987      798   177916    1.86641
1487623988      651   178706    1.8747
1487623989      658   179384    1.88181
1487623990      801   180185    1.89022
1487623991      794   180979    1.89855
1487623992      595   181574    1.90479
1487623993      801   182375    1.91319
1487623994      642   183017    1.91992
1487623995      655   183807    1.92821
1487623996      798   184605    1.93658
1487623997      798   185403    1.94495
1487623998      602   186005    1.95127
1487623999      613   186625    1.95777
1487624000      805   187430    1.96622
1487624001      786   188216    1.97446
1487624002      598   188814    1.98074
1487624003      779   189593    1.98891
1487624004      655   190370    1.99706
1487624005      649   191048    2.00417
1487624006      737   191785    2.0119
1487624007      769   192554    2.01997
1487624009      528   193188    2.02662
1487624010      802   193990    2.03504
1487624011      362   194352    2.03883
1487624012      622   194974    2.04536
1487624013      789   195763    2.05364
1487624014      645   196541    2.0618
1487624015      798   197339    2.07017
1487624016      773   198112    2.07828
1487624017      640   198752    2.08499
1487624018      595   199359    2.09136
1487624019      804   200163    2.09979
1487624020      795   200958    2.10813
1487624021      588   201546    2.1143
1487624022      623   202177    2.12092
1487624023      797   202974    2.12928
1487624024      788   203762    2.13755
1487624025      592   204354    2.14376
1487624026      799   205153    2.15214
1487624027      643   205922    2.16021
1487624028      646   206600    2.16732
1487624029      797   207397    2.17568
1487624030      795   208192    2.18402
1487624031      578   208770    2.19008
1487624032      793   209563    2.1984
1487624033      630   210193    2.20501
1487624034      795   210988    2.21335
1487624035      565   211558    2.21933
1487624036      803   212361    2.22776
1487624037      792   213153    2.23606
1487624038      549   213702    2.24182
1487624039      654   214376    2.24889
1487624040      803   215179    2.25732
1487624041      778   215957    2.26548
1487624042      458   216516    2.27134
1487624043      793   217309    2.27966
1487624044      630   217939    2.28627
1487624045      789   218728    2.29455
1487624046      581   219334    2.30091
1487624047      799   220133    2.30929
1487624048      786   220919    2.31753
1487624049      554   221474    2.32335
1487624050      641   222152    2.33047
1487624051      794   222946    2.3388
1487624052      784   223730    2.34702
1487624053      584   224314    2.35315
1487624054      797   225111    2.36151
1487624055      615   225726    2.36796
1487624056      794   226520    2.37629
1487624057      586   227110    2.38248
1487624058      803   227913    2.3909
1487624059      788   228701    2.39917
1487624060      587   229288    2.40533
1487624061      654   229942    2.41219
1487624062      793   230735    2.42051
1487624064      659   231533    2.42888
1487624065      805   232338    2.43732
1487624066      658   233138    2.44571
1487624067      648   233816    2.45283
1487624068      760   234576    2.4608
1487624069      763   235339    2.4688
1487624070      607   235956    2.47528
1487624071      798   236754    2.48365
1487624072      641   237395    2.49037
1487624073      796   238191    2.49872
1487624074      560   238774    2.50484
1487624075      804   239578    2.51327
1487624076      757   240335    2.52121
1487624077      572   240914    2.52729
1487624078      123   241057    2.52879
1487624079      805   241862    2.53723
1487624080      781   242643    2.54543
1487624081      535   243197    2.55124
1487624082      790   243987    2.55953
1487624083      794   244781    2.56785
1487624084      646   245427    2.57463
1487624085      580   246015    2.5808
1487624086      800   246815    2.58919
1487624087      795   247610    2.59753
1487624088      587   248197    2.60369
1487624089      630   248833    2.61036
1487624090      795   249628    2.6187
