1482052202      1498   1498    0.00285721
1482052203      1499   2997    0.00571632
1482052204      1500   4497    0.00857735
1482052205      1499   5996    0.0114365
1482052206      1499   7495    0.0142956
1482052207      1500   8995    0.0171566
1482052208      1499   10494    0.0200157
1482052209      1499   11993    0.0228748
1482052210      1500   13493    0.0257359
1482052211      1499   14992    0.028595
1482052212      1463   16455    0.0313854
1482052213      1382   17837    0.0340214
1482052214      1384   19221    0.0366611
1482052215      1384   20605    0.0393009
1482052216      1271   21876    0.0417252
1482052217      1384   23260    0.0443649
1482052218      1384   24644    0.0470047
1482052219      1279   26014    0.0496178
1482052220      1391   27405    0.0522709
1482052221      1386   28791    0.0549145
1482052222      1385   30176    0.0575562
1482052223      1271   31447    0.0599804
1482052224      1279   32731    0.0624294
1482052225      1392   34123    0.0650845
1482052226      1386   35509    0.067728
1482052227      1385   36894    0.0703697
1482052228      1264   38158    0.0727806
1482052229      1386   39544    0.0754242
1482052230      1384   40928    0.078064
1482052231      1384   42312    0.0807037
1482052232      1271   43583    0.083128
1482052233      1384   44967    0.0857677
1482052234      1385   46352    0.0884094
1482052235      1385   47737    0.0910511
1482052236      1270   49007    0.0934734
1482052237      1291   50298    0.0959358
1482052238      1386   51684    0.0985794
1482052239      1383   53067    0.101217
1482052240      1385   54452    0.103859
1482052241      1270   55722    0.106281
1482052242      1385   57107    0.108923
1482052243      1385   58492    0.111565
1482052244      1273   59816    0.11409
1482052245      1392   61208    0.116745
1482052246      1384   62592    0.119385
1482052247      1384   63976    0.122025
1482052248      1263   65239    0.124434
1482052250      1285   66533    0.126902
1482052251      1391   67924    0.129555
1482052252      1384   69308    0.132195
1482052253      1380   70688    0.134827
1482052254      1273   71961    0.137255
1482052255      1386   73347    0.139898
1482052256      1386   74733    0.142542
1482052256      1385   76118    0.145184
1482052258      1131   77253    0.147348
1482052259      1391   78644    0.150002
1482052260      1385   80029    0.152643
1482052261      1385   81414    0.155285
1482052262      1289   82703    0.157743
1482052263      1158   83970    0.16016
1482052264      1324   85294    0.162685
1482052265      1227   86521    0.165026
1482052266      1320   87841    0.167543
1482052267      1248   89089    0.169924
1482052268      1225   90314    0.17226
1482052269      1222   91536    0.174591
1482052270      1385   92921    0.177233
1482052271      1386   94307    0.179876
1482052272      1385   95692    0.182518
1482052273      1271   96963    0.184942
1482052274      1292   98255    0.187407
1482052275      1385   99640    0.190048
1482052276      1385   101025    0.19269
1482052277      1386   102411    0.195333
1482052278      1269   103680    0.197754
1482052279      1384   105064    0.200394
1482052280      1385   106449    0.203035
1482052281      1386   107835    0.205679
1482052282      1271   109106    0.208103
1482052283      1378   110484    0.210732
1482052284      1385   111869    0.213373
1482052285      1276   113199    0.21591
1482052286      1301   114556    0.218498
1482052287      1394   115950    0.221157
1482052288      1385   117335    0.223799
1482052289      1386   118721    0.226442
1482052290      1272   119993    0.228868
1482052291      1385   121378    0.23151
1482052292      1385   122763    0.234152
1482052293      1386   124149    0.236795
1482052294      1273   125422    0.239223
1482052295      1385   126807    0.241865
1482052296      1386   128193    0.244509
1482052297      1280   129564    0.247124
1482052298      1200   130921    0.249712
1482052299      1391   132312    0.252365
1482052300      1386   133698    0.255009
1482052301      1385   135083    0.25765
1482052302      1270   136353    0.260073
1482052303      1385   137738    0.262714
1482052304      1385   139123    0.265356
1482052305      1385   140508    0.267998
1482052306      1266   141774    0.270412
1482052307      1384   143158    0.273052
1482052308      1384   144542    0.275692
1482052309      1385   145927    0.278334
1482052310      1270   147197    0.280756
1482052311      1076   148358    0.28297
1482052312      1393   149751    0.285627
1482052313      1384   151135    0.288267
1482052314      1385   152520    0.290909
1482052315      1226   153746    0.293247
1482052316      1384   155130    0.295887
1482052317      1385   156515    0.298529
1482052318      1386   157901    0.301172
1482052319      1270   159171    0.303595
1482052320      1385   160556    0.306236
1482052321      1383   161939    0.308874
1482052322      1385   163324    0.311516
1482052323      1041   164365    0.313501
1482052324      1382   165747    0.316137
1482052325      1107   166867    0.318274
1482052326      1222   168089    0.320604
1482052327      1378   169467    0.323233
1482052328      1384   170851    0.325872
1482052329      1276   172127    0.328306
1482052330      1240   173367    0.330671
1482052331      1305   174672    0.33316
1482052332      1384   176056    0.3358
1482052333      1386   177442    0.338444
1482052334      1215   178659    0.340765
1482052335      1115   180016    0.343353
1482052336      1391   181407    0.346006
1482052337      1385   182792    0.348648
1482052338      1384   184176    0.351288
1482052339      1272   185448    0.353714
1482052340      1384   186832    0.356354
1482052341      1385   188217    0.358995
1482052342      1384   189601    0.361635
1482052343      1270   190871    0.364058
1482052344      1385   192256    0.366699
1482052345      1386   193642    0.369343
1482052346      1281   195024    0.371979
1482052347      1113   196381    0.374567
1482052348      1392   197773    0.377222
1482052349      1385   199158    0.379864
1482052350      1385   200543    0.382505
1482052351      1271   201814    0.38493
1482052352      1386   203200    0.387573
1482052353      1385   204585    0.390215
1482052354      1384   205969    0.392855
1482052355      1270   207239    0.395277
1482052356      1385   208624    0.397919
1482052357      1384   210008    0.400558
1482052359      1280   211389    0.403193
1482052360      1135   212746    0.405781
1482052361      1391   214137    0.408434
1482052362      1385   215522    0.411076
1482052363      1384   216906    0.413715
1482052364      1271   218177    0.41614
1482052365      1378   219555    0.418768
1482052366      1385   220940    0.42141
1482052367      1385   222325    0.424051
1482052368      1266   223591    0.426466
1482052369      1378   224969    0.429094
1482052370      1384   226353    0.431734
1482052371      1385   227738    0.434376
1482052372      1269   229007    0.436796
1482052373      1291   230298    0.439259
1482052374      1385   231683    0.4419
1482052375      1384   233067    0.44454
1482052376      1384   234451    0.44718
1482052377      1271   235722    0.449604
1482052378      1385   237107    0.452246
1482052379      1337   238444    0.454796
1482052380      1386   239830    0.457439
1482052381      1269   241099    0.45986
1482052382      1385   242484    0.462502
1482052383      1227   243711    0.464842
1482052384      1382   245093    0.467478
1482052385      1289   246382    0.469936
1482052386      1220   247620    0.472298
1482052387      1371   248991    0.474913
1482052388      1159   250150    0.477123
1482052389      1341   251491    0.479681
1482052390      1227   252718    0.482021
1482052391      1293   254011    0.484488
1482052392      1105   255124    0.48661
1482052393      1286   256410    0.489063
1482052394      1339   257749    0.491617
1482052395      1385   259134    0.494259
1482052396      1276   260484    0.496834
1482052397      1300   261841    0.499422
1482052398      1393   263234    0.502079
1482052399      1384   264618    0.504719
1482052400      1384   266002    0.507359
1482052401      1271   267273    0.509783
1482052402      1385   268658    0.512424
1482052403      1384   270042    0.515064
1482052404      1386   271428    0.517708
1482052405      1269   272697    0.520128
1482052406      1384   274081    0.522768
1482052407      1385   275466    0.52541
1482052408      1281   276849    0.528048
1482052409      1300   278206    0.530636
1482052410      1392   279598    0.533291
1482052411      1385   280983    0.535933
1482052412      1385   282368    0.538574
1482052413      1271   283639    0.540998
1482052414      1385   285024    0.54364
1482052415      1384   286408    0.54628
1482052416      1385   287793    0.548922
1482052417      1269   289062    0.551342
1482052418      1384   290446    0.553982
1482052419      1386   291832    0.556625
1482052420      1280   293214    0.559261
1482052421      1282   294571    0.56185
1482052422      1372   295943    0.564466
1482052423      1331   297274    0.567005
1482052424      1314   298588    0.569511
1482052425      1315   299903    0.57202
1482052426      1256   301159    0.574415
1482052427      1385   302544    0.577057
1482052428      1384   303928    0.579697
1482052429      1279   305291    0.582296
1482052430      1393   306684    0.584953
1482052431      1384   308068    0.587593
1482052432      1385   309453    0.590235
1482052433      1271   310724    0.592659
1482052434      1277   312008    0.595108
1482052435      1393   313401    0.597765
1482052436      1385   314786    0.600407
1482052437      1377   316163    0.603033
1482052438      1272   317435    0.605459
1482052439      1385   318820    0.608101
1482052440      1384   320204    0.610741
1482052441      1385   321589    0.613382
1482052442      1271   322860    0.615807
1482052443      1384   324244    0.618446
1482052444      1386   325630    0.62109
1482052445      1282   327016    0.623734
1482052446      1283   328373    0.626322
1482052447      1383   329756    0.62896
1482052448      1243   330999    0.63133
1482052449      1385   332384    0.633972
1482052450      1277   333733    0.636545
1482052451      1232   334965    0.638895
1482052452      1226   336191    0.641233
1482052453      1298   337489    0.643709
1482052454      1320   338809    0.646227
1482052455      1248   340057    0.648607
1482052456      1114   341237    0.650858
1482052457      1393   342630    0.653515
1482052458      1290   343920    0.655975
1482052459      1385   345305    0.658617
1482052460      1386   346691    0.661261
1482052461      1263   347954    0.66367
1482052462      1392   349346    0.666325
1482052463      1385   350731    0.668966
1482052464      1380   352111    0.671598
1482052465      1271   353382    0.674023
1482052466      1384   354766    0.676662
1482052467      1385   356151    0.679304
1482052468      1387   357538    0.68195
1482052469      1271   358809    0.684374
1482052470      1290   360099    0.686834
1482052471      1387   361486    0.68948
1482052472      1386   362872    0.692123
1482052473      1386   364258    0.694767
1482052474      1273   365531    0.697195
1482052475      1385   366916    0.699837
1482052476      1386   368302    0.70248
1482052477      1281   369679    0.705107
1482052478      1392   371071    0.707762
1482052479      1384   372455    0.710402
1482052480      1385   373840    0.713043
1482052481      1271   375111    0.715467
1482052482      1284   376396    0.717918
1482052483      1392   377788    0.720573
1482052484      1385   379173    0.723215
1482052485      1385   380558    0.725857
1482052486      1269   381827    0.728277
1482052487      1385   383212    0.730919
1482052488      1384   384596    0.733559
1482052489      1384   385980    0.736198
1482052490      1270   387250    0.738621
1482052491      1385   388635    0.741262
1482052492      1387   390022    0.743908
1482052494      1281   391404    0.746544
1482052495      1113   392761    0.749132
1482052496      1393   394154    0.751789
1482052497      1387   395541    0.754435
1482052498      1334   396875    0.756979
1482052499      1271   398146    0.759403
1482052500      1385   399531    0.762045
1482052501      1385   400916    0.764687
1482052502      1385   402301    0.767328
1482052503      1270   403571    0.769751
1482052504      1385   404956    0.772392
1482052505      1381   406337    0.775026
1482052506      1386   407723    0.77767
1482052507      1270   408993    0.780092
1482052508      1143   410136    0.782272
1482052509      1271   411407    0.784697
1482052510      1385   412792    0.787338
1482052511      1385   414177    0.78998
1482052512      1281   415558    0.792614
1482052513      1272   416830    0.79504
1482052514      1234   418064    0.797394
1482052515      1171   419235    0.799627
1482052516      1224   420459    0.801962
1482052517      1287   421746    0.804417
1482052518      1229   422975    0.806761
1482052519      1119   424134    0.808971
1482052520      1348   425482    0.811543
1482052521      1291   426773    0.814005
1482052522      1385   428158    0.816647
1482052523      1386   429544    0.81929
1482052524      1272   430851    0.821783
1482052525      1393   432244    0.82444
1482052526      1385   433629    0.827082
1482052527      1386   435015    0.829725
1482052528      1273   436288    0.832153
1482052529      1384   437672    0.834793
1482052530      1385   439057    0.837435
1482052531      1386   440443    0.840078
1482052532      1269   441712    0.842499
1482052533      1208   442928    0.844818
1482052534      1393   444321    0.847475
1482052535      1386   445707    0.850119
1482052536      1385   447092    0.85276
1482052537      1273   448365    0.855188
1482052538      1386   449751    0.857832
1482052539      1385   451136    0.860474
1482052540      1386   452522    0.863117
1482052541      1268   453790    0.865536
1482052542      1385   455175    0.868177
1482052543      1385   456560    0.870819
1482052544      1280   457936    0.873444
1482052545      1149   459085    0.875635
1482052546      1266   460365    0.878077
1482052547      1392   461757    0.880732
1482052548      1384   463141    0.883371
1482052549      1385   464526    0.886013
1482052550      1270   465796    0.888435
1482052551      1385   467181    0.891077
1482052552      1385   468566    0.893719
1482052553      1384   469950    0.896358
1482052554      1268   471218    0.898777
1482052555      1337   472555    0.901327
1482052556      1386   473941    0.903971
1482052557      1118   475059    0.906103
1482052558      1385   476444    0.908745
1482052559      1279   477802    0.911335
1482052560      1393   479195    0.913992
1482052561      1386   480581    0.916636
1482052562      1387   481968    0.919281
1482052563      1272   483240    0.921707
1482052564      1386   484626    0.924351
1482052565      1386   486012    0.926994
1482052566      1386   487398    0.929638
1482052567      1271   488669    0.932062
1482052568      1386   490055    0.934706
1482052569      1292   491347    0.93717
1482052570      1386   492733    0.939814
1482052571      1350   494083    0.942389
1482052572      1272   495355    0.944815
1482052573      1385   496740    0.947456
1482052574      1385   498125    0.950098
1482052575      1337   499462    0.952648
