1483988013      1422   1422    0.00271225
1483988014      1500   2922    0.00557327
1483988015      1499   4421    0.00843239
1483988016      1499   5920    0.0112915
1483988017      1499   7420    0.0141525
1483988018      1499   8920    0.0170135
1483988019      1499   10420    0.0198746
1483988020      1499   11920    0.0227356
1483988021      1500   13420    0.0255966
1483988022      1215   14635    0.027914
1483988023      1325   15960    0.0304413
1483988024      1330   17290    0.0329781
1483988025      1344   18634    0.0355415
1483988026      1219   19963    0.0380764
1483988027      1312   21275    0.0405788
1483988028      1340   22615    0.0431347
1483988029      1351   23966    0.0457115
1483988030      1283   25249    0.0481586
1483988031      1195   26444    0.0504379
1483988032      1225   27669    0.0527744
1483988033      1323   28992    0.0552979
1483988035      1210   30277    0.0577488
1483988036      1360   31637    0.0603428
1483988037      1345   32982    0.0629082
1483988038      1354   34336    0.0654907
1483988039      1212   35637    0.0679722
1483988040      1344   36981    0.0705357
1483988041      1347   38328    0.0731049
1483988042      1337   39665    0.075655
1483988043      953   40618    0.0774727
1483988044      1349   41967    0.0800457
1483988045      1349   43316    0.0826187
1483988046      1342   44658    0.0851784
1483988047      1213   45951    0.0876446
1483988048      678   47023    0.0896893
1483988049      1316   48339    0.0921993
1483988050      1316   49655    0.0947094
1483988051      1357   51012    0.0972977
1483988052      1342   52354    0.0998573
1483988053      1199   53553    0.102144
1483988054      1227   54780    0.104485
1483988055      1348   56128    0.107056
1483988056      1196   57337    0.109362
1483988057      1359   58696    0.111954
1483988058      1342   60038    0.114513
1483988059      1345   61383    0.117079
1483988060      1214   62697    0.119585
1483988061      1326   64023    0.122114
1483988062      1349   65372    0.124687
1483988063      1321   66693    0.127207
1483988064      1083   67776    0.129272
1483988065      1346   69122    0.13184
1483988066      1311   70433    0.13434
1483988067      1351   71784    0.136917
1483988068      1181   73011    0.139257
1483988069      1349   74360    0.14183
1483988070      1346   75706    0.144398
1483988071      1337   77043    0.146948
1483988072      1207   78371    0.149481
1483988073      1352   79723    0.15206
1483988074      1339   81062    0.154613
1483988075      1188   82250    0.156879
1483988076      1201   83451    0.15917
1483988077      1326   84777    0.161699
1483988078      1341   86118    0.164257
1483988079      1351   87469    0.166834
1483988080      1175   88685    0.169153
1483988081      1350   90035    0.171728
1483988082      1331   91366    0.174267
1483988083      1346   92712    0.176834
1483988085      1202   94045    0.179377
1483988086      1233   95278    0.181728
1483988087      1343   96621    0.18429
1483988088      1199   97927    0.186781
1483988089      1345   99272    0.189346
1483988090      1343   100615    0.191908
1483988091      1335   101950    0.194454
1483988092      1202   103287    0.197004
1483988093      1351   104638    0.199581
1483988094      1337   105975    0.202131
1483988095      1342   107317    0.204691
1483988096      1052   108369    0.206697
1483988097      1338   109707    0.209249
1483988098      1338   111045    0.211802
1483988099      1345   112390    0.214367
1483988100      1166   113601    0.216677
1483988101      1344   114945    0.21924
1483988102      1307   116252    0.221733
1483988103      1344   117596    0.224297
1483988104      1339   118935    0.226851
1483988105      1009   120033    0.228945
1483988106      1342   121375    0.231504
1483988107      1046   122421    0.2335
1483988108      1347   123768    0.236069
1483988109      1183   124987    0.238394
1483988110      1346   126333    0.240961
1483988111      1352   127685    0.24354
1483988112      1344   129029    0.246103
1483988113      1202   130347    0.248617
1483988114      923   131419    0.250662
1483988115      1355   132774    0.253246
1483988116      1316   134090    0.255756
1483988117      983   135301    0.258066
1483988118      1349   136650    0.260639
1483988119      1351   138001    0.263216
1483988120      1314   139315    0.265722
1483988122      1207   140661    0.26829
1483988123      1361   142022    0.270885
1483988124      1330   143352    0.273422
1483988125      1342   144694    0.275982
1483988126      1205   146021    0.278513
1483988127      1326   147347    0.281042
1483988128      1346   148693    0.283609
1483988129      1029   149722    0.285572
1483988130      1198   150975    0.287962
1483988131      1356   152331    0.290548
1483988132      1345   153676    0.293114
1483988133      1332   155008    0.295654
1483988134      1199   156335    0.298185
1483988135      1356   157691    0.300772
1483988136      1344   159035    0.303335
1483988137      1350   160385    0.30591
1483988138      1197   161695    0.308409
1483988139      1136   162831    0.310575
1483988140      1340   164171    0.313131
1483988141      1346   165517    0.315699
1483988142      1181   166698    0.317951
1483988143      1318   168016    0.320465
1483988144      1349   169365    0.323038
1483988145      1317   170682    0.32555
1483988146      1195   172009    0.328081
1483988147      1354   173363    0.330664
1483988148      1336   174699    0.333212
1483988149      979   175891    0.335485
1483988150      1355   177246    0.33807
1483988151      1311   178557    0.34057
1483988152      1351   179908    0.343147
1483988153      1339   181247    0.345701
1483988154      1165   182412    0.347923
1483988155      1329   183741    0.350458
1483988156      1340   185081    0.353014
1483988157      1321   186402    0.355534
1483988158      1186   187683    0.357977
1483988159      1180   188863    0.360228
1483988160      1026   189889    0.362185
1483988161      1282   191171    0.36463
1483988162      1302   192473    0.367113
1483988163      1081   193709    0.369471
1483988164      1157   194866    0.371677
1483988165      1227   196093    0.374018
1483988166      1196   197289    0.376299
1483988167      1224   198513    0.378633
1483988168      1343   199856    0.381195
1483988169      1329   201185    0.38373
1483988170      1162   202347    0.385946
1483988171      1223   203570    0.388279
1483988172      1336   204906    0.390827
1483988173      1174   206167    0.393232
1483988174      1352   207519    0.395811
1483988175      1330   208849    0.398348
1483988176      1344   210193    0.400911
1483988178      1209   211527    0.403456
1483988179      1338   212865    0.406008
1483988180      1343   214208    0.408569
1483988181      1350   215558    0.411144
1483988182      892   216481    0.412905
1483988183      1353   217834    0.415485
1483988184      1351   219185    0.418062
1483988185      1321   220506    0.420582
1483988186      1210   221841    0.423128
1483988187      1346   223187    0.425695
1483988188      1351   224538    0.428272
1483988189      1345   225883    0.430838
1483988190      1203   227201    0.433352
1483988191      1348   228549    0.435923
1483988192      1328   229877    0.438456
1483988193      1092   231083    0.440756
1483988194      1346   232429    0.443323
1483988195      1345   233774    0.445889
1483988196      1338   235112    0.448441
1483988197      1204   236443    0.450979
1483988198      1350   237793    0.453554
1483988199      1350   239143    0.456129
1483988200      1319   240462    0.458645
1483988201      1209   241803    0.461203
1483988202      1353   243156    0.463783
1483988203      1135   244291    0.465948
1483988204      1346   245637    0.468515
1483988205      1202   246839    0.470808
1483988206      1344   248183    0.473372
1483988207      1333   249516    0.475914
1483988208      1343   250859    0.478476
1483988209      1169   252117    0.480875
1483988210      1352   253469    0.483454
1483988211      1345   254814    0.486019
1483988212      1340   256154    0.488575
1483988213      1069   257223    0.490614
1483988214      1349   258572    0.493187
1483988215      1340   259912    0.495743
1483988216      1345   261257    0.498308
1483988217      1093   262431    0.500547
1483988218      1358   263789    0.503138
1483988219      1173   264962    0.505375
1483988220      1212   266174    0.507687
1483988221      1344   267518    0.51025
1483988222      1298   268816    0.512726
1483988223      1189   270005    0.514994
1483988224      1221   271226    0.517323
1483988225      1350   272576    0.519897
1483988226      1194   273817    0.522264
1483988227      1351   275168    0.524841
1483988228      1298   276466    0.527317
1483988229      1351   277817    0.529894
1483988230      1346   279163    0.532461
1483988231      1195   280358    0.53474
1483988232      1350   281708    0.537315
1483988233      1341   283049    0.539873
1483988234      1068   284131    0.541937
1483988235      1357   285488    0.544525
1483988236      1340   286828    0.547081
1483988237      1346   288174    0.549648
1483988238      1206   289491    0.55216
1483988239      1357   290848    0.554749
1483988240      1349   292197    0.557322
1483988241      1208   293405    0.559626
1483988242      1350   294755    0.562201
1483988243      1178   295933    0.564447
1483988244      1351   297284    0.567024
1483988245      1225   298509    0.569361
1483988246      1210   299805    0.571833
1483988247      1359   301164    0.574425
1483988248      1345   302509    0.57699
1483988249      1350   303859    0.579565
1483988251      1209   305165    0.582056
1483988252      1349   306514    0.584629
1483988253      1350   307864    0.587204
1483988254      1348   309212    0.589775
1483988255      1201   310525    0.592279
1483988256      1230   311755    0.594625
1483988257      1350   313105    0.5972
1483988258      1212   314407    0.599684
1483988259      1353   315760    0.602264
1483988260      1351   317111    0.604841
1483988261      1340   318451    0.607397
1483988262      1213   319767    0.609907
1483988263      1349   321116    0.61248
1483988264      1349   322465    0.615053
1483988265      1341   323806    0.617611
1483988266      1070   324876    0.619652
1483988267      1350   326226    0.622227
1483988268      1342   327568    0.624786
1483988269      1347   328915    0.627356
1483988270      1193   330108    0.629631
1483988271      1348   331456    0.632202
1483988272      1352   332808    0.634781
1483988273      1345   334153    0.637346
1483988274      1195   335441    0.639803
1483988275      1350   336791    0.642378
1483988276      1353   338144    0.644958
1483988277      1088   339232    0.647034
1483988278      1129   340395    0.649252
1483988279      1183   341578    0.651508
1483988280      1343   342921    0.65407
1483988281      1163   344084    0.656288
1483988282      1243   345327    0.658659
1483988283      1236   346563    0.661016
1483988284      1184   347747    0.663275
1483988285      1176   348923    0.665518
1483988286      1198   350121    0.667803
1483988287      1351   351472    0.67038
1483988288      1224   352696    0.672714
1483988289      1196   353925    0.675058
1483988290      1358   355283    0.677649
1483988291      1340   356623    0.680204
1483988292      1349   357972    0.682777
1483988293      1212   359285    0.685282
1483988294      1354   360639    0.687864
1483988295      1352   361991    0.690443
1483988296      1343   363334    0.693005
1483988297      1211   364645    0.695505
1483988298      1234   365879    0.697859
1483988299      1349   367228    0.700432
1483988300      1211   368527    0.702909
1483988301      1358   369885    0.7055
1483988302      1344   371229    0.708063
1483988303      1348   372577    0.710634
1483988304      1217   373887    0.713133
1483988305      1364   375251    0.715734
1483988306      1343   376594    0.718296
1483988307      1343   377937    0.720858
1483988308      1078   379015    0.722914
1483988309      1352   380367    0.725492
1483988310      1337   381704    0.728043
1483988311      1349   383053    0.730616
1483988312      1197   384250    0.732899
1483988313      1343   385593    0.73546
1483988314      1352   386945    0.738039
1483988315      1353   388298    0.74062
1483988316      1205   389561    0.743029
1483988317      1353   390914    0.745609
1483988318      1346   392260    0.748177
1483988319      1101   393443    0.750433
1483988320      1359   394802    0.753025
1483988321      1353   396155    0.755606
1483988322      1350   397505    0.758181
1483988323      1220   398803    0.760656
1483988324      1351   400154    0.763233
1483988325      1346   401500    0.7658
1483988326      1352   402852    0.768379
1483988327      1208   404163    0.77088
1483988328      1359   405522    0.773472
1483988329      1161   406683    0.775686
1483988330      1345   408028    0.778252
1483988331      1183   409211    0.780508
1483988332      1339   410550    0.783062
1483988333      1345   411895    0.785627
1483988334      1333   413228    0.78817
1483988336      1187   414477    0.790552
1483988337      1352   415829    0.793131
1483988338      841   416670    0.794735
1483988339      1318   417988    0.797249
1483988340      1356   419344    0.799835
1483988341      1023   420367    0.801786
1483988342      1137   421575    0.80409
1483988343      1240   422815    0.806456
1483988344      1326   424141    0.808985
1483988345      1276   425417    0.811419
1483988346      1195   426612    0.813698
1483988347      1302   427914    0.816181
1483988348      1162   429079    0.818403
1483988349      1356   430435    0.82099
1483988350      1346   431781    0.823557
1483988351      1081   432961    0.825808
1483988352      1358   434319    0.828398
1483988353      1319   435638    0.830914
1483988354      1350   436988    0.833488
1483988355      1312   438300    0.835991
1483988356      1170   439470    0.838223
1483988357      1349   440819    0.840796
1483988358      1337   442156    0.843346
1483988359      1345   443501    0.845911
1483988360      1181   444753    0.848299
1483988361      1351   446104    0.850876
1483988362      1226   447330    0.853214
1483988363      1204   448635    0.855703
1483988364      1331   449966    0.858242
1483988365      1352   451318    0.860821
1483988366      1343   452661    0.863382
1483988367      1197   453995    0.865927
1483988368      1355   455350    0.868511
1483988369      1341   456691    0.871069
1483988370      1346   458037    0.873636
1483988371      1205   459355    0.87615
1483988372      1232   460587    0.8785
1483988373      1353   461940    0.881081
1483988374      1190   463237    0.883554
1483988375      1337   464574    0.886105
1483988376      1342   465916    0.888664
1483988377      1332   467248    0.891205
1483988378      1208   468597    0.893778
1483988379      1358   469955    0.896368
1483988380      1321   471276    0.898888
1483988381      1349   472625    0.901461
1483988382      1045   473670    0.903454
1483988383      1329   474999    0.905989
1483988384      1353   476352    0.908569
1483988385      1340   477692    0.911125
1483988386      1177   478911    0.91345
1483988387      1358   480269    0.91604
1483988388      1350   481619    0.918615
1483988389      1349   482968    0.921188
1483988390      1189   484271    0.923674
1483988391      1358   485629    0.926264
1483988392      1314   486943    0.92877
1483988393      1205   488148    0.931068
1483988394      1172   489320    0.933304
1483988395      1171   490491    0.935537
1483988396      1230   491721    0.937883
1483988397      1222   492943    0.940214
1483988398      1339   494282    0.942768
1483988399      1349   495631    0.945341
1483988400      966   496729    0.947435
1483988401      1307   498036    0.949928
1483988402      1326   499362    0.952457
