1482730542      1498   1498    0.00285721
1482730543      1499   2997    0.00571632
1482730544      1499   4496    0.00857544
1482730545      1500   5996    0.0114365
1482730546      1499   7495    0.0142956
1482730547      1499   8995    0.0171566
1482730548      1499   10495    0.0200176
1482730549      1499   11995    0.0228786
1482730550      1499   13495    0.0257397
1482730551      1321   14863    0.0283489
1482730552      1360   16223    0.0309429
1482730553      1354   17577    0.0335255
1482730554      1355   18932    0.0361099
1482730555      1219   20223    0.0385723
1482730556      1354   21577    0.0411549
1482730557      1354   22931    0.0437374
1482730558      1345   24276    0.0463028
1482730559      1223   25583    0.0487957
1482730560      1361   26944    0.0513916
1482730561      1126   28070    0.0535393
1482730562      1352   29422    0.056118
1482730563      1353   30775    0.0586987
1482730564      1215   31990    0.0610161
1482730565      1356   33346    0.0636024
1482730566      1355   34701    0.0661869
1482730567      1347   36048    0.0687561
1482730568      1209   37257    0.0710621
1482730569      1353   38610    0.0736427
1482730570      1355   39965    0.0762272
1482730571      1354   41319    0.0788097
1482730572      1019   42443    0.0809536
1482730573      1361   43804    0.0835495
1482730574      1227   45031    0.0858898
1482730575      1212   46243    0.0882015
1482730576      1185   47428    0.0904617
1482730577      1237   48665    0.0928211
1482730578      1191   49947    0.0952663
1482730579      1354   51301    0.0978489
1482730580      1356   52657    0.100435
1482730581      1190   53847    0.102705
1482730582      1264   55111    0.105116
1482730583      1023   56134    0.107067
1482730584      1074   57305    0.109301
1482730585      1267   58572    0.111717
1482730586      1354   59926    0.1143
1482730587      1352   61278    0.116879
1482730588      1356   62634    0.119465
1482730589      1208   63842    0.121769
1482730590      1355   65197    0.124353
1482730591      1359   66556    0.126945
1482730592      1350   67906    0.12952
1482730593      997   68951    0.131514
1482730594      1356   70307    0.1341
1482730595      1354   71661    0.136683
1482730596      1355   73016    0.139267
1482730597      1220   74311    0.141737
1482730598      1362   75673    0.144335
1482730599      1355   77028    0.146919
1482730600      1355   78383    0.149504
1482730601      1219   79671    0.15196
1482730602      1360   81031    0.154554
1482730603      1358   82389    0.157145
1482730604      1125   83514    0.15929
1482730605      1355   84869    0.161875
1482730606      1214   86083    0.16419
1482730607      1357   87440    0.166779
1482730608      1361   88801    0.169374
1482730609      1362   90163    0.171972
1482730610      1211   91374    0.174282
1482730611      1352   92726    0.176861
1482730612      1353   94079    0.179441
1482730613      1351   95430    0.182018
1482730614      1013   96531    0.184118
1482730615      1360   97891    0.186712
1482730616      1355   99246    0.189297
1482730617      1354   100600    0.191879
1482730618      1220   101891    0.194342
1482730619      1361   103252    0.196938
1482730620      1355   104607    0.199522
1482730621      1356   105963    0.202108
1482730622      1219   107251    0.204565
1482730623      1364   108615    0.207167
1482730624      1355   109970    0.209751
1482730625      1120   111090    0.211887
1482730626      1355   112445    0.214472
1482730627      1205   113650    0.21677
1482730628      1360   115010    0.219364
1482730629      1362   116372    0.221962
1482730630      1355   117727    0.224546
1482730631      1212   118939    0.226858
1482730632      1358   120297    0.229448
1482730633      1353   121650    0.232029
1482730634      1354   123004    0.234612
1482730635      1016   124111    0.236723
1482730636      1236   125347    0.23908
1482730637      1356   126703    0.241667
1482730638      1236   127939    0.244024
1482730639      1250   129189    0.246408
1482730640      1172   130361    0.248644
1482730641      1126   131615    0.251036
1482730642      1361   132976    0.253632
1482730643      1341   134317    0.256189
1482730644      1356   135673    0.258776
1482730646      1205   136975    0.261259
1482730647      1132   138107    0.263418
1482730648      1338   139445    0.26597
1482730649      1354   140799    0.268553
1482730650      1341   142140    0.271111
1482730651      1196   143336    0.273392
1482730652      1355   144691    0.275976
1482730653      1342   146033    0.278536
1482730654      1357   147390    0.281124
1482730655      1197   148621    0.283472
1482730656      1347   149968    0.286041
1482730657      1354   151322    0.288624
1482730658      846   152168    0.290237
1482730659      1359   153527    0.29283
1482730660      1354   154881    0.295412
1482730661      1157   156038    0.297619
1482730662      1356   157394    0.300205
1482730663      1354   158748    0.302788
1482730664      1341   160089    0.305346
1482730665      1207   161339    0.30773
1482730666      1362   162701    0.310328
1482730667      1355   164056    0.312912
1482730668      1356   165412    0.315498
1482730669      976   166388    0.31736
1482730670      1193   167625    0.319719
1482730671      1321   168946    0.322239
1482730672      1350   170296    0.324814
1482730673      977   171273    0.326677
1482730674      1353   172626    0.329258
1482730675      1340   173966    0.331814
1482730676      1194   175160    0.334091
1482730677      1356   176516    0.336678
1482730678      1344   177860    0.339241
1482730679      1355   179215    0.341825
1482730680      894   180109    0.343531
1482730681      1170   181415    0.346022
1482730682      1361   182776    0.348618
1482730683      1343   184119    0.351179
1482730684      1357   185476    0.353767
1482730685      1227   186775    0.356245
1482730686      1360   188135    0.358839
1482730687      1347   189482    0.361408
1482730688      1361   190843    0.364004
1482730689      1221   192135    0.366468
1482730690      886   193061    0.368235
1482730691      1362   194423    0.370832
1482730692      1356   195779    0.373419
1482730693      1356   197135    0.376005
1482730694      1181   198421    0.378458
1482730695      1361   199782    0.381054
1482730696      1189   200971    0.383322
1482730697      1189   202160    0.38559
1482730698      1337   203497    0.38814
1482730699      1352   204849    0.390718
1482730700      1184   206033    0.392977
1482730701      850   206883    0.394598
1482730702      1353   208236    0.397179
1482730703      1239   209475    0.399542
1482730704      1337   210812    0.402092
1482730705      1358   212170    0.404682
1482730706      1207   213377    0.406984
1482730707      1333   214710    0.409527
1482730708      1352   216062    0.412106
1482730709      1342   217404    0.414665
1482730710      1197   218643    0.417028
1482730711      1361   220004    0.419624
1482730712      859   220863    0.421263
1482730713      1356   222219    0.423849
1482730714      1358   223577    0.426439
1482730715      1232   224929    0.429018
1482730716      1364   226293    0.43162
1482730717      1357   227650    0.434208
1482730718      1344   228994    0.436771
1482730719      1212   230289    0.439241
1482730720      1357   231646    0.44183
1482730721      1337   232983    0.44438
1482730722      1360   234343    0.446974
1482730723      1100   235443    0.449072
1482730724      1197   236640    0.451355
1482730725      1353   237993    0.453936
1482730726      1357   239350    0.456524
1482730727      1358   240708    0.459114
1482730728      1197   241935    0.461454
1482730729      1362   243297    0.464052
1482730730      1339   244636    0.466606
1482730731      1357   245993    0.469194
1482730732      1219   247295    0.471678
1482730733      886   248221    0.473444
1482730734      1362   249583    0.476042
1482730735      1342   250925    0.478601
1482730736      1356   252281    0.481188
1482730737      1216   253581    0.483667
1482730738      1356   254937    0.486254
1482730739      1344   256281    0.488817
1482730740      1355   257636    0.491402
1482730741      1211   258941    0.493891
1482730742      1365   260306    0.496494
1482730743      1357   261663    0.499083
1482730744      1105   262768    0.50119
1482730745      1335   264103    0.503736
1482730746      1196   265299    0.506018
1482730747      1355   266654    0.508602
1482730748      1356   268010    0.511189
1482730749      1360   269370    0.513783
1482730750      1206   270587    0.516104
1482730751      1363   271950    0.518703
1482730752      1355   273305    0.521288
1482730753      1355   274660    0.523872
1482730755      988   275801    0.526049
1482730756      1218   277019    0.528372
1482730757      1200   278219    0.530661
1482730758      1354   279573    0.533243
1482730759      1355   280928    0.535828
1482730760      1199   282127    0.538115
1482730761      1064   283305    0.540361
1482730762      1196   284501    0.542643
1482730763      1344   285845    0.545206
1482730764      1022   286867    0.547155
1482730765      1189   288056    0.549423
1482730766      1354   289410    0.552006
1482730767      1124   290534    0.55415
1482730768      1200   291735    0.55644
1482730769      1361   293096    0.559036
1482730770      1355   294451    0.561621
1482730771      1356   295807    0.564207
1482730772      1220   297095    0.566664
1482730773      1362   298457    0.569262
1482730774      1357   299814    0.57185
1482730775      1357   301171    0.574438
1482730776      1222   302455    0.576887
1482730777      1134   303589    0.57905
1482730778      1358   304947    0.58164
1482730779      1357   306304    0.584229
1482730780      1359   307663    0.586821
1482730781      1213   308876    0.589134
1482730782      1357   310233    0.591722
1482730783      1362   311595    0.59432
1482730784      1358   312953    0.59691
1482730785      1173   314128    0.599152
1482730786      1356   315484    0.601738
1482730787      1356   316840    0.604324
1482730788      1123   317963    0.606466
1482730789      1230   319315    0.609045
1482730790      1361   320676    0.611641
1482730791      1356   322032    0.614227
1482730792      1356   323388    0.616814
1482730793      1222   324675    0.619268
1482730794      1364   326039    0.62187
1482730795      1357   327396    0.624458
1482730796      1355   328751    0.627043
1482730797      1220   330035    0.629492
1482730798      1133   331168    0.631653
1482730799      1355   332523    0.634237
1482730800      1357   333880    0.636826
1482730801      1362   335242    0.639423
1482730802      1216   336458    0.641743
1482730803      1354   337812    0.644325
1482730804      1355   339167    0.64691
1482730805      1353   340520    0.64949
1482730806      1209   341729    0.651796
1482730807      1356   343085    0.654383
1482730808      1355   344440    0.656967
1482730809      1120   345560    0.659103
1482730810      1231   346895    0.66165
1482730811      1358   348253    0.66424
1482730812      1354   349607    0.666822
1482730813      1349   350956    0.669395
1482730814      1151   352255    0.671873
1482730815      1222   353477    0.674204
1482730816      1211   354688    0.676514
1482730817      1238   355926    0.678875
1482730818      1356   357282    0.681461
1482730819      1113   358395    0.683584
1482730820      967   359362    0.685429
1482730821      1098   360685    0.687952
1482730822      1266   361951    0.690367
1482730823      1307   363258    0.69286
1482730824      1349   364607    0.695433
1482730825      1240   365847    0.697798
1482730827      1195   367117    0.70022
1482730828      1367   368484    0.702827
1482730829      1352   369836    0.705406
1482730830      1355   371191    0.707991
1482730831      1023   372331    0.710165
1482730832      1356   373687    0.712751
1482730833      1355   375042    0.715336
1482730834      1354   376396    0.717918
1482730835      1224   377691    0.720388
1482730836      1362   379053    0.722986
1482730837      1355   380408    0.725571
1482730838      1353   381761    0.728151
1482730839      1218   383051    0.730612
1482730840      1362   384413    0.73321
1482730841      1354   385767    0.735792
1482730842      1123   386890    0.737934
1482730843      1351   388241    0.740511
1482730844      1209   389450    0.742817
1482730845      1355   390805    0.745401
1482730846      1355   392160    0.747986
1482730847      1354   393514    0.750568
1482730848      1209   394723    0.752874
1482730849      1357   396080    0.755463
1482730850      1355   397435    0.758047
1482730851      1355   398790    0.760632
1482730852      1020   399911    0.76277
1482730853      1362   401273    0.765368
1482730854      1357   402630    0.767956
1482730855      1352   403982    0.770535
1482730856      1219   405271    0.772993
1482730857      1366   406637    0.775599
1482730858      1358   407995    0.778189
1482730859      1359   409354    0.780781
1482730860      1155   410631    0.783216
1482730861      1342   411973    0.785776
1482730862      1264   413237    0.788187
1482730863      1048   414285    0.790186
1482730864      1265   415550    0.792599
1482730865      1251   416801    0.794985
1482730866      1060   417989    0.797251
1482730867      1350   419339    0.799826
1482730868      1339   420678    0.80238
1482730869      1360   422038    0.804974
1482730870      1203   423349    0.807474
1482730871      1337   424686    0.810024
1482730872      1350   426036    0.812599
1482730873      1334   427370    0.815144
1482730874      1120   428490    0.81728
1482730875      1196   429686    0.819561
1482730876      1332   431018    0.822102
1482730877      1355   432373    0.824686
1482730878      1336   433709    0.827234
1482730879      1255   434964    0.829628
1482730880      1072   436067    0.831732
1482730881      1264   437331    0.834143
1482730882      1327   438658    0.836674
1482730883      1358   440016    0.839264
1482730884      1058   441281    0.841677
1482730885      1279   442560    0.844116
1482730886      1318   443878    0.84663
1482730887      1311   445189    0.849131
1482730888      1356   446545    0.851717
1482730889      1204   447749    0.854013
1482730890      1342   449091    0.856573
1482730891      1354   450445    0.859156
1482730892      1338   451783    0.861708
1482730893      1201   453073    0.864168
1482730894      1364   454437    0.86677
1482730895      1081   455518    0.868832
1482730896      1347   456865    0.871401
1482730897      1351   458216    0.873978
1482730898      1162   459378    0.876194
1482730899      1335   460713    0.87874
1482730900      1356   462069    0.881327
1482730901      1346   463415    0.883894
1482730903      1209   464719    0.886381
1482730904      1359   466078    0.888973
1482730905      1342   467420    0.891533
1482730906      1356   468776    0.894119
1482730907      863   469639    0.895765
1482730908      1353   470992    0.898346
1482730909      1197   472189    0.900629
1482730910      1340   473529    0.903185
1482730911      1354   474883    0.905767
1482730912      1356   476239    0.908354
1482730913      1191   477437    0.910639
1482730914      1349   478786    0.913212
1482730915      1353   480139    0.915792
1482730916      1342   481481    0.918352
1482730917      849   482651    0.920584
1482730918      1360   484011    0.923178
1482730919      1359   485370    0.92577
1482730920      1360   486730    0.928364
1482730921      1197   488011    0.930807
1482730922      1358   489369    0.933397
1482730923      1355   490724    0.935982
1482730924      1353   492077    0.938562
1482730925      1210   493371    0.941031
1482730926      1352   494723    0.943609
1482730927      1356   496079    0.946196
1482730928      839   496918    0.947796
1482730929      1354   498272    0.950378
1482730930      1355   499627    0.952963
