1481110787      1498   1498    0.0014286
1481110788      1500   2998    0.00285912
1481110789      1499   4497    0.00428867
1481110790      1499   5996    0.00571823
1481110791      1500   7496    0.00714874
1481110792      1499   8995    0.0085783
1481110793      1499   10494    0.0100079
1481110794      1500   11994    0.0114384
1481110795      1499   13493    0.0128679
1481110796      1499   14992    0.0142975
1481110797      1500   16492    0.015728
1481110798      1499   17991    0.0171576
1481110799      1499   19490    0.0185871
1481110800      1500   20990    0.0200176
1481110801      1499   22489    0.0214472
1481110802      1499   23988    0.0228767
1481110803      1449   25437    0.0242586
1481110804      1219   26693    0.0254564
1481110805      1506   28199    0.0268927
1481110806      1375   29574    0.028204
1481110807      1383   30958    0.0295238
1481110808      1383   32341    0.0308428
1481110809      1377   33718    0.032156
1481110810      1245   34963    0.0333433
1481110811      1381   36365    0.0346804
1481110812      1507   37872    0.0361176
1481110813      1385   39257    0.0374384
1481110814      1386   40643    0.0387602
1481110815      1385   42028    0.040081
1481110816      1384   43412    0.0414009
1481110817      1385   44797    0.0427217
1481110818      1386   46183    0.0440435
1481110819      1376   47649    0.0454416
1481110820      1506   49155    0.0468779
1481110821      1169   50324    0.0479927
1481110822      1381   51773    0.0493746
1481110823      1506   53279    0.0508108
1481110824      1379   54658    0.0521259
1481110825      1310   55968    0.0533752
1481110826      1310   57278    0.0546246
1481110827      1384   58662    0.0559444
1481110828      1379   60041    0.0572596
1481110829      1375   61445    0.0585985
1481110830      1506   62951    0.0600348
1481110831      1345   64296    0.0613174
1481110832      1308   65604    0.0625648
1481110833      1379   66984    0.0638809
1481110834      1375   68359    0.0651922
1481110835      1385   69744    0.0665131
1481110836      1383   71127    0.067832
1481110837      1494   72621    0.0692568
1481110838      1384   74005    0.0705767
1481110839      1192   75241    0.0717554
1481110840      1506   76747    0.0731916
1481110841      1385   78132    0.0745125
1481110842      1386   79518    0.0758343
1481110843      1385   80903    0.0771551
1481110844      1385   82288    0.078476
1481110845      1375   83663    0.0797873
1481110846      1373   85036    0.0810966
1481110847      1380   86525    0.0825167
1481110848      1506   88031    0.0839529
1481110849      1385   89416    0.0852737
1481110850      1386   90802    0.0865955
1481110851      1381   92183    0.0879126
1481110852      1377   93560    0.0892258
1481110853      1383   94943    0.0905447
1481110854      1385   96328    0.0918655
1481110855      1386   97809    0.0932779
1481110856      1506   99315    0.0947142
1481110857      1190   100505    0.095849
1481110858      1383   101933    0.0972109
1481110859      1507   103440    0.0986481
1481110860      1386   104826    0.0999699
1481110861      1366   106192    0.101273
1481110862      1387   107579    0.102595
1481110863      1384   108963    0.103915
1481110864      1384   110347    0.105235
1481110865      1337   111684    0.10651
1481110866      1499   113183    0.10794
1481110867      1253   114436    0.109135
1481110868      1379   115815    0.11045
1481110869      1370   117185    0.111756
1481110870      1359   118544    0.113052
1481110871      1217   119761    0.114213
1481110872      1499   121260    0.115643
1481110873      1345   122605    0.116925
1481110874      1386   123991    0.118247
1481110875      1386   125377    0.119569
1481110876      1297   126674    0.120806
1481110877      1384   128058    0.122126
1481110878      1384   129442    0.123446
1481110879      1385   130827    0.124766
1481110880      1385   132212    0.126087
1481110881      1385   133597    0.127408
1481110882      1386   135073    0.128816
1481110883      1506   136579    0.130252
1481110884      1367   137946    0.131556
1481110885      1375   139321    0.132867
1481110886      1373   140694    0.134176
1481110887      1377   142071    0.135489
1481110888      1385   143456    0.13681
1481110889      1384   144840    0.13813
1481110890      1500   146340    0.139561
1481110891      1379   147719    0.140876
1481110892      1368   149087    0.14218
1481110893      1386   150473    0.143502
1481110894      1303   151776    0.144745
1481110895      1386   153162    0.146067
1481110896      1385   154547    0.147388
1481110897      1385   155932    0.148708
1481110898      1383   157315    0.150027
1481110899      1385   158700    0.151348
1481110900      1385   160153    0.152734
1481110901      1506   161659    0.15417
1481110902      1382   163041    0.155488
1481110903      1387   164428    0.156811
1481110904      1386   165814    0.158133
1481110905      1386   167200    0.159454
1481110906      1387   168587    0.160777
1481110907      1385   169972    0.162098
1481110908      1386   171437    0.163495
1481110909      1506   172943    0.164931
1481110910      1382   174325    0.166249
1481110911      1193   175561    0.167428
1481110912      1506   177067    0.168864
1481110913      1386   178453    0.170186
1481110914      1388   179841    0.17151
1481110915      1386   181227    0.172832
1481110916      1386   182613    0.174153
1481110917      1387   184000    0.175476
1481110918      1386   185386    0.176798
1481110919      1385   186845    0.178189
1481110920      1506   188351    0.179626
1481110921      1387   189738    0.180948
1481110922      1386   191124    0.18227
1481110923      1386   192510    0.183592
1481110924      1387   193897    0.184915
1481110925      1386   195283    0.186236
1481110926      1383   196666    0.187555
1481110927      1385   198129    0.188951
1481110928      1506   199635    0.190387
1481110929      948   200641    0.191346
1481110930      1507   202148    0.192783
1481110931      1247   203395    0.193973
1481110932      1226   204621    0.195142
1481110933      1385   206006    0.196463
1481110934      1385   207391    0.197783
1481110935      1285   208701    0.199033
1481110936      1507   210208    0.20047
1481110937      1385   211593    0.201791
1481110938      1385   212978    0.203112
1481110939      1386   214364    0.204433
1481110940      1385   215749    0.205754
1481110941      1385   217134    0.207075
1481110942      1387   218521    0.208398
1481110943      1385   219985    0.209794
1481110944      1506   221491    0.21123
1481110945      1385   222876    0.212551
1481110946      1376   224252    0.213863
1481110947      1385   225637    0.215184
1481110948      1150   226787    0.216281
1481110949      1386   228173    0.217603
1481110950      1386   229559    0.218925
1481110951      1386   230945    0.220246
1481110952      1385   232330    0.221567
1481110953      1384   233781    0.222951
1481110954      1506   235287    0.224387
1481110955      1384   236671    0.225707
1481110956      1386   238057    0.227029
1481110957      1330   239387    0.228297
1481110958      1376   240763    0.229609
1481110959      1383   242146    0.230928
1481110960      1374   243520    0.232239
1481110961      1499   245019    0.233668
1481110962      1382   246401    0.234986
1481110963      1383   247784    0.236305
1481110964      1322   249106    0.237566
1481110965      1361   250467    0.238864
1481110966      1159   251626    0.239969
1481110967      1384   253010    0.241289
1481110968      1383   254393    0.242608
1481110969      1372   255765    0.243917
1481110971      1385   257249    0.245332
1481110972      1506   258755    0.246768
1481110973      1372   260127    0.248076
1481110974      1382   261509    0.249394
1481110975      1385   262894    0.250715
1481110976      1386   264280    0.252037
1481110977      1386   265666    0.253359
1481110978      1385   267051    0.25468
1481110979      1387   268533    0.256093
1481110980      1507   270040    0.25753
1481110981      1377   271417    0.258843
1481110982      1379   272796    0.260159
1481110983      1386   274182    0.26148
1481110984      1385   275567    0.262801
1481110985      1303   276870    0.264044
1481110986      1387   278257    0.265367
1481110987      1386   279643    0.266688
1481110988      1385   281028    0.268009
1481110989      1386   282414    0.269331
1481110990      1499   283913    0.270761
1481110991      1380   285293    0.272077
1481110992      1387   286680    0.273399
1481110993      1249   287929    0.27459
1481110994      1365   289294    0.275892
1481110995      1369   290663    0.277198
1481110996      1264   292001    0.278474
1481110997      1507   293508    0.279911
1481110998      1340   294848    0.281189
1481110999      1376   296224    0.282501
1481111000      1385   297609    0.283822
1481111001      1384   298993    0.285142
1481111002      1386   300379    0.286464
1481111003      1304   301683    0.287707
1481111004      1386   303069    0.289029
1481111005      1363   304432    0.290329
1481111006      1384   305816    0.291649
1481111007      1499   307315    0.293078
1481111008      1378   308693    0.294393
1481111009      1381   310074    0.29571
1481111010      1322   311396    0.29697
1481111011      1371   312767    0.298278
1481111012      1387   314154    0.299601
1481111013      1384   315538    0.30092
1481111014      1499   317037    0.30235
1481111015      1387   318424    0.303673
1481111016      1382   319806    0.304991
1481111017      1381   321187    0.306308
1481111018      1386   322573    0.30763
1481111019      1385   323958    0.30895
1481111020      1385   325343    0.310271
1481111021      1304   326647    0.311515
1481111022      1378   328025    0.312829
1481111023      1367   329392    0.314133
1481111024      1387   330877    0.315549
1481111025      1506   332383    0.316985
1481111026      1385   333768    0.318306
1481111027      1386   335154    0.319628
1481111028      1386   336540    0.32095
1481111029      1385   337925    0.32227
1481111030      1377   339302    0.323584
1481111031      1385   340687    0.324904
1481111032      1386   342161    0.32631
1481111033      1506   343667    0.327746
1481111034      1385   345052    0.329067
1481111035      1386   346438    0.330389
1481111036      1386   347824    0.331711
1481111037      1386   349210    0.333033
1481111038      1385   350595    0.334353
1481111039      1301   351896    0.335594
1481111040      1385   353281    0.336915
1481111041      1327   354608    0.338181
1481111042      1386   355994    0.339502
1481111043      1499   357493    0.340932
1481111044      1386   358879    0.342254
1481111045      1383   360262    0.343573
1481111046      1348   361610    0.344858
1481111047      1386   362996    0.34618
1481111048      1385   364381    0.347501
1481111049      1362   365743    0.3488
1481111050      1384   367241    0.350228
1481111051      1507   368748    0.351665
1481111052      1386   370134    0.352987
1481111053      1386   371520    0.354309
1481111054      1387   372907    0.355632
1481111055      1382   374289    0.35695
1481111056      1378   375667    0.358264
1481111057      1289   376956    0.359493
1481111058      1384   378340    0.360813
1481111059      1381   379721    0.36213
1481111060      1382   381103    0.363448
1481111061      1499   382602    0.364878
1481111062      1384   383986    0.366198
1481111063      1387   385373    0.36752
1481111064      1386   386759    0.368842
1481111065      1352   388111    0.370131
1481111066      1382   389493    0.371449
1481111067      1386   390879    0.372771
1481111068      1378   392321    0.374146
1481111069      1507   393828    0.375584
1481111070      1386   395214    0.376905
1481111071      1385   396599    0.378226
1481111072      1386   397985    0.379548
1481111073      1381   399366    0.380865
1481111074      1385   400751    0.382186
1481111075      1302   402053    0.383428
1481111076      1385   403438    0.384748
1481111077      1386   404824    0.38607
1481111078      1387   406211    0.387393
1481111079      1499   407710    0.388823
1481111080      1367   409077    0.390126
1481111081      1386   410463    0.391448
1481111082      1374   411837    0.392758
1481111083      1374   413211    0.394069
1481111084      1387   414598    0.395391
1481111085      1373   415971    0.396701
1481111086      1382   417401    0.398065
1481111087      1506   418907    0.399501
1481111088      1361   420268    0.400799
1481111089      1384   421652    0.402119
1481111090      1379   423031    0.403434
1481111091      1386   424417    0.404756
1481111092      1384   425801    0.406075
1481111093      1156   426957    0.407178
1481111094      1387   428344    0.408501
1481111095      1383   429727    0.40982
1481111096      1385   431197    0.411222
1481111097      1506   432703    0.412658
1481111098      1386   434089    0.41398
1481111099      1387   435476    0.415302
1481111100      1380   436856    0.416618
1481111101      1385   438241    0.417939
1481111102      1376   439617    0.419251
1481111103      1385   441002    0.420572
1481111104      1385   442481    0.421983
1481111105      1507   443988    0.42342
1481111106      1385   445373    0.424741
1481111107      1386   446759    0.426063
1481111108      1372   448131    0.427371
1481111109      1362   449493    0.42867
1481111110      1386   450879    0.429992
1481111111      1301   452180    0.431232
1481111112      1373   453553    0.432542
1481111113      1386   454939    0.433864
1481111114      1384   456323    0.435184
1481111115      1499   457822    0.436613
1481111116      1384   459206    0.437933
1481111117      1384   460590    0.439253
1481111118      1386   461976    0.440575
1481111119      1386   463362    0.441896
1481111120      1330   464692    0.443165
1481111121      1247   465949    0.444364
1481111122      1506   467455    0.4458
1481111123      1364   468819    0.447101
1481111124      1383   470202    0.44842
1481111125      1382   471584    0.449738
1481111126      1347   472931    0.451022
1481111127      1386   474317    0.452344
1481111128      1383   475700    0.453663
1481111129      1222   476922    0.454828
1481111130      1382   478304    0.456146
1481111131      1383   479745    0.45752
1481111132      1506   481251    0.458957
1481111133      1386   482637    0.460279
1481111134      1385   484022    0.461599
1481111135      1386   485408    0.462921
1481111136      1386   486794    0.464243
1481111137      1382   488176    0.465561
1481111138      1386   489562    0.466883
1481111139      1385   491029    0.468282
1481111140      1506   492535    0.469718
1481111141      1382   493917    0.471036
1481111142      1379   495296    0.472351
1481111143      1384   496680    0.473671
1481111144      1387   498067    0.474994
1481111145      1382   499449    0.476312
