1499853869      10   10    0.0148964
1499853870      8   18    0.0268135
1499853871      9   27    0.0402203
1499853872      10   37    0.0551167
1499853873      10   48    0.0715027
1499853874      10   59    0.0878887
1499853875      10   69    0.102785
1499853876      11   81    0.120661
1499853877      5   86    0.128109
1499853878      11   97    0.144495
1499853879      9   107    0.159391
1499853880      11   118    0.175777
1499853881      7   125    0.186205
1499853882      11   136    0.202591
1499853883      11   148    0.220467
1499853885      11   160    0.238342
1499853886      7   167    0.24877
1499853887      10   178    0.265156
1499853888      9   187    0.279466
1499853889      11   198    0.295852
1499853890      7   207    0.309258
1499853891      11   219    0.327134
1499853892      10   231    0.34501
1499853893      10   242    0.361396
1499853894      7   249    0.371823
1499853895      10   259    0.38672
1499853897      9   269    0.401616
1499853898      11   281    0.419492
1499853899      7   289    0.431409
1499853900      11   301    0.449285
1499853901      10   311    0.464181
1499853902      10   322    0.480567
1499853903      8   330    0.492484
1499853904      11   341    0.50887
1499853905      10   351    0.523767
1499853906      10   363    0.541642
1499853907      7   371    0.553559
1499853908      11   383    0.571435
1499853910      10   393    0.586331
1499853911      10   403    0.601228
1499853912      7   412    0.614635
1499853913      10   423    0.631021
1499853914      11   434    0.647407
1499853915      10   444    0.662303
1499853916      6   453    0.67571
1499853917      11   465    0.693585
1499853918      11   476    0.709971
1499853920      9   486    0.724868
1499853921      6   494    0.736785
1499853922      10   506    0.754661
1499853923      11   518    0.772536
1499853924      8   527    0.785943
1499853925      7   535    0.79786
1499853926      11   546    0.814246
1499853927      10   556    0.829143
1499853928      10   567    0.845529
1499853930      7   576    0.858935
1499853931      9   586    0.873832
1499853932      9   595    0.887239
1499853933      10   606    0.903625
1499853934      9   617    0.920011
1499853935      9   626    0.933417
1499853936      10   638    0.951293
1499853937      10   650    0.969169
1499853939      7   658    0.981086
1499853940      11   670    0.998961
1499853941      11   682    1.01684
1499853942      11   693    1.03322
1499853943      7   700    1.04365
1499853944      10   711    1.06004
1499853945      10   721    1.07493
1499853946      11   732    1.09132
1499853947      7   740    1.10324
1499853948      10   752    1.12111
1499853949      11   763    1.1375
1499853950      10   773    1.15239
1499853951      7   781    1.16431
1499853953      11   793    1.18219
1499853954      11   804    1.19857
1499853955      10   814    1.21347
1499853956      7   822    1.22539
1499853957      11   833    1.24177
1499853958      10   843    1.25667
1499853959      11   854    1.27306
1499853960      7   863    1.28646
1499853961      10   873    1.30136
1499853962      10   883    1.31625
1499853963      9   893    1.33115
1499853964      9   904    1.34754
1499853966      10   916    1.36541
1499853967      11   927    1.3818
1499853968      9   937    1.3967
1499853969      7   945    1.40861
1499853970      10   957    1.42649
1499853971      11   969    1.44436
1499853972      11   980    1.46075
1499853973      7   987    1.47118
1499853974      10   998    1.48756
1499853975      11   1010    1.50544
1499853976      11   1021    1.52182
1499853977      5   1027    1.53076
1499853978      10   1038    1.54715
1499853980      9   1048    1.56205
1499853981      11   1059    1.57843
1499853982      7   1068    1.59184
1499853983      9   1078    1.60673
1499853984      10   1089    1.62312
1499853985      10   1099    1.63802
1499853986      7   1109    1.65291
1499853988      11   1121    1.67079
1499853989      11   1132    1.68717
1499853990      10   1142    1.70207
1499853991      7   1150    1.71399
1499853992      9   1159    1.7274
1499853993      10   1171    1.74527
1499853994      10   1181    1.76017
1499853995      8   1191    1.77506
1499853996      10   1202    1.79145
1499853997      9   1212    1.80635
1499853998      11   1224    1.82422
1499854000      7   1232    1.83614
1499854001      9   1242    1.85104
1499854002      10   1253    1.86742
1499854003      11   1265    1.8853
1499854004      7   1273    1.89721
1499854005      11   1284    1.9136
1499854006      11   1295    1.92999
1499854007      10   1306    1.94637
1499854008      7   1314    1.95829
1499854009      11   1326    1.97616
1499854010      11   1337    1.99255
1499854011      11   1348    2.00894
1499854012      7   1355    2.01936
1499854014      10   1367    2.03724
1499854015      11   1379    2.05512
1499854016      10   1391    2.07299
1499854017      7   1398    2.08342
1499854018      9   1408    2.09832
1499854019      9   1418    2.11321
1499854020      10   1428    2.12811
1499854021      7   1437    2.14151
1499854022      11   1448    2.1579
1499854023      11   1459    2.17429
1499854024      10   1470    2.19067
1499854025      10   1480    2.20557
1499854027      9   1490    2.22047
1499854028      11   1502    2.23834
1499854029      10   1514    2.25622
1499854030      7   1522    2.26813
1499854031      11   1534    2.28601
1499854032      9   1543    2.29942
1499854033      10   1555    2.31729
1499854034      7   1563    2.32921
1499854035      11   1575    2.34708
1499854036      11   1586    2.36347
1499854038      10   1597    2.37986
1499854039      7   1604    2.39028
1499854040      11   1616    2.40816
1499854041      11   1627    2.42455
1499854042      10   1638    2.44093
1499854043      7   1645    2.45136
1499854044      11   1656    2.46775
1499854045      10   1666    2.48264
1499854046      11   1678    2.50052
1499854047      7   1686    2.51243
1499854048      10   1698    2.53031
1499854049      11   1710    2.54819
1499854050      9   1720    2.56308
1499854051      7   1727    2.57351
1499854053      11   1739    2.59139
1499854054      11   1751    2.60926
1499854055      11   1762    2.62565
1499854056      7   1769    2.63608
1499854057      10   1780    2.65246
1499854058      11   1792    2.67034
1499854059      11   1804    2.68821
1499854060      7   1812    2.70013
1499854061      11   1824    2.71801
1499854062      11   1836    2.73588
1499854064      8   1847    2.75227
1499854065      11   1859    2.77014
1499854066      11   1870    2.78653
1499854067      10   1881    2.80291
1499854068      6   1888    2.81334
1499854069      11   1899    2.82973
1499854070      10   1909    2.84462
1499854071      11   1920    2.86101
1499854072      7   1929    2.87442
1499854074      10   1941    2.89229
1499854075      10   1951    2.90719
1499854076      10   1961    2.92209
1499854077      7   1970    2.93549
1499854078      9   1979    2.9489
1499854079      11   1990    2.96529
1499854080      8   1999    2.97869
1499854081      9   2009    2.99359
1499854082      7   2017    3.00551
1499854083      11   2029    3.02338
1499854085      11   2041    3.04126
1499854086      7   2052    3.05764
1499854087      11   2064    3.07552
1499854088      10   2076    3.09339
1499854089      11   2087    3.10978
1499854090      7   2094    3.12021
1499854092      10   2105    3.13659
1499854093      10   2115    3.15149
1499854094      10   2126    3.16788
1499854095      6   2134    3.17979
1499854096      11   2146    3.19767
1499854097      11   2157    3.21406
1499854098      11   2168    3.23044
1499854099      7   2175    3.24087
1499854100      11   2187    3.25874
1499854101      11   2199    3.27662
1499854102      11   2211    3.2945
1499854104      7   2219    3.30641
1499854105      11   2231    3.32429
1499854106      11   2243    3.34216
1499854107      11   2255    3.36004
1499854108      7   2263    3.37196
1499854109      11   2275    3.38983
1499854110      10   2285    3.40473
1499854111      10   2296    3.42111
1499854112      7   2304    3.43303
1499854113      11   2316    3.45091
1499854114      11   2327    3.46729
1499854116      11   2338    3.48368
1499854117      6   2345    3.49411
1499854118      11   2357    3.51198
1499854119      10   2369    3.52986
1499854120      8   2380    3.54624
1499854121      9   2389    3.55965
1499854122      11   2401    3.57753
1499854124      11   2413    3.5954
1499854125      7   2421    3.60732
1499854126      11   2433    3.6252
1499854127      11   2445    3.64307
1499854128      11   2457    3.66095
1499854129      6   2463    3.66988
1499854130      11   2474    3.68627
1499854131      11   2486    3.70415
1499854132      11   2497    3.72053
1499854133      6   2503    3.72947
1499854134      11   2515    3.74735
1499854135      11   2526    3.76373
1499854136      11   2537    3.78012
1499854137      7   2544    3.79055
1499854138      11   2556    3.80842
1499854140      11   2568    3.8263
1499854141      11   2580    3.84417
1499854142      7   2588    3.85609
1499854143      11   2600    3.87397
1499854144      10   2612    3.89184
1499854145      11   2623    3.90823
1499854146      6   2629    3.91716
1499854147      11   2641    3.93504
1499854148      10   2653    3.95292
1499854149      11   2664    3.9693
1499854151      8   2673    3.98271
1499854152      11   2684    3.99909
1499854153      10   2694    4.01399
1499854154      11   2705    4.03038
1499854155      7   2712    4.0408
1499854156      10   2723    4.05719
1499854157      11   2734    4.07358
1499854158      10   2744    4.08847
1499854159      7   2752    4.10039
1499854160      10   2762    4.11529
1499854161      11   2773    4.13167
1499854162      11   2784    4.14806
1499854163      6   2790    4.157
1499854164      10   2800    4.17189
1499854165      11   2811    4.18828
1499854166      11   2822    4.20467
1499854167      7   2831    4.21807
1499854169      11   2843    4.23595
1499854170      11   2855    4.25382
1499854171      11   2867    4.2717
1499854172      7   2875    4.28362
1499854173      11   2886    4.3
1499854174      11   2897    4.31639
1499854175      10   2908    4.33277
1499854176      7   2916    4.34469
1499854177      9   2925    4.3581
1499854178      11   2937    4.37597
1499854179      11   2949    4.39385
1499854180      11   2960    4.41024
