1482979916      1498   1498    0.00285721
1482979917      1499   2997    0.00571632
1482979918      1500   4497    0.00857735
1482979919      1499   5996    0.0114365
1482979920      1499   7495    0.0142956
1482979921      1500   8996    0.0171585
1482979922      1500   10496    0.0200195
1482979923      1499   11995    0.0228786
1482979924      1499   13495    0.0257397
1482979925      1232   14727    0.0280895
1482979926      1335   16062    0.0306358
1482979927      1314   17376    0.0331421
1482979928      1346   18722    0.0357094
1482979929      1197   19998    0.0381432
1482979930      1345   21343    0.0407085
1482979931      1344   22687    0.043272
1482979932      1338   24025    0.0458241
1482979933      1204   25358    0.0483665
1482979934      1350   26708    0.0509415
1482979935      1072   27780    0.0529861
1482979936      1353   29133    0.0555668
1482979937      1170   30347    0.0578823
1482979938      1310   31657    0.0603809
1482979939      1354   33011    0.0629635
1482979940      1327   34338    0.0654945
1482979941      1355   35693    0.068079
1482979942      1180   36873    0.0703297
1482979943      1342   38215    0.0728893
1482979944      1350   39565    0.0754642
1482979945      1074   40696    0.0776215
1482979946      1247   41943    0.0799999
1482979947      1321   43264    0.0825195
1482979948      1353   44617    0.0851002
1482979949      1310   45927    0.0875988
1482979950      1190   47128    0.0898895
1482979951      1351   48479    0.0924664
1482979952      1330   49809    0.0950031
1482979953      1355   51164    0.0975876
1482979954      1207   52488    0.100113
1482979955      1328   53816    0.102646
1482979956      1214   55030    0.104961
1482979957      1333   56363    0.107504
1482979958      1180   57543    0.109755
1482979959      1341   58884    0.112312
1482979960      1311   60195    0.114813
1482979961      1351   61546    0.11739
1482979962      1200   62837    0.119852
1482979963      1326   64163    0.122381
1482979964      1352   65515    0.12496
1482979965      1345   66860    0.127525
1482979966      1002   67862    0.129436
1482979967      1348   69210    0.132008
1482979968      1352   70562    0.134586
1482979969      1342   71904    0.137146
1482979970      1153   73186    0.139591
1482979971      1359   74545    0.142183
1482979972      1343   75888    0.144745
1482979973      1345   77233    0.14731
1482979974      1201   78546    0.149815
1482979975      1337   79883    0.152365
1482979976      1349   81232    0.154938
1482979977      1126   82358    0.157085
1482979978      1164   83535    0.15933
1482979979      1183   84718    0.161587
1482979980      1351   86069    0.164164
1482979981      1209   87278    0.16647
1482979982      1349   88627    0.169043
1482979983      1303   89930    0.171528
1482979984      959   91039    0.173643
1482979985      1354   92393    0.176226
1482979986      1329   93722    0.178761
1482979988      991   94956    0.181114
1482979989      1360   96316    0.183708
1482979990      1353   97669    0.186289
1482979991      1349   99018    0.188862
1482979992      1202   100316    0.191338
1482979993      1350   101666    0.193913
1482979994      1341   103007    0.19647
1482979995      1346   104353    0.199038
1482979996      1206   105676    0.201561
1482979997      1344   107020    0.204124
1482979998      1345   108365    0.20669
1482979999      1007   109372    0.208611
1482980000      1204   110665    0.211077
1482980001      1346   112011    0.213644
1482980002      1343   113354    0.216206
1482980003      1334   114688    0.21875
1482980004      1195   116025    0.2213
1482980005      1360   117385    0.223894
1482980006      1344   118729    0.226458
1482980007      1347   120076    0.229027
1482980008      1199   121385    0.231524
1482980009      979   122364    0.233391
1482980010      1352   123716    0.23597
1482980011      1345   125061    0.238535
1482980012      873   125934    0.2402
1482980013      1346   127280    0.242767
1482980014      1188   128518    0.245129
1482980015      1359   129877    0.247721
1482980016      1325   131202    0.250248
1482980017      1352   132554    0.252827
1482980018      1321   133875    0.255346
1482980019      1188   135063    0.257612
1482980020      1213   136276    0.259926
1482980021      1327   137603    0.262457
1482980022      1199   138867    0.264868
1482980023      1332   140199    0.267408
1482980024      1352   141551    0.269987
1482980025      1322   142873    0.272509
1482980026      1352   144225    0.275087
1482980027      1198   145423    0.277372
1482980028      1338   146761    0.279924
1482980029      1343   148104    0.282486
1482980030      1071   149216    0.284607
1482980031      1350   150566    0.287182
1482980032      1351   151917    0.289759
1482980033      1336   153253    0.292307
1482980034      1213   154576    0.29483
1482980035      1357   155933    0.297419
1482980036      1353   157286    0.299999
1482980037      1308   158594    0.302494
1482980038      1225   159936    0.305054
1482980039      1205   161141    0.307352
1482980040      1319   162460    0.309868
1482980041      1200   163660    0.312157
1482980042      1115   164925    0.314569
1482980043      1358   166283    0.31716
1482980044      1355   167638    0.319744
1482980045      1245   168883    0.322119
1482980046      1254   170137    0.324511
1482980048      1072   171357    0.326838
1482980049      1250   172607    0.329222
1482980050      1352   173959    0.3318
1482980051      1343   175302    0.334362
1482980052      1032   176346    0.336353
1482980053      1356   177702    0.33894
1482980054      1355   179057    0.341524
1482980055      1344   180401    0.344088
1482980056      1213   181706    0.346577
1482980057      1358   183064    0.349167
1482980058      1342   184406    0.351727
1482980059      1351   185757    0.354303
1482980060      1217   187066    0.3568
1482980061      1357   188423    0.359388
1482980062      1351   189774    0.361965
1482980063      1099   190983    0.364271
1482980064      1351   192334    0.366848
1482980065      1350   193684    0.369423
1482980066      1343   195027    0.371984
1482980067      1221   196343    0.374495
1482980068      1353   197696    0.377075
1482980069      1353   199049    0.379656
1482980070      1346   200395    0.382223
1482980071      1221   201703    0.384718
1482980072      1356   203059    0.387304
1482980073      1212   204271    0.389616
1482980074      1223   205620    0.392189
1482980075      1359   206979    0.394781
1482980076      1354   208333    0.397364
1482980077      1344   209677    0.399927
1482980078      1214   210980    0.402412
1482980079      1358   212338    0.405003
1482980080      1343   213681    0.407564
1482980081      1350   215031    0.410139
1482980082      1218   216340    0.412636
1482980083      1217   217557    0.414957
1482980084      1350   218907    0.417532
1482980085      1343   220250    0.420094
1482980086      1198   221448    0.422379
1482980087      1352   222800    0.424957
1482980088      1355   224155    0.427542
1482980089      1351   225506    0.430119
1482980090      1192   226698    0.432392
1482980091      1356   228054    0.434978
1482980092      1346   229400    0.437546
1482980093      1098   230606    0.439846
1482980094      1360   231966    0.44244
1482980095      1345   233311    0.445005
1482980096      1350   234661    0.44758
1482980097      1211   235966    0.450069
1482980098      1346   237312    0.452637
1482980099      1350   238662    0.455212
1482980100      1352   240014    0.45779
1482980101      1211   241326    0.460293
1482980102      1355   242681    0.462877
1482980103      1354   244035    0.46546
1482980105      1096   245243    0.467764
1482980106      1186   246429    0.470026
1482980107      1235   247664    0.472382
1482980108      1269   248933    0.474802
1482980109      1184   250117    0.47706
1482980110      1343   251460    0.479622
1482980111      1207   252747    0.482077
1482980112      1358   254105    0.484667
1482980113      1346   255451    0.487234
1482980114      1351   256802    0.489811
1482980115      1065   257867    0.491842
1482980116      1347   259214    0.494411
1482980117      1344   260558    0.496975
1482980118      1350   261908    0.49955
1482980119      1195   263103    0.501829
1482980120      1356   264459    0.504416
1482980121      1341   265800    0.506973
1482980122      1347   267147    0.509542
1482980123      1213   268456    0.512039
1482980124      1352   269808    0.514618
1482980125      1352   271160    0.517197
1482980126      1211   272371    0.519506
1482980127      1198   273569    0.521791
1482980128      1352   274921    0.52437
1482980129      1353   276274    0.526951
1482980130      1347   277621    0.52952
1482980131      1198   278819    0.531805
1482980132      1350   280169    0.53438
1482980133      1356   281525    0.536966
1482980134      1345   282870    0.539532
1482980135      1219   284165    0.542002
1482980136      1221   285386    0.544331
1482980137      1351   286737    0.546907
1482980138      1222   288082    0.549473
1482980139      1359   289441    0.552065
1482980140      1355   290796    0.554649
1482980141      1346   292142    0.557217
1482980142      1213   293442    0.559696
1482980143      1356   294798    0.562283
1482980144      1345   296143    0.564848
1482980145      1353   297496    0.567429
1482980146      1061   298557    0.569452
1482980147      1350   299907    0.572027
1482980148      1346   301253    0.574594
1482980149      1331   302584    0.577133
1482980150      1181   303791    0.579435
1482980151      1349   305140    0.582008
1482980152      1336   306476    0.584557
1482980153      1344   307820    0.58712
1482980154      1204   309151    0.589659
1482980155      1341   310492    0.592216
1482980156      1344   311836    0.59478
1482980157      1166   313002    0.597004
1482980158      1166   314168    0.599228
1482980159      1340   315508    0.601784
1482980160      1335   316843    0.60433
1482980161      1103   317946    0.606434
1482980162      1339   319285    0.608988
1482980163      1090   320572    0.611443
1482980164      1205   321777    0.613741
1482980165      1311   323088    0.616241
1482980166      1335   324423    0.618788
1482980167      1022   325561    0.620958
1482980168      1353   326914    0.623539
1482980169      1335   328249    0.626085
1482980170      1344   329593    0.628649
1482980171      1200   330921    0.631182
1482980172      1342   332263    0.633741
1482980173      1240   333503    0.636106
1482980174      1325   334828    0.638634
1482980175      1355   336183    0.641218
1482980176      1172   337355    0.643454
1482980177      1351   338706    0.64603
1482980178      1210   339916    0.648338
1482980180      1213   341270    0.650921
1482980181      1359   342629    0.653513
1482980182      1344   343973    0.656076
1482980183      1343   345316    0.658638
1482980184      1208   346630    0.661144
1482980185      1345   347975    0.66371
1482980186      1343   349318    0.666271
1482980187      1333   350651    0.668814
1482980188      1200   351990    0.671368
1482980189      1216   353206    0.673687
1482980190      1346   354552    0.676254
1482980191      1343   355895    0.678816
1482980192      1178   357073    0.681063
1482980193      1328   358401    0.683596
1482980194      1343   359744    0.686157
1482980195      1329   361073    0.688692
1482980196      1197   362339    0.691107
1482980197      1350   363689    0.693682
1482980198      1318   365007    0.696196
1482980199      982   366256    0.698578
1482980200      1359   367615    0.70117
1482980201      1345   368960    0.703735
1482980202      1347   370307    0.706305
1482980203      1209   371616    0.708801
1482980204      1359   372975    0.711393
1482980205      1345   374320    0.713959
1482980206      1345   375665    0.716524
1482980207      1210   376976    0.719025
1482980208      1330   378306    0.721561
1482980209      1351   379657    0.724138
1482980210      1170   380827    0.72637
1482980211      1186   382013    0.728632
1482980212      1342   383355    0.731192
1482980213      1326   384681    0.733721
1482980214      1352   386033    0.7363
1482980215      1200   387325    0.738764
1482980216      1358   388683    0.741354
1482980217      1315   389998    0.743862
1482980218      1349   391347    0.746435
1482980219      1210   392685    0.748987
1482980220      1142   393827    0.751165
1482980221      1357   395184    0.753754
1482980222      1335   396519    0.7563
1482980223      1164   397683    0.75852
1482980224      1342   399025    0.76108
1482980225      1300   400325    0.763559
1482980226      1219   401544    0.765884
1482980227      1233   402777    0.768236
1482980228      1221   403998    0.770565
1482980229      1127   405178    0.772816
1482980230      1216   406394    0.775135
1482980231      972   407366    0.776989
1482980232      1342   408708    0.779549
1482980233      1344   410052    0.782112
1482980234      1168   411239    0.784376
1482980235      1333   412572    0.786919
1482980236      1355   413927    0.789503
1482980237      1336   415263    0.792051
1482980239      1199   416599    0.7946
1482980240      1361   417960    0.797195
1482980241      1315   419275    0.799704
1482980242      983   420516    0.802071
1482980243      1358   421874    0.804661
1482980244      1356   423230    0.807247
1482980245      1348   424578    0.809818
1482980246      1189   425876    0.812294
1482980247      1353   427229    0.814875
1482980248      1340   428569    0.81743
1482980249      1339   429908    0.819984
1482980250      1201   431236    0.822517
1482980251      1332   432568    0.825058
1482980252      1352   433920    0.827637
1482980253      1006   434926    0.829556
1482980254      1213   436225    0.832033
1482980255      1323   437548    0.834557
1482980256      1348   438896    0.837128
1482980257      1339   440235    0.839682
1482980258      1342   441577    0.842241
1482980259      1197   442774    0.844524
1482980260      1345   444119    0.84709
1482980261      1338   445457    0.849642
1482980262      1344   446801    0.852205
1482980263      1060   447861    0.854227
1482980264      1346   449207    0.856794
1482980265      1352   450559    0.859373
1482980266      1335   451894    0.861919
1482980267      1190   453084    0.864189
1482980268      1352   454436    0.866768
1482980269      952   455388    0.868584
1482980270      1355   456743    0.871168
1482980271      1346   458089    0.873735
1482980272      1227   459438    0.876308
1482980273      1351   460789    0.878885
1482980274      1212   462001    0.881197
1482980275      1228   463355    0.88378
1482980276      1349   464704    0.886353
1482980277      1347   466051    0.888922
1482980278      1354   467405    0.891504
1482980279      1215   468715    0.894003
1482980280      1351   470066    0.89658
1482980281      1281   471347    0.899023
1482980282      1352   472699    0.901602
1482980283      1183   473882    0.903858
1482980284      941   474823    0.905653
1482980285      1354   476177    0.908236
1482980286      1344   477521    0.910799
1482980287      1351   478872    0.913376
1482980288      1208   480136    0.915787
1482980289      1355   481491    0.918371
1482980290      1326   482817    0.9209
1482980291      1329   484146    0.923435
1482980293      1221   485496    0.92601
1482980294      1358   486854    0.9286
1482980295      1343   488197    0.931162
1482980296      1210   489407    0.93347
1482980297      1199   490606    0.935757
1482980298      1348   491954    0.938328
1482980299      1343   493297    0.940889
1482980300      1349   494646    0.943462
1482980301      1171   495845    0.945749
1482980302      1359   497204    0.948341
1482980303      1340   498544    0.950897
1482980304      1345   499889    0.953463
