1481908527      1498   1498    0.00285721
1481908528      1499   2997    0.00571632
1481908529      1500   4497    0.00857735
1481908530      1499   5996    0.0114365
1481908531      1499   7495    0.0142956
1481908532      1500   8995    0.0171566
1481908533      1499   10494    0.0200157
1481908534      1499   11993    0.0228748
1481908535      1500   13493    0.0257359
1481908536      1499   14992    0.028595
1481908537      1464   16456    0.0313873
1481908538      1381   17837    0.0340214
1481908539      1382   19219    0.0366573
1481908540      1381   20600    0.0392914
1481908541      1264   21864    0.0417023
1481908542      1382   23246    0.0443382
1481908543      1382   24628    0.0469742
1481908544      1265   25969    0.0495319
1481908545      1388   27357    0.0521793
1481908546      1383   28740    0.0548172
1481908547      1363   30103    0.0574169
1481908548      1217   31329    0.0597553
1481908549      1304   32641    0.0622578
1481908550      1390   34031    0.064909
1481908551      1347   35378    0.0674782
1481908552      1382   36760    0.0701141
1481908553      1265   38025    0.0725269
1481908554      1382   39407    0.0751629
1481908555      1381   40788    0.0777969
1481908556      1383   42171    0.0804348
1481908557      1265   43436    0.0828476
1481908558      1382   44818    0.0854836
1481908559      1382   46200    0.0881195
1481908560      1382   47582    0.0907555
1481908561      1265   48847    0.0931683
1481908562      1303   50150    0.0956535
1481908563      1381   51531    0.0982876
1481908564      1382   52913    0.100924
1481908565      1383   54296    0.103561
1481908566      1266   55562    0.105976
1481908567      1382   56944    0.108612
1481908568      1384   58328    0.111252
1481908569      1238   59681    0.113832
1481908570      1390   61071    0.116484
1481908571      1384   62455    0.119123
1481908572      1383   63838    0.121761
1481908573      1266   65104    0.124176
1481908574      1305   66409    0.126665
1481908575      1382   67791    0.129301
1481908576      1383   69174    0.131939
1481908577      1384   70558    0.134579
1481908578      1266   71824    0.136993
1481908579      1382   73206    0.139629
1481908580      1384   74590    0.142269
1481908581      1383   75973    0.144907
1481908582      1265   77238    0.14732
1481908583      1383   78621    0.149958
1481908584      1382   80003    0.152594
1481908585      1274   81361    0.155184
1481908586      1163   82673    0.157686
1481908587      1251   83924    0.160072
1481908588      1178   85102    0.162319
1481908589      1222   86324    0.16465
1481908590      1265   87589    0.167063
1481908591      1365   88954    0.169666
1481908592      1136   90177    0.171999
1481908593      1388   91565    0.174646
1481908594      1382   92947    0.177282
1481908595      1382   94329    0.179918
1481908596      1264   95593    0.182329
1481908597      1382   96975    0.184965
1481908598      1304   98279    0.187452
1481908599      1382   99661    0.190088
1481908600      1382   101043    0.192724
1481908601      1248   102291    0.195105
1481908602      1381   103672    0.197739
1481908603      1382   105054    0.200375
1481908604      1382   106436    0.203011
1481908605      1262   107698    0.205418
1481908606      1382   109080    0.208054
1481908607      1383   110463    0.210691
1481908608      1381   111844    0.213326
1481908609      1264   113108    0.215736
1481908611      1037   114241    0.217897
1481908612      1389   115630    0.220547
1481908613      1382   117012    0.223183
1481908614      1383   118395    0.225821
1481908615      1263   119658    0.22823
1481908616      1381   121039    0.230864
1481908617      1383   122422    0.233501
1481908618      1381   123803    0.236135
1481908619      1265   125068    0.238548
1481908620      1383   126451    0.241186
1481908621      1382   127833    0.243822
1481908622      1382   129215    0.246458
1481908623      1218   130433    0.248781
1481908624      1118   131551    0.250914
1481908625      1263   132814    0.253323
1481908626      1383   134197    0.25596
1481908627      1382   135579    0.258596
1481908628      1382   136961    0.261232
1481908628      1264   138225    0.263643
1481908629      1341   139566    0.266201
1481908630      1383   140949    0.268839
1481908631      1379   142328    0.271469
1481908632      1266   143594    0.273884
1481908633      1383   144977    0.276522
1481908634      1384   146361    0.279161
1481908635      1001   147362    0.281071
1481908636      1382   148744    0.283707
1481908638      1274   150097    0.286287
1481908639      1390   151487    0.288939
1481908640      1382   152869    0.291574
1481908641      1384   154253    0.294214
1481908642      1219   155472    0.296539
1481908643      1383   156855    0.299177
1481908644      1383   158238    0.301815
1481908645      1382   159620    0.304451
1481908646      1242   160862    0.30682
1481908647      1382   162244    0.309456
1481908648      1303   163547    0.311941
1481908649      1382   164929    0.314577
1481908650      1382   166311    0.317213
1481908651      1264   167575    0.319624
1481908652      1382   168957    0.32226
1481908653      1364   170321    0.324862
1481908654      1221   171542    0.32719
1481908655      1156   172698    0.329395
1481908656      1157   173855    0.331602
1481908657      1250   175105    0.333986
1481908658      1384   176489    0.336626
1481908659      1383   177872    0.339264
1481908660      1336   179208    0.341812
1481908661      1001   180209    0.343721
1481908662      1383   181592    0.346359
1481908663      1265   182857    0.348772
1481908664      1383   184240    0.35141
1481908665      1382   185622    0.354046
1481908666      1382   187004    0.356682
1481908667      1265   188269    0.359095
1481908668      1382   189651    0.361731
1481908669      1383   191034    0.364368
1481908670      1271   192385    0.366945
1481908671      1389   193774    0.369595
1481908672      1383   195157    0.372232
1481908673      1001   196158    0.374142
1481908674      1382   197540    0.376778
1481908675      1382   198922    0.379414
1481908676      1259   200181    0.381815
1481908677      1382   201563    0.384451
1481908678      1383   202946    0.387089
1481908679      1375   204321    0.389711
1481908680      1263   205584    0.39212
1481908681      1384   206968    0.39476
1481908682      1382   208350    0.397396
1481908683      1379   209729    0.400026
1481908684      1266   210995    0.402441
1481908685      1303   212298    0.404926
1481908686      1356   213654    0.407513
1481908687      1383   215037    0.410151
1481908688      1382   216419    0.412786
1481908689      1263   217682    0.415195
1481908690      1383   219065    0.417833
1481908691      1381   220446    0.420467
1481908692      1274   221809    0.423067
1481908693      1343   223152    0.425629
1481908694      1382   224534    0.428265
1481908695      1368   225902    0.430874
1481908696      1260   227169    0.43329
1481908697      1293   228481    0.435793
1481908698      1389   229870    0.438442
1481908699      1379   231249    0.441072
1481908700      1382   232631    0.443708
1481908701      1265   233896    0.446121
1481908702      1381   235277    0.448755
1481908703      1335   236612    0.451302
1481908704      1382   237994    0.453938
1481908705      1265   239259    0.45635
1481908706      1382   240641    0.458986
1481908707      1383   242024    0.461624
1481908708      1382   243406    0.46426
1481908709      1068   244561    0.466463
1481908710      1304   245873    0.468966
1481908711      1389   247262    0.471615
1481908712      1382   248644    0.474251
1481908713      1323   249967    0.476774
1481908714      1110   251233    0.479189
1481908715      1329   252562    0.481724
1481908716      1156   253718    0.483929
1481908717      1221   254939    0.486258
1481908718      1174   256113    0.488497
1481908719      1333   257446    0.491039
1481908720      1227   258737    0.493502
1481908721      1390   260127    0.496153
1481908722      1303   261430    0.498638
1481908723      1383   262813    0.501276
1481908724      1382   264195    0.503912
1481908725      1265   265460    0.506325
1481908726      1383   266843    0.508963
1481908727      1382   268225    0.511599
1481908728      1382   269607    0.514235
1481908729      1264   270871    0.516645
1481908730      1380   272251    0.519278
1481908731      1381   273632    0.521912
1481908732      1381   275013    0.524546
1481908733      1265   276278    0.526958
1481908734      1303   277581    0.529444
1481908735      1383   278964    0.532082
1481908736      1382   280346    0.534718
1481908737      1268   281729    0.537355
1481908738      1388   283117    0.540003
1481908739      1382   284499    0.542639
1481908740      1381   285880    0.545273
1481908741      1264   287144    0.547684
1481908742      1381   288525    0.550318
1481908743      1382   289907    0.552954
1481908744      1383   291290    0.555592
1481908745      1264   292554    0.558002
1481908746      1303   293857    0.560488
1481908747      1383   295240    0.563126
1481908748      1381   296621    0.56576
1481908749      1381   298002    0.568394
1481908750      1266   299268    0.570808
1481908751      1381   300649    0.573442
1481908752      1382   302031    0.576078
1481908753      1273   303409    0.578707
1481908754      1388   304797    0.581354
1481908755      1383   306180    0.583992
1481908756      1381   307561    0.586626
1481908757      1263   308824    0.589035
1481908758      1304   310128    0.591522
1481908759      1381   311509    0.594156
1481908760      1381   312890    0.59679
1481908761      1382   314272    0.599426
1481908762      1263   315535    0.601835
1481908763      1381   316916    0.604469
1481908764      1382   318298    0.607105
1481908765      1382   319680    0.609741
1481908766      1263   320943    0.61215
1481908767      1383   322326    0.614788
1481908768      1382   323708    0.617424
1481908769      1276   325089    0.620058
1481908770      1304   326401    0.622561
1481908771      1390   327791    0.625212
1481908772      1381   329172    0.627846
1481908773      1219   330391    0.630171
1481908774      1226   331617    0.632509
1481908775      1126   332833    0.634829
1481908776      1319   334152    0.637344
1481908777      1360   335512    0.639938
1481908778      1245   336757    0.642313
1481908779      1289   338046    0.644772
1481908780      1128   339265    0.647097
1481908781      1312   340577    0.649599
1481908782      1304   341881    0.652086
1481908783      1278   343159    0.654524
1481908784      1304   344463    0.657011
1481908785      1304   345767    0.659498
1481908786      1153   347009    0.661867
1481908787      1307   348316    0.66436
1481908788      1380   349696    0.666992
1481908789      1380   351076    0.669624
1481908790      1259   352369    0.672091
1481908791      1386   353755    0.674734
1481908792      1377   355132    0.677361
1481908793      1380   356512    0.679993
1481908794      1264   357776    0.682404
1481908795      1302   359078    0.684887
1481908796      1382   360460    0.687523
1481908797      1382   361842    0.690159
1481908798      1381   363223    0.692793
1481908799      1263   364486    0.695202
1481908800      1382   365868    0.697838
1481908801      1381   367249    0.700472
1481908802      1381   368630    0.703106
1481908803      1264   369894    0.705517
1481908804      1381   371275    0.708151
1481908805      1382   372657    0.710787
1481908806      1383   374040    0.713425
1481908807      1263   375303    0.715834
1481908808      1117   376420    0.717964
1481908809      1264   377684    0.720375
1481908810      1380   379064    0.723007
1481908811      1382   380446    0.725643
1481908813      1272   381793    0.728212
1481908814      1388   383181    0.73086
1481908815      1382   384563    0.733496
1481908816      1383   385946    0.736134
1481908817      1223   387169    0.738466
1481908818      1381   388550    0.7411
1481908819      1382   389932    0.743736
1481908820      1381   391313    0.74637
1481908820      1004   392317    0.748285
1481908821      1382   393699    0.750921
1481908822      1264   394963    0.753332
1481908823      1382   396345    0.755968
1481908824      1382   397727    0.758604
1481908825      1382   399109    0.76124
1481908826      1264   400373    0.763651
1481908827      1383   401756    0.766289
1481908828      1382   403138    0.768925
1481908829      1382   404520    0.771561
1481908830      1265   405785    0.773973
1481908831      1381   407166    0.776608
1481908832      989   408155    0.778494
1481908833      1383   409538    0.781132
1481908834      1381   410919    0.783766
1481908836      1228   412289    0.786379
1481908837      1389   413678    0.789028
1481908838      1366   415044    0.791634
1481908839      1304   416348    0.794121
1481908840      1224   417572    0.796455
1481908841      1100   418721    0.798647
1481908842      1379   420100    0.801277
1481908843      1382   421482    0.803913
1481908844      1366   422848    0.806519
1481908845      1265   424113    0.808931
1481908846      1304   425417    0.811419
1481908847      1384   426801    0.814058
1481908848      1382   428183    0.816694
1481908849      1382   429565    0.81933
1481908850      1266   430831    0.821745
1481908851      1383   432214    0.824383
1481908852      1382   433596    0.827019
1481908853      1383   434979    0.829657
1481908854      1264   436243    0.832067
1481908855      1382   437625    0.834703
1481908856      1383   439008    0.837341
1481908857      1382   440390    0.839977
1481908858      1302   441692    0.842461
1481908859      1268   442960    0.844879
1481908860      1382   444342    0.847515
1481908861      1383   445725    0.850153
1481908862      1245   447073    0.852724
1481908863      1389   448462    0.855373
1481908864      1382   449844    0.858009
1481908865      1382   451226    0.860645
1481908866      1265   452491    0.863058
1481908867      1381   453872    0.865692
1481908868      1381   455253    0.868326
1481908869      1382   456635    0.870962
1481908870      1020   457655    0.872908
1481908871      1382   459037    0.875544
1481908872      1265   460302    0.877956
1481908873      1359   461661    0.880548
1481908874      1382   463043    0.883184
1481908875      1383   464426    0.885822
1481908876      1266   465692    0.888237
1481908877      1383   467075    0.890875
1481908878      1383   468458    0.893513
1481908879      1274   469825    0.89612
1481908880      1389   471214    0.898769
1481908881      1382   472596    0.901405
1481908882      1302   473898    0.903889
1481908883      1381   475279    0.906523
1481908884      1266   476545    0.908937
1481908885      1382   477927    0.911573
1481908886      1382   479309    0.914209
1481908887      1383   480692    0.916847
1481908888      1265   481957    0.91926
1481908889      1382   483339    0.921896
1481908890      1381   484720    0.92453
1481908891      1382   486102    0.927166
1481908892      1265   487367    0.929579
1481908893      1383   488750    0.932217
1481908894      1300   490050    0.934696
1481908895      1381   491431    0.93733
1481908896      1383   492814    0.939968
1481908897      1264   494078    0.942379
1481908898      1221   495299    0.944708
1481908899      1157   496456    0.946915
1481908900      1376   497832    0.949539
1481908901      1220   499052    0.951866
