1485790145      1424   1425    0.0108719
1485790146      1419   2846    0.0217133
1485790147      1402   4249    0.0324173
1485790148      1399   5648    0.0430908
1485790149      804   6461    0.0492935
1485790150      1171   7632    0.0582275
1485790151      892   8606    0.0656586
1485790152      1185   9791    0.0746994
1485790153      889   10680    0.0814819
1485790154      852   11532    0.0879822
1485790155      1174   12706    0.0969391
1485790156      879   13636    0.104034
1485790157      1182   14818    0.113052
1485790158      889   15707    0.119835
1485790159      844   16551    0.126274
1485790160      1172   17723    0.135216
1485790161      884   18666    0.14241
1485790162      1182   19848    0.151428
1485790163      889   20737    0.158211
1485790164      839   21576    0.164612
1485790165      1171   22747    0.173546
1485790166      890   23696    0.180786
1485790167      1180   24876    0.189789
1485790168      882   25758    0.196518
1485790169      842   26600    0.202942
1485790170      1172   27772    0.211884
1485790171      885   28726    0.219162
1485790172      1178   29904    0.228149
1485790173      889   30793    0.234932
1485790174      855   31648    0.241455
1485790175      1177   32825    0.250435
1485790176      880   33756    0.257538
1485790177      1182   34938    0.266556
1485790178      892   35830    0.273361
1485790179      721   36641    0.279549
1485790180      1179   37820    0.288544
1485790181      890   38786    0.295914
1485790182      1180   39966    0.304916
1485790183      889   40855    0.311699
1485790184      837   41692    0.318085
1485790185      1176   42868    0.327057
1485790186      880   43816    0.33429
1485790187      1185   45001    0.34333
1485790188      890   45891    0.350121
1485790189      845   46736    0.356567
1485790190      1172   47908    0.365509
1485790191      881   48846    0.372665
1485790192      1179   50025    0.38166
1485790193      886   50911    0.38842
1485790194      841   51752    0.394836
1485790195      1176   52928    0.403809
1485790197      885   53876    0.411041
1485790198      1180   55056    0.420044
1485790199      892   55948    0.426849
1485790200      850   56798    0.433334
1485790201      1174   57972    0.442291
1485790202      876   58906    0.449417
1485790203      1176   60082    0.458389
1485790204      891   60973    0.465187
1485790205      853   61826    0.471695
1485790206      1174   63000    0.480652
1485790207      881   63936    0.487793
1485790208      1182   65118    0.496811
1485790209      891   66009    0.503609
1485790210      847   66856    0.510071
1485790211      1174   68030    0.519028
1485790212      875   68966    0.526169
1485790213      1177   70143    0.535149
1485790214      890   71033    0.541939
1485790215      753   71851    0.54818
1485790216      655   72566    0.553635
1485790217      1184   73750    0.562668
1485790218      891   74711    0.57
1485790219      896   75607    0.576836
1485790220      1167   76774    0.585739
1485790221      844   77618    0.592178
1485790222      1172   78790    0.60112
1485790223      883   79741    0.608376
1485790224      880   80621    0.615089
1485790225      1174   81795    0.624046
1485790226      849   82644    0.630524
1485790227      1172   83816    0.639465
1485790228      888   84771    0.646751
1485790229      897   85668    0.653595
1485790230      1166   86834    0.662491
1485790231      836   87670    0.668869
1485790232      1175   88845    0.677834
1485790233      888   89801    0.685127
1485790234      893   90694    0.69194
1485790235      1178   91872    0.700928
1485790236      848   92720    0.707397
1485790237      1176   93896    0.71637
1485790238      880   94831    0.723503
1485790239      895   95726    0.730331
1485790240      1165   96891    0.73922
1485790241      835   97726    0.74559
1485790242      1178   98904    0.754578
1485790243      884   99861    0.761879
1485790244      699   100601    0.767525
1485790245      1123   101724    0.776093
1485790247      866   102746    0.78389
1485790248      1039   103785    0.791817
1485790249      868   104891    0.800255
1485790250      622   105631    0.805901
1485790251      1182   106813    0.814919
1485790252      816   107776    0.822266
1485790253      1047   108823    0.830254
1485790255      862   109921    0.838631
1485790256      788   110709    0.844643
1485790257      1162   111871    0.853508
1485790258      791   112806    0.860641
1485790259      1176   113982    0.869614
1485790260      883   114951    0.877007
1485790261      893   115844    0.88382
1485790262      1173   117017    0.892769
1485790263      856   117873    0.8993
1485790264      1176   119049    0.908272
1485790265      877   119981    0.915382
1485790266      894   120875    0.922203
1485790267      1167   122042    0.931107
1485790268      837   122879    0.937492
1485790269      1172   124051    0.946434
1485790270      889   125011    0.953758
1485790271      893   125904    0.960571
1485790272      1173   127077    0.969521
1485790273      847   127924    0.975983
1485790274      1178   129102    0.98497
1485790275      878   130041    0.992134
1485790276      881   130922    0.998856
1485790277      1175   132097    1.00782
1485790278      851   132948    1.01431
1485790279      1174   134122    1.02327
1485790280      866   135071    1.03051
1485790281      872   135943    1.03716
1485790282      1169   137112    1.04608
1485790283      835   137956    1.05252
1485790284      1169   139125    1.06144
1485790285      888   140101    1.06889
1485790286      893   140994    1.0757
1485790287      1168   142162    1.08461
1485790288      833   142995    1.09097
1485790289      1176   144171    1.09994
1485790290      857   145131    1.10726
1485790291      893   146024    1.11407
1485790292      1174   147198    1.12303
1485790293      852   148050    1.12953
1485790294      1162   149212    1.1384
1485790295      883   150161    1.14564
1485790296      891   151052    1.15244
1485790297      1145   152197    1.16117
1485790298      844   153046    1.16765
1485790299      1178   154224    1.17664
1485790300      890   155191    1.18401
1485790301      887   156078    1.19078
1485790302      1174   157252    1.19974
1485790303      836   158088    1.20612
1485790304      1175   159263    1.21508
1485790306      879   160221    1.22239
1485790307      893   161114    1.2292
1485790308      1175   162289    1.23817
1485790309      755   163106    1.2444
1485790310      1172   164278    1.25334
1485790311      890   165251    1.26077
1485790312      892   166143    1.26757
1485790313      1174   167317    1.27653
1485790314      839   168156    1.28293
1485790315      1175   169331    1.29189
1485790316      876   170281    1.29914
1485790317      890   171171    1.30593
1485790318      1159   172330    1.31477
1485790319      835   173166    1.32115
1485790320      1177   174343    1.33013
1485790321      887   175311    1.33752
1485790322      893   176204    1.34433
1485790323      1174   177378    1.35329
1485790324      842   178220    1.35971
1485790325      1168   179388    1.36862
1485790326      882   180341    1.37589
1485790327      893   181234    1.38271
1485790328      1178   182412    1.39169
1485790329      823   183235    1.39797
1485790330      1165   184400    1.40686
1485790331      896   185371    1.41427
1485790332      893   186264    1.42108
1485790333      1173   187437    1.43003
1485790334      846   188283    1.43649
1485790335      1152   189435    1.44527
1485790336      887   190401    1.45264
1485790337      884   191285    1.45939
1485790338      1169   192454    1.46831
1485790339      831   193286    1.47466
1485790340      1174   194460    1.48361
1485790341      892   195431    1.49102
1485790342      892   196323    1.49783
1485790343      1166   197489    1.50672
1485790344      825   198316    1.51303
1485790345      1168   199484    1.52194
1485790346      894   200461    1.5294
1485790347      892   201353    1.5362
1485790348      1176   202529    1.54517
1485790349      850   203379    1.55166
1485790350      1174   204553    1.56062
1485790351      876   205491    1.56777
1485790352      888   206379    1.57455
1485790353      1166   207545    1.58344
1485790354      835   208380    1.58981
1485790355      1176   209556    1.59879
1485790357      892   210521    1.60615
1485790358      893   211414    1.61296
1485790359      1171   212585    1.62189
1485790360      824   213409    1.62818
1485790361      1170   214579    1.63711
1485790362      888   215551    1.64452
1485790363      893   216444    1.65134
1485790364      1170   217614    1.66026
1485790365      845   218459    1.66671
1485790366      1147   219606    1.67546
1485790367      892   220581    1.6829
1485790368      738   221321    1.68855
1485790369      1038   222359    1.69646
1485790370      942   223466    1.70491
1485790371      1035   224501    1.71281
1485790372      869   225611    1.72128
1485790373      618   226351    1.72692
1485790374      1182   227533    1.73594
1485790376      807   228496    1.74329
1485790377      1010   229506    1.75099
1485790378      858   230641    1.75965
1485790379      843   231484    1.76608
1485790380      1167   232651    1.77499
1485790381      782   233526    1.78166
1485790382      1172   234698    1.7906
1485790383      888   235671    1.79803
1485790384      881   236552    1.80475
1485790385      1174   237726    1.81371
1485790386      837   238563    1.82009
1485790387      1174   239737    1.82905
1485790388      890   240701    1.8364
1485790389      890   241591    1.84319
1485790390      1153   242744    1.85199
1485790391      823   243586    1.85841
1485790392      1182   244768    1.86743
1485790393      878   245731    1.87478
1485790394      894   246625    1.8816
1485790395      1169   247794    1.89052
1485790396      851   248645    1.89701
1485790397      1066   249711    1.90514
1485790398      921   250761    1.91315
1485790399      894   251655    1.91998
1485790400      1161   252816    1.92883
1485790401      853   253669    1.93534
1485790402      1174   254843    1.9443
1485790403      885   255791    1.95153
1485790404      894   256685    1.95835
1485790405      1164   257849    1.96723
1485790407      541   258676    1.97354
1485790408      1181   259857    1.98255
1485790409      887   260821    1.98991
1485790410      896   261717    1.99674
1485790411      1169   262886    2.00566
1485790412      846   263732    2.01212
1485790413      1169   264901    2.02103
1485790414      880   265851    2.02828
1485790415      892   266743    2.03509
1485790416      1174   267917    2.04404
1485790417      840   268757    2.05045
1485790418      1169   269926    2.05937
1485790419      886   270881    2.06666
1485790420      895   271776    2.07349
1485790421      1172   272948    2.08243
1485790422      851   273799    2.08892
1485790423      1176   274975    2.09789
1485790424      881   275911    2.10503
1485790425      896   276807    2.11187
1485790426      1167   277974    2.12077
1485790427      846   278820    2.12723
1485790428      1171   279991    2.13616
1485790429      884   280941    2.14341
1485790430      897   281838    2.15025
1485790431      1176   283014    2.15923
1485790432      843   283857    2.16566
1485790433      1171   285028    2.17459
1485790434      883   285971    2.18179
1485790435      892   286863    2.18859
1485790436      1167   288030    2.19749
1485790438      684   288856    2.2038
1485790439      1181   290037    2.21281
1485790440      890   291001    2.22016
1485790441      894   291895    2.22698
1485790442      1175   293070    2.23595
1485790443      842   293912    2.24237
1485790444      1167   295079    2.25127
1485790445      886   296031    2.25854
1485790446      896   296927    2.26537
1485790447      1178   298105    2.27436
1485790448      842   298947    2.28078
1485790449      1178   300125    2.28977
1485790450      882   301061    2.29691
1485790451      895   301956    2.30374
1485790452      1173   303129    2.31269
1485790453      840   303969    2.3191
1485790454      1168   305137    2.32801
1485790455      882   306091    2.33529
1485790456      895   306986    2.34212
1485790457      1169   308155    2.35104
1485790458      839   308994    2.35744
1485790459      1167   310161    2.36634
1485790460      883   311121    2.37366
1485790461      895   312016    2.38049
1485790462      1180   313196    2.3895
1485790463      849   314045    2.39597
1485790464      1170   315215    2.4049
1485790465      877   316151    2.41204
1485790466      893   317044    2.41885
1485790467      1175   318219    2.42782
1485790468      848   319067    2.43429
1485790469      1170   320237    2.44321
1485790470      878   321181    2.45042
1485790471      893   322074    2.45723
1485790472      1162   323236    2.46609
1485790473      855   324091    2.47262
1485790474      1172   325263    2.48156
1485790475      882   326211    2.48879
1485790476      890   327101    2.49558
1485790477      1170   328271    2.50451
1485790478      842   329113    2.51093
1485790479      1172   330285    2.51987
1485790480      885   331241    2.52717
1485790481      891   332132    2.53397
1485790482      1174   333306    2.54292
1485790483      849   334155    2.5494
1485790484      1175   335330    2.55836
1485790485      879   336271    2.56554
1485790486      890   337161    2.57233
1485790487      1176   338337    2.58131
1485790488      844   339181    2.58775
1485790489      1172   340353    2.59669
1485790490      878   341301    2.60392
1485790491      891   342192    2.61072
1485790492      1170   343362    2.61964
1485790494      745   344186    2.62593
1485790495      1040   345226    2.63387
1485790496      872   346331    2.6423
1485790497      740   347071    2.64794
1485790498      1174   348245    2.6569
1485790499      829   349216    2.66431
1485790500      1034   350250    2.6722
1485790501      876   351361    2.68067
1485790502      787   352148    2.68668
1485790503      1165   353313    2.69556
1485790504      905   354218    2.70247
1485790505      225   354443    2.70419
1485790506      1175   355618    2.71315
1485790507      835   356453    2.71952
1485790508      870   357323    2.72616
1485790509      1163   358486    2.73503
1485790510      827   359313    2.74134
1485790511      1169   360482    2.75026
1485790512      872   361421    2.75742
1485790513      883   362304    2.76416
1485790514      1173   363477    2.77311
1485790515      825   364306    2.77943
1485790516      1174   365480    2.78839
1485790517      895   366451    2.7958
1485790518      891   367342    2.8026
1485790519      1173   368515    2.81155
1485790520      849   369364    2.81802
1485790521      1174   370538    2.82698
1485790522      886   371481    2.83418
1485790523      893   372374    2.84099
1485790524      1176   373550    2.84996
1485790525      854   374404    2.85648
1485790526      1175   375579    2.86544
1485790528      882   376511    2.87255
1485790529      880   377391    2.87926
1485790530      1170   378561    2.88819
1485790531      844   379405    2.89463
1485790532      1175   380580    2.90359
1485790533      884   381541    2.91093
1485790534      892   382433    2.91773
1485790535      1176   383609    2.9267
1485790536      716   384426    2.93294
1485790537      1174   385600    2.94189
1485790538      886   386571    2.9493
1485790539      874   387445    2.95597
1485790540      1172   388617    2.96491
1485790541      828   389456    2.97131
1485790542      1153   390609    2.98011
1485790543      899   391601    2.98768
1485790544      891   392492    2.99448
1485790545      1175   393667    3.00344
1485790546      845   394512    3.00989
1485790547      1171   395683    3.01882
1485790548      883   396631    3.02605
1485790549      893   397524    3.03287
1485790550      1167   398691    3.04177
1485790551      826   399517    3.04807
1485790552      1177   400694    3.05705
1485790553      888   401661    3.06443
1485790554      882   402543    3.07116
1485790555      1169   403712    3.08008
1485790556      839   404551    3.08648
1485790557      1173   405724    3.09543
1485790558      886   406691    3.10281
1485790559      891   407582    3.1096
1485790560      1172   408754    3.11855
1485790561      844   409598    3.12498
1485790562      1169   410767    3.1339
1485790563      881   411721    3.14118
1485790564      891   412612    3.14798
1485790565      1177   413789    3.15696
1485790566      845   414634    3.16341
1485790568      548   415321    3.16865
1485790569      1171   416492    3.17758
1485790570      888   417466    3.18501
1485790571      876   418342    3.1917
1485790572      1161   419503    3.20055
1485790573      844   420351    3.20702
1485790574      1169   421520    3.21594
1485790575      896   422496    3.22339
1485790576      886   423382    3.23015
1485790577      1179   424561    3.23914
1485790578      837   425398    3.24553
1485790579      1174   426572    3.25449
1485790580      884   427526    3.26176
1485790581      881   428407    3.26849
1485790582      1170   429577    3.27741
1485790583      844   430421    3.28385
1485790584      1177   431598    3.29283
1485790585      885   432556    3.30014
1485790586      897   433453    3.30698
1485790587      1172   434625    3.31593
1485790588      849   435474    3.3224
1485790589      1177   436651    3.33138
1485790590      871   437586    3.33852
1485790591      885   438471    3.34527
1485790592      1169   439640    3.35419
1485790593      834   440474    3.36055
1485790594      1174   441648    3.36951
1485790595      886   442616    3.37689
1485790596      883   443499    3.38363
1485790597      1165   444664    3.39252
1485790599      555   445501    3.3989
1485790600      1176   446677    3.40788
1485790601      885   447646    3.41527
1485790602      890   448536    3.42206
1485790603      1159   449695    3.4309
1485790604      825   450531    3.43728
1485790605      1176   451707    3.44625
1485790606      880   452676    3.45364
1485790607      903   453579    3.46053
1485790608      1168   454747    3.46944
1485790609      850   455597    3.47593
1485790610      1174   456771    3.48489
1485790611      877   457706    3.49202
1485790612      899   458605    3.49888
1485790613      1174   459779    3.50784
1485790614      850   460629    3.51432
1485790615      1174   461803    3.52328
1485790616      757   462736    3.5304
1485790617      670   463476    3.53604
1485790618      1033   464509    3.54392
1485790619      871   465621    3.55241
1485790620      1179   466800    3.5614
1485790622      720   467766    3.56877
1485790623      711   468506    3.57442
1485790624      1051   469557    3.58244
1485790625      870   470651    3.59078
1485790626      1174   471825    3.59974
1485790627      827   472796    3.60715
1485790628      703   473536    3.61279
1485790629      1054   474590    3.62083
1485790631      927   475681    3.62916
1485790632      1178   476859    3.63815
1485790633      883   477826    3.64552
1485790634      885   478711    3.65228
1485790635      1162   479873    3.66114
1485790636      834   480711    3.66753
1485790637      1172   481883    3.67648
1485790638      881   482856    3.6839
1485790639      881   483737    3.69062
1485790640      1169   484906    3.69954
1485790641      826   485741    3.70591
1485790642      1177   486918    3.71489
1485790643      889   487886    3.72227
1485790644      889   488775    3.72906
1485790645      1178   489953    3.73804
1485790646      850   490803    3.74453
1485790647      1173   491976    3.75348
1485790648      884   492916    3.76065
1485790649      885   493801    3.7674
1485790650      1171   494972    3.77634
1485790651      849   495821    3.78281
1485790652      1171   496992    3.79175
1485790653      888   497946    3.79903
1485790654      888   498834    3.8058
