1485443535      1337   1337    0.0102005
1485443536      1332   2671    0.0203781
1485443537      1334   4006    0.0305634
1485443538      1294   5301    0.0404434
1485443539      1134   6435    0.0490952
1485443540      724   7159    0.0546188
1485443542      885   8251    0.0629501
1485443543      1219   9470    0.0722504
1485443544      841   10396    0.0793152
1485443545      900   11296    0.0861816
1485443546      778   12211    0.0931625
1485443547      1192   13403    0.102257
1485443548      930   14333    0.109352
1485443549      707   15071    0.114983
1485443550      802   16171    0.123375
1485443551      1209   17380    0.132599
1485443552      786   18316    0.13974
1485443553      985   19301    0.147255
1485443555      968   20461    0.156105
1485443556      1098   21559    0.164482
1485443557      680   22276    0.169952
1485443558      1209   23485    0.179176
1485443559      792   24421    0.186317
1485443560      1032   25453    0.194191
1485443561      903   26566    0.202682
1485443562      851   27666    0.211075
1485443563      1217   28883    0.22036
1485443565      778   29811    0.22744
1485443566      1039   30850    0.235367
1485443567      899   31956    0.243805
1485443568      839   33056    0.252197
1485443569      1183   34239    0.261223
1485443570      179   34486    0.263107
1485443571      1140   35626    0.271805
1485443573      861   36631    0.279472
1485443574      742   37731    0.287865
1485443575      1150   38881    0.296638
1485443576      861   39876    0.30423
1485443577      1068   40944    0.312378
1485443579      878   42021    0.320595
1485443580      973   42994    0.328018
1485443581      799   43836    0.334442
1485443582      1193   45029    0.343544
1485443583      780   45981    0.350807
1485443584      984   46965    0.358315
1485443585      883   48126    0.367172
1485443586      938   49226    0.375565
1485443587      1004   50230    0.383224
1485443588      1104   51334    0.391647
1485443589      716   52086    0.397385
1485443590      981   53067    0.404869
1485443591      885   53952    0.411621
1485443592      1149   55101    0.420387
1485443593      918   56046    0.427597
1485443594      1218   57264    0.43689
1485443596      787   58191    0.443962
1485443597      816   59291    0.452354
1485443598      1209   60500    0.461578
1485443599      791   61436    0.468719
1485443600      1154   62590    0.477524
1485443601      834   63581    0.485085
1485443602      950   64531    0.492332
1485443603      788   65396    0.498932
1485443604      1145   66541    0.507668
1485443606      723   67541    0.515297
1485443607      1205   68746    0.52449
1485443608      805   69686    0.531662
1485443609      894   70580    0.538483
1485443610      790   71501    0.545509
1485443611      1211   72712    0.554749
1485443612      802   73646    0.561874
1485443613      1203   74849    0.571053
1485443614      645   75494    0.575974
1485443615      1105   76599    0.584404
1485443616      874   77606    0.592087
1485443617      980   78586    0.599564
1485443619      881   79751    0.608452
1485443620      929   80851    0.616844
1485443621      1206   82057    0.626045
1485443622      812   82996    0.633209
1485443623      1209   84205    0.642433
1485443624      914   85141    0.649574
1485443626      722   86241    0.657967
1485443627      1225   87466    0.667313
1485443628      899   88365    0.674171
1485443629      707   89101    0.679787
1485443630      1213   90314    0.689041
1485443631      796   91246    0.696152
1485443632      943   92346    0.704544
1485443633      1218   93564    0.713837
1485443634      909   94491    0.720909
1485443635      1013   95504    0.728638
1485443636      761   96636    0.737274
1485443638      924   97736    0.745667
1485443639      1041   98777    0.753609
1485443640      881   99881    0.762032
1485443641      1212   101093    0.771278
1485443642      794   102026    0.778397
1485443643      873   102899    0.785057
1485443644      822   103841    0.792244
1485443645      1214   105055    0.801506
1485443646      809   105986    0.808609
1485443647      1219   107205    0.817909
1485443648      683   107888    0.82312
1485443649      977   108865    0.830574
1485443651      856   109946    0.838821
1485443652      1219   111165    0.848122
1485443653      802   112091    0.855186
1485443654      816   113191    0.863579
1485443655      1202   114393    0.872749
1485443656      794   115336    0.879944
1485443657      1177   116513    0.888924
1485443658      840   117481    0.896309
1485443659      1023   118504    0.904114
1485443661      733   119296    0.910156
1485443662      1207   120503    0.919365
1485443663      811   121441    0.926521
1485443664      1214   122655    0.935783
1485443665      822   123586    0.942886
1485443666      892   124478    0.949692
1485443668      530   125401    0.956734
1485443669      1206   126607    0.965935
1485443670      830   127546    0.973099
1485443671      1020   128566    0.980881
1485443672      694   129361    0.986946
1485443673      1183   130544    0.995972
1485443674      801   131506    1.00331
1485443675      1073   132579    1.0115
1485443676      919   133651    1.01968
1485443677      1032   134683    1.02755
1485443678      880   135563    1.03426
1485443679      1214   136777    1.04353
1485443680      775   137611    1.04989
1485443681      1215   138826    1.05916
1485443682      799   139756    1.06625
1485443683      872   140628    1.07291
1485443685      765   141571    1.0801
1485443686      1153   142724    1.0889
1485443687      830   143716    1.09647
1485443688      1092   144808    1.1048
1485443689      824   145632    1.11108
1485443690      1198   146830    1.12022
1485443691      794   147676    1.12668
1485443692      1213   148890    1.13594
1485443693      803   149821    1.14304
1485443694      1034   150855    1.15093
1485443695      717   151636    1.15689
1485443696      1216   152852    1.16617
1485443697      810   153781    1.17326
1485443698      683   154496    1.17871
1485443699      1229   155725    1.18809
1485443700      529   156311    1.19256
1485443701      1208   157519    1.20177
1485443703      777   158456    1.20892
1485443704      964   159420    1.21628
1485443705      915   160601    1.22529
1485443706      937   161701    1.23368
1485443707      951   162652    1.24094
1485443708      892   163846    1.25005
1485443709      1209   165055    1.25927
1485443711      817   165991    1.26641
1485443712      821   167091    1.2748
1485443713      1215   168306    1.28407
1485443714      800   169236    1.29117
1485443715      1212   170448    1.30042
1485443716      815   171381    1.30753
1485443717      1019   172400    1.31531
1485443718      786   173196    1.32138
1485443719      1096   174292    1.32974
1485443721      827   175341    1.33775
1485443722      1218   176559    1.34704
1485443723      789   177486    1.35411
1485443724      1057   178543    1.36217
1485443725      768   179311    1.36803
1485443726      1148   180459    1.37679
1485443727      778   181446    1.38432
1485443728      1209   182655    1.39355
1485443729      542   183261    1.39817
1485443730      1131   184392    1.4068
1485443731      890   185406    1.41454
1485443732      1013   186419    1.42226
1485443734      883   187551    1.4309
1485443735      821   188651    1.43929
1485443736      1203   189854    1.44847
1485443737      780   190796    1.45566
1485443738      1208   192004    1.46487
1485443739      822   192941    1.47202
1485443740      1066   194007    1.48016
1485443741      695   194756    1.48587
1485443742      1213   195969    1.49512
1485443743      794   196901    1.50224
1485443744      977   197878    1.50969
1485443746      877   199046    1.5186
1485443747      827   200146    1.52699
1485443748      1182   201328    1.53601
1485443749      824   202291    1.54336
1485443750      1171   203462    1.55229
1485443751      859   204436    1.55972
1485443752      886   205322    1.56648
1485443754      791   206251    1.57357
1485443755      1210   207461    1.5828
1485443756      796   208396    1.58994
1485443757      1082   209478    1.59819
1485443758      676   210211    1.60378
1485443759      1206   211417    1.61298
1485443760      933   212350    1.6201
1485443761      705   213071    1.6256
1485443762      1212   214283    1.63485
1485443763      822   215216    1.64197
1485443764      875   216091    1.64864
1485443765      795   217031    1.65582
1485443766      1194   218225    1.66492
1485443767      924   219149    1.67197
1485443768      704   219891    1.67764
1485443769      955   220991    1.68603
1485443770      1196   222187    1.69515
1485443772      844   223136    1.70239
1485443773      1218   224354    1.71169
1485443774      827   225281    1.71876
1485443775      1058   226339    1.72683
1485443776      706   227096    1.7326
1485443777      1207   228303    1.74181
1485443778      791   229241    1.74897
1485443779      987   230228    1.7565
1485443780      869   231386    1.76534
1485443782      864   232486    1.77373
1485443783      1189   233675    1.7828
1485443784      899   234631    1.79009
1485443785      1180   235811    1.7991
1485443786      805   236776    1.80646
1485443787      930   237876    1.81485
1485443788      978   238854    1.82231
1485443789      966   240021    1.83121
1485443790      1078   241099    1.83944
1485443791      867   242166    1.84758
1485443793      840   243266    1.85597
1485443794      1150   244416    1.86475
1485443795      934   245411    1.87234
1485443796      1169   246580    1.88126
1485443797      929   247556    1.8887
1485443798      918   248656    1.89709
1485443799      1194   249850    1.9062
1485443800      913   250801    1.91346
1485443801      1212   252013    1.92271
1485443802      915   252946    1.92982
1485443803      964   254046    1.93822
1485443804      1187   255233    1.94727
1485443805      912   256191    1.95458
1485443806      1215   257406    1.96385
1485443807      879   258336    1.97095
1485443808      965   259436    1.97934
1485443809      1224   260660    1.98868
1485443810      895   261581    1.9957
1485443811      1215   262797    2.00498
1485443813      909   263726    2.01207
1485443814      916   264826    2.02046
1485443815      1212   266038    2.02971
1485443816      922   266971    2.03683
1485443817      1201   268172    2.04599
1485443818      805   269116    2.05319
1485443819      902   270216    2.06158
1485443820      1037   271253    2.0695
1485443822      743   272361    2.07795
1485443823      1225   273586    2.0873
1485443824      805   274506    2.09431
1485443825      887   275393    2.10108
1485443826      774   276321    2.10816
1485443827      1201   277522    2.11732
1485443828      806   278466    2.12453
1485443829      1167   279633    2.13343
1485443830      677   280310    2.1386
1485443831      960   281270    2.14592
1485443832      943   282426    2.15474
1485443833      1041   283467    2.16268
1485443835      861   284571    2.1711
1485443836      859   285671    2.1795
1485443837      1218   286889    2.18879
1485443838      811   287816    2.19586
1485443839      1191   289007    2.20495
1485443840      807   289961    2.21223
1485443841      967   290928    2.2196
1485443842      805   291776    2.22607
1485443843      1057   292833    2.23414
1485443845      852   293921    2.24244
1485443846      1193   295114    2.25154
1485443847      806   296066    2.2588
1485443848      955   297166    2.2672
1485443849      1209   298375    2.27642
1485443850      811   299311    2.28356
1485443851      983   300294    2.29106
1485443852      884   301456    2.29993
1485443854      894   302556    2.30832
1485443855      1033   303589    2.3162
1485443856      851   304701    2.32468
1485443857      1197   305898    2.33382
1485443858      759   306657    2.33961
1485443859      511   307231    2.34399
1485443860      1179   308410    2.35298
1485443861      808   309376    2.36035
1485443862      1191   310567    2.36944
1485443863      807   311521    2.37672
1485443864      979   312500    2.38419
1485443866      743   313336    2.39056
1485443867      1222   314558    2.39989
1485443868      819   315481    2.40693
1485443869      1163   316644    2.4158
1485443870      832   317626    2.42329
1485443871      878   318504    2.42999
1485443872      742   319441    2.43714
1485443873      1221   320662    2.44646
1485443874      792   321586    2.45351
1485443875      1168   322754    2.46242
1485443876      758   323512    2.4682
1485443877      971   324483    2.47561
1485443878      847   325546    2.48372
1485443879      1132   326679    2.49236
1485443881      815   327691    2.50008
1485443882      1089   328780    2.50839
1485443883      623   329506    2.51393
1485443884      987   330493    2.52146
1485443885      864   331651    2.5303
1485443886      1204   332855    2.53948
1485443887      812   333796    2.54666
1485443889      749   334896    2.55505
1485443890      1226   336122    2.56441
1485443891      780   337041    2.57142
1485443892      1090   338131    2.57973
1485443893      915   339186    2.58778
1485443894      896   340082    2.59462
1485443895      785   341001    2.60163
1485443896      1170   342171    2.61056
1485443897      971   343142    2.61797
1485443898      746   343888    2.62366
1485443900      899   344961    2.63184
1485443901      937   345898    2.63899
1485443902      1111   347009    2.64747
1485443903      730   347821    2.65366
1485443904      990   348811    2.66122
1485443905      984   349966    2.67003
1485443906      760   350726    2.67583
1485443907      822   351781    2.68388
1485443908      1201   352982    2.69304
1485443909      795   353926    2.70024
1485443910      1124   355050    2.70882
1485443911      764   355814    2.71465
1485443912      957   356771    2.72195
1485443913      970   357886    2.73045
1485443914      1206   359092    2.73965
1485443916      805   360031    2.74682
1485443917      962   361131    2.75521
1485443918      963   362094    2.76256
1485443919      802   363276    2.77158
1485443920      1215   364491    2.78085
1485443921      781   365421    2.78794
1485443922      960   366381    2.79527
1485443924      748   367236    2.80179
1485443925      1026   368263    2.80962
1485443926      875   369381    2.81815
1485443927      1204   370585    2.82734
1485443928      909   371526    2.83452
1485443929      874   372400    2.84119
1485443930      790   373341    2.84837
1485443931      1183   374524    2.85739
1485443932      802   375486    2.86473
1485443933      1207   376693    2.87394
1485443934      709   377402    2.87935
1485443935      945   378347    2.88656
1485443937      864   379446    2.89494
1485443938      1206   380652    2.90414
1485443939      814   381591    2.91131
1485443940      810   382691    2.9197
1485443941      1209   383900    2.92892
1485443942      786   384836    2.93607
1485443943      1103   385939    2.94448
1485443944      901   386981    2.95243
1485443945      1031   388012    2.9603
1485443947      710   388796    2.96628
1485443948      1215   390011    2.97555
1485443949      824   390941    2.98264
1485443950      1206   392147    2.99184
1485443951      814   393086    2.99901
1485443952      884   393970    3.00575
1485443953      773   394901    3.01286
1485443954      1143   396044    3.02158
1485443955      843   397046    3.02922
1485443956      1212   398258    3.03847
1485443957      672   398930    3.04359
1485443958      977   399907    3.05105
1485443959      893   401006    3.05943
1485443960      1177   402183    3.06841
1485443962      804   403151    3.0758
1485443963      815   404251    3.08419
1485443964      1212   405463    3.09344
1485443965      790   406396    3.10056
1485443966      1083   407479    3.10882
1485443967      921   408541    3.11692
1485443968      1020   409561    3.1247
1485443969      732   410356    3.13077
1485443970      1210   411566    3.14
1485443972      793   412501    3.14713
1485443973      1198   413699    3.15627
1485443974      803   414646    3.1635
1485443975      893   415539    3.17031
1485443976      780   416461    3.17735
1485443977      1204   417665    3.18653
1485443978      831   418606    3.19371
1485443979      1198   419804    3.20285
1485443980      734   420538    3.20845
1485443981      958   421496    3.21576
1485443982      830   422566    3.22392
1485443983      1208   423774    3.23314
1485443984      810   424711    3.24029
1485443986      742   425811    3.24868
1485443987      1178   426989    3.25767
1485443988      862   427956    3.26505
1485443989      1058   429014    3.27312
1485443990      890   430101    3.28141
1485443992      816   431201    3.2898
1485443993      1207   432408    3.29901
1485443994      785   433346    3.30617
1485443995      966   434312    3.31354
1485443996      867   435491    3.32253
1485443998      820   436591    3.33092
1485443999      1218   437809    3.34022
1485444000      750   438736    3.34729
1485444001      976   439712    3.35474
1485444002      1135   440847    3.3634
1485444003      753   441600    3.36914
1485444004      935   442696    3.3775
1485444005      1060   443756    3.38559
1485444006      855   444841    3.39387
1485444007      1201   446042    3.40303
1485444008      848   446986    3.41023
1485444009      874   447860    3.4169
1485444010      915   448801    3.42408
1485444011      1061   449862    3.43217
1485444013      893   450946    3.44044
1485444014      1213   452159    3.4497
1485444015      756   452915    3.45547
1485444016      965   453880    3.46283
1485444017      828   454906    3.47066
1485444018      1199   456105    3.4798
1485444019      795   457051    3.48702
1485444020      742   458151    3.49541
1485444021      1185   459336    3.50446
1485444023      831   460296    3.51178
1485444024      1096   461392    3.52014
1485444025      885   462441    3.52814
1485444026      813   463541    3.53654
1485444027      1213   464754    3.54579
1485444028      782   465686    3.5529
1485444029      996   466682    3.5605
1485444031      866   467831    3.56927
1485444032      944   468931    3.57766
1485444033      1172   470103    3.5866
1485444034      864   471076    3.59402
1485444035      1218   472294    3.60332
1485444036      909   473221    3.61039
1485444037      960   474321    3.61878
1485444038      1218   475539    3.62807
1485444039      915   476466    3.63515
1485444040      1212   477678    3.64439
1485444041      913   478611    3.65151
1485444042      956   479711    3.6599
1485444043      1203   480914    3.66908
1485444044      919   481856    3.67627
1485444045      1212   483068    3.68552
1485444046      911   484001    3.69263
1485444048      958   485101    3.70103
1485444049      1197   486298    3.71016
1485444050      912   487246    3.71739
1485444051      1208   488454    3.72661
1485444052      910   489391    3.73376
1485444053      957   490491    3.74215
1485444054      1210   491701    3.75138
1485444055      922   492636    3.75851
1485444056      1214   493850    3.76778
1485444057      920   494781    3.77488
1485444058      740   495881    3.78327
1485444059      1143   497024    3.79199
1485444060      944   498026    3.79964
1485444061      1210   499236    3.80887
