1484059600      85   85    0.000648499
1484059601      88   173    0.00131989
1484059602      88   262    0.0019989
1484059603      88   350    0.00267029
1484059604      88   438    0.00334167
1484059605      89   527    0.00402069
1484059606      91   619    0.0047226
1484059607      90   710    0.00541687
1484059608      88   798    0.00608826
1484059609      88   887    0.00676727
1484059610      86   973    0.0074234
1484059611      87   1061    0.00809479
1484059612      89   1151    0.00878143
1484059613      89   1240    0.00946045
1484059614      87   1328    0.0101318
1484059615      87   1416    0.0108032
1484059616      86   1503    0.011467
1484059617      87   1590    0.0121307
1484059618      87   1678    0.0128021
1484059619      88   1766    0.0134735
1484059620      88   1854    0.0141449
1484059621      89   1944    0.0148315
1484059622      88   2033    0.0155106
1484059623      86   2120    0.0161743
1484059625      87   2208    0.0168457
1484059626      87   2295    0.0175095
1484059627      86   2382    0.0181732
1484059628      86   2468    0.0188293
1484059629      86   2555    0.0194931
1484059630      89   2644    0.0201721
1484059631      89   2734    0.0208588
1484059632      90   2825    0.021553
1484059633      90   2915    0.0222397
1484059634      94   3009    0.0229568
1484059635      96   3105    0.0236893
1484059636      95   3200    0.0244141
1484059637      95   3296    0.0251465
1484059638      96   3392    0.0258789
1484059639      95   3488    0.0266113
1484059640      96   3584    0.0273438
1484059641      96   3681    0.0280838
1484059642      94   3776    0.0288086
1484059643      95   3871    0.0295334
1484059644      93   3965    0.0302505
1484059645      96   4062    0.0309906
1484059646      97   4159    0.0317307
1484059647      94   4253    0.0324478
1484059648      97   4350    0.0331879
1484059649      96   4447    0.0339279
1484059650      97   4544    0.034668
1484059651      95   4640    0.0354004
1484059652      94   4734    0.0361176
1484059653      96   4830    0.03685
1484059654      95   4926    0.0375824
1484059655      94   5020    0.0382996
1484059656      98   5118    0.0390472
1484059657      99   5217    0.0398026
1484059658      99   5317    0.0405655
1484059659      99   5416    0.0413208
1484059660      100   5516    0.0420837
1484059661      97   5613    0.0428238
1484059662      100   5713    0.0435867
1484059663      74   5787    0.0441513
1484059664      97   5884    0.0448914
1484059665      98   5983    0.0456467
1484059666      98   6082    0.046402
1484059667      98   6181    0.0471573
1484059668      100   6282    0.0479279
1484059669      100   6383    0.0486984
1484059670      75   6458    0.0492706
1484059671      99   6558    0.0500336
1484059672      96   6654    0.050766
1484059673      99   6754    0.0515289
1484059674      97   6852    0.0522766
1484059675      100   6953    0.0530472
1484059676      98   7052    0.0538025
1484059677      100   7152    0.0545654
1484059678      73   7225    0.0551224
1484059679      99   7325    0.0558853
1484059680      99   7424    0.0566406
1484059681      95   7519    0.0573654
1484059682      99   7618    0.0581207
1484059683      99   7718    0.0588837
1484059684      100   7818    0.0596466
1484059685      75   7893    0.0602188
1484059686      98   7991    0.0609665
1484059687      98   8089    0.0617142
1484059688      98   8187    0.0624619
1484059689      99   8287    0.0632248
1484059690      97   8384    0.0639648
1484059691      99   8484    0.0647278
1484059692      99   8583    0.0654831
1484059693      73   8656    0.06604
1484059694      99   8756    0.066803
1484059695      100   8857    0.0675735
1484059696      99   8957    0.0683365
1484059697      100   9058    0.0691071
1484059698      101   9160    0.0698853
1484059699      100   9260    0.0706482
1484059700      74   9334    0.0712128
1484059701      96   9431    0.0719528
1484059702      95   9527    0.0726852
1484059703      99   9627    0.0734482
1484059704      98   9726    0.0742035
1484059705      98   9824    0.0749512
1484059706      95   9919    0.075676
1484059707      98   10018    0.0764313
1484059708      63   10082    0.0769196
1484059709      98   10180    0.0776672
1484059710      99   10279    0.0784225
1484059711      97   10377    0.0791702
1484059712      99   10477    0.0799332
1484059713      98   10575    0.0806808
1484059714      98   10674    0.0814362
1484059715      74   10748    0.0820007
1484059716      98   10847    0.082756
1484059717      99   10946    0.0835114
