1482713718      1499   1499    0.00285912
1482713719      1499   2998    0.00571823
1482713720      1499   4497    0.00857735
1482713721      1500   5997    0.0114384
1482713722      1499   7496    0.0142975
1482713723      1492   8988    0.0171432
1482713724      1500   10488    0.0200043
1482713725      1499   11987    0.0228634
1482713726      1499   13486    0.0257225
1482713727      1464   14950    0.0285149
1482713728      1223   16173    0.0308475
1482713729      1361   17534    0.0334435
1482713730      1363   18897    0.0360432
1482713731      1362   20259    0.038641
1482713732      1221   21480    0.0409698
1482713733      1341   22821    0.0435276
1482713734      1357   24178    0.0461159
1482713735      1360   25538    0.0487099
1482713736      1198   26750    0.0510216
1482713737      889   27771    0.052969
1482713738      1368   29139    0.0555782
1482713739      1360   30499    0.0581722
1482713740      1356   31855    0.0607586
1482713741      1218   33131    0.0631924
1482713742      1362   34493    0.0657902
1482713743      1341   35834    0.0683479
1482713744      1356   37190    0.0709343
1482713746      1209   38491    0.0734158
1482713747      1343   39834    0.0759773
1482713748      1355   41189    0.0785618
1482713749      788   41977    0.0800648
1482713750      1357   43334    0.082653
1482713751      1356   44690    0.0852394
1482713752      1206   45944    0.0876312
1482713753      1351   47295    0.0902081
1482713754      792   48088    0.0917206
1482713755      1363   49451    0.0943203
1482713756      1355   50806    0.0969048
1482713757      1355   52161    0.0994892
1482713758      1174   53448    0.101944
1482713759      1350   54798    0.104519
1482713760      960   55758    0.10635
1482713761      1343   57101    0.108912
1482713762      1191   58292    0.111183
1482713763      1343   59635    0.113745
1482713764      1098   60901    0.116159
1482713765      1350   62251    0.118734
1482713766      1355   63606    0.121319
1482713767      1342   64948    0.123878
1482713768      1211   66261    0.126383
1482713769      1363   67624    0.128983
1482713770      1336   68960    0.131531
1482713771      1089   70049    0.133608
1482713772      1362   71411    0.136206
1482713773      1197   72642    0.138554
1482713774      1351   73993    0.14113
1482713775      1356   75349    0.143717
1482713776      1340   76689    0.146273
1482713777      1214   78002    0.148777
1482713778      1363   79365    0.151377
1482713779      1340   80705    0.153933
1482713780      1355   82060    0.156517
1482713781      1028   83311    0.158903
1482713782      1364   84675    0.161505
1482713783      1341   86016    0.164062
1482713784      1248   87264    0.166443
1482713785      1354   88618    0.169025
1482713786      1218   89836    0.171349
1482713787      1363   91199    0.173948
1482713788      1338   92537    0.1765
1482713789      1358   93895    0.17909
1482713790      1188   95103    0.181395
1482713791      1368   96471    0.184004
1482713792      828   97299    0.185583
1482713793      1356   98655    0.188169
1482713794      1357   100012    0.190758
1482713795      1355   101367    0.193342
1482713796      1212   102579    0.195654
1482713797      1357   103936    0.198242
1482713798      1356   105292    0.200829
1482713799      1356   106648    0.203415
1482713800      1218   107916    0.205833
1482713801      1365   109281    0.208437
1482713802      1357   110638    0.211025
1482713803      1052   111690    0.213032
1482713804      1357   113047    0.21562
1482713805      1207   114297    0.218004
1482713806      1363   115660    0.220604
1482713807      1352   117012    0.223183
1482713808      1358   118370    0.225773
1482713809      1219   119657    0.228228
1482713810      1361   121018    0.230824
1482713811      1356   122374    0.23341
1482713812      1351   123725    0.235987
1482713814      1032   124966    0.238354
1482713815      1011   126038    0.240398
1482713816      1365   127403    0.243002
1482713817      1359   128762    0.245594
1482713818      1356   130118    0.24818
1482713819      1201   131398    0.250622
1482713820      1364   132762    0.253223
1482713821      1340   134102    0.255779
1482713822      1193   135295    0.258055
1482713823      1353   136648    0.260635
1482713824      983   137830    0.26289
1482713825      993   138851    0.264837
1482713826      1221   140072    0.267166
1482713827      1356   141428    0.269753
1482713828      1335   142763    0.272299
1482713829      1357   144120    0.274887
1482713830      1195   145315    0.277166
1482713831      1357   146672    0.279755
1482713832      1354   148026    0.282337
1482713833      1356   149382    0.284924
1482713834      1216   150643    0.287329
1482713835      1366   152009    0.289934
1482713836      1089   153098    0.292011
1482713837      1360   154458    0.294605
1482713838      1362   155820    0.297203
1482713839      1212   157032    0.299515
1482713840      1357   158389    0.302103
1482713841      1355   159744    0.304688
1482713842      1358   161102    0.307278
1482713843      1218   162384    0.309723
1482713844      1362   163746    0.312321
1482713845      1355   165101    0.314905
1482713846      1352   166453    0.317484
1482713847      1090   167543    0.319563
1482713848      1217   168765    0.321894
1482713849      1364   170129    0.324495
1482713850      1355   171484    0.32708
1482713851      1353   172837    0.32966
1482713852      1223   174125    0.332117
1482713853      1364   175489    0.334719
1482713854      1356   176845    0.337305
1482713855      1354   178199    0.339888
1482713856      1220   179485    0.34234
1482713857      1096   180581    0.344431
1482713858      1357   181938    0.347019
1482713859      1363   183301    0.349619
1482713860      1361   184662    0.352215
1482713861      1220   185882    0.354542
1482713862      1358   187240    0.357132
1482713863      1355   188595    0.359716
1482713864      1356   189951    0.362303
1482713865      1218   191226    0.364735
1482713866      1363   192589    0.367334
1482713867      1356   193945    0.369921
1482713868      1091   195036    0.372002
1482713869      1358   196394    0.374592
1482713870      1205   197607    0.376905
1482713871      1364   198971    0.379507
1482713872      1356   200327    0.382093
1482713873      1355   201682    0.384678
1482713874      1221   202967    0.387129
1482713875      1364   204331    0.38973
1482713876      1354   205685    0.392313
1482713877      1362   207047    0.394911
1482713878      1033   208276    0.397255
1482713879      1366   209642    0.39986
1482713880      1360   211002    0.402454
1482713881      1348   212350    0.405025
1482713882      1202   213636    0.407478
1482713883      1201   214837    0.409769
1482713884      1347   216184    0.412338
1482713885      1361   217545    0.414934
1482713886      1337   218882    0.417484
1482713888      1076   220068    0.419746
1482713889      1364   221432    0.422348
1482713890      1079   222511    0.424406
1482713891      1355   223866    0.426991
1482713892      1357   225223    0.429579
1482713893      1206   226449    0.431917
1482713894      1363   227812    0.434517
1482713895      1355   229167    0.437101
1482713896      1356   230523    0.439688
1482713897      1220   231809    0.442141
1482713898      1362   233171    0.444738
1482713899      1356   234527    0.447325
1482713900      1355   235882    0.449909
1482713901      1090   236972    0.451988
1482713902      1217   238190    0.454311
1482713903      1363   239553    0.456911
1482713904      1363   240916    0.459511
1482713905      1362   242278    0.462109
1482713906      1215   243550    0.464535
1482713907      1361   244911    0.467131
1482713908      1354   246265    0.469713
1482713909      1355   247620    0.472298
1482713910      1222   248910    0.474758
1482713911      1099   250009    0.476854
1482713912      1358   251367    0.479445
1482713913      1357   252724    0.482033
1482713914      1351   254075    0.48461
1482713915      1195   255291    0.486929
1482713916      1351   256642    0.489506
1482713917      1357   257999    0.492094
1482713918      1348   259347    0.494665
1482713919      1223   260651    0.497152
1482713920      1364   262015    0.499754
1482713921      1355   263370    0.502338
1482713922      1086   264456    0.50441
1482713923      1350   265806    0.506985
1482713924      1204   267032    0.509323
1482713925      1364   268396    0.511925
1482713926      1344   269740    0.514488
1482713927      1357   271097    0.517076
1482713928      1214   272392    0.519547
1482713929      1288   273680    0.522003
1482713930      1263   274943    0.524412
1482713931      1259   276202    0.526814
1482713932      1269   277471    0.529234
1482713933      1090   278561    0.531313
1482713934      1210   279845    0.533762
1482713935      1351   281196    0.536339
1482713936      1356   282552    0.538925
1482713937      1359   283911    0.541517
1482713938      1221   285205    0.543985
1482713939      1360   286565    0.546579
1482713940      1360   287925    0.549173
1482713941      1355   289280    0.551758
1482713942      1216   290565    0.554209
1482713943      882   291586    0.556156
1482713944      1369   292955    0.558767
1482713945      1362   294317    0.561365
1482713946      1355   295672    0.56395
1482713947      1100   296946    0.56638
1482713948      1360   298306    0.568974
1482713949      1223   299529    0.571306
1482713950      1304   300833    0.573793
1482713951      1359   302192    0.576385
1482713952      1221   303413    0.578714
1482713953      1362   304775    0.581312
1482713954      802   305577    0.582842
1482713955      1361   306938    0.585438
1482713956      1362   308300    0.588036
1482713957      1351   309651    0.590612
1482713958      1170   310831    0.592863
1482713959      1355   312186    0.595448
1482713960      1339   313525    0.598001
1482713961      1355   314880    0.600586
1482713962      1214   316191    0.603086
1482713963      1341   317532    0.605644
1482713964      1356   318888    0.608231
1482713965      942   319830    0.610027
1482713966      1359   321189    0.612619
1482713967      1361   322550    0.615215
1482713968      1210   323760    0.617523
1482713969      1339   325099    0.620077
1482713970      1357   326456    0.622665
1482713971      1342   327798    0.625225
1482713972      1195   329004    0.627525
1482713973      1364   330368    0.630127
1482713974      1342   331710    0.632687
1482713975      1355   333065    0.635271
1482713976      1034   334099    0.637243
1482713977      1217   335385    0.639696
1482713978      1348   336733    0.642267
1482713979      1346   338079    0.644835
1482713980      1344   339423    0.647398
1482713982      1213   340745    0.64992
1482713983      1363   342108    0.652519
1482713984      1339   343447    0.655073
1482713985      1355   344802    0.657658
1482713986      1225   346105    0.660143
1482713987      1097   347202    0.662235
1482713988      1336   348538    0.664783
1482713989      1357   349895    0.667372
1482713990      1333   351228    0.669914
1482713991      1201   352486    0.672314
1482713992      1365   353851    0.674917
1482713993      1356   355207    0.677504
1482713994      1357   356564    0.680092
1482713995      1209   357846    0.682537
1482713996      1361   359207    0.685133
1482713997      1341   360548    0.687691
1482713998      1087   361635    0.689764
1482713999      1331   362966    0.692303
1482714000      1258   364224    0.694702
1482714001      1149   365373    0.696894
1482714002      1352   366725    0.699472
1482714003      1336   368061    0.702021
1482714004      1353   369414    0.704601
1482714005      1194   370659    0.706976
1482714006      1194   371853    0.709253
1482714007      1191   373044    0.711525
1482714008      1238   374282    0.713886
1482714009      790   375072    0.715393
1482714010      1357   376429    0.717981
1482714011      1339   377768    0.720535
1482714012      1355   379123    0.72312
1482714013      1198   380321    0.725405
1482714014      1356   381677    0.727991
1482714015      1336   383013    0.730539
1482714016      1356   384369    0.733126
1482714017      1179   385616    0.735504
1482714018      1369   386985    0.738115
1482714019      1363   388348    0.740715
1482714020      1089   389437    0.742792
1482714021      1358   390795    0.745382
1482714022      1213   392008    0.747696
1482714023      1356   393364    0.750282
1482714024      1356   394720    0.752869
1482714025      1357   396077    0.755457
1482714026      1203   397357    0.757898
1482714027      1363   398720    0.760498
1482714028      1357   400077    0.763086
1482714029      1355   401432    0.765671
1482714030      1030   402666    0.768024
1482714031      1357   404023    0.770613
1482714032      1357   405380    0.773201
1482714033      1353   406733    0.775782
1482714034      1222   408026    0.778248
1482714035      1368   409394    0.780857
1482714036      1357   410751    0.783445
1482714037      1356   412107    0.786032
1482714038      1220   413386    0.788471
1482714039      1361   414747    0.791067
1482714040      1356   416103    0.793653
1482714041      1090   417193    0.795732
1482714042      1356   418549    0.798319
1482714043      1209   419767    0.800642
1482714044      1362   421129    0.80324
1482714045      1358   422487    0.80583
1482714046      1358   423845    0.80842
1482714047      1222   425127    0.810865
1482714048      1363   426490    0.813465
1482714049      1354   427844    0.816048
1482714050      1357   429201    0.818636
1482714051      1033   430436    0.820992
1482714052      1362   431798    0.823589
1482714053      1355   433153    0.826174
1482714054      1356   434509    0.82876
1482714055      1221   435796    0.831215
1482714056      1363   437159    0.833815
1482714057      1357   438516    0.836403
1482714058      1354   439870    0.838985
1482714060      1198   441156    0.841438
1482714061      1327   442483    0.843969
1482714062      1212   443695    0.846281
1482714063      1089   444784    0.848358
1482714064      1275   446059    0.85079
1482714065      1357   447416    0.853378
1482714066      1097   448609    0.855654
1482714067      1342   449951    0.858213
1482714068      1190   451141    0.860483
1482714069      1198   452339    0.862768
1482714070      1307   453646    0.865261
1482714071      1358   455004    0.867851
1482714072      1211   456215    0.870161
1482714073      1355   457570    0.872746
1482714074      1084   458654    0.874813
1482714075      1353   460007    0.877394
1482714076      1356   461363    0.87998
1482714077      1212   462575    0.882292
1482714078      1354   463929    0.884874
1482714079      1358   465287    0.887465
1482714080      1356   466643    0.890051
1482714081      1206   467854    0.892361
1482714082      1327   469181    0.894892
1482714083      1360   470541    0.897486
1482714084      1360   471901    0.90008
1482714085      1089   472990    0.902157
1482714086      1223   474235    0.904531
1482714087      1369   475604    0.907143
1482714088      1362   476966    0.90974
1482714089      1358   478324    0.912331
1482714090      1219   479595    0.914755
1482714091      1369   480964    0.917366
1482714092      1362   482326    0.919964
1482714093      1362   483688    0.922562
1482714094      1219   484955    0.924978
1482714095      1096   486051    0.927069
1482714096      1354   487405    0.929651
1482714097      1356   488761    0.932238
1482714098      1354   490115    0.93482
1482714099      1209   491336    0.937149
1482714100      1369   492705    0.93976
1482714101      1362   494067    0.942358
1482714102      1361   495428    0.944954
1482714103      1228   496696    0.947372
1482714104      1370   498066    0.949986
1482714105      1355   499421    0.95257
