1484313611      1474   1475    0.0112534
1484313612      1465   2940    0.0224304
1484313613      1444   4386    0.0334625
1484313614      1414   5800    0.0442505
1484313615      889   6891    0.0525742
1484313616      1228   8119    0.0619431
1484313617      828   9036    0.0689392
1484313618      1231   10267    0.078331
1484313619      649   10921    0.0833206
1484313620      1067   11988    0.0914612
1484313621      980   13066    0.0996857
1484313622      1060   14126    0.107773
1484313624      874   15211    0.116051
1484313625      864   16381    0.124977
1484313626      1220   17601    0.134285
1484313627      837   18526    0.141342
1484313628      1231   19757    0.150734
1484313629      768   20671    0.157707
1484313630      968   21841    0.166634
1484313631      1226   23067    0.175987
1484313633      805   23986    0.182999
1484313634      1231   25217    0.19239
1484313635      805   26131    0.199364
1484313636      1026   27157    0.207191
1484313637      771   28016    0.213745
1484313638      1062   29078    0.221848
1484313639      872   30161    0.23011
1484313640      1232   31393    0.23951
1484313641      814   32306    0.246475
1484313642      916   33222    0.253464
1484313643      835   34191    0.260857
1484313644      972   35163    0.268272
1484313645      1060   36223    0.27636
1484313646      922   37145    0.283394
1484313647      1061   38206    0.291489
1484313648      687   38936    0.297058
1484313649      1222   40158    0.306381
1484313651      814   41081    0.313423
1484313652      1232   42313    0.322823
1484313653      820   43226    0.329788
1484313654      826   44052    0.33609
1484313655      872   45111    0.34417
1484313656      1230   46341    0.353554
1484313657      834   47256    0.360535
1484313658      1231   48487    0.369926
1484313659      656   49143    0.374931
1484313660      1025   50168    0.382751
1484313661      998   51286    0.391281
1484313662      1061   52347    0.399376
1484313663      878   53431    0.407646
1484313665      843   54601    0.416573
1484313666      1232   55833    0.425972
1484313667      830   56746    0.432938
1484313668      1233   57979    0.442345
1484313669      832   58891    0.449303
1484313670      1010   59901    0.457008
1484313671      762   60776    0.463684
1484313672      1232   62008    0.473083
1484313673      834   62921    0.480049
1484313674      1234   64155    0.489464
1484313675      848   65003    0.495934
1484313676      531   65534    0.499985
1484313677      1229   66763    0.509361
1484313678      810   67666    0.516251
1484313679      1019   68685    0.524025
1484313681      891   69811    0.532616
1484313682      971   70981    0.541542
1484313683      1230   72211    0.550926
1484313684      858   73126    0.557907
1484313685      1224   74350    0.567245
1484313686      867   75271    0.574272
1484313687      1071   76342    0.582443
1484313688      723   77156    0.588654
1484313689      1230   78386    0.598038
1484313690      792   79301    0.605019
1484313691      1053   80354    0.613052
1484313692      877   81446    0.621384
1484313693      1146   82592    0.630127
1484313694      734   83331    0.635765
1484313695      1009   84340    0.643463
1484313697      946   85476    0.65213
1484313698      1205   86681    0.661324
1484313699      616   87361    0.666512
1484313700      1219   88580    0.675812
1484313701      815   89506    0.682877
1484313702      1025   90531    0.690697
1484313703      958   91651    0.699242
1484313704      1165   92816    0.70813
1484313705      683   93536    0.713623
1484313706      1222   94758    0.722946
1484313707      856   95681    0.729988
1484313708      1084   96765    0.738258
1484313709      892   97826    0.746353
1484313710      1142   98968    0.755066
1484313711      726   99711    0.760735
1484313712      1027   100738    0.76857
1484313713      1011   101749    0.776283
1484313714      933   102682    0.783401
1484313715      935   103741    0.791481
1484313716      1231   104972    0.800873
1484313717      945   105917    0.808083
1484313718      1215   107132    0.817352
1484313719      942   108074    0.824539
1484313721      954   109201    0.833138
1484313722      1228   110429    0.842506
1484313723      944   111373    0.849709
1484313724      1223   112596    0.859039
1484313725      953   113549    0.86631
1484313726      948   114661    0.874794
1484313727      1225   115886    0.88414
1484313728      944   116830    0.891342
1484313729      1226   118056    0.900696
1484313730      950   119006    0.907944
1484313731      950   120121    0.916451
1484313732      1228   121349    0.925819
1484313733      929   122278    0.932907
1484313734      1228   123506    0.942276
1484313735      908   124414    0.949203
1484313736      965   125581    0.958107
1484313737      1232   126813    0.967506
1484313738      940   127753    0.974678
1484313739      1212   128965    0.983925
1484313740      931   129896    0.991028
1484313741      956   131041    0.999763
1484313742      1221   132262    1.00908
1484313743      948   133210    1.01631
1484313744      1228   134438    1.02568
1484313745      947   135385    1.03291
1484313747      946   136501    1.04142
1484313748      1228   137729    1.05079
1484313749      934   138663    1.05791
1484313750      1218   139881    1.06721
1484313751      944   140825    1.07441
1484313752      958   141961    1.08308
1484313753      1231   143192    1.09247
1484313754      952   144144    1.09973
1484313755      1224   145368    1.10907
1484313756      942   146310    1.11626
1484313757      951   147421    1.12473
1484313758      1228   148649    1.1341
1484313759      944   149593    1.1413
1484313760      1227   150820    1.15067
1484313761      945   151765    1.15788
1484313762      952   152881    1.16639
1484313763      1233   154114    1.1758
1484313764      944   155058    1.183
1484313765      1221   156279    1.19231
1484313766      924   157203    1.19936
1484313767      955   158341    1.20805
1484313768      1230   159571    1.21743
1484313769      939   160510    1.22459
1484313770      1220   161730    1.2339
1484313771      953   162683    1.24117
1484313772      947   163801    1.2497
1484313773      1228   165029    1.25907
1484313774      942   165971    1.26626
1484313775      1223   167194    1.27559
1484313776      948   168142    1.28282
1484313778      951   169261    1.29136
1484313779      1228   170489    1.30073
1484313780      939   171428    1.30789
1484313781      1211   172639    1.31713
1484313782      941   173580    1.32431
1484313783      958   174721    1.33302
1484313784      1234   175955    1.34243
1484313785      926   176881    1.34949
1484313786      1223   178104    1.35883
1484313787      938   179042    1.36598
1484313788      958   180181    1.37467
1484313789      1233   181414    1.38408
1484313790      935   182349    1.39121
1484313791      1226   183575    1.40057
1484313792      943   184518    1.40776
1484313793      948   185641    1.41633
1484313794      1223   186864    1.42566
1484313795      931   187795    1.43276
1484313796      1219   189014    1.44206
1484313797      936   189950    1.4492
1484313798      959   191101    1.45798
1484313799      1232   192333    1.46738
1484313800      943   193276    1.47458
1484313801      1220   194496    1.48389
1484313803      778   195391    1.49072
1484313804      953   196561    1.49964
1484313805      1221   197782    1.50896
1484313806      948   198730    1.51619
1484313807      1217   199947    1.52547
1484313808      946   200893    1.53269
1484313809      956   202021    1.5413
1484313810      1231   203252    1.55069
1484313811      944   204196    1.55789
1484313812      1225   205421    1.56724
1484313813      944   206365    1.57444
1484313814      951   207481    1.58295
1484313815      1230   208711    1.59234
1484313816      947   209658    1.59956
1484313817      1166   210824    1.60846
1484313818      864   211771    1.61568
1484313819      1018   212789    1.62345
1484313820      746   213656    1.63007
1484313821      1231   214887    1.63946
1484313822      821   215801    1.64643
1484313823      1235   217036    1.65585
1484313825      814   217946    1.6628
1484313826      1143   219089    1.67152
1484313827      943   220032    1.67871
1484313828      1037   221069    1.68662
1484313829      807   221976    1.69354
1484313830      1230   223206    1.70293
1484313831      578   223861    1.70792
1484313832      1226   225087    1.71728
1484313833      815   226006    1.72429
1484313834      1018   227024    1.73206
1484313835      871   228151    1.74065
1484313836      961   229321    1.74958
1484313837      1031   230352    1.75745
1484313838      1085   231437    1.76572
1484313840      724   232181    1.7714
1484313841      1008   233189    1.77909
1484313842      996   234326    1.78777
1484313843      761   235087    1.79357
1484313844      888   236211    1.80215
1484313845      1229   237440    1.81152
1484313846      823   238356    1.81851
1484313847      1219   239575    1.82781
1484313848      647   240241    1.83289
1484313849      898   241139    1.83974
1484313850      1198   242337    1.84888
1484313851      750   243101    1.85471
1484313852      1215   244316    1.86398
1484313853      818   245246    1.87108
1484313854      788   246034    1.87709
1484313856      811   247131    1.88546
1484313857      1222   248353    1.89478
1484313858      740   249276    1.90182
1484313859      1144   250420    1.91055
1484313860      703   251161    1.91621
1484313861      1010   252171    1.92391
1484313862      1115   253286    1.93242
1484313863      687   254021    1.93803
1484313864      1225   255246    1.94737
1484313865      807   256166    1.95439
1484313866      780   256946    1.96034
1484313867      850   258051    1.96877
1484313868      1224   259275    1.97811
1484313870      804   260196    1.98514
1484313871      1226   261422    1.99449
1484313872      619   262081    1.99952
1484313873      1216   263297    2.0088
1484313874      809   264226    2.01588
1484313875      998   265224    2.0235
1484313876      1079   266303    2.03173
1484313877      692   267086    2.0377
1484313878      811   267897    2.04389
1484313879      810   268971    2.05209
1484313880      1104   270075    2.06051
1484313881      1035   271110    2.06841
1484313882      701   271831    2.07391
1484313884      816   273001    2.08283
1484313885      1102   274103    2.09124
1484313886      966   275069    2.09861
1484313887      713   275861    2.10465
1484313888      1175   277036    2.11362
1484313889      963   277999    2.12096
1484313890      610   278609    2.12562
1484313891      1213   279822    2.13487
1484313892      718   280606    2.14085
1484313893      1192   281798    2.14995
1484313894      834   282751    2.15722
1484313895      1064   283815    2.16534
1484313896      777   284636    2.1716
1484313897      1154   285790    2.1804
1484313898      860   286781    2.18797
1484313899      1232   288013    2.19736
1484313900      517   288530    2.20131
1484313902      619   289381    2.2078
1484313903      1222   290603    2.21712
1484313904      795   291526    2.22417
1484313905      1216   292742    2.23344
1484313906      837   293671    2.24053
1484313907      821   294841    2.24946
1484313908      1202   296043    2.25863
1484313909      806   296986    2.26582
1484313910      1011   297997    2.27354
1484313912      993   299131    2.28219
1484313913      1061   300192    2.29028
1484313914      707   301016    2.29657
1484313915      1202   302218    2.30574
1484313916      826   303161    2.31293
1484313917      913   304074    2.3199
1484313918      1117   305191    2.32842
1484313919      529   305761    2.33277
1484313920      1220   306981    2.34208
1484313921      821   307906    2.34914
1484313922      1016   308922    2.35689
1484313923      1004   310051    2.3655
1484313924      1059   311110    2.37358
1484313925      731   311936    2.37988
1484313926      1224   313160    2.38922
1484313927      812   314081    2.39625
1484313928      1222   315303    2.40557
1484313930      837   316226    2.41261
1484313931      825   317051    2.41891
1484313932      834   318111    2.42699
1484313933      1227   319338    2.43636
1484313934      777   320256    2.44336
1484313935      995   321251    2.45095
1484313936      840   322141    2.45774
1484313937      1011   323152    2.46545
1484313938      882   324286    2.47411
1484313939      1148   325434    2.48286
1484313940      992   326426    2.49043
1484313941      939   327365    2.4976
1484313942      808   328173    2.50376
1484313943      778   329031    2.51031
1484313944      1218   330249    2.5196
1484313945      900   331149    2.52647
1484313947      662   331891    2.53213
1484313948      956   333061    2.54105
1484313949      1193   334254    2.55016
1484313950      848   335206    2.55742
1484313951      1235   336441    2.56684
1484313952      830   337351    2.57378
1484313953      1016   338367    2.58154
1484313954      705   339236    2.58817
1484313955      1124   340360    2.59674
1484313956      1008   341368    2.60443
1484313957      726   342096    2.60999
1484313958      1234   343330    2.6194
1484313959      594   343981    2.62437
1484313960      1223   345204    2.6337
1484313962      769   346126    2.64073
1484313963      1110   347236    2.6492
1484313964      896   348271    2.6571
1484313965      804   349441    2.66602
1484313966      912   350353    2.67298
1484313967      1204   351557    2.68217
1484313968      719   352301    2.68784
1484313969      1228   353529    2.69721
1484313970      849   354446    2.70421
1484313971      804   355250    2.71034
1484313972      889   356331    2.71859
1484313973      1232   357563    2.72799
1484313975      825   358476    2.73495
1484313976      1112   359588    2.74344
1484313977      629   360361    2.74934
1484313978      1221   361582    2.75865
1484313979      819   362506    2.7657
1484313980      1020   363526    2.77348
1484313981      885   364651    2.78207
1484313982      1152   365803    2.79086
1484313983      633   366536    2.79645
1484313984      1009   367545    2.80415
1484313985      1114   368659    2.81264
1484313986      715   369396    2.81827
1484313987      1178   370574    2.82726
1484313988      643   371281    2.83265
1484313989      1182   372463    2.84167
1484313991      808   373426    2.84901
1484313992      1177   374603    2.85799
1484313993      939   375571    2.86538
1484313994      955   376741    2.87431
1484313995      1219   377960    2.88361
1484313996      932   378892    2.89072
1484313997      1209   380101    2.89994
1484313998      940   381041    2.90711
1484313999      1136   382177    2.91578
1484314000      858   383035    2.92233
1484314001      1224   384259    2.93166
1484314002      863   385122    2.93825
1484314003      1140   386262    2.94695
1484314004      910   387206    2.95415
1484314005      1139   388345    2.96284
1484314006      917   389262    2.96983
1484314007      1115   390377    2.97834
1484314008      818   391236    2.98489
1484314009      1213   392449    2.99415
1484314010      840   393289    3.00056
1484314011      1223   394512    3.00989
1484314012      767   395279    3.01574
1484314013      1208   396487    3.02496
1484314014      951   397438    3.03221
1484314015      924   398581    3.04093
1484314016      1128   399709    3.04954
1484314017      959   400726    3.0573
1484314018      1117   401843    3.06582
1484314019      965   402871    3.07366
1484314021      964   404041    3.08259
1484314022      1124   405165    3.09116
1484314023      944   406186    3.09895
1484314024      1224   407410    3.10829
1484314025      904   408331    3.11532
1484314026      918   409501    3.12424
1484314027      1119   410620    3.13278
1484314028      944   411646    3.14061
1484314029      1119   412765    3.14915
1484314030      938   413791    3.15697
1484314031      935   414961    3.1659
1484314032      1108   416069    3.17435
1484314033      974   417106    3.18227
1484314034      1194   418300    3.19138
1484314036      896   419251    3.19863
1484314037      958   420421    3.20756
1484314038      1231   421652    3.21695
1484314039      889   422566    3.22392
1484314040      1228   423794    3.23329
1484314041      911   424711    3.24029
1484314042      964   425881    3.24921
1484314043      1174   427055    3.25817
1484314044      884   428026    3.26558
1484314045      1214   429240    3.27484
1484314046      888   430171    3.28194
1484314047      929   431341    3.29087
1484314048      1172   432513    3.29981
1484314049      899   433486    3.30724
1484314050      1233   434719    3.31664
1484314052      875   435631    3.3236
1484314053      956   436801    3.33253
1484314054      1209   438010    3.34175
1484314055      935   438946    3.34889
1484314056      1226   440172    3.35825
1484314057      896   441091    3.36526
1484314058      1169   442260    3.37418
1484314059      821   443081    3.38044
1484314060      1186   444267    3.38949
1484314061      815   445121    3.396
1484314062      1211   446332    3.40524
1484314063      921   447266    3.41237
1484314064      1120   448386    3.42091
1484314065      881   449267    3.42764
1484314066      1199   450466    3.43678
1484314067      731   451296    3.44312
1484314068      1131   452427    3.45174
1484314069      653   453181    3.4575
1484314070      1171   454352    3.46643
1484314071      841   455326    3.47386
1484314072      918   456244    3.48087
1484314073      1104   457348    3.48929
1484314074      699   458186    3.49568
1484314075      810   458996    3.50186
1484314077      773   460071    3.51006
1484314078      1214   461285    3.51933
1484314079      745   462216    3.52643
1484314080      1164   463380    3.53531
1484314081      660   464101    3.54081
1484314082      1000   465101    3.54844
1484314084      848   466246    3.55717
1484314085      1215   467461    3.56644
1484314086      816   468391    3.57354
1484314087      1084   469475    3.58181
1484314088      789   470264    3.58783
1484314089      681   470991    3.59338
1484314090      1189   472180    3.60245
1484314091      872   473052    3.6091
1484314092      772   473851    3.6152
1484314093      1092   474943    3.62353
1484314094      671   475736    3.62958
1484314095      1214   476950    3.63884
1484314096      922   477872    3.64587
1484314097      914   478786    3.65285
1484314098      1033   479819    3.66073
1484314099      605   480481    3.66578
1484314100      1158   481639    3.67461
1484314101      839   482626    3.68214
1484314102      1182   483808    3.69116
1484314103      830   484771    3.69851
1484314104      1028   485799    3.70635
1484314105      526   486325    3.71037
1484314106      908   487233    3.71729
1484314108      701   488086    3.7238
1484314109      1226   489312    3.73315
1484314110      815   490231    3.74017
1484314111      1167   491398    3.74907
1484314112      624   492116    3.75455
1484314113      949   493065    3.76179
1484314114      847   494261    3.77091
1484314115      1196   495457    3.78004
1484314116      838   496406    3.78728
1484314117      1138   497544    3.79596
1484314119      698   498291    3.80166
1484314120      1018   499309    3.80943
