1487786551      999   999    0.0104799
1487786552      999   1999    0.0209703
1487786553      1000   2999    0.0314608
1487786554      972   3971    0.0416574
1487786555      785   4756    0.0498924
1487786556      631   5498    0.0576763
1487786557      800   6298    0.0660686
1487786558      795   7093    0.0744085
1487786559      586   7679    0.0805559
1487786560      643   8322    0.0873013
1487786561      802   9124    0.0957146
1487786562      797   9921    0.104075
1487786563      575   10496    0.110107
1487786564      789   11285    0.118384
1487786565      656   11941    0.125266
1487786566      800   12741    0.133658
1487786567      587   13328    0.139816
1487786568      796   14124    0.148167
1487786569      640   14887    0.156171
1487786570      660   15569    0.163325
1487786571      809   16378    0.171812
1487786572      790   17168    0.180099
1487786573      580   17748    0.186184
1487786574      789   18537    0.194461
1487786576      656   19314    0.202612
1487786577      668   19996    0.209766
1487786578      810   20806    0.218264
1487786579      664   21601    0.226604
1487786580      815   22416    0.235153
1487786581      663   23206    0.243441
1487786582      653   23888    0.250595
1487786583      808   24696    0.259071
1487786584      657   25493    0.267432
1487786585      804   26297    0.275867
1487786586      210   26563    0.278657
1487786588      616   27245    0.285811
1487786589      804   28049    0.294246
1487786590      798   28847    0.302617
1487786591      588   29435    0.308785
1487786592      669   30104    0.315804
1487786593      803   30907    0.324227
1487786594      573   31480    0.330238
1487786595      710   32190    0.337687
1487786596      551   32742    0.343477
1487786597      808   33550    0.351954
1487786598      762   34312    0.359947
1487786599      501   34882    0.365927
1487786600      614   35564    0.373081
1487786601      696   36260    0.380383
1487786602      759   37019    0.388345
1487786603      547   37704    0.395531
1487786604      723   38427    0.403115
1487786605      621   39048    0.40963
1487786606      796   39844    0.41798
1487786607      621   40526    0.425135
1487786608      801   41327    0.433537
1487786609      798   42125    0.441909
1487786610      574   42699    0.44793
1487786611      646   43348    0.454739
1487786612      806   44154    0.463194
1487786613      770   44924    0.471272
1487786614      526   45488    0.477188
1487786615      792   46280    0.485497
1487786616      569   46849    0.491466
1487786617      635   47484    0.498127
1487786618      366   47850    0.501966
1487786619      760   48610    0.509939
1487786620      757   49367    0.51788
1487786621      511   49915    0.523629
1487786622      659   50597    0.530784
1487786623      802   51399    0.539197
1487786624      798   52197    0.547568
1487786625      587   52784    0.553726
1487786626      796   53580    0.562077
1487786628      645   54342    0.57007
1487786629      656   55024    0.577225
1487786630      740   55764    0.584988
1487786631      804   56568    0.593422
1487786632      541   57164    0.599674
1487786633      785   57949    0.607909
1487786634      572   58521    0.61391
1487786635      721   59242    0.621473
1487786636      705   59947    0.628869
1487786637      502   60521    0.634891
1487786638      720   61241    0.642444
1487786639      797   62038    0.650805
1487786640      628   62666    0.657393
1487786641      613   63343    0.664495
1487786642      805   64148    0.672939
1487786643      796   64944    0.68129
1487786644      581   65525    0.687385
1487786645      658   66183    0.694287
1487786646      801   66984    0.70269
1487786647      657   67770    0.710936
1487786648      731   68501    0.718604
1487786649      778   69279    0.726766
1487786650      608   69910    0.733385
1487786651      633   70592    0.74054
1487786652      806   71398    0.748995
1487786653      663   72197    0.757377
1487786654      811   73008    0.765884
1487786656      650   73802    0.774214
1487786657      670   74484    0.781368
1487786658      802   75286    0.789782
1487786659      799   76085    0.798163
1487786660      593   76678    0.804384
1487786661      795   77473    0.812724
1487786662      639   78112    0.819427
1487786663      798   78910    0.827799
1487786664      589   79499    0.833978
1487786665      792   80291    0.842286
1487786666      647   81051    0.850259
1487786667      665   81733    0.857413
1487786668      805   82538    0.865858
1487786669      795   83333    0.874198
1487786670      566   83899    0.880136
1487786671      800   84699    0.888528
1487786672      654   85478    0.8967
1487786673      662   86160    0.903854
1487786674      789   86949    0.912131
1487786675      794   87743    0.920461
1487786676      573   88316    0.926472
1487786677      794   89110    0.934801
1487786678      651   89761    0.94163
1487786679      783   90544    0.949844
1487786680      450   91122    0.955908
1487786681      791   91913    0.964206
1487786682      785   92698    0.972441
1487786683      588   93286    0.978609
1487786684      655   93944    0.985512
1487786685      803   94747    0.993936
1487786686      797   95544    1.0023
1487786687      593   96137    1.00852
1487786688      793   96930    1.01684
1487786689      645   97575    1.0236
1487786690      783   98358    1.03182
1487786691      588   98946    1.03798
1487786692      776   99722    1.04613
1487786694      654   100511    1.0544
1487786695      652   101193    1.06156
1487786696      797   101990    1.06992
1487786697      787   102777    1.07817
1487786698      575   103352    1.08421
1487786699      796   104148    1.09256
1487786700      710   104858    1.1
1487786701      636   105494    1.10668
1487786702      534   106155    1.11361
1487786703      723   106878    1.12119
1487786704      703   107581    1.12857
1487786705      574   108295    1.13606
1487786706      662   108977    1.14321
1487786707      805   109782    1.15166
1487786708      788   110570    1.15993
1487786709      510   111117    1.16566
1487786710      801   111918    1.17407
1487786711      721   112639    1.18163
1487786712      218   112869    1.18404
1487786713      631   113500    1.19066
1487786714      792   114292    1.19897
1487786715      627   114919    1.20555
1487786716      574   115544    1.2121
1487786717      800   116344    1.2205
1487786718      649   116993    1.22731
1487786719      795   117788    1.23565
1487786721      495   118366    1.24171
1487786722      799   119165    1.25009
1487786723      791   119956    1.25839
1487786724      475   120506    1.26416
1487786725      665   121188    1.27131
1487786726      707   121895    1.27873
1487786727      797   122692    1.28709
1487786728      555   123328    1.29376
1487786729      796   124124    1.30211
1487786730      649   124773    1.30892
1487786731      788   125561    1.31719
1487786732      581   126150    1.32337
1487786733      801   126951    1.33177
1487786734      790   127741    1.34006
1487786735      596   128337    1.34631
1487786736      652   128989    1.35315
1487786737      778   129767    1.36131
1487786738      681   130448    1.36845
1487786739      586   131112    1.37542
1487786740      797   131909    1.38378
1487786741      639   132548    1.39048
1487786742      799   133347    1.39887
1487786743      574   133934    1.40502
1487786744      809   134743    1.41351
1487786745      714   135457    1.421
1487786746      581   136074    1.42747
1487786747      656   136756    1.43463
1487786748      801   137557    1.44303
1487786749      667   138361    1.45146
1487786750      789   139150    1.45974
1487786751      798   139948    1.46811
1487786752      651   140599    1.47494
1487786753      594   141193    1.48117
1487786754      803   141996    1.4896
1487786756      664   142788    1.49791
1487786757      815   143603    1.50646
1487786758      642   144245    1.51319
1487786759      795   145040    1.52153
1487786760      603   145643    1.52786
1487786761      787   146430    1.53611
1487786762      655   147215    1.54435
1487786763      650   147897    1.5515
1487786764      798   148695    1.55987
1487786765      804   149499    1.56831
1487786766      605   150104    1.57465
1487786767      796   150900    1.583
1487786768      641   151642    1.59079
1487786769      655   152324    1.59794
1487786770      807   153131    1.60641
1487786771      661   153929    1.61478
1487786772      809   154738    1.62327
1487786773      795   155533    1.63161
1487786774      634   156167    1.63826
1487786775      584   156751    1.64438
1487786776      792   157543    1.65269
1487786777      797   158340    1.66105
1487786779      379   158891    1.66683
1487786780      652   159573    1.67399
1487786781      790   160363    1.68227
1487786782      795   161158    1.69061
1487786783      584   161742    1.69674
1487786784      797   162539    1.7051
1487786785      649   163318    1.71327
1487786786      657   164000    1.72043
1487786787      793   164793    1.72875
1487786788      793   165586    1.73707
1487786789      583   166169    1.74318
1487786790      784   166953    1.75141
1487786791      652   167605    1.75825
1487786792      800   168405    1.76664
1487786793      583   168988    1.77275
1487786794      799   169787    1.78114
1487786795      645   170567    1.78932
1487786796      651   171249    1.79647
1487786797      800   172049    1.80487
1487786798      692   172741    1.81213
1487786799      602   173389    1.81892
1487786800      784   174173    1.82715
1487786801      794   174967    1.83548
1487786802      647   175614    1.84226
1487786803      582   176211    1.84853
1487786804      797   177008    1.85689
1487786805      794   177802    1.86522
1487786806      519   178351    1.87098
1487786807      611   179033    1.87813
1487786808      764   179797    1.88615
1487786809      715   180512    1.89365
1487786811      539   181173    1.90058
1487786812      776   181949    1.90872
1487786813      761   182710    1.9167
1487786814      552   183262    1.92249
1487786815      669   183931    1.92951
1487786816      523   184530    1.9358
1487786817      806   185336    1.94425
1487786818      665   186135    1.95263
1487786819      653   186817    1.95979
1487786820      805   187622    1.96823
1487786821      661   188422    1.97663
1487786822      810   189232    1.98512
1487786824      644   190027    1.99346
1487786825      662   190709    2.00062
1487786826      808   191517    2.00909
1487786827      653   192314    2.01745
1487786828      807   193121    2.02592
1487786829      795   193916    2.03426
1487786830      607   194523    2.04063
1487786831      591   195136    2.04706
1487786832      807   195943    2.05552
1487786833      662   196741    2.0639
1487786834      634   197375    2.07055
1487786835      801   198176    2.07895
1487786836      287   198493    2.08227
1487786837      805   199298    2.09072
1487786838      788   200086    2.09899
1487786839      512   200633    2.10472
1487786840      767   201400    2.11277
1487786841      796   202196    2.12112
1487786842      363   202559    2.12493
1487786843      798   203357    2.1333
1487786844      554   203990    2.13994
1487786845      788   204778    2.14821
1487786846      628   205406    2.15479
1487786847      633   206130    2.16239
1487786848      653   206812    2.16954
1487786849      802   207614    2.17796
1487786850      798   208412    2.18633
1487786851      594   209006    2.19256
1487786852      797   209803    2.20092
1487786853      623   210426    2.20746
1487786854      790   211216    2.21574
1487786855      570   211786    2.22172
1487786856      796   212582    2.23007
1487786857      788   213370    2.23834
1487786858      576   213946    2.24438
1487786860      634   214596    2.2512
1487786861      803   215399    2.25963
1487786862      788   216187    2.26789
1487786863      587   216774    2.27405
1487786864      785   217559    2.28228
1487786865      638   218197    2.28898
1487786866      798   218995    2.29735
1487786867      580   219575    2.30343
1487786868      796   220371    2.31178
1487786869      653   221163    2.32009
1487786870      661   221845    2.32725
1487786871      792   222637    2.33556
1487786872      793   223430    2.34387
1487786873      585   224015    2.35001
1487786874      797   224812    2.35837
1487786875      654   225590    2.36653
1487786876      668   226272    2.37369
1487786877      798   227070    2.38206
1487786878      801   227871    2.39046
1487786879      588   228459    2.39663
1487786880      798   229257    2.405
1487786881      660   229917    2.41193
1487786882      653   230699    2.42013
1487786883      811   231510    2.42864
1487786884      667   232304    2.43697
1487786885      815   233119    2.44552
1487786886      656   233775    2.4524
1487786887      802   234577    2.46081
1487786888      595   235172    2.46705
1487786889      797   235969    2.47541
1487786891      656   236731    2.48341
1487786892      659   237413    2.49056
1487786893      805   238218    2.49901
1487786894      660   239018    2.5074
1487786895      807   239825    2.51586
1487786896      793   240618    2.52418
1487786897      581   241199    2.53028
1487786898      596   241840    2.537
1487786899      801   242641    2.54541
1487786900      787   243428    2.55366
1487786901      538   243980    2.55945
1487786902      780   244760    2.56763
1487786903      579   245339    2.57371
1487786904      796   246135    2.58206
1487786905      605   246802    2.58906
1487786906      752   247554    2.59694
1487786907      784   248338    2.60517
1487786908      588   248942    2.61151
1487786909      662   249624    2.61866
