1481134803      1498   1498    0.0014286
1481134804      1499   2997    0.00285816
1481134805      1499   4496    0.00428772
1481134806      1500   5996    0.00571823
1481134807      1499   7495    0.00714779
1481134808      1498   8993    0.00857639
1481134809      1499   10492    0.010006
1481134810      1499   11991    0.0114355
1481134811      1500   13491    0.012866
1481134812      1499   14990    0.0142956
1481134813      1499   16489    0.0157251
1481134814      1500   17989    0.0171556
1481134815      1499   19488    0.0185852
1481134816      1500   20988    0.0200157
1481134817      1499   22487    0.0214453
1481134818      1499   23986    0.0228748
1481134819      1460   25446    0.0242672
1481134820      1360   26806    0.0255642
1481134821      1383   28233    0.0269251
1481134822      1506   29739    0.0283613
1481134823      1388   31127    0.029685
1481134824      1387   32514    0.0310078
1481134825      1387   33901    0.0323305
1481134826      1387   35288    0.0336533
1481134827      1387   36675    0.034976
1481134828      1383   38058    0.0362949
1481134829      1385   39517    0.0376863
1481134830      1506   41023    0.0391226
1481134831      1389   42412    0.0404472
1481134832      1387   43799    0.04177
1481134833      1385   45184    0.0430908
1481134834      1388   46572    0.0444145
1481134835      1387   47959    0.0457373
1481134836      1340   49299    0.0470152
1481134837      1315   50614    0.0482693
1481134838      1387   52001    0.049592
1481134839      1376   53377    0.0509043
1481134840      1388   54853    0.0523119
1481134841      1506   56359    0.0537481
1481134842      1387   57746    0.0550709
1481134843      1389   59135    0.0563955
1481134844      1387   60522    0.0577183
1481134845      1381   61903    0.0590353
1481134846      1238   63141    0.060216
1481134847      1343   64525    0.0615358
1481134848      1506   66031    0.0629721
1481134849      1307   67338    0.0642185
1481134850      1382   68720    0.0655365
1481134851      1329   70049    0.0668039
1481134852      1292   71341    0.0680361
1481134853      1340   72681    0.069314
1481134854      1499   74180    0.0707436
1481134855      1205   75385    0.0718927
1481134856      1388   76773    0.0732164
1481134857      1388   78249    0.0746241
1481134858      1506   79755    0.0760603
1481134859      1387   81142    0.077383
1481134860      1373   82515    0.0786924
1481134861      1387   83902    0.0800152
1481134862      1377   85279    0.0813284
1481134863      1383   86662    0.0826473
1481134864      1387   88049    0.0839701
1481134865      1386   89533    0.0853853
1481134866      1507   91040    0.0868225
1481134867      1387   92427    0.0881453
1481134868      1385   93812    0.0894661
1481134869      1388   95200    0.0907898
1481134870      1387   96587    0.0921125
1481134871      1387   97974    0.0934353
1481134872      1388   99362    0.094759
1481134873      1313   100675    0.0960112
1481134874      1385   102060    0.097332
1481134875      1387   103447    0.0986547
1481134876      1378   104869    0.100011
1481134877      1507   106376    0.101448
1481134878      1382   107758    0.102766
1481134879      1365   109123    0.104068
1481134880      1386   110509    0.10539
1481134881      1386   111895    0.106711
1481134882      1387   113282    0.108034
1481134883      1388   114670    0.109358
1481134884      1387   116153    0.110772
1481134885      1506   117659    0.112208
1481134886      1387   119046    0.113531
1481134887      1388   120434    0.114855
1481134888      1387   121821    0.116178
1481134889      1387   123208    0.1175
1481134890      1388   124596    0.118824
1481134891      1318   125914    0.120081
1481134892      1386   127300    0.121403
1481134893      1387   128687    0.122725
1481134894      1387   130074    0.124048
1481134895      1371   131489    0.125398
1481134896      1506   132995    0.126834
1481134897      1387   134382    0.128157
1481134898      1380   135762    0.129473
1481134899      1386   137148    0.130795
1481134900      1379   138527    0.13211
1481134901      1386   139913    0.133431
1481134902      1386   141299    0.134753
1481134903      1388   142773    0.136159
1481134904      1506   144279    0.137595
1481134905      1387   145666    0.138918
1481134906      1388   147054    0.140242
1481134907      1387   148441    0.141564
1481134908      1386   149827    0.142886
1481134909      1319   151146    0.144144
1481134910      1350   152496    0.145432
1481134911      1377   153873    0.146745
1481134912      1389   155262    0.148069
1481134913      1386   156648    0.149391
1481134914      1366   158109    0.150784
1481134915      1507   159616    0.152222
1481134916      1286   160902    0.153448
1481134917      1381   162283    0.154765
1481134918      1388   163671    0.156089
1481134919      1387   165058    0.157412
1481134920      1387   166445    0.158734
1481134921      1387   167832    0.160057
1481134922      1499   169331    0.161487
1481134923      1373   170704    0.162796
1481134924      1385   172089    0.164117
1481134925      1386   173475    0.165439
1481134926      1388   174863    0.166762
1481134927      1306   176169    0.168008
1481134928      1376   177545    0.16932
1481134929      1385   178930    0.170641
1481134930      1388   180318    0.171965
1481134931      1388   181706    0.173288
1481134932      1382   183117    0.174634
1481134933      1506   184623    0.17607
1481134934      1388   186011    0.177394
1481134935      1383   187394    0.178713
1481134936      1388   188782    0.180037
1481134937      1389   190171    0.181361
1481134938      1387   191558    0.182684
1481134939      1386   192944    0.184006
1481134940      1387   194401    0.185395
1481134941      1507   195908    0.186832
1481134942      1386   197294    0.188154
1481134943      1387   198681    0.189477
1481134944      1142   200065    0.190797
1481134945      1506   201571    0.192233
1481134946      1387   202958    0.193556
1481134947      1387   204345    0.194879
1481134948      1388   205733    0.196202
1481134949      1388   207121    0.197526
1481134950      1389   208510    0.198851
1481134951      1387   209897    0.200173
1481134952      1386   211349    0.201558
1481134953      1506   212855    0.202994
1481134954      1387   214242    0.204317
1481134955      1389   215631    0.205642
1481134956      1388   217019    0.206965
1481134957      1386   218405    0.208287
1481134958      1389   219794    0.209612
1481134959      1387   221181    0.210935
1481134960      1387   222633    0.212319
1481134961      1506   224139    0.213756
1481134962      1207   225346    0.214907
1481134963      1387   226733    0.216229
1481134964      1499   228232    0.217659
1481134965      1388   229620    0.218983
1481134966      1387   231007    0.220305
1481134967      1388   232395    0.221629
1481134968      1388   233783    0.222953
1481134969      1387   235170    0.224276
1481134970      1386   236556    0.225597
1481134971      1384   237969    0.226945
1481134972      1506   239475    0.228381
1481134973      1232   240707    0.229556
1481134974      1267   241974    0.230764
1481134975      1384   243358    0.232084
1481134976      1231   244589    0.233258
1481134978      1349   246029    0.234632
1481134979      1507   247536    0.236069
1481134980      1385   248921    0.23739
1481134981      1087   250081    0.238496
1481134982      1507   251588    0.239933
1481134983      1387   252975    0.241256
1481134984      1387   254362    0.242579
1481134985      1388   255750    0.243902
1481134986      1385   257135    0.245223
1481134987      1387   258522    0.246546
1481134988      1387   259909    0.247869
1481134989      1385   261365    0.249257
1481134990      1506   262871    0.250693
1481134991      1387   264258    0.252016
1481134992      1385   265643    0.253337
1481134993      1387   267030    0.25466
1481134994      1385   268415    0.25598
1481134995      1388   269803    0.257304
1481134996      1387   271190    0.258627
1481134997      1386   272649    0.260018
1481134998      1507   274156    0.261456
1481134999      1199   275355    0.262599
1481135000      1384   276739    0.263919
1481135001      1500   278239    0.265349
1481135002      1383   279622    0.266668
1481135003      1363   280985    0.267968
1481135004      1379   282364    0.269283
1481135005      1374   283738    0.270594
1481135006      1381   285119    0.271911
1481135007      1382   286501    0.273229
1481135008      1386   287985    0.274644
1481135009      1506   289491    0.27608
1481135010      1387   290878    0.277403
1481135011      1388   292266    0.278727
1481135012      1379   293645    0.280042
1481135013      1386   295031    0.281363
1481135014      1387   296418    0.282686
1481135015      1386   297804    0.284008
1481135016      1387   299269    0.285405
1481135017      1321   300590    0.286665
1481135018      1382   301972    0.287983
1481135019      1375   303347    0.289294
1481135020      1499   304846    0.290724
1481135021      1387   306233    0.292047
1481135022      1385   307618    0.293367
1481135023      1387   309005    0.29469
1481135024      1386   310391    0.296012
1481135025      1388   311779    0.297336
1481135026      1387   313166    0.298658
1481135027      1384   314605    0.300031
1481135028      1506   316111    0.301467
1481135029      1387   317498    0.30279
1481135030      1355   318853    0.304082
1481135031      1381   320234    0.305399
1481135032      1387   321621    0.306722
1481135033      1384   323005    0.308042
1481135034      1388   324393    0.309365
1481135035      1318   325711    0.310622
1481135036      1386   327097    0.311944
1481135037      1383   328480    0.313263
1481135038      1379   329941    0.314656
1481135039      1506   331447    0.316092
1481135040      1387   332834    0.317415
1481135041      1389   334223    0.31874
1481135042      1268   335491    0.319949
1481135043      1386   336877    0.321271
1481135044      1388   338265    0.322595
1481135045      1387   339652    0.323917
1481135046      1499   341151    0.325347
1481135047      1387   342538    0.32667
1481135048      1386   343924    0.327991
1481135049      1387   345311    0.329314
1481135050      1381   346692    0.330631
1481135051      1386   348078    0.331953
1481135052      1387   349465    0.333276
1481135053      1317   350782    0.334532
1481135054      1346   352128    0.335815
1481135055      1387   353515    0.337138
1481135056      1369   354949    0.338506
1481135057      1507   356456    0.339943
1481135058      1387   357843    0.341266
1481135059      1387   359230    0.342588
1481135060      1388   360618    0.343912
1481135061      1375   361993    0.345223
1481135062      1387   363380    0.346546
1481135063      1388   364768    0.34787
1481135064      1351   366233    0.349267
1481135065      1506   367739    0.350703
1481135066      1387   369126    0.352026
1481135067      1386   370512    0.353348
1481135068      1386   371898    0.35467
1481135069      1381   373279    0.355987
1481135070      1387   374666    0.357309
1481135071      1317   375983    0.358565
1481135072      1325   377308    0.359829
1481135073      1371   378679    0.361136
1481135074      1387   380066    0.362459
1481135075      1500   381566    0.36389
1481135076      1387   382953    0.365212
1481135077      1386   384339    0.366534
1481135078      1387   385726    0.367857
1481135079      1387   387113    0.36918
1481135080      1387   388500    0.370502
1481135081      1387   389887    0.371825
1481135082      1387   391274    0.373148
1481135083      1499   392773    0.374578
1481135084      1388   394161    0.375901
1481135085      1387   395548    0.377224
1481135086      1387   396935    0.378547
1481135087      1388   398323    0.37987
1481135088      1380   399703    0.381186
1481135089      1317   401020    0.382442
1481135090      1388   402408    0.383766
1481135091      1387   403795    0.385089
1481135092      1387   405182    0.386412
1481135093      1381   406577    0.387742
1481135094      1506   408083    0.389178
1481135095      1388   409471    0.390502
1481135096      1385   410856    0.391823
1481135097      1387   412243    0.393146
1481135098      1389   413632    0.39447
1481135099      1387   415019    0.395793
1481135100      1379   416398    0.397108
1481135101      1376   417861    0.398503
1481135102      1507   419368    0.39994
1481135103      1375   420743    0.401252
1481135104      1227   421970    0.402422
1481135105      1388   423358    0.403746
1481135106      1384   424742    0.405066
1481135107      1187   425929    0.406198
1481135108      1384   427313    0.407517
1481135109      1386   428699    0.408839
1481135110      1387   430086    0.410162
1481135111      1390   431585    0.411592
1481135112      1506   433091    0.413028
1481135113      1387   434478    0.414351
1481135114      1387   435865    0.415673
1481135115      1384   437249    0.416993
1481135116      1387   438636    0.418316
1481135117      1374   440010    0.419626
1481135118      1387   441397    0.420949
1481135119      1387   442869    0.422353
1481135120      1506   444375    0.423789
1481135121      1387   445762    0.425112
1481135122      1388   447150    0.426435
1481135123      1387   448537    0.427758
1481135124      1386   449923    0.42908
1481135125      1186   451109    0.430211
1481135126      1387   452496    0.431534
1481135127      1387   453883    0.432857
1481135128      1388   455271    0.43418
1481135129      1387   456658    0.435503
1481135130      1499   458157    0.436933
1481135131      1388   459545    0.438256
1481135132      1387   460932    0.439579
1481135133      1387   462319    0.440902
1481135134      1389   463708    0.442226
1481135135      1388   465096    0.44355
1481135136      1380   466476    0.444866
1481135137      1383   467877    0.446202
1481135138      1506   469383    0.447639
1481135139      1388   470771    0.448962
1481135140      1388   472159    0.450286
1481135141      1387   473546    0.451609
1481135142      1387   474933    0.452931
1481135143      1319   476252    0.454189
1481135144      1387   477639    0.455512
1481135145      1386   479025    0.456834
1481135146      1386   480411    0.458156
1481135147      1379   481790    0.459471
1481135148      1383   483213    0.460828
1481135149      1507   484720    0.462265
1481135150      1387   486107    0.463588
1481135151      1387   487494    0.464911
1481135152      1388   488882    0.466234
1481135153      1387   490269    0.467557
1481135154      1386   491655    0.468879
1481135155      1388   493043    0.470202
1481135156      1386   494497    0.471589
1481135157      1506   496003    0.473025
1481135158      1387   497390    0.474348
1481135159      1388   498778    0.475672
