1481291191      1499   1499    0.00142956
1481291192      1499   2998    0.00285912
1481291193      1499   4497    0.00428867
1481291194      1500   5997    0.00571918
1481291195      1499   7496    0.00714874
1481291196      1500   8996    0.00857925
1481291197      1499   10495    0.0100088
1481291198      1499   11994    0.0114384
1481291199      1500   13494    0.0128689
1481291200      1499   14993    0.0142984
1481291201      1499   16492    0.015728
1481291202      1500   17992    0.0171585
1481291203      1499   19491    0.0185881
1481291204      1499   20990    0.0200176
1481291205      1500   22490    0.0214481
1481291206      1499   23989    0.0228777
1481291207      1447   25436    0.0242577
1481291208      1384   26820    0.0255775
1481291209      1367   28217    0.0269098
1481291210      1506   29723    0.0283461
1481291211      1387   31110    0.0296688
1481291212      1386   32496    0.0309906
1481291213      1377   33873    0.0323038
1481291214      1386   35259    0.0336256
1481291215      1353   36612    0.0349159
1481291216      1373   37985    0.0362253
1481291217      1500   39485    0.0376558
1481291218      1381   40866    0.0389729
1481291219      1366   42232    0.0402756
1481291220      1388   43620    0.0415993
1481291221      1387   45007    0.042922
1481291222      1368   46375    0.0442266
1481291223      1349   47724    0.0455132
1481291224      1370   49173    0.046895
1481291225      1321   50494    0.0481548
1481291226      1386   51880    0.0494766
1481291227      1368   53248    0.0507812
1481291228      1500   54748    0.0522118
1481291229      1387   56135    0.0535345
1481291230      1387   57522    0.0548573
1481291231      1379   58901    0.0561724
1481291232      1386   60287    0.0574942
1481291233      1387   61674    0.0588169
1481291234      1376   63050    0.0601292
1481291235      1366   64493    0.0615053
1481291236      1507   66000    0.0629425
1481291237      1369   67369    0.0642481
1481291238      1329   68698    0.0655155
1481291239      1384   70082    0.0668354
1481291240      1367   71449    0.0681391
1481291241      1385   72834    0.0694599
1481291242      1350   74184    0.0707474
1481291243      1311   75495    0.0719976
1481291244      1386   76881    0.0733194
1481291245      1333   78214    0.0745907
1481291246      1500   79714    0.0760212
1481291247      1309   81023    0.0772696
1481291248      1307   82330    0.078516
1481291249      1296   83626    0.079752
1481291250      1386   85012    0.0810738
1481291251      1372   86384    0.0823822
1481291252      1385   87873    0.0838022
1481291253      1507   89380    0.0852394
1481291254      1386   90766    0.0865612
1481291255      1371   92137    0.0878687
1481291256      1387   93524    0.0891914
1481291257      1386   94910    0.0905132
1481291258      1362   96272    0.0918121
1481291259      1387   97659    0.0931349
1481291260      1338   99157    0.0945635
1481291261      1226   100383    0.0957327
1481291262      1383   101766    0.0970516
1481291263      1365   103193    0.0984125
1481291264      1506   104699    0.0998487
1481291265      1387   106086    0.101171
1481291266      1382   107468    0.102489
1481291267      1366   108834    0.103792
1481291268      1387   110221    0.105115
1481291269      1372   111593    0.106423
1481291270      1386   112979    0.107745
1481291271      1386   114477    0.109174
1481291272      1506   115983    0.11061
1481291273      1374   117357    0.11192
1481291274      1384   118741    0.11324
1481291275      1368   120109    0.114545
1481291276      1370   121479    0.115851
1481291277      1387   122866    0.117174
1481291278      1371   124237    0.118482
1481291279      1182   125419    0.119609
1481291280      1388   126807    0.120933
1481291281      1361   128185    0.122247
1481291282      1507   129692    0.123684
1481291283      1371   131063    0.124991
1481291284      1387   132450    0.126314
1481291285      1367   133817    0.127618
1481291286      1383   135200    0.128937
1481291287      1376   136576    0.130249
1481291288      1378   137954    0.131563
1481291289      1499   139453    0.132993
1481291290      1381   140834    0.13431
1481291291      1371   142205    0.135617
1481291292      1387   143592    0.13694
1481291293      1387   144979    0.138263
1481291294      1366   146345    0.139565
1481291295      1385   147730    0.140886
1481291296      1357   149141    0.142232
1481291297      1309   150450    0.14348
1481291298      1384   151834    0.1448
1481291299      1368   153202    0.146105
1481291300      1500   154702    0.147535
1481291301      1387   156089    0.148858
1481291302      1279   157368    0.150078
1481291303      1368   158736    0.151382
1481291304      1375   160111    0.152694
1481291305      1319   161430    0.153952
1481291306      1342   162849    0.155305
1481291307      1506   164355    0.156741
1481291308      1387   165742    0.158064
1481291309      1361   167103    0.159362
1481291310      1387   168490    0.160685
1481291311      1386   169876    0.162006
1481291312      1386   171262    0.163328
1481291313      1385   172647    0.164649
1481291314      1371   174133    0.166066
1481291315      1323   175456    0.167328
1481291316      1386   176842    0.16865
1481291317      1374   178216    0.16996
1481291318      1500   179716    0.171391
1481291319      1387   181103    0.172713
1481291320      1386   182489    0.174035
1481291321      1360   183849    0.175332
1481291322      1382   185231    0.17665
1481291323      1376   186607    0.177962
1481291324      1380   187987    0.179278
1481291325      1386   189453    0.180676
1481291326      1506   190959    0.182113
1481291327      1364   192323    0.183414
1481291328      1329   193652    0.184681
1481291329      1386   195038    0.186003
1481291330      1385   196423    0.187324
1481291331      1385   197808    0.188644
1481291332      1366   199174    0.189947
1481291333      1311   200485    0.191197
1481291334      1383   201868    0.192516
1481291335      1348   203216    0.193802
1481291336      1499   204715    0.195231
1481291337      1388   206103    0.196555
1481291338      1387   207490    0.197878
1481291339      1369   208859    0.199183
1481291340      1388   210247    0.200507
1481291341      1369   211616    0.201813
1481291342      1383   212999    0.203132
1481291343      1383   214445    0.204511
1481291344      1507   215952    0.205948
1481291345      1365   217317    0.20725
1481291346      1387   218704    0.208572
1481291347      1387   220091    0.209895
1481291348      1377   221468    0.211208
1481291349      1385   222853    0.212529
1481291350      1373   224226    0.213839
1481291351      1314   225540    0.215092
1481291352      1386   226926    0.216413
1481291353      1364   228290    0.217714
1481291354      1384   229765    0.219121
1481291355      1506   231271    0.220557
1481291356      1387   232658    0.22188
1481291357      1366   234024    0.223183
1481291358      1386   235410    0.224504
1481291359      1368   236778    0.225809
1481291360      1386   238164    0.227131
1481291361      1224   239437    0.228345
1481291362      1506   240943    0.229781
1481291363      1369   242312    0.231087
1481291364      1387   243699    0.232409
1481291365      1363   245062    0.233709
1481291366      1383   246445    0.235028
1481291367      1387   247832    0.236351
1481291368      1376   249208    0.237663
1481291369      1313   250521    0.238915
1481291370      1386   251907    0.240237
1481291371      1367   253274    0.241541
1481291372      1358   254757    0.242955
1481291373      1506   256263    0.244391
1481291374      1386   257649    0.245713
1481291375      1375   259024    0.247025
1481291376      1386   260410    0.248346
1481291377      1364   261774    0.249647
1481291378      1384   263158    0.250967
1481291379      1386   264544    0.252289
1481291381      1367   266041    0.253716
1481291382      1507   267548    0.255154
1481291383      1387   268935    0.256476
1481291384      1386   270321    0.257798
1481291385      1383   271704    0.259117
1481291386      1383   273087    0.260436
1481291387      1369   274456    0.261742
1481291388      1313   275769    0.262994
1481291389      1384   277153    0.264314
1481291390      1365   278518    0.265615
1481291391      1388   279906    0.266939
1481291392      1386   281361    0.268327
1481291393      1506   282867    0.269763
1481291394      1365   284232    0.271065
1481291395      1388   285620    0.272388
1481291396      1352   286972    0.273678
1481291397      1383   288355    0.274997
1481291398      1380   289735    0.276313
1481291399      1376   291111    0.277625
1481291400      1499   292610    0.279055
1481291401      1384   293994    0.280375
1481291402      1388   295382    0.281698
1481291403      1378   296760    0.283012
1481291404      1388   298148    0.284336
1481291405      1359   299507    0.285632
1481291406      1311   300818    0.286882
1481291407      1388   302206    0.288206
1481291408      1362   303568    0.289505
1481291409      1383   304951    0.290824
1481291410      1382   306353    0.292161
1481291411      1506   307859    0.293597
1481291412      1365   309224    0.294899
1481291413      1387   310611    0.296222
1481291414      1376   311987    0.297534
1481291415      1387   313374    0.298857
1481291416      1385   314759    0.300178
1481291417      1373   316132    0.301487
1481291418      1500   317632    0.302917
1481291419      1333   318965    0.304189
1481291420      1383   320348    0.305508
1481291421      1379   321727    0.306823
1481291422      1382   323109    0.308141
1481291423      1373   324482    0.30945
1481291424      1313   325795    0.310702
1481291425      1379   327174    0.312017
1481291426      1326   328500    0.313282
1481291427      1389   329889    0.314607
1481291428      1378   331345    0.315995
1481291429      1506   332851    0.317431
1481291430      1370   334221    0.318738
1481291431      1297   335518    0.319975
1481291432      1372   336890    0.321283
1481291433      1381   338271    0.3226
1481291434      1383   339654    0.323919
1481291435      1361   341017    0.325219
1481291436      1506   342523    0.326655
1481291437      1387   343910    0.327978
1481291438      1387   345297    0.329301
1481291439      1387   346684    0.330624
1481291440      1387   348071    0.331946
1481291441      1357   349428    0.333241
1481291442      1259   350687    0.334441
1481291443      1387   352074    0.335764
1481291444      1371   353445    0.337071
1481291445      1386   354831    0.338393
1481291446      1499   356330    0.339823
1481291447      1385   357715    0.341144
1481291448      1374   359089    0.342454
1481291449      1387   360476    0.343777
1481291450      1369   361845    0.345082
1481291451      1382   363227    0.3464
1481291452      1387   364614    0.347723
1481291453      1362   366009    0.349053
1481291454      1507   367516    0.350491
1481291455      1388   368904    0.351814
1481291456      1336   370240    0.353088
1481291457      1388   371628    0.354412
1481291458      1383   373011    0.355731
1481291459      1365   374376    0.357033
1481291460      1215   375591    0.358191
1481291461      1387   376978    0.359514
1481291462      1368   378346    0.360819
1481291463      1353   379717    0.362126
1481291464      1506   381223    0.363563
1481291465      1387   382610    0.364885
1481291466      1371   383981    0.366193
1481291467      1388   385369    0.367517
1481291468      1354   386723    0.368808
1481291469      1386   388109    0.37013
1481291470      1383   389492    0.371449
1481291471      1499   390991    0.372878
1481291472      1369   392360    0.374184
1481291473      1374   393734    0.375494
1481291474      1380   395114    0.37681
1481291475      1388   396502    0.378134
1481291476      1387   397889    0.379457
1481291477      1365   399254    0.380758
1481291478      1315   400569    0.382012
1481291479      1387   401956    0.383335
1481291480      1376   403332    0.384647
1481291481      1381   404713    0.385964
1481291482      1503   406216    0.387398
1481291483      1375   407591    0.388709
1481291484      1373   408964    0.390018
1481291485      1384   410348    0.391338
1481291486      1358   411706    0.392633
1481291487      1387   413093    0.393956
1481291488      1386   414479    0.395278
1481291489      1499   415978    0.396708
1481291490      1334   417312    0.39798
1481291491      1380   418692    0.399296
1481291492      1381   420073    0.400613
1481291493      1372   421445    0.401921
1481291494      1387   422832    0.403244
1481291495      1369   424201    0.40455
1481291496      676   424877    0.405194
1481291497      1499   426376    0.406624
1481291498      1385   427761    0.407945
1481291499      1368   429129    0.409249
1481291500      1373   430502    0.410559
1481291501      1300   431802    0.411798
1481291502      1388   433190    0.413122
1481291503      1387   434577    0.414445
1481291504      1499   436076    0.415874
1481291505      1368   437444    0.417179
1481291506      1360   438804    0.418476
1481291507      1364   440168    0.419777
1481291508      1356   441524    0.42107
1481291509      1323   442847    0.422332
1481291510      1372   444219    0.42364
1481291511      1499   445718    0.42507
1481291512      1347   447065    0.426354
1481291513      1374   448439    0.427665
1481291514      1319   449758    0.428923
1481291515      1305   451063    0.430167
1481291516      1388   452451    0.431491
1481291517      1375   453826    0.432802
1481291518      1315   455141    0.434056
1481291519      1373   456514    0.435366
1481291520      1375   457917    0.436704
1481291521      1506   459423    0.43814
1481291522      1383   460806    0.439459
1481291523      1388   462194    0.440783
1481291524      1375   463569    0.442094
1481291525      1387   464956    0.443417
1481291526      1387   466343    0.444739
1481291527      1368   467711    0.446044
1481291528      1387   469201    0.447465
1481291529      1506   470707    0.448901
1481291530      1370   472077    0.450208
1481291531      1389   473466    0.451532
1481291532      1227   474849    0.452851
1481291533      1506   476355    0.454288
1481291534      1382   477737    0.455606
1481291535      1378   479115    0.45692
1481291536      1367   480482    0.458223
1481291537      1367   481849    0.459527
1481291538      1362   483211    0.460826
1481291539      1300   484521    0.462075
1481291540      1507   486028    0.463512
1481291541      1373   487401    0.464822
1481291542      1332   488733    0.466092
1481291543      1306   490039    0.467338
1481291544      1368   491407    0.468642
1481291545      1375   492782    0.469954
1481291546      1360   494193    0.471299
1481291547      1507   495700    0.472736
1481291548      1374   497074    0.474047
1481291549      1371   498445    0.475354
1481291550      1380   499825    0.47667
