1485902544      1367   1367    0.0104294
1485902545      1428   2796    0.0213318
1485902546      1396   4192    0.0319824
1485902547      1406   5598    0.0427094
1485902549      557   6466    0.0493317
1485902550      1179   7645    0.0583267
1485902551      888   8611    0.0656967
1485902552      1185   9796    0.0747375
1485902553      897   10693    0.0815811
1485902554      863   11556    0.0881653
1485902555      1176   12732    0.0971375
1485902556      867   13646    0.104111
1485902557      1177   14823    0.113091
1485902558      895   15718    0.119919
1485902559      842   16560    0.126343
1485902560      1169   17729    0.135262
1485902561      891   18681    0.142525
1485902562      1178   19859    0.151512
1485902563      895   20754    0.15834
1485902564      852   21606    0.164841
1485902565      1179   22785    0.173836
1485902566      881   23716    0.180939
1485902567      1182   24898    0.189957
1485902568      895   25793    0.196785
1485902569      852   26645    0.203285
1485902570      1169   27814    0.212204
1485902571      877   28751    0.219353
1485902572      1185   29936    0.228394
1485902573      896   30832    0.235229
1485902574      841   31673    0.241646
1485902575      1184   32857    0.250679
1485902576      884   33786    0.257767
1485902577      1183   34969    0.266792
1485902578      896   35865    0.273628
1485902579      854   36719    0.280144
1485902580      1167   37886    0.289047
1485902581      878   38821    0.296181
1485902582      1180   40001    0.305183
1485902583      897   40898    0.312027
1485902584      855   41753    0.31855
1485902585      1169   42922    0.327469
1485902586      887   43856    0.334595
1485902587      1180   45036    0.343597
1485902588      893   45929    0.35041
1485902589      859   46788    0.356964
1485902590      1170   47958    0.365891
1485902591      876   48891    0.373009
1485902592      1180   50071    0.382011
1485902593      894   50965    0.388832
1485902594      847   51812    0.395294
1485902595      1181   52993    0.404305
1485902596      883   53926    0.411423
1485902597      1182   55108    0.420441
1485902598      893   56001    0.427254
1485902599      851   56852    0.433746
1485902600      1171   58023    0.44268
1485902601      877   58961    0.449837
1485902602      1174   60135    0.458794
1485902603      895   61030    0.465622
1485902604      851   61881    0.472115
1485902605      1174   63055    0.481071
1485902607      884   63996    0.488251
1485902608      1185   65181    0.497292
1485902609      896   66077    0.504128
1485902610      853   66930    0.510635
1485902611      1171   68101    0.519569
1485902612      876   69031    0.526665
1485902613      1172   70203    0.535606
1485902614      893   71096    0.542419
1485902615      852   71948    0.54892
1485902616      782   72730    0.554886
1485902617      1172   73902    0.563828
1485902618      857   74781    0.570534
1485902619      900   75681    0.5774
1485902620      1178   76859    0.586388
1485902621      804   77671    0.592583
1485902622      1177   78848    0.601562
1485902623      896   79816    0.608948
1485902624      904   80720    0.615845
1485902625      1174   81894    0.624802
1485902626      852   82746    0.631302
1485902627      1174   83920    0.640259
1485902628      876   84851    0.647362
1485902629      903   85754    0.654251
1485902630      1179   86933    0.663246
1485902631      855   87788    0.669769
1485902632      1169   88957    0.678688
1485902633      871   89886    0.685776
1485902634      900   90786    0.692642
1485902635      1170   91956    0.701569
1485902636      844   92800    0.708008
1485902637      1173   93973    0.716957
1485902638      879   94921    0.72419
1485902639      898   95819    0.731041
1485902640      1178   96997    0.740028
1485902641      849   97846    0.746506
1485902642      1170   99016    0.755432
1485902643      883   99956    0.762604
1485902644      900   100856    0.76947
1485902645      1180   102036    0.778473
1485902646      856   102892    0.785004
1485902647      1172   104064    0.793945
1485902648      873   104991    0.801018
1485902649      900   105891    0.807884
1485902650      1170   107061    0.816811
1485902651      709   107881    0.823067
1485902652      1153   109034    0.831863
1485902653      844   110026    0.839432
1485902654      769   110795    0.845299
1485902655      1082   111877    0.853554
1485902657      897   112916    0.861481
1485902658      1043   113959    0.869438
1485902659      844   115061    0.877846
1485902660      739   115806    0.88353
1485902661      1175   116981    0.892494
1485902662      799   117951    0.899895
1485902663      1086   119037    0.90818
1485902664      911   120096    0.91626
1485902665      771   120867    0.922142
1485902666      948   121815    0.929375
1485902668      903   122986    0.938309
1485902669      1176   124162    0.947281
1485902670      887   125131    0.954674
1485902671      883   126014    0.961411
1485902672      1167   127181    0.970314
1485902673      849   128030    0.976791
1485902674      1175   129205    0.985756
1485902675      890   130166    0.993088
1485902676      899   131065    0.999947
1485902677      1178   132243    1.00893
1485902678      844   133087    1.01537
1485902679      1183   134270    1.0244
1485902680      880   135201    1.0315
1485902681      898   136099    1.03835
1485902682      1180   137279    1.04736
1485902683      592   138091    1.05355
1485902684      1176   139267    1.06252
1485902685      896   140236    1.06992
1485902686      896   141132    1.07675
1485902687      1175   142307    1.08572
1485902688      854   143161    1.09223
1485902689      1169   144330    1.10115
1485902690      878   145271    1.10833
1485902691      900   146171    1.1152
1485902692      1170   147341    1.12412
1485902693      839   148180    1.13052
1485902694      1179   149359    1.13952
1485902695      884   150306    1.14674
1485902696      898   151204    1.15359
1485902697      1174   152378    1.16255
1485902698      852   153230    1.16905
1485902699      1174   154404    1.17801
1485902700      875   155341    1.18516
1485902701      899   156240    1.19202
1485902702      1172   157412    1.20096
1485902703      841   158253    1.20737
1485902704      1172   159425    1.21632
1485902705      883   160376    1.22357
1485902706      903   161279    1.23046
1485902707      1171   162450    1.2394
1485902708      843   163293    1.24583
1485902709      1179   164472    1.25482
1485902711      885   165411    1.26199
1485902712      902   166313    1.26887
1485902713      1174   167487    1.27782
1485902714      737   168301    1.28403
1485902715      1186   169487    1.29308
1485902716      892   170446    1.3004
1485902717      900   171346    1.30727
1485902718      1179   172525    1.31626
1485902719      847   173372    1.32272
1485902720      1181   174553    1.33173
1485902721      879   175481    1.33881
1485902722      903   176384    1.3457
1485902723      1179   177563    1.3547
1485902724      848   178411    1.36117
1485902725      1170   179581    1.37009
1485902726      880   180516    1.37723
1485902727      902   181418    1.38411
1485902728      1177   182595    1.39309
1485902729      848   183443    1.39956
1485902730      1183   184626    1.40858
1485902731      884   185551    1.41564
1485902732      903   186454    1.42253
1485902733      1183   187637    1.43156
1485902734      855   188492    1.43808
1485902735      1174   189666    1.44704
1485902736      875   190586    1.45406
1485902737      901   191487    1.46093
1485902738      1175   192662    1.46989
1485902739      843   193505    1.47633
1485902740      1170   194675    1.48525
1485902741      889   195621    1.49247
1485902742      902   196523    1.49935
1485902743      1174   197697    1.50831
1485902744      846   198543    1.51476
1485902745      1175   199718    1.52373
1485902746      880   200656    1.53088
1485902747      902   201558    1.53777
1485902748      1167   202725    1.54667
1485902749      853   203578    1.55318
1485902750      1170   204748    1.5621
1485902751      887   205691    1.5693
1485902752      903   206594    1.57619
1485902753      1178   207772    1.58517
1485902754      854   208626    1.59169
1485902755      1172   209798    1.60063
1485902756      875   210726    1.60771
1485902757      897   211623    1.61456
1485902758      1172   212795    1.6235
1485902759      844   213639    1.62994
1485902760      1172   214811    1.63888
1485902761      883   215761    1.64613
1485902762      901   216662    1.653
1485902763      1176   217838    1.66197
1485902764      859   218697    1.66853
1485902765      1176   219873    1.6775
1485902766      874   220796    1.68454
1485902767      902   221698    1.69142
1485902768      1179   222877    1.70042
1485902769      850   223727    1.7069
1485902770      1171   224898    1.71584
1485902771      875   225831    1.72295
1485902773      581   226576    1.72864
1485902774      1177   227753    1.73762
1485902775      824   228721    1.745
1485902776      1049   229770    1.75301
1485902777      865   230866    1.76137
1485902778      743   231611    1.76705
1485902779      1176   232787    1.77602
1485902781      521   233756    1.78342
1485902782      1186   234942    1.79247
1485902783      830   235901    1.79978
1485902784      730   236646    1.80547
1485902785      1180   237826    1.81447
1485902786      933   238759    1.82159
1485902787      732   239506    1.82729
1485902788      1180   240686    1.83629
1485902789      827   241651    1.84365
1485902790      905   242556    1.85056
1485902791      1160   243716    1.85941
1485902792      845   244561    1.86585
1485902793      1165   245726    1.87474
1485902794      883   246686    1.88206
1485902795      905   247591    1.88897
1485902796      1173   248764    1.89792
1485902797      842   249606    1.90434
1485902798      1160   250766    1.91319
1485902799      874   251721    1.92048
1485902800      888   252609    1.92725
1485902801      1167   253776    1.93616
1485902802      834   254611    1.94253
1485902803      1185   255796    1.95157
1485902805      891   256756    1.95889
1485902806      909   257665    1.96583
1485902807      1177   258842    1.97481
1485902808      851   259693    1.9813
1485902809      1171   260864    1.99023
1485902810      875   261791    1.99731
1485902811      910   262701    2.00425
1485902812      1178   263879    2.01324
1485902813      848   264727    2.01971
1485902814      1170   265897    2.02863
1485902815      881   266826    2.03572
1485902816      896   267722    2.04256
1485902817      1179   268901    2.05155
1485902818      854   269755    2.05807
1485902819      1165   270920    2.06696
1485902820      882   271861    2.07413
1485902821      905   272766    2.08104
1485902822      1171   273937    2.08997
1485902823      850   274787    2.09646
1485902824      1175   275962    2.10542
1485902825      879   276896    2.11255
1485902826      905   277801    2.11945
1485902827      1178   278979    2.12844
1485902828      845   279824    2.13489
1485902829      1169   280993    2.14381
1485902830      874   281931    2.15096
1485902831      911   282842    2.15791
1485902832      1178   284020    2.1669
1485902833      852   284872    2.1734
1485902834      1169   286041    2.18232
1485902835      880   286966    2.18938
1485902836      892   287858    2.19618
1485902837      1177   289035    2.20516
1485902838      843   289878    2.21159
1485902839      1178   291056    2.22058
1485902840      884   292001    2.22779
1485902841      900   292901    2.23466
1485902842      1170   294071    2.24358
1485902843      841   294912    2.25
1485902844      1173   296085    2.25895
1485902845      883   297036    2.2662
1485902846      902   297938    2.27309
1485902847      1176   299114    2.28206
1485902848      841   299955    2.28848
1485902849      1170   301125    2.2974
1485902850      878   302071    2.30462
1485902851      906   302977    2.31153
1485902852      1173   304150    2.32048
1485902853      848   304998    2.32695
1485902854      1183   306181    2.33598
1485902855      876   307106    2.34303
1485902856      908   308014    2.34996
1485902857      1176   309190    2.35893
1485902858      846   310036    2.36539
1485902859      1167   311203    2.37429
1485902860      885   312141    2.38145
1485902861      896   313037    2.38828
1485902862      1169   314206    2.3972
1485902863      850   315056    2.40369
1485902864      1173   316229    2.41264
1485902865      885   317176    2.41986
1485902866      894   318070    2.42668
1485902867      1173   319243    2.43563
1485902868      835   320078    2.442
1485902869      1172   321250    2.45094
1485902870      897   322211    2.45827
1485902871      906   323117    2.46519
1485902872      1180   324297    2.47419
1485902873      858   325155    2.48074
1485902874      1179   326334    2.48973
1485902875      870   327246    2.49669
1485902876      905   328151    2.50359
1485902877      1172   329323    2.51254
1485902878      850   330173    2.51902
1485902879      1176   331349    2.52799
1485902881      875   332281    2.5351
1485902882      902   333183    2.54198
1485902883      1171   334354    2.55092
1485902884      841   335195    2.55733
1485902885      1171   336366    2.56627
1485902886      892   337316    2.57352
1485902887      893   338209    2.58033
1485902888      1171   339380    2.58926
1485902889      842   340222    2.59569
1485902890      1177   341399    2.60467
1485902891      882   342351    2.61193
1485902892      904   343255    2.61883
1485902893      1174   344429    2.62778
1485902894      846   345275    2.63424
1485902895      1177   346452    2.64322
1485902896      878   347386    2.65034
1485902897      906   348292    2.65726
1485902898      1175   349467    2.66622
1485902899      833   350300    2.67258
1485902900      1182   351482    2.68159
1485902901      882   352421    2.68876
1485902902      907   353328    2.69568
1485902903      1175   354503    2.70464
1485902904      735   355311    2.71081
1485902905      1177   356488    2.71979
1485902906      824   357456    2.72717
1485902907      729   358201    2.73286
1485902908      930   359131    2.73995
1485902909      1177   360308    2.74893
1485902910      730   361061    2.75468
1485902911      1182   362243    2.76369
1485902912      746   362989    2.76939
1485902913      825   363951    2.77673
1485902914      1174   365125    2.78568
1485902916      617   366096    2.79309
1485902917      1184   367280    2.80212
1485902918      367   367647    2.80492
1485902919      1177   368824    2.8139
1485902920      746   369701    2.82059
1485902921      1048   370749    2.82859
1485902922      935   371846    2.83696
1485902923      894   372740    2.84378
1485902924      1168   373908    2.85269
1485902925      852   374760    2.85919
1485902926      1173   375933    2.86814
1485902927      876   376881    2.87537
1485902928      880   377761    2.88209
1485902929      1167   378928    2.89099
1485902930      839   379771    2.89742
1485902931      1176   380947    2.90639
1485902932      895   381916    2.91379
1485902933      897   382813    2.92063
1485902934      1179   383992    2.92963
1485902935      847   384839    2.93609
1485902936      1171   386010    2.94502
1485902937      882   386951    2.9522
1485902938      897   387848    2.95905
1485902939      1182   389030    2.96806
1485902940      854   389884    2.97458
1485902941      1174   391058    2.98354
1485902942      873   391986    2.99062
1485902943      898   392884    2.99747
1485902944      1174   394058    3.00642
1485902945      850   394908    3.01291
1485902947      605   395591    3.01812
1485902948      1183   396774    3.02715
1485902949      892   397736    3.03448
1485902950      902   398638    3.04137
1485902951      1176   399814    3.05034
1485902952      847   400661    3.0568
1485902953      1180   401841    3.0658
1485902954      887   402771    3.0729
1485902955      887   403658    3.07967
1485902956      1182   404840    3.08868
1485902957      848   405688    3.09515
1485902958      1170   406858    3.10408
1485902959      885   407806    3.11131
1485902960      908   408714    3.11824
1485902961      1173   409887    3.12719
1485902962      843   410730    3.13362
1485902963      1180   411910    3.14262
1485902964      877   412841    3.14973
1485902965      908   413749    3.15665
1485902966      1174   414923    3.16561
1485902967      851   415774    3.1721
1485902968      1178   416952    3.18109
1485902969      874   417876    3.18814
1485902970      909   418785    3.19508
1485902971      1172   419957    3.20402
1485902972      852   420809    3.21052
1485902973      1175   421984    3.21948
1485902974      879   422911    3.22655
1485902975      883   423794    3.23329
1485902976      1172   424966    3.24223
1485902977      862   425828    3.24881
1485902978      1176   427004    3.25778
1485902979      882   427946    3.26497
1485902980      910   428856    3.27191
1485902981      1174   430030    3.28087
1485902982      663   430836    3.28702
1485902983      1181   432017    3.29603
1485902984      899   432981    3.30338
1485902985      895   433876    3.31021
1485902986      1169   435045    3.31913
1485902987      857   435902    3.32567
1485902988      1173   437075    3.33462
1485902989      883   438016    3.3418
1485902990      892   438908    3.3486
1485902991      1184   440092    3.35764
1485902992      864   440956    3.36423
1485902993      1174   442130    3.37318
1485902994      884   443051    3.38021
1485902995      892   443943    3.38702
1485902996      1179   445122    3.39601
1485902997      850   445972    3.4025
1485902998      1171   447143    3.41143
1485902999      878   448086    3.41862
1485903000      898   448984    3.42548
1485903001      1171   450155    3.43441
1485903002      851   451006    3.4409
1485903003      1182   452188    3.44992
1485903005      880   453121    3.45704
1485903006      903   454024    3.46393
1485903007      1179   455203    3.47292
1485903008      861   456064    3.47949
1485903009      1176   457240    3.48846
1485903010      874   458156    3.49545
1485903011      908   459064    3.50238
1485903012      1180   460244    3.51138
1485903013      846   461090    3.51784
1485903014      1047   462137    3.52583
1485903015      931   463191    3.53387
1485903016      896   464087    3.5407
1485903017      1178   465266    3.5497
1485903018      850   466116    3.55618
1485903019      1176   467292    3.56516
1485903020      889   468226    3.57228
1485903021      897   469123    3.57912
1485903022      1174   470297    3.58808
1485903023      846   471143    3.59454
1485903024      1179   472322    3.60353
1485903025      856   473261    3.61069
1485903026      675   474006    3.61638
1485903027      912   474918    3.62334
1485903028      1180   476098    3.63234
1485903029      692   476866    3.6382
1485903030      986   477852    3.64572
1485903031      893   478745    3.65253
1485903032      927   479672    3.65961
1485903033      775   480471    3.6657
1485903034      1119   481590    3.67424
1485903035      844   482616    3.68207
1485903036      731   483361    3.68775
1485903037      1177   484538    3.69673
1485903038      925   485463    3.70379
1485903039      741   486221    3.70957
1485903040      1182   487403    3.71859
1485903042      826   488366    3.72594
1485903043      736   489111    3.73162
1485903044      1180   490291    3.74062
1485903045      889   491256    3.74799
1485903046      1178   492434    3.75697
1485903047      890   493401    3.76435
1485903048      901   494302    3.77122
1485903049      1178   495480    3.78021
1485903050      852   496332    3.78671
1485903051      1174   497506    3.79567
1485903052      871   498436    3.80276
1485903053      891   499327    3.80956
