1499687895      448   448    0.0132446
1499687896      443   891    0.0263414
1499687897      441   1333    0.0394087
1499687898      450   1784    0.052742
1499687899      459   2244    0.0663414
1499687900      395   2639    0.0780191
1499687901      401   3040    0.0898743
1499687902      403   3461    0.102321
1499687903      422   3913    0.115684
1499687904      399   4312    0.12748
1499687905      398   4710    0.139246
1499687906      405   5115    0.151219
1499687907      416   5565    0.164523
1499687908      421   6017    0.177886
1499687909      415   6433    0.190185
1499687910      408   6841    0.202247
1499687911      398   7239    0.214013
1499687912      408   7669    0.226726
1499687913      418   8121    0.240088
1499687914      404   8526    0.252062
1499687915      403   8929    0.263976
1499687916      396   9325    0.275683
1499687917      409   9773    0.288928
1499687918      419   10225    0.302291
1499687919      398   10623    0.314057
1499687920      406   11029    0.32606
1499687921      407   11436    0.338093
1499687922      418   11877    0.35113
1499687923      410   12329    0.364493
1499687924      407   12737    0.376555
1499687925      405   13143    0.388558
1499687926      383   13529    0.39997
1499687927      428   13981    0.413333
1499687929      230   14433    0.426696
1499687930      400   14833    0.438521
1499687931      401   15234    0.450377
1499687932      409   15643    0.462468
1499687933      419   16085    0.475535
1499687934      420   16537    0.488898
1499687935      409   16946    0.50099
1499687936      404   17350    0.512934
1499687937      391   17741    0.524493
1499687939      420   18189    0.537738
1499687940      425   18641    0.551101
1499687941      415   19056    0.56337
1499687942      406   19463    0.575402
1499687943      404   19867    0.587346
