1485533177      1390   1391    0.0106125
1485533178      1339   2731    0.0208359
1485533179      1363   4096    0.03125
1485533180      1393   5489    0.0418777
1485533181      817   6421    0.0489883
1485533182      1155   7576    0.0578003
1485533183      875   8566    0.0653534
1485533184      1158   9724    0.0741882
1485533185      882   10606    0.0809174
1485533186      817   11423    0.0871506
1485533187      1168   12591    0.0960617
1485533188      875   13556    0.103424
1485533189      1167   14723    0.112328
1485533190      878   15601    0.119026
1485533191      808   16409    0.125191
1485533192      1086   17495    0.133476
1485533193      909   18546    0.141495
1485533194      1163   19709    0.150368
1485533195      340   20049    0.152962
1485533196      985   21034    0.160477
1485533197      862   22106    0.168655
1485533198      1102   23208    0.177063
1485533199      885   24093    0.183815
1485533201      702   24951    0.190361
1485533202      1168   26119    0.199272
1485533203      875   27096    0.206726
1485533204      1157   28253    0.215553
1485533205      883   29241    0.223091
1485533206      852   30093    0.229591
1485533207      1150   31243    0.238365
1485533208      829   32086    0.244797
1485533209      1155   33241    0.253609
1485533210      880   34231    0.261162
1485533211      880   35111    0.267876
1485533212      1154   36265    0.27668
1485533213      817   37082    0.282913
1485533214      1164   38246    0.291794
1485533215      880   39221    0.299232
1485533216      884   40105    0.305977
1485533217      1161   41266    0.314835
1485533218      823   42089    0.321114
1485533219      1159   43248    0.329956
1485533220      881   44211    0.337303
1485533221      886   45097    0.344063
1485533222      1148   46245    0.352821
1485533223      803   47056    0.359009
1485533224      1178   48234    0.367996
1485533225      878   49201    0.375374
1485533226      880   50081    0.382088
1485533227      1069   51150    0.390244
1485533228      842   52046    0.397079
1485533229      1167   53213    0.405983
1485533230      884   54191    0.413445
1485533231      880   55071    0.420158
1485533232      1159   56230    0.429001
1485533233      805   57036    0.43515
1485533234      1161   58197    0.444008
1485533235      878   59181    0.451515
1485533236      884   60065    0.45826
1485533237      1160   61225    0.46711
1485533238      815   62040    0.473328
1485533239      1160   63200    0.482178
1485533241      877   64171    0.489586
1485533242      884   65055    0.49633
1485533243      518   65586    0.500381
1485533244      1156   66742    0.509201
1485533245      875   67731    0.516747
1485533246      1159   68890    0.525589
1485533247      753   69861    0.532997
1485533248      1162   71023    0.541862
1485533249      878   72006    0.549362
1485533250      1178   73184    0.55835
1485533251      872   74151    0.565727
1485533252      882   75033    0.572456
1485533253      1157   76190    0.581284
1485533254      810   77000    0.587463
1485533255      1169   78169    0.596382
1485533256      871   79141    0.603798
1485533257      885   80026    0.61055
1485533258      1170   81196    0.619476
1485533259      826   82022    0.625778
1485533260      1155   83177    0.63459
1485533261      866   84131    0.641869
1485533262      854   84985    0.648384
1485533263      1158   86143    0.657219
1485533265      805   86976    0.663574
1485533266      1174   88150    0.672531
1485533267      850   89121    0.679939
1485533268      883   90004    0.686676
1485533269      1121   91125    0.695229
1485533270      811   91966    0.701645
1485533271      1155   93121    0.710457
1485533272      889   94111    0.71801
1485533273      882   94993    0.724739
1485533274      1160   96153    0.733589
1485533275      843   96996    0.740021
1485533276      1164   98160    0.748901
1485533277      871   99101    0.756081
1485533278      884   99985    0.762825
1485533279      1161   101146    0.771683
1485533280      803   101949    0.777809
1485533281      991   102940    0.78537
1485533282      932   103872    0.79248
1485533284      557   104791    0.799492
1485533285      1158   105949    0.808327
1485533286      884   106936    0.815857
1485533287      1147   108083    0.824608
1485533288      873   109081    0.832222
1485533289      871   109952    0.838867
1485533290      1151   111103    0.847649
1485533291      811   111926    0.853928
1485533292      1145   113071    0.862663
1485533293      873   114071    0.870293
1485533294      886   114957    0.877052
1485533295      1165   116122    0.885941
1485533296      819   116941    0.892189
1485533297      1165   118106    0.901077
1485533298      873   119061    0.908363
1485533299      882   119943    0.915092
1485533300      1171   121114    0.924026
1485533301      828   121942    0.930344
1485533302      1152   123094    0.939133
1485533303      877   124051    0.946434
1485533304      879   124930    0.95314
1485533305      1162   126092    0.962006
1485533306      795   126896    0.96814
1485533307      1167   128063    0.977043
1485533308      872   129041    0.984505
1485533309      876   129917    0.991188
1485533310      1162   131079    1.00005
1485533311      803   131886    1.00621
1485533312      1160   133046    1.01506
1485533313      878   134031    1.02258
1485533314      871   134902    1.02922
1485533315      1150   136052    1.03799
1485533316      819   136876    1.04428
1485533317      1165   138041    1.05317
1485533319      792   139021    1.06065
1485533320      858   139879    1.06719
1485533321      1085   140964    1.07547
1485533322      777   141866    1.08235
1485533323      1170   143036    1.09128
1485533324      876   144011    1.09872
1485533325      874   144885    1.10538
1485533326      1160   146045    1.11423
1485533327      795   146856    1.12042
1485533328      1165   148021    1.12931
1485533329      879   149001    1.13679
1485533330      871   149872    1.14343
1485533331      1144   151016    1.15216
1485533332      825   151846    1.15849
1485533333      1158   153004    1.16733
1485533334      886   153991    1.17486
1485533335      880   154871    1.18157
1485533336      1165   156036    1.19046
1485533337      805   156841    1.1966
1485533338      1156   157997    1.20542
1485533339      882   158981    1.21293
1485533340      884   159865    1.21967
1485533341      1144   161009    1.2284
1485533342      810   161826    1.23463
1485533343      1172   162998    1.24358
1485533344      848   163971    1.251
1485533345      883   164854    1.25774
1485533346      1142   165996    1.26645
1485533347      809   166816    1.27271
1485533348      1163   167979    1.28158
1485533350      875   168961    1.28907
1485533351      879   169840    1.29578
1485533352      1153   170993    1.30457
1485533353      775   171806    1.31078
1485533354      1171   172977    1.31971
1485533355      883   173951    1.32714
1485533356      881   174832    1.33386
1485533357      1161   175993    1.34272
1485533358      833   176826    1.34908
1485533359      1158   177984    1.35791
1485533360      864   178941    1.36521
1485533361      885   179826    1.37196
1485533362      1166   180992    1.38086
1485533363      839   181831    1.38726
1485533364      1159   182990    1.3961
1485533365      868   183931    1.40328
1485533366      881   184812    1.41
1485533367      1157   185969    1.41883
1485533368      808   186777    1.425
1485533369      1171   187948    1.43393
1485533370      879   188921    1.44135
1485533371      633   189621    1.44669
1485533372      1161   190782    1.45555
1485533373      879   191766    1.46306
1485533374      1180   192946    1.47206
1485533375      865   193911    1.47942
1485533376      886   194797    1.48618
1485533377      1160   195957    1.49503
1485533378      809   196766    1.50121
1485533379      1144   197910    1.50993
1485533380      887   198901    1.51749
1485533381      829   199730    1.52382
1485533382      1083   200813    1.53208
1485533384      860   201746    1.5392
1485533385      1140   202886    1.5479
1485533386      894   203891    1.55556
1485533387      880   204771    1.56228
1485533388      1163   205934    1.57115
1485533389      800   206736    1.57727
1485533390      1163   207899    1.58614
1485533391      888   208881    1.59364
1485533392      887   209768    1.6004
1485533393      1158   210926    1.60924
1485533394      816   211742    1.61546
1485533395      1167   212909    1.62437
1485533396      874   213871    1.63171
1485533397      727   214598    1.63725
1485533398      1169   215767    1.64617
1485533399      880   216716    1.65341
1485533400      1162   217878    1.66228
1485533401      883   218861    1.66978
1485533402      884   219745    1.67652
1485533403      1160   220905    1.68537
1485533404      596   221706    1.69148
1485533405      1171   222877    1.70042
1485533407      875   223851    1.70785
1485533408      699   224551    1.71319
1485533409      1165   225716    1.72208
1485533410      885   226696    1.72955
1485533411      1167   227863    1.73846
1485533412      886   228841    1.74592
1485533413      869   229710    1.75255
1485533414      1148   230858    1.76131
1485533415      826   231686    1.76762
1485533416      1161   232847    1.77648
1485533417      885   233831    1.78399
1485533418      869   234700    1.79062
1485533419      1156   235856    1.79944
1485533420      795   236676    1.80569
1485533421      1175   237851    1.81466
1485533422      861   238821    1.82206
1485533423      872   239693    1.82871
1485533424      1162   240855    1.83758
1485533425      832   241687    1.84393
1485533426      1169   242856    1.85284
1485533427      868   243811    1.86013
1485533428      879   244690    1.86684
1485533429      1157   245847    1.87566
1485533430      801   246656    1.88184
1485533431      1164   247820    1.89072
1485533432      874   248801    1.8982
1485533433      880   249681    1.90491
1485533434      1158   250839    1.91375
1485533435      823   251662    1.92003
1485533436      1170   252832    1.92896
1485533437      875   253791    1.93627
1485533438      883   254674    1.94301
1485533439      1161   255835    1.95187
1485533440      797   256636    1.95798
1485533441      1174   257810    1.96693
1485533443      799   258781    1.97434
1485533444      879   259660    1.98105
1485533445      1147   260807    1.9898
1485533446      820   261627    1.99606
1485533447      1169   262796    2.00497
1485533448      798   263771    2.01241
1485533449      632   264471    2.01775
1485533450      1155   265626    2.02657
1485533451      890   266616    2.03412
1485533452      1177   267793    2.0431
1485533453      867   268761    2.05048
1485533454      862   269623    2.05706
1485533455      1163   270786    2.06593
1485533456      814   271606    2.07219
1485533457      1166   272772    2.08109
1485533458      889   273751    2.08855
1485533459      887   274638    2.09532
1485533460      1159   275797    2.10416
1485533461      814   276611    2.11037
1485533462      1159   277770    2.11922
1485533463      883   278741    2.12663
1485533464      883   279624    2.13336
1485533465      1156   280780    2.14218
1485533466      820   281600    2.14844
1485533467      1169   282769    2.15736
1485533468      879   283731    2.1647
1485533469      673   284431    2.17004
1485533470      1182   285613    2.17905
1485533472      883   286576    2.1864
1485533473      1141   287717    2.19511
1485533474      887   288721    2.20277
1485533475      873   289594    2.20943
1485533476      1166   290760    2.21832
1485533477      845   291605    2.22477
1485533478      1162   292767    2.23363
1485533479      875   293711    2.24084
1485533480      901   294612    2.24771
1485533481      1172   295784    2.25665
1485533482      847   296631    2.26311
1485533483      1171   297802    2.27205
1485533484      864   298701    2.27891
1485533485      898   299599    2.28576
1485533486      1167   300766    2.29466
1485533487      844   301610    2.3011
1485533488      1171   302781    2.31004
1485533489      870   303691    2.31698
1485533490      901   304592    2.32385
1485533491      1162   305754    2.33272
1485533492      835   306589    2.33909
1485533493      1170   307759    2.34801
1485533494      872   308681    2.35505
1485533495      898   309579    2.3619
1485533496      1172   310751    2.37084
1485533497      846   311597    2.3773
1485533498      1171   312768    2.38623
1485533499      863   313671    2.39312
1485533500      895   314566    2.39995
1485533501      955   315521    2.40723
1485533502      886   316516    2.41483
1485533503      1167   317683    2.42373
1485533504      885   318661    2.43119
1485533505      894   319555    2.43801
1485533506      1168   320723    2.44692
1485533507      839   321562    2.45332
1485533508      1171   322733    2.46226
1485533509      871   323651    2.46926
1485533510      894   324545    2.47608
1485533511      1172   325717    2.48502
1485533512      822   326539    2.49129
1485533513      1169   327708    2.50021
1485533514      876   328641    2.50733
1485533515      894   329535    2.51415
1485533516      1171   330706    2.52309
1485533517      835   331541    2.52946
1485533518      1170   332711    2.53838
1485533519      877   333631    2.5454
1485533520      898   334529    2.55225
1485533521      1171   335700    2.56119
1485533522      843   336543    2.56762
1485533523      1173   337716    2.57657
1485533524      867   338621    2.58347
1485533525      898   339519    2.59032
1485533526      1171   340690    2.59926
1485533527      838   341528    2.60565
1485533528      950   342478    2.6129
1485533530      941   343611    2.62154
1485533531      732   344343    2.62713
1485533532      1124   345467    2.6357
1485533533      898   346456    2.64325
1485533534      1181   347637    2.65226
1485533535      889   348601    2.65961
1485533536      899   349500    2.66647
1485533537      1166   350666    2.67537
1485533538      805   351471    2.68151
1485533539      1168   352639    2.69042
1485533540      877   353591    2.69769
1485533541      893   354484    2.7045
1485533542      1161   355645    2.71336
1485533543      844   356489    2.7198
1485533544      1156   357645    2.72861
1485533545      867   358581    2.73576
1485533546      894   359475    2.74258
1485533547      1173   360648    2.75153
1485533548      835   361483    2.7579
1485533549      1147   362630    2.76665
1485533550      880   363571    2.77383
1485533551      897   364468    2.78067
1485533552      1173   365641    2.78962
1485533553      834   366475    2.79598
1485533554      1168   367643    2.80489
1485533555      873   368561    2.8119
1485533556      898   369459    2.81875
1485533557      1170   370629    2.82767
1485533558      834   371463    2.83404
1485533559      1166   372629    2.84293
1485533560      871   373551    2.84997
1485533561      894   374445    2.85679
1485533562      1161   375606    2.86565
1485533563      826   376432    2.87195
1485533564      1172   377604    2.88089
1485533565      879   378541    2.88804
1485533566      894   379435    2.89486
1485533567      1171   380606    2.90379
1485533568      729   381386    2.90974
1485533569      978   382364    2.91721
1485533570      956   383531    2.92611
1485533571      694   384231    2.93145
1485533572      915   385146    2.93843
1485533573      1161   386307    2.94729
1485533574      838   387145    2.95368
1485533575      1170   388315    2.96261
1485533577      734   389221    2.96952
1485533578      1183   390404    2.97855
1485533579      883   391366    2.98589
1485533580      1180   392546    2.99489
1485533581      889   393511    3.00225
1485533582      896   394407    3.00909
1485533583      1172   395579    3.01803
1485533584      837   396416    3.02441
1485533585      1167   397583    3.03332
1485533586      869   398501    3.04032
1485533587      868   399369    3.04694
1485533588      1164   400533    3.05582
1485533589      830   401363    3.06216
1485533590      1171   402534    3.07109
1485533591      882   403491    3.07839
1485533592      894   404385    3.08521
1485533593      1117   405502    3.09373
1485533594      826   406336    3.1001
1485533595      1173   407509    3.10905
1485533596      891   408481    3.11646
1485533597      895   409376    3.12329
1485533598      1167   410543    3.13219
1485533599      600   411143    3.13677
1485533600      857   412041    3.14362
1485533601      1178   413219    3.15261
1485533602      752   414171    3.15987
1485533603      1172   415343    3.16882
1485533604      891   416316    3.17624
1485533605      1150   417466    3.18501
1485533607      895   418461    3.1926
1485533608      894   419355    3.19942
1485533609      1171   420526    3.20836
1485533610      842   421368    3.21478
1485533611      1172   422540    3.22372
1485533612      868   423451    3.23067
1485533613      897   424348    3.23752
1485533614      1171   425519    3.24645
1485533615      833   426352    3.25281
1485533616      1163   427515    3.26168
1485533617      867   428441    3.26875
1485533618      885   429326    3.2755
1485533619      1166   430492    3.28439
1485533620      841   431333    3.29081
1485533621      1171   432504    3.29974
1485533622      867   433431    3.30682
1485533623      892   434323    3.31362
1485533624      1166   435489    3.32252
1485533625      837   436326    3.3289
1485533626      1170   437496    3.33783
1485533627      868   438421    3.34489
1485533628      892   439313    3.35169
1485533629      1172   440485    3.36063
1485533630      693   441266    3.36659
1485533631      1170   442436    3.37552
1485533632      886   443411    3.38296
1485533633      892   444303    3.38976
1485533634      1161   445464    3.39862
1485533635      847   446311    3.40508
1485533636      1162   447473    3.41395
1485533637      874   448401    3.42103
1485533638      887   449288    3.4278
1485533639      1168   450456    3.43671
1485533640      841   451297    3.44312
1485533641      1173   452470    3.45207
1485533642      871   453391    3.4591
1485533643      897   454288    3.46594
1485533644      1162   455450    3.47481
1485533645      842   456292    3.48123
1485533646      1172   457464    3.49017
1485533647      871   458381    3.49717
1485533648      892   459273    3.50397
1485533649      1173   460446    3.51292
1485533650      843   461289    3.51936
1485533651      920   462209    3.52637
1485533652      953   463371    3.53524
1485533653      692   464071    3.54058
1485533654      1179   465250    3.54958
1485533656      867   466216    3.55695
1485533657      1177   467393    3.56593
1485533658      891   468361    3.57331
1485533659      897   469258    3.58015
1485533660      1160   470418    3.589
1485533661      837   471255    3.59539
1485533662      1163   472418    3.60426
1485533663      876   473351    3.61138
1485533664      893   474244    3.61819
1485533665      1159   475403    3.62704
1485533666      844   476247    3.63348
1485533667      1169   477416    3.6424
1485533668      871   478341    3.64945
1485533669      894   479235    3.65627
1485533670      1159   480394    3.66512
1485533671      843   481237    3.67155
1485533672      1161   482398    3.6804
1485533673      869   483331    3.68752
1485533674      892   484223    3.69433
1485533675      1149   485372    3.70309
1485533676      834   486206    3.70946
1485533677      1175   487381    3.71842
1485533678      875   488321    3.72559
1485533679      894   489215    3.73241
1485533680      1175   490390    3.74138
1485533681      833   491223    3.74773
1485533682      1166   492389    3.75663
1485533683      874   493311    3.76366
1485533684      897   494208    3.77051
1485533685      1175   495383    3.77947
1485533686      852   496235    3.78597
1485533687      1166   497401    3.79487
1485533688      860   498301    3.80173
1485533689      895   499196    3.80856
