1499774740      68   68    0
1499774741      70   138    0
1499774743      68   206    0
1499774744      68   275    0
1499774745      70   345    0
1499774746      72   418    0
1499774747      68   486    0
1499774748      67   553    0
1499774749      70   623    0
1499774750      69   692    0
1499774751      68   760    0
1499774752      67   828    0
1499774753      69   897    0
1499774754      65   963    0
1499774755      67   1030    0
1499774756      66   1097    0
1499774757      67   1165    0
1499774758      67   1232    0
1499774759      66   1299    0
1499774760      64   1364    0
1499774761      66   1431    0
1499774762      68   1499    0
1499774763      65   1564    0
