1485736070      1426   1427    0.0108871
1485736071      1407   2836    0.021637
1485736072      1408   4246    0.0323944
1485736073      1343   5589    0.0426407
1485736074      853   6501    0.0495987
1485736075      1180   7681    0.0586014
1485736076      895   8646    0.0659637
1485736077      1180   9826    0.0749664
1485736078      906   10732    0.0818787
1485736079      844   11576    0.0883179
1485736080      1178   12754    0.0973053
1485736081      895   13716    0.104645
1485736082      1178   14894    0.113632
1485736083      905   15799    0.120537
1485736084      864   16663    0.127129
1485736085      1175   17838    0.136093
1485736086      890   18786    0.143326
1485736087      1183   19969    0.152351
1485736088      904   20873    0.159248
1485736089      847   21720    0.16571
1485736090      1179   22899    0.174706
1485736092      889   23856    0.182007
1485736093      1181   25037    0.191017
1485736094      906   25943    0.197929
1485736095      846   26789    0.204384
1485736096      1177   27966    0.213364
1485736097      895   28926    0.220688
1485736098      1177   30103    0.229668
1485736099      904   31007    0.236565
1485736100      862   31869    0.243141
1485736101      1181   33050    0.252151
1485736102      884   33996    0.259369
1485736103      1186   35182    0.268417
1485736104      907   36089    0.275337
1485736105      692   36921    0.281685
1485736106      1179   38100    0.29068
1485736107      893   39066    0.29805
1485736108      1182   40248    0.307068
1485736109      902   41150    0.31395
1485736110      848   41998    0.320419
1485736111      1174   43172    0.329376
1485736112      879   44136    0.336731
1485736113      1180   45316    0.345734
1485736114      878   46194    0.352432
1485736115      852   47061    0.359047
1485736116      1189   48250    0.368118
1485736117      887   49206    0.375412
1485736118      1186   50392    0.38446
1485736119      907   51299    0.39138
1485736120      861   52160    0.397949
1485736121      1188   53348    0.407013
1485736122      880   54276    0.414093
1485736123      1193   55469    0.423195
1485736124      907   56376    0.430115
1485736125      863   57239    0.436699
1485736126      1182   58421    0.445717
1485736127      884   59346    0.452774
1485736128      1184   60530    0.461807
1485736129      904   61434    0.468704
1485736130      861   62295    0.475273
1485736131      1172   63467    0.484215
1485736132      891   64416    0.491455
1485736133      1191   65607    0.500542
1485736134      906   66513    0.507454
1485736135      859   67372    0.514008
1485736136      1175   68547    0.522972
1485736137      883   69486    0.530136
1485736138      1191   70677    0.539223
1485736139      905   71582    0.546127
1485736140      841   72423    0.552544
1485736141      1181   73604    0.561554
1485736142      889   74556    0.568817
1485736143      1179   75735    0.577812
1485736144      905   76640    0.584717
1485736145      846   77486    0.591171
1485736146      1177   78663    0.600151
1485736148      896   79626    0.607498
1485736149      1190   80816    0.616577
1485736150      896   81712    0.623413
1485736151      841   82553    0.629829
1485736152      1187   83740    0.638885
1485736153      889   84696    0.646179
1485736154      1181   85877    0.65519
1485736155      903   86780    0.662079
1485736156      866   87646    0.668686
1485736157      1176   88822    0.677658
1485736158      884   89766    0.68486
1485736159      1180   90946    0.693863
1485736160      903   91849    0.700752
1485736161      847   92696    0.707214
1485736162      1183   93879    0.71624
1485736163      895   94836    0.723541
1485736164      1181   96017    0.732552
1485736165      904   96921    0.739449
1485736166      849   97770    0.745926
1485736167      1188   98958    0.75499
1485736168      886   99906    0.762222
1485736169      1187   101093    0.771278
1485736170      902   101995    0.77816
1485736171      844   102839    0.784599
1485736172      988   103827    0.792137
1485736173      881   104708    0.798859
1485736174      909   105617    0.805794
1485736175      714   106406    0.811813
1485736176      677   107186    0.817764
1485736177      983   108169    0.825264
1485736178      845   109331    0.834129
1485736179      1184   110515    0.843163
1485736180      909   111424    0.850098
1485736182      684   112256    0.856445
1485736183      1178   113434    0.865433
1485736184      833   114401    0.87281
1485736185      1177   115578    0.88179
1485736186      893   116546    0.889175
1485736187      910   117456    0.896118
1485736188      1176   118632    0.90509
1485736189      855   119487    0.911613
1485736190      1179   120666    0.920609
1485736191      886   121616    0.927856
1485736192      906   122522    0.934769
1485736193      1171   123693    0.943703
1485736194      846   124541    0.950172
1485736195      1182   125723    0.95919
1485736196      887   126686    0.966537
1485736197      912   127598    0.973495
1485736198      1170   128768    0.982422
1485736199      840   129611    0.988853
1485736200      1173   130784    0.997803
1485736201      867   131756    1.00522
1485736202      912   132668    1.01218
1485736203      760   133428    1.01797
1485736204      1174   134602    1.02693
1485736205      844   135446    1.03337
1485736206      1178   136624    1.04236
1485736207      902   137526    1.04924
1485736208      850   138376    1.05573
1485736209      1168   139544    1.06464
1485736210      875   140466    1.07167
1485736211      1183   141649    1.0807
1485736212      900   142549    1.08756
1485736213      845   143394    1.09401
1485736214      1180   144574    1.10301
1485736215      887   145536    1.11035
1485736216      1176   146712    1.11932
1485736217      899   147611    1.12618
1485736218      846   148461    1.13267
1485736219      1179   149640    1.14166
1485736220      890   150606    1.14903
1485736221      1187   151793    1.15809
1485736222      905   152698    1.16499
1485736223      861   153559    1.17156
1485736224      1171   154730    1.1805
1485736225      890   155676    1.18771
1485736226      1191   156867    1.1968
1485736227      905   157772    1.2037
1485736228      849   158621    1.21018
1485736229      1183   159804    1.21921
1485736231      876   160746    1.22639
1485736232      1185   161931    1.23544
1485736233      891   162822    1.24223
1485736234      850   163672    1.24872
1485736235      1181   164853    1.25773
1485736236      889   165816    1.26508
1485736237      1185   167001    1.27412
1485736238      888   167889    1.28089
1485736239      832   168741    1.28739
1485736240      1181   169922    1.2964
1485736241      892   170886    1.30376
1485736242      1182   172068    1.31277
1485736243      907   172975    1.31969
1485736244      862   173837    1.32627
1485736245      1179   175016    1.33527
1485736246      885   175956    1.34244
1485736247      1178   177134    1.35143
1485736248      905   178039    1.35833
1485736249      841   178881    1.36475
1485736250      1193   180074    1.37386
1485736251      888   181026    1.38112
1485736252      1185   182211    1.39016
1485736253      792   183003    1.3962
1485736254      886   183951    1.40343
1485736255      1177   185128    1.41241
1485736256      894   186096    1.4198
1485736257      1186   187282    1.42885
1485736258      906   188188    1.43576
1485736259      844   189032    1.4422
1485736260      1183   190215    1.45123
1485736261      895   191166    1.45848
1485736262      1186   192352    1.46753
1485736263      905   193257    1.47443
1485736264      842   194099    1.48086
1485736265      1186   195285    1.48991
1485736266      893   196236    1.49716
1485736267      1190   197426    1.50624
1485736268      905   198331    1.51315
1485736269      843   199174    1.51958
1485736270      549   199876    1.52493
1485736271      1185   201061    1.53397
1485736272      892   202021    1.5413
1485736273      912   202933    1.54826
1485736274      1165   204098    1.55714
1485736275      851   204949    1.56364
1485736276      1184   206133    1.57267
1485736278      895   207091    1.57998
1485736279      913   208004    1.58694
1485736280      1176   209180    1.59592
1485736281      851   210031    1.60241
1485736282      1176   211207    1.61138
1485736283      890   212161    1.61866
1485736284      912   213073    1.62562
1485736285      1173   214246    1.63457
1485736286      873   215119    1.64123
1485736287      1173   216292    1.65018
1485736288      884   217231    1.65734
1485736289      914   218145    1.66431
1485736290      1176   219321    1.67329
1485736291      836   220157    1.67966
1485736292      1178   221335    1.68865
1485736293      901   222301    1.69602
1485736294      866   223167    1.70263
1485736295      1173   224340    1.71158
1485736296      780   225226    1.71834
1485736297      1184   226410    1.72737
1485736298      826   227371    1.7347
1485736299      755   228151    1.74065
1485736300      1187   229338    1.74971
1485736301      825   230296    1.75702
1485736302      1054   231350    1.76506
1485736303      872   232441    1.77338
1485736305      733   233221    1.77934
1485736306      1184   234405    1.78837
1485736307      922   235327    1.7954
1485736308      854   236181    1.80192
1485736309      1178   237359    1.81091
1485736310      854   238226    1.81752
1485736311      910   239136    1.82446
1485736312      1179   240315    1.83346
1485736313      844   241159    1.8399
1485736314      1177   242336    1.84888
1485736315      894   243296    1.8562
1485736316      910   244206    1.86314
1485736317      1172   245378    1.87209
1485736318      866   246244    1.87869
1485736319      1170   247414    1.88762
1485736320      887   248366    1.89488
1485736321      913   249279    1.90185
1485736322      1180   250459    1.91085
1485736323      838   251297    1.91724
1485736324      1175   252472    1.92621
1485736325      896   253436    1.93356
1485736326      911   254347    1.94051
1485736327      1174   255521    1.94947
1485736328      837   256361    1.95588
1485736329      1185   257546    1.96492
1485736330      887   258506    1.97224
1485736331      914   259420    1.97922
1485736332      1171   260591    1.98815
1485736333      839   261431    1.99456
1485736334      1189   262620    2.00363
1485736335      890   263576    2.01093
1485736336      909   264485    2.01786
1485736337      1169   265654    2.02678
1485736338      325   265979    2.02926
1485736339      1179   267158    2.03825
1485736340      847   268005    2.04472
1485736341      903   268908    2.05161
1485736342      1177   270085    2.06059
1485736343      852   270937    2.06709
1485736344      1178   272115    2.07607
1485736345      865   273001    2.08283
1485736346      912   273913    2.08979
1485736347      1175   275088    2.09875
1485736348      860   275948    2.10532
1485736349      1176   277124    2.11429
1485736350      887   278071    2.12151
1485736351      912   278983    2.12847
1485736352      1173   280156    2.13742
1485736353      844   281000    2.14386
1485736354      1184   282184    2.15289
1485736355      892   283141    2.16019
1485736356      889   284030    2.16698
1485736357      1172   285202    2.17592
1485736358      850   286066    2.18251
1485736359      1183   287249    2.19154
1485736360      882   288211    2.19888
1485736361      906   289117    2.20579
1485736362      1157   290274    2.21461
1485736363      844   291136    2.22119
1485736364      1182   292318    2.23021
1485736365      890   293281    2.23756
1485736366      913   294194    2.24452
1485736367      1174   295368    2.25348
1485736368      841   296209    2.2599
1485736369      1192   297401    2.26899
1485736370      895   298351    2.27624
1485736371      910   299261    2.28318
1485736372      1173   300434    2.29213
1485736373      866   301300    2.29874
1485736374      1173   302473    2.30769
1485736375      890   303421    2.31492
1485736376      910   304331    2.32186
1485736377      1169   305500    2.33078
1485736378      849   306349    2.33726
1485736379      1179   307528    2.34625
1485736380      899   308491    2.3536
1485736381      911   309402    2.36055
1485736382      1172   310574    2.36949
1485736383      846   311420    2.37595
1485736384      1180   312600    2.38495
1485736386      892   313561    2.39228
1485736387      911   314472    2.39923
1485736388      1170   315642    2.40816
1485736389      858   316500    2.4147
1485736390      1177   317677    2.42368
1485736391      889   318631    2.43096
1485736392      907   319538    2.43788
1485736393      1182   320720    2.4469
1485736394      841   321561    2.45332
1485736395      1176   322737    2.46229
1485736396      892   323701    2.46964
1485736397      911   324612    2.47659
1485736398      1171   325783    2.48553
1485736399      853   326636    2.49203
1485736400      1173   327809    2.50098
1485736401      895   328771    2.50832
1485736402      910   329681    2.51527
1485736403      1177   330858    2.52425
1485736404      840   331698    2.53065
1485736405      1186   332884    2.5397
1485736406      890   333841    2.547
1485736407      909   334750    2.55394
1485736408      1170   335920    2.56287
1485736409      848   336768    2.56934
1485736410      1192   337960    2.57843
1485736411      894   338911    2.58569
1485736412      905   339816    2.59259
1485736413      1176   340992    2.60156
1485736414      841   341836    2.608
1485736415      1192   343028    2.6171
1485736416      890   343981    2.62437
1485736417      911   344892    2.63132
1485736418      1177   346069    2.6403
1485736419      756   346906    2.64668
1485736420      1181   348087    2.65569
1485736421      768   349051    2.66305
1485736422      770   349831    2.669
1485736423      958   350789    2.67631
1485736424      1134   351923    2.68496
1485736425      739   352691    2.69082
1485736426      1179   353870    2.69981
1485736428      833   354836    2.70718
1485736429      686   355616    2.71313
1485736430      858   356474    2.71968
1485736431      1175   357649    2.72865
1485736432      826   358476    2.73495
1485736433      1192   359668    2.74405
1485736434      903   360571    2.75094
1485736435      780   361401    2.75727
1485736436      686   362116    2.76273
1485736437      1189   363305    2.7718
1485736438      821   364261    2.77909
1485736439      874   365135    2.78576
1485736440      1179   366314    2.79475
1485736441      861   367186    2.80141
1485736442      1069   368255    2.80956
1485736443      1046   369301    2.81754
1485736444      690   370111    2.82372
1485736445      1134   371245    2.83237
1485736446      852   372256    2.84009
1485736447      1191   373447    2.84917
1485736449      798   374401    2.85645
1485736450      911   375312    2.8634
1485736451      1103   376415    2.87182
1485736452      748   377326    2.87877
1485736453      1047   378373    2.88676
1485736454      942   379471    2.89513
1485736455      911   380382    2.90208
1485736456      1163   381545    2.91096
1485736457      845   382396    2.91745
1485736458      1191   383587    2.92654
1485736459      810   384541    2.93382
1485736460      911   385452    2.94077
1485736461      1044   386496    2.94873
1485736462      842   387466    2.95613
1485736463      1156   388622    2.96495
1485736464      827   389611    2.9725
1485736465      883   390494    2.97923
1485736466      805   391299    2.98537
1485736467      1157   392456    2.9942
1485736468      854   393310    3.00072
1485736469      1105   394415    3.00915
1485736471      838   395396    3.01663
1485736472      908   396304    3.02356
1485736473      1088   397392    3.03186
1485736474      823   398321    3.03895
1485736475      1077   399398    3.04716
1485736476      885   400466    3.05531
1485736477      855   401321    3.06184
1485736478      1151   402472    3.07062
1485736479      820   403391    3.07763
1485736480      1174   404565    3.08659
1485736481      833   405536    3.09399
1485736482      773   406316    3.09995
1485736483      1182   407498    3.10896
1485736484      863   408461    3.11631
1485736485      1186   409647    3.12536
1485736487      778   410606    3.13268
1485736488      762   411386    3.13863
1485736489      1156   412542    3.14745
1485736490      823   413531    3.15499
1485736491      1053   414584    3.16302
1485736492      863   415676    3.17136
1485736493      792   416468    3.1774
1485736494      1106   417574    3.18584
1485736495      858   418601    3.19367
1485736496      1177   419778    3.20265
1485736497      825   420746    3.21004
1485736498      801   421547    3.21615
1485736499      1056   422603    3.22421
1485736501      890   423671    3.23235
1485736502      1096   424767    3.24072
1485736503      885   425816    3.24872
1485736504      839   426655    3.25512
1485736505      1164   427819    3.264
1485736506      817   428741    3.27103
1485736507      1177   429918    3.28001
1485736508      894   430886    3.2874
1485736509      821   431707    3.29366
1485736510      1127   432834    3.30226
1485736511      787   433811    3.30972
1485736512      1180   434991    3.31872
1485736513      849   435956    3.32608
1485736514      911   436867    3.33303
1485736515      1160   438027    3.34188
1485736516      841   438881    3.3484
1485736517      1131   440012    3.35703
1485736519      837   441026    3.36476
1485736520      912   441938    3.37172
1485736521      1131   443069    3.38035
1485736522      791   443951    3.38708
1485736523      1075   445026    3.39528
1485736524      919   446096    3.40344
1485736525      911   447007    3.41039
1485736526      1085   448092    3.41867
1485736527      859   449021    3.42576
1485736528      1174   450195    3.43472
1485736529      953   451148    3.44199
1485736530      796   451944    3.44806
1485736531      791   452735    3.45409
1485736532      1172   453907    3.46304
1485736533      813   454806    3.46989
1485736534      1050   455856    3.47791
1485736535      904   456760    3.4848
1485736536      802   457731    3.49221
1485736537      1074   458805    3.5004
1485736539      867   459876    3.50858
1485736540      1110   460986    3.51704
1485736541      505   461491    3.5209
1485736542      1042   462533    3.52885
1485736543      826   463359    3.53515
1485736544      749   464231    3.5418
1485736545      1182   465413    3.55082
1485736546      802   466376    3.55817
1485736547      816   467192    3.56439
1485736548      959   468151    3.57171
1485736549      1142   469293    3.58042
1485736550      719   470016    3.58594
1485736551      1031   471047    3.5938
1485736552      761   471808    3.59961
1485736553      949   472941    3.60825
1485736554      1191   474132    3.61734
1485736555      855   475086    3.62462
1485736556      1143   476229    3.63334
1485736557      770   476999    3.63921
1485736558      845   478011    3.64693
1485736559      1092   479103    3.65527
1485736561      908   480156    3.6633
1485736562      1050   481206    3.67131
1485736563      773   481979    3.67721
1485736564      867   483081    3.68562
1485736565      1178   484259    3.6946
1485736566      783   485226    3.70198
1485736567      1004   486230    3.70964
1485736568      841   487071    3.71606
1485736569      1046   488117    3.72404
1485736570      731   488866    3.72975
1485736571      1180   490046    3.73875
1485736572      846   491011    3.74612
1485736573      900   491911    3.75298
1485736574      1120   493031    3.76153
1485736575      831   493936    3.76843
1485736576      1054   494990    3.77647
1485736578      874   496081    3.7848
1485736579      859   496940    3.79135
1485736580      1170   498110    3.80028
1485736581      760   499006    3.80711
