1487904987      998   998    0.0104694
1487904988      1000   1998    0.0209599
1487904989      1000   2998    0.0314503
1487904990      964   3993    0.0418882
1487904991      807   4800    0.050354
1487904993      615   5598    0.0587254
1487904994      775   6373    0.0668554
1487904995      771   7144    0.0749435
1487904996      579   7738    0.0811749
1487904997      669   8520    0.0893784
1487904998      809   9329    0.0978651
1487904999      661   10125    0.106215
1487905000      799   10924    0.114597
1487905001      804   11728    0.123032
1487905002      622   12350    0.129557
1487905003      628   13047    0.136868
1487905004      808   13855    0.145345
1487905005      796   14651    0.153695
1487905006      594   15245    0.159926
1487905007      650   15969    0.167521
1487905008      802   16771    0.175935
1487905009      802   17573    0.184348
1487905010      598   18171    0.190621
1487905011      796   18967    0.198972
1487905012      634   19714    0.206808
1487905014      663   20496    0.215012
1487905015      802   21298    0.223425
1487905016      796   22094    0.231775
1487905017      597   22691    0.238038
1487905018      799   23490    0.24642
1487905019      610   24100    0.252819
1487905020      793   24893    0.261138
1487905021      615   25558    0.268114
1487905022      549   26107    0.273873
1487905023      621   26728    0.280388
1487905024      795   27523    0.288728
1487905025      617   28140    0.2952
1487905026      797   28937    0.303561
1487905027      597   29550    0.309992
1487905028      804   30354    0.318426
1487905029      795   31149    0.326766
1487905030      586   31735    0.332913
1487905031      647   32472    0.340645
1487905032      799   33271    0.349027
1487905033      795   34066    0.357367
1487905034      481   34612    0.363094
1487905035      801   35413    0.371497
1487905036      433   35929    0.37691
1487905037      763   36692    0.384914
1487905038      755   37447    0.392835
1487905039      562   38069    0.39936
1487905040      807   38876    0.407825
1487905041      638   39514    0.414518
1487905042      452   39966    0.41926
1487905043      780   40746    0.427443
1487905044      633   41379    0.434083
1487905045      556   42061    0.441237
1487905046      802   42863    0.449651
1487905047      794   43657    0.45798
1487905048      616   44273    0.464442
1487905050      617   44983    0.47189
1487905051      800   45783    0.480283
1487905052      788   46571    0.488549
1487905053      243   46814    0.491098
1487905054      354   47168    0.494812
1487905055      651   47905    0.502543
1487905056      806   48711    0.510999
1487905057      746   49457    0.518825
1487905058      543   50045    0.524993
1487905059      804   50849    0.533427
1487905060      796   51645    0.541778
1487905061      597   52242    0.54804
1487905062      605   52967    0.555646
1487905063      688   53655    0.562863
1487905064      745   54400    0.570679
1487905065      548   55107    0.578095
1487905067      661   55889    0.586299
1487905068      797   56686    0.59466
1487905069      795   57481    0.603
1487905070      575   58056    0.609032
1487905071      796   58852    0.617382
1487905072      646   59634    0.625586
1487905073      660   60416    0.633789
1487905074      805   61221    0.642234
1487905075      623   61844    0.648769
1487905076      539   62556    0.656239
1487905077      736   63292    0.66396
1487905078      467   63873    0.670054
1487905079      683   64556    0.677219
1487905080      785   65341    0.685454
1487905082      533   66013    0.692504
1487905083      713   66726    0.699984
1487905084      739   67465    0.707736
1487905085      367   67865    0.711932
1487905086      809   68674    0.720419
1487905087      680   69354    0.727552
1487905088      610   70005    0.734382
1487905089      802   70807    0.742795
1487905090      801   71608    0.751198
1487905091      623   72231    0.757733
1487905092      628   72927    0.765035
1487905093      811   73738    0.773542
1487905094      614   74532    0.781872
1487905095      801   75333    0.790275
1487905096      618   75951    0.796758
1487905097      803   76754    0.805182
1487905099      574   77454    0.812525
1487905100      804   78258    0.820959
1487905101      669   79059    0.829362
1487905102      674   79841    0.837565
1487905103      810   80651    0.846063
1487905104      792   81443    0.854371
1487905105      606   82049    0.860728
1487905106      790   82839    0.869016
1487905107      652   83586    0.876852
1487905108      675   84368    0.885056
1487905109      806   85174    0.893511
1487905110      664   85973    0.901893
1487905111      814   86787    0.910432
1487905113      657   87578    0.91873
1487905114      675   88360    0.926933
1487905115      790   89150    0.935221
1487905116      802   89952    0.943634
1487905117      593   90545    0.949855
1487905118      801   91346    0.958258
1487905119      619   91965    0.964751
1487905120      788   92753    0.973018
1487905121      617   93422    0.980036
1487905122      800   94222    0.988428
1487905123      785   95007    0.996663
1487905124      597   95604    1.00293
1487905125      652   96344    1.01069
1487905126      793   97137    1.01901
1487905127      801   97938    1.02741
1487905128      578   98516    1.03347
1487905129      792   99308    1.04178
1487905130      618   99926    1.04827
1487905131      797   100723    1.05663
1487905132      612   101406    1.06379
1487905133      802   102208    1.0722
1487905134      779   102987    1.08038
1487905135      590   103577    1.08657
1487905136      653   104328    1.09444
1487905137      793   105121    1.10276
1487905138      796   105917    1.11111
1487905139      584   106501    1.11724
1487905140      795   107296    1.12558
1487905141      606   107902    1.13194
1487905142      799   108701    1.14032
1487905143      615   109390    1.14755
1487905144      799   110189    1.15593
1487905145      787   110976    1.16418
1487905146      579   111555    1.17026
1487905147      655   112312    1.1782
1487905148      789   113101    1.18648
1487905149      793   113894    1.1948
1487905151      295   114452    1.20065
1487905152      797   115249    1.20901
1487905153      574   115823    1.21503
1487905154      795   116618    1.22337
1487905156      645   117374    1.2313
1487905157      805   118179    1.23975
1487905158      796   118975    1.2481
1487905159      578   119553    1.25416
1487905160      653   120296    1.26196
1487905161      799   121095    1.27034
1487905162      789   121884    1.27861
1487905163      586   122470    1.28476
1487905164      796   123266    1.29311
1487905165      412   123753    1.29822
1487905166      806   124559    1.30668
1487905167      742   125301    1.31446
1487905168      542   125893    1.32067
1487905169      709   126602    1.32811
1487905170      742   127344    1.33589
1487905171      554   127898    1.3417
1487905172      795   128693    1.35004
1487905173      642   129335    1.35678
1487905174      500   129885    1.36255
1487905175      796   130681    1.3709
1487905176      703   131384    1.37827
1487905177      594   131978    1.3845
1487905178      790   132768    1.39279
1487905179      601   133369    1.3991
1487905180      766   134135    1.40713
1487905181      787   134922    1.41539
1487905182      507   135482    1.42126
1487905183      637   136264    1.42947
1487905184      753   137017    1.43737
1487905185      741   137758    1.44514
1487905187      555   138404    1.45192
1487905188      778   139182    1.46008
1487905189      562   139744    1.46597
1487905190      748   140492    1.47382
1487905191      784   141276    1.48204
1487905192      571   141861    1.48818
1487905193      806   142667    1.49664
1487905194      795   143462    1.50498
1487905195      614   144076    1.51142
1487905196      628   144783    1.51883
1487905197      805   145588    1.52728
1487905198      655   146388    1.53567
1487905199      803   147191    1.5441
1487905200      606   147797    1.55045
1487905201      794   148591    1.55878
1487905202      626   149310    1.56632
1487905203      802   150112    1.57474
1487905204      793   150905    1.58306
1487905205      478   151450    1.58877
1487905206      695   152145    1.59606
1487905207      563   152767    1.60259
1487905208      798   153565    1.61096
1487905209      729   154294    1.61861
1487905210      558   154907    1.62504
1487905212      645   155689    1.63324
1487905213      502   156224    1.63885
1487905214      715   156939    1.64636
1487905215      790   157729    1.65464
1487905216      566   158364    1.6613
1487905217      772   159136    1.6694
1487905218      604   159740    1.67574
1487905219      790   160530    1.68403
1487905220      641   161286    1.69196
1487905221      801   162087    1.70036
1487905222      794   162881    1.70869
1487905223      577   163458    1.71474
1487905224      653   164208    1.72261
1487905225      801   165009    1.73101
1487905226      795   165804    1.73935
1487905227      589   166393    1.74553
1487905228      796   167189    1.75388
1487905229      603   167792    1.76021
1487905230      793   168585    1.76853
1487905231      606   169270    1.77571
1487905232      794   170064    1.78404
1487905233      779   170843    1.79221
1487905234      567   171410    1.79816
1487905235      665   172192    1.80637
1487905236      802   172994    1.81478
1487905237      789   173783    1.82306
1487905238      584   174367    1.82918
1487905239      794   175161    1.83751
1487905240      610   175771    1.84391
1487905241      794   176565    1.85224
1487905243      621   177254    1.85947
1487905244      801   178055    1.86787
1487905245      794   178849    1.8762
1487905246      589   179438    1.88238
1487905247      650   180176    1.89012
1487905248      801   180977    1.89852
1487905249      792   181769    1.90683
1487905250      588   182357    1.913
1487905251      792   183149    1.92131
1487905252      608   183757    1.92769
1487905253      794   184551    1.93602
1487905254      574   185238    1.94322
1487905255      753   185991    1.95112
1487905256      676   186667    1.95821
1487905257      578   187378    1.96567
1487905258      603   188160    1.97388
1487905259      773   188933    1.98199
1487905260      789   189722    1.99026
1487905262      497   190300    1.99633
1487905263      681   190981    2.00347
1487905264      602   191617    2.01014
1487905265      792   192409    2.01845
1487905266      804   193213    2.02689
1487905267      582   193795    2.03299
1487905268      796   194591    2.04134
1487905269      649   195362    2.04943
1487905270      670   196144    2.05763
1487905271      805   196949    2.06608
1487905272      799   197748    2.07446
1487905273      519   198284    2.08008
1487905274      813   199097    2.08861
1487905275      485   199601    2.0939
1487905276      798   200399    2.10227
1487905277      722   201121    2.10984
1487905278      559   201741    2.11635
1487905279      787   202528    2.1246
1487905280      730   203258    2.13226
1487905281      304   203593    2.13578
1487905282      813   204406    2.1443
1487905283      660   205198    2.15261
1487905284      808   206006    2.16109
1487905286      666   206803    2.16945
1487905287      663   207585    2.17765
1487905288      795   208380    2.18599
1487905289      787   209167    2.19425
1487905290      475   209725    2.2001
1487905291      785   210510    2.20834
1487905292      690   211200    2.21558
1487905293      604   211804    2.22191
1487905294      799   212603    2.23029
1487905295      469   213182    2.23637
1487905296      805   213987    2.24481
1487905297      648   214635    2.25161
1487905299      538   215322    2.25882
1487905300      581   216104    2.26702
1487905301      722   216826    2.2746
1487905302      795   217621    2.28294
1487905303      566   218244    2.28947
1487905304      784   219028    2.2977
1487905305      429   219561    2.30329
1487905306      797   220358    2.31165
1487905307      747   221105    2.31948
1487905308      587   221701    2.32574
1487905309      787   222488    2.33399
1487905310      795   223283    2.34233
1487905311      442   223725    2.34697
1487905312      778   224503    2.35513
1487905313      613   225158    2.362
1487905314      801   225959    2.3704
1487905315      796   226755    2.37875
1487905316      588   227343    2.38492
1487905317      649   228080    2.39265
1487905318      798   228878    2.40103
1487905319      780   229658    2.40921
1487905320      589   230247    2.41539
1487905321      796   231043    2.42374
1487905322      611   231654    2.43015
1487905323      795   232449    2.43849
1487905325      625   233142    2.44576
1487905326      795   233937    2.4541
1487905327      786   234723    2.46234
1487905328      582   235305    2.46845
1487905329      653   236064    2.47641
1487905330      801   236865    2.48481
1487905331      796   237661    2.49316
1487905332      588   238249    2.49933
1487905333      795   239044    2.50767
1487905334      610   239654    2.51407
1487905335      792   240446    2.52238
1487905336      629   241075    2.52898
1487905337      535   241661    2.53512
1487905338      790   242451    2.54341
1487905339      778   243229    2.55157
1487905340      557   243786    2.55742
1487905341      623   244409    2.56395
1487905342      544   245118    2.57139
1487905343      799   245917    2.57977
1487905344      630   246547    2.58638
1487905345      545   247258    2.59384
1487905346      721   247979    2.6014
1487905348      510   248575    2.60766
1487905349      726   249301    2.61527
1487905350      687   249988    2.62248
