1482035015      1498   1498    0.00285721
1482035016      1499   2997    0.00571632
1482035017      1500   4497    0.00857735
1482035018      1499   5996    0.0114365
1482035019      1499   7495    0.0142956
1482035020      1500   8995    0.0171566
1482035021      1499   10494    0.0200157
1482035022      1499   11993    0.0228748
1482035023      1500   13493    0.0257359
1482035024      1499   14992    0.028595
1482035025      1464   16456    0.0313873
1482035026      1381   17837    0.0340214
1482035027      1382   19219    0.0366573
1482035028      1382   20601    0.0392933
1482035029      1266   21867    0.041708
1482035030      1382   23249    0.0443439
1482035031      1382   24631    0.0469799
1482035032      1383   26014    0.0496178
1482035033      1265   27279    0.0520306
1482035034      1234   28513    0.0543842
1482035035      1222   29735    0.056715
1482035036      1381   31116    0.0593491
1482035037      1270   32451    0.0618954
1482035038      1294   33813    0.0644932
1482035039      1390   35203    0.0671444
1482035040      1366   36569    0.0697498
1482035041      1382   37951    0.0723858
1482035042      1112   39173    0.0747166
1482035043      1389   40562    0.0773659
1482035044      1383   41945    0.0800037
1482035045      1301   43246    0.0824852
1482035046      1264   44533    0.08494
1482035047      1391   45924    0.0875931
1482035048      1383   47307    0.0902309
1482035049      1383   48690    0.0928688
1482035050      1289   49979    0.0953274
1482035051      1263   51255    0.0977612
1482035052      1390   52645    0.100412
1482035053      1384   54029    0.103052
1482035054      1383   55412    0.10569
1482035055      1267   56679    0.108107
1482035056      1382   58061    0.110743
1482035057      1383   59444    0.11338
1482035058      1381   60825    0.116014
1482035059      1266   62091    0.118429
1482035060      1383   63474    0.121067
1482035061      1383   64857    0.123705
1482035062      1288   66145    0.126162
1482035063      1383   67528    0.128799
1482035064      1267   68795    0.131216
1482035065      1384   70179    0.133856
1482035066      1383   71562    0.136494
1482035067      1383   72945    0.139132
1482035068      1268   74213    0.14155
1482035069      1383   75596    0.144188
1482035070      1383   76979    0.146826
1482035071      1276   78345    0.149431
1482035072      1390   79735    0.152082
1482035073      1383   81118    0.15472
1482035074      1289   82407    0.157179
1482035075      1383   83790    0.159817
1482035076      1260   85067    0.162252
1482035077      1391   86458    0.164906
1482035078      1380   87838    0.167538
1482035079      1383   89221    0.170176
1482035080      1268   90489    0.172594
1482035081      1383   91872    0.175232
1482035082      1383   93255    0.17787
1482035083      1384   94639    0.18051
1482035084      1267   95906    0.182926
1482035085      1383   97289    0.185564
1482035086      1289   98578    0.188023
1482035087      1383   99961    0.19066
1482035088      1383   101344    0.193298
1482035089      1222   102566    0.195629
1482035090      1383   103949    0.198267
1482035091      1383   105332    0.200905
1482035092      1384   106716    0.203545
1482035093      1267   107983    0.205961
1482035094      1383   109366    0.208599
1482035095      1384   110750    0.211239
1482035096      1383   112133    0.213877
1482035097      1267   113400    0.216293
1482035098      1287   114687    0.218748
1482035099      1335   116022    0.221294
1482035100      1382   117404    0.22393
1482035101      1383   118787    0.226568
1482035102      1185   119972    0.228828
1482035103      1364   121336    0.23143
1482035104      1365   122701    0.234034
1482035105      1358   124059    0.236624
1482035106      1222   125281    0.238955
1482035107      1241   126522    0.241322
1482035108      1332   127854    0.243862
1482035109      1383   129237    0.2465
1482035110      1338   130575    0.249052
1482035111      1030   131605    0.251017
1482035112      1383   132988    0.253654
1482035113      1267   134255    0.256071
1482035114      1382   135637    0.258707
1482035115      1382   137019    0.261343
1482035116      1383   138402    0.263981
1482035117      1264   139666    0.266392
1482035118      1382   141048    0.269028
1482035119      1384   142432    0.271667
1482035120      1376   143808    0.274292
1482035121      1264   145072    0.276703
1482035122      1383   146455    0.279341
1482035123      1030   147485    0.281305
1482035124      1382   148867    0.283941
1482035125      1383   150250    0.286579
1482035126      1274   151619    0.28919
1482035127      1391   153010    0.291843
1482035128      1381   154391    0.294477
1482035129      1382   155773    0.297113
1482035130      1265   157038    0.299526
1482035131      1382   158420    0.302162
1482035132      1382   159802    0.304798
1482035133      1383   161185    0.307436
1482035134      1265   162450    0.309849
1482035135      1085   163701    0.312235
1482035136      1390   165091    0.314886
1482035137      1382   166473    0.317522
1482035138      1382   167855    0.320158
1482035139      1267   169122    0.322575
1482035140      1382   170504    0.325211
1482035141      1383   171887    0.327848
1482035142      1383   173270    0.330486
1482035143      1266   174536    0.332901
1482035144      1379   175915    0.335531
1482035145      1383   177298    0.338169
1482035146      1382   178680    0.340805
1482035147      1265   179945    0.343218
1482035148      1287   181232    0.345673
1482035149      1382   182614    0.348309
1482035150      1382   183996    0.350945
1482035151      1383   185379    0.353582
1482035152      1265   186644    0.355995
1482035153      1378   188022    0.358624
1482035154      1382   189404    0.361259
1482035155      1381   190785    0.363894
1482035156      1261   192046    0.366299
1482035157      1383   193429    0.368937
1482035158      1381   194810    0.371571
1482035159      1270   196151    0.374128
1482035160      1292   197513    0.376726
1482035161      1387   198900    0.379372
1482035162      1378   200278    0.382
1482035163      1380   201658    0.384632
1482035164      1264   202922    0.387043
1482035165      1382   204304    0.389679
1482035166      1375   205679    0.392302
1482035167      1382   207061    0.394938
1482035168      1263   208324    0.397346
1482035169      1376   209700    0.399971
1482035170      1222   210922    0.402302
1482035171      1252   212174    0.40469
1482035172      1287   213461    0.407145
1482035173      1383   214844    0.409782
1482035174      1250   216094    0.412167
1482035175      1382   217476    0.414803
1482035176      1383   218859    0.41744
1482035177      1375   220234    0.420063
1482035178      1264   221498    0.422474
1482035179      1383   222881    0.425112
1482035180      1382   224263    0.427748
1482035181      1382   225645    0.430384
1482035182      1266   226911    0.432798
1482035183      1383   228294    0.435436
1482035184      1283   229577    0.437883
1482035185      1384   230961    0.440523
1482035186      1382   232343    0.443159
1482035187      1265   233608    0.445572
1482035188      1383   234991    0.44821
1482035189      1382   236373    0.450846
1482035190      1382   237755    0.453482
1482035191      1266   239021    0.455896
1482035192      1382   240403    0.458532
1482035193      1382   241785    0.461168
1482035194      1270   243117    0.463709
1482035195      1389   244506    0.466358
1482035196      1286   245792    0.468811
1482035197      1382   247174    0.471447
1482035198      1383   248557    0.474085
1482035199      1262   249839    0.47653
1482035200      1389   251228    0.479179
1482035201      1336   252564    0.481728
1482035202      1384   253948    0.484367
1482035203      1265   255213    0.48678
1482035204      1381   256594    0.489414
1482035205      1379   257973    0.492044
1482035206      1383   259356    0.494682
1482035207      1267   260623    0.497099
1482035208      1283   261921    0.499575
1482035209      1390   263311    0.502226
1482035210      1383   264694    0.504864
1482035211      1384   266078    0.507504
1482035212      1267   267345    0.50992
1482035213      1383   268728    0.512558
1482035214      1384   270112    0.515198
1482035215      1339   271451    0.517752
1482035216      1267   272718    0.520168
1482035217      1384   274102    0.522808
1482035218      1383   275485    0.525446
1482035219      1383   276868    0.528084
1482035220      1266   278134    0.530499
1482035221      1286   279420    0.532951
1482035222      1382   280802    0.535587
1482035223      1383   282185    0.538225
1482035224      1382   283567    0.540861
1482035225      1196   284763    0.543142
1482035226      1367   286130    0.54575
1482035227      1240   287370    0.548115
1482035228      1220   288590    0.550442
1482035229      1217   289807    0.552763
1482035230      1220   291027    0.55509
1482035231      1255   292282    0.557484
1482035232      1383   293665    0.560122
1482035233      1224   294889    0.562456
1482035234      1257   296146    0.564854
1482035235      1383   297529    0.567492
1482035236      1382   298911    0.570127
1482035237      1265   300176    0.57254
1482035238      1383   301559    0.575178
1482035239      1376   302935    0.577803
1482035240      1275   304309    0.580423
1482035241      1390   305699    0.583075
1482035242      1382   307081    0.585711
1482035243      1383   308464    0.588348
1482035244      1264   309728    0.590759
1482035245      1283   311031    0.593245
1482035246      1390   312421    0.595896
1482035247      1382   313803    0.598532
1482035248      1382   315185    0.601168
1482035249      1266   316451    0.603582
1482035250      1382   317833    0.606218
1482035251      1383   319216    0.608856
1482035252      1384   320600    0.611496
1482035253      1266   321866    0.613911
1482035254      1382   323248    0.616547
1482035255      1383   324631    0.619184
1482035256      1383   326014    0.621822
1482035257      1265   327279    0.624235
1482035258      1288   328567    0.626692
1482035259      1382   329949    0.629328
1482035260      1379   331328    0.631958
1482035261      1383   332711    0.634596
1482035262      1266   333977    0.637011
1482035263      1382   335359    0.639647
1482035264      1383   336742    0.642284
1482035265      1277   338121    0.644915
1482035266      1391   339512    0.647568
1482035267      1383   340895    0.650206
1482035268      1383   342278    0.652843
1482035269      1268   343546    0.655262
1482035270      1283   344843    0.657736
1482035271      1390   346233    0.660387
1482035272      1384   347617    0.663027
1482035273      1383   349000    0.665665
1482035274      1265   350265    0.668077
1482035275      1383   351648    0.670715
1482035276      1382   353030    0.673351
1482035277      1382   354412    0.675987
1482035278      1266   355678    0.678402
1482035279      1382   357060    0.681038
1482035280      1382   358442    0.683674
1482035281      1383   359825    0.686312
1482035282      1283   361108    0.688759
1482035283      1266   362374    0.691174
1482035284      1383   363757    0.693811
1482035285      1382   365139    0.696447
1482035286      1212   366351    0.698759
1482035287      1253   367645    0.701227
1482035288      1369   369014    0.703838
1482035289      1218   370232    0.706161
1482035290      1223   371455    0.708494
1482035291      1244   372699    0.710867
1482035292      1376   374075    0.713491
1482035293      1059   375149    0.71554
1482035294      1164   376313    0.71776
1482035295      1122   377583    0.720182
1482035296      1261   378844    0.722588
1482035297      1382   380226    0.725224
1482035298      1383   381609    0.727861
1482035300      1248   382943    0.730406
1482035301      1311   384254    0.732906
1482035302      1303   385557    0.735392
1482035303      1379   386936    0.738022
1482035304      1269   388303    0.740629
1482035305      1380   389683    0.743261
1482035306      1381   391064    0.745895
1482035307      1376   392440    0.74852
1482035308      910   393350    0.750256
1482035309      1376   394726    0.75288
1482035310      1269   396097    0.755495
1482035311      1389   397486    0.758144
1482035312      1383   398869    0.760782
1482035313      1382   400251    0.763418
1482035314      1265   401516    0.765831
1482035315      1337   402853    0.768381
1482035316      1382   404235    0.771017
1482035317      1383   405618    0.773655
1482035318      1267   406885    0.776072
1482035319      1382   408267    0.778708
1482035320      1031   409298    0.780674
1482035321      1337   410635    0.783224
1482035322      1382   412017    0.78586
1482035323      1381   413398    0.788494
1482035324      1266   414664    0.790909
1482035325      1381   416045    0.793543
1482035326      1381   417426    0.796177
1482035327      1384   418810    0.798817
1482035328      1267   420077    0.801233
1482035329      1383   421460    0.803871
1482035330      1384   422844    0.806511
1482035331      1383   424227    0.809149
1482035332      1249   425476    0.811531
1482035333      1144   426620    0.813713
1482035334      1267   427887    0.81613
1482035335      1383   429270    0.818768
1482035336      1384   430654    0.821407
1482035337      1383   432037    0.824045
1482035338      1267   433304    0.826462
1482035339      1384   434688    0.829102
1482035340      1383   436071    0.831739
1482035341      1237   437413    0.834299
1482035342      1391   438804    0.836952
1482035343      1383   440187    0.83959
1482035344      1383   441570    0.842228
1482035345      988   442558    0.844112
1482035346      1382   443940    0.846748
1482035347      1259   445207    0.849165
1482035348      1390   446597    0.851816
1482035349      1383   447980    0.854454
1482035350      1383   449363    0.857092
1482035351      1034   450567    0.859388
1482035352      1375   451942    0.862011
1482035353      1374   453316    0.864632
1482035354      1219   454535    0.866957
1482035355      1245   455780    0.869331
1482035356      1029   456999    0.871656
1482035357      1217   458216    0.873978
1482035358      1286   459502    0.876431
1482035359      1227   460729    0.878771
1482035360      1201   461930    0.881062
1482035361      1380   463310    0.883694
1482035362      1383   464693    0.886332
1482035363      1266   465959    0.888746
1482035364      1382   467341    0.891382
1482035365      1383   468724    0.89402
1482035366      1381   470105    0.896654
1482035367      1264   471369    0.899065
1482035368      1383   472752    0.901703
1482035369      1381   474133    0.904337
1482035370      1032   475165    0.906305
1482035371      1384   476549    0.908945
1482035372      1382   477931    0.911581
1482035373      1265   479196    0.913994
1482035374      1383   480579    0.916632
1482035375      1382   481961    0.919268
1482035376      1272   483307    0.921835
1482035377      1389   484696    0.924484
1482035378      1381   486077    0.927118
1482035379      1383   487460    0.929756
1482035380      1265   488725    0.932169
1482035381      1381   490106    0.934803
1482035382      1030   491136    0.936768
1482035383      1382   492518    0.939404
1482035384      1382   493900    0.942039
1482035385      1383   495283    0.944677
1482035386      1264   496547    0.947088
1482035387      1382   497929    0.949724
1482035388      1384   499313    0.952364
