1484314468      1451   1451    0.0110703
1484314469      1474   2926    0.0223236
1484314470      1444   4371    0.0333481
1484314471      1420   5791    0.0441818
1484314472      857   6871    0.0524216
1484314473      1124   7995    0.060997
1484314474      863   9016    0.0687866
1484314475      1228   10244    0.0781555
1484314476      634   10881    0.0830154
1484314477      949   11830    0.0902557
1484314478      1015   13026    0.0993805
1484314479      1047   14073    0.107368
1484314480      884   15171    0.115746
1484314482      809   16321    0.124519
1484314483      1232   17553    0.133919
1484314484      809   18466    0.140884
1484314485      1175   19641    0.149849
1484314486      823   20611    0.157249
1484314487      1014   21625    0.164986
1484314488      795   22476    0.171478
1484314489      1043   23519    0.179436
1484314491      829   24621    0.187843
1484314492      1222   25843    0.197166
1484314493      805   26766    0.204208
1484314494      945   27916    0.212982
1484314495      1219   29135    0.222282
1484314496      760   30061    0.229347
1484314497      1034   31095    0.237236
1484314498      868   32206    0.245712
1484314499      1094   33300    0.254059
1484314501      698   34071    0.259941
1484314502      1225   35296    0.269287
1484314503      787   36216    0.276306
1484314504      1024   37240    0.284119
1484314505      698   38081    0.290535
1484314506      1115   39196    0.299042
1484314507      1004   40200    0.306702
1484314508      673   40941    0.312355
1484314509      1232   42173    0.321754
1484314510      806   43086    0.32872
1484314511      864   44236    0.337494
1484314512      1105   45341    0.345924
1484314513      1004   46345    0.353584
1484314514      829   47174    0.359909
1484314515      1104   48278    0.368332
1484314517      591   48961    0.373543
1484314518      1230   50191    0.382927
1484314519      755   51106    0.389908
1484314520      1036   52142    0.397812
1484314521      963   53251    0.406273
1484314522      1064   54315    0.414391
1484314523      699   55116    0.420502
1484314524      1226   56342    0.429855
1484314525      796   57261    0.436867
1484314526      902   58163    0.443748
1484314527      1225   59388    0.453094
1484314528      566   59954    0.457413
1484314529      1130   61084    0.466034
1484314530      383   61467    0.468956
1484314531      1223   62690    0.478287
1484314532      697   63416    0.483826
1484314533      1061   64477    0.49192
1484314535      676   65281    0.498055
1484314536      1234   66515    0.507469
1484314537      732   67426    0.51442
1484314538      1022   68448    0.522217
1484314539      820   69571    0.530785
1484314540      928   70721    0.539558
1484314541      1180   71901    0.548561
1484314543      844   72866    0.555923
1484314544      1053   73919    0.563957
1484314545      822   75011    0.572289
1484314546      1117   76128    0.580811
1484314547      770   76898    0.586685
1484314548      1197   78095    0.595818
1484314549      832   79021    0.602882
1484314550      1009   80030    0.61058
1484314551      842   81166    0.619247
1484314553      817   82316    0.628021
1484314554      1230   83546    0.637405
1484314555      830   84461    0.644386
1484314556      1233   85694    0.653793
1484314557      830   86606    0.660751
1484314558      768   87374    0.666611
1484314559      820   88471    0.67498
1484314560      1188   89659    0.684044
1484314561      835   90616    0.691345
1484314562      887   91503    0.698112
1484314563      890   92481    0.705574
1484314564      1188   93669    0.714638
1484314566      854   94626    0.721939
1484314567      1121   95747    0.730492
1484314568      882   96771    0.738304
1484314569      1060   97831    0.746391
1484314570      734   98636    0.752533
1484314571      1158   99794    0.761368
1484314572      858   100781    0.768898
1484314573      1211   101992    0.778137
1484314574      834   102926    0.785263
1484314575      872   103798    0.791916
1484314576      818   104791    0.799492
1484314577      1228   106019    0.808861
1484314578      828   106936    0.815857
1484314579      1219   108155    0.825157
1484314580      702   108857    0.830513
1484314581      1076   109933    0.838722
1484314583      892   110946    0.846451
1484314584      1057   112003    0.854515
1484314585      857   113091    0.862816
1484314586      855   114241    0.87159
1484314587      1227   115468    0.880951
1484314588      831   116386    0.887955
1484314589      1190   117576    0.897034
1484314590      823   118531    0.90432
1484314591      1057   119588    0.912384
1484314593      705   120396    0.918549
1484314594      1232   121628    0.927948
1484314595      818   122541    0.934914
1484314596      1089   123630    0.943222
1484314597      906   124686    0.951279
1484314598      862   125836    0.960052
1484314599      1233   127069    0.96946
1484314600      809   127981    0.976418
1484314601      934   128915    0.983543
1484314603      891   130126    0.992783
1484314604      863   131276    1.00156
1484314605      1219   132495    1.01086
1484314606      836   133421    1.01792
1484314607      1232   134653    1.02732
1484314608      774   135566    1.03429
1484314609      784   136350    1.04027
1484314611      864   137431    1.04852
1484314612      1229   138660    1.05789
1484314613      860   139576    1.06488
1484314614      1107   140683    1.07333
1484314615      629   141441    1.07911
1484314616      1107   142548    1.08755
1484314617      850   143586    1.09547
1484314618      1111   144697    1.10395
1484314619      897   145731    1.11184
1484314621      826   146881    1.12061
1484314622      1234   148115    1.13003
1484314623      806   149026    1.13698
1484314624      915   149941    1.14396
1484314625      1216   151157    1.15324
1484314626      625   151886    1.1588
1484314627      1063   152949    1.16691
1484314628      83   153036    1.16757
1484314629      1204   154240    1.17676
1484314630      906   155181    1.18394
1484314631      1210   156391    1.19317
1484314632      932   157326    1.2003
1484314633      1147   158473    1.20905
1484314634      887   159360    1.21582
1484314635      1175   160535    1.22478
1484314636      895   161430    1.23161
1484314637      1111   162541    1.24009
1484314638      884   163425    1.24683
1484314639      997   164631    1.25603
1484314640      1213   165844    1.26529
1484314641      923   166776    1.2724
1484314642      1100   167876    1.28079
1484314643      718   168641    1.28663
1484314644      1237   169878    1.29607
1484314645      860   170786    1.30299
1484314646      1206   171992    1.31219
1484314647      915   172931    1.31936
1484314648      1146   174077    1.3281
1484314649      755   174832    1.33386
1484314650      1222   176054    1.34319
1484314651      938   176992    1.35034
1484314652      1116   178108    1.35886
1484314653      939   179086    1.36632
1484314655      906   180236    1.37509
1484314656      1229   181465    1.38447
1484314657      871   182381    1.39146
1484314658      1202   183583    1.40063
1484314659      872   184526    1.40782
1484314660      919   185676    1.4166
1484314661      1206   186882    1.4258
1484314662      938   187821    1.43296
1484314663      1194   189015    1.44207
1484314664      917   189966    1.44933
1484314665      968   191116    1.4581
1484314666      1232   192348    1.4675
1484314667      850   193261    1.47446
1484314668      1230   194491    1.48385
1484314669      818   195406    1.49083
1484314670      1129   196535    1.49944
1484314671      911   197446    1.50639
1484314672      1161   198607    1.51525
1484314673      928   199535    1.52233
1484314674      1213   200748    1.53159
1484314675      827   201575    1.5379
1484314676      1129   202704    1.54651
1484314677      923   203627    1.55355
1484314678      1159   204786    1.56239
1484314679      948   205734    1.56963
1484314681      908   206721    1.57716
1484314682      1123   207844    1.58572
1484314683      909   208866    1.59352
1484314684      1232   210098    1.60292
1484314685      856   211011    1.60989
1484314686      974   212161    1.61866
1484314687      1211   213372    1.6279
1484314688      932   214306    1.63503
1484314689      1171   215477    1.64396
1484314690      941   216451    1.65139
1484314691      968   217601    1.66016
1484314692      1228   218829    1.66953
1484314693      799   219746    1.67653
1484314694      1216   220962    1.68581
1484314695      935   221897    1.69294
1484314696      948   223041    1.70167
1484314697      1160   224201    1.71052
1484314699      947   225186    1.71803
1484314700      1226   226412    1.72739
1484314701      895   227331    1.7344
1484314702      1137   228468    1.74307
1484314703      694   229196    1.74863
1484314704      1178   230374    1.75761
1484314705      941   231341    1.76499
1484314706      1237   232578    1.77443
1484314707      873   233486    1.78136
1484314708      914   234636    1.79013
1484314709      1223   235859    1.79946
1484314710      877   236781    1.8065
1484314711      1167   237948    1.8154
1484314712      956   238926    1.82286
1484314713      1122   240048    1.83142
1484314714      833   240881    1.83778
1484314715      1215   242096    1.84705
1484314716      834   242936    1.85345
1484314717      1141   244077    1.86216
1484314718      883   244960    1.8689
1484314719      1214   246174    1.87816
1484314720      816   246990    1.88438
1484314721      1222   248212    1.89371
1484314722      825   249091    1.90041
1484314723      923   250241    1.90919
1484314724      1183   251424    1.91821
1484314726      806   252386    1.92555
1484314727      984   253370    1.93306
1484314728      1014   254531    1.94192
1484314729      1036   255567    1.94982
1484314730      723   256396    1.95615
1484314731      1229   257625    1.96552
1484314732      827   258541    1.97251
1484314733      1233   259774    1.98192
1484314734      755   260686    1.98888
1484314735      819   261505    1.99512
1484314736      839   262551    2.00311
1484314737      1226   263777    2.01246
1484314738      822   264696    2.01947
1484314739      1166   265862    2.02837
1484314741      648   266561    2.0337
1484314742      1011   267572    2.04141
1484314743      954   268706    2.05006
1484314744      1065   269771    2.05819
1484314745      828   270851    2.06643
1484314746      827   272001    2.0752
1484314747      1230   273231    2.08459
1484314748      899   274130    2.09145
1484314749      947   275077    2.09867
1484314750      1036   276113    2.10658
1484314752      763   277006    2.11339
1484314753      839   278156    2.12216
1484314754      1195   279351    2.13128
1484314755      877   280228    2.13797
1484314756      834   281062    2.14433
1484314757      1038   282100    2.15225
1484314758      669   282881    2.15821
1484314759      1229   284110    2.16759
1484314760      816   285026    2.17458
1484314761      1225   286251    2.18392
1484314762      791   287171    2.19094
1484314763      973   288144    2.19836
1484314765      745   289036    2.20517
1484314766      1120   290156    2.21371
1484314767      848   291181    2.22153
1484314768      1166   292347    2.23043
1484314769      832   293326    2.2379
1484314770      1066   294392    2.24603
1484314771      870   295262    2.25267
1484314772      1041   296303    2.26061
1484314773      831   297336    2.26849
1484314774      1225   298561    2.27784
1484314775      639   299201    2.28272
1484314776      966   300167    2.29009
1484314778      876   301346    2.29909
1484314779      1205   302551    2.30828
1484314780      841   303491    2.31545
1484314781      822   304641    2.32423
1484314782      1164   305805    2.33311
1484314783      839   306786    2.34059
1484314784      905   307691    2.3475
1484314785      1212   308903    2.35674
1484314786      773   309676    2.36264
1484314788      814   310796    2.37119
1484314789      1194   311990    2.38029
1484314790      812   312941    2.38755
1484314791      1234   314175    2.39697
1484314792      822   315086    2.40392
1484314793      840   315926    2.41032
1484314794      846   316951    2.41814
1484314795      1225   318176    2.42749
1484314796      840   319096    2.43451
1484314797      1222   320318    2.44383
1484314798      705   321023    2.44921
1484314799      880   321903    2.45592
1484314800      1196   323099    2.46505
1484314801      720   323821    2.47056
1484314802      954   324775    2.47784
1484314803      957   325966    2.48692
1484314804      795   326761    2.49299
1484314806      839   327831    2.50115
1484314807      1194   329025    2.51026
1484314808      785   329976    2.51752
1484314809      1163   331139    2.52639
1484314810      730   331869    2.53196
1484314811      1015   332884    2.5397
1484314812      998   333986    2.54811
1484314813      1229   335215    2.55749
1484314814      808   336131    2.56448
1484314815      963   337094    2.57182
1484314816      722   337996    2.5787
1484314817      1099   339095    2.58709
1484314818      1006   340101    2.59476
1484314819      872   340973    2.60142
1484314820      1119   342092    2.60995
1484314822      553   342721    2.61475
1484314823      1178   343899    2.62374
1484314824      929   344828    2.63083
1484314825      723   345581    2.63657
1484314826      1228   346809    2.64594
1484314827      820   347726    2.65294
1484314828      851   348577    2.65943
1484314829      832   349591    2.66717
1484314830      1205   350796    2.67636
1484314831      825   351736    2.68353
1484314832      1217   352953    2.69282
1484314833      638   353601    2.69776
1484314834      933   354534    2.70488
1484314835      917   355746    2.71413
1484314836      1108   356854    2.72258
1484314837      942   357796    2.72977
1484314839      747   358606    2.73595
1484314840      819   359425    2.7422
1484314841      838   360471    2.75018
1484314842      1104   361575    2.7586
1484314843      962   362537    2.76594
1484314844      762   363331    2.772
1484314845      818   364481    2.78077
1484314846      1229   365710    2.79015
1484314847      797   366626    2.79713
1484314848      1149   367775    2.8059
1484314850      835   368771    2.8135
1484314851      1062   369833    2.8216
1484314852      728   370636    2.82773
1484314853      1223   371859    2.83706
1484314854      790   372781    2.84409
1484314855      1166   373947    2.85299
1484314856      873   374926    2.86046
1484314857      853   375779    2.86697
1484314858      851   376791    2.87469
1484314859      1229   378020    2.88406
1484314860      765   378936    2.89105
1484314861      1049   379985    2.89906
1484314862      813   380801    2.90528
1484314863      1012   381813    2.913
1484314865      891   382946    2.92165
1484314866      1150   384096    2.93042
1484314867      852   385091    2.93801
1484314868      1001   386092    2.94565
1484314869      757   386956    2.95224
1484314870      1230   388186    2.96162
1484314871      854   389101    2.96861
1484314872      1221   390322    2.97792
1484314873      831   391246    2.98497
1484314874      847   392093    2.99143
1484314875      839   393111    2.9992
1484314876      1194   394306    3.00832
1484314877      876   395256    3.01556
1484314878      1112   396368    3.02405
1484314880      653   397121    3.02979
1484314881      1211   398332    3.03903
1484314882      770   399266    3.04616
1484314883      1095   400361    3.05451
1484314884      908   401411    3.06252
1484314885      824   402561    3.0713
1484314886      1197   403758    3.08043
1484314887      802   404706    3.08766
1484314888      1039   405745    3.09559
1484314890      919   406851    3.10403
1484314891      816   408001    3.1128
1484314892      1222   409223    3.12212
1484314893      779   410146    3.12917
1484314894      1095   411241    3.13752
1484314895      1017   412258    3.14528
1484314896      927   413185    3.15235
1484314897      874   414156    3.15976
1484314898      1232   415388    3.16916
1484314899      836   416301    3.17612
1484314900      1211   417512    3.18536
1484314902      904   418446    3.19249
1484314903      971   419596    3.20126
1484314904      1230   420826    3.21065
1484314905      935   421761    3.21778
1484314906      1206   422967    3.22698
1484314907      891   423886    3.23399
1484314908      1133   425019    3.24264
1484314909      927   425946    3.24971
1484314910      1189   427135    3.25878
1484314911      938   428073    3.26594
1484314912      1139   429212    3.27463
1484314913      866   430078    3.28123
1484314914      882   431191    3.28973
1484314915      1218   432409    3.29902
1484314916      948   433357    3.30625
1484314917      1225   434582    3.3156
1484314918      841   435423    3.32201
1484314919      1205   436628    3.33121
1484314920      928   437556    3.33829
1484314921      965   438776    3.3476
1484314922      1158   439934    3.35643
1484314923      828   440762    3.36275
1484314924      1094   441856    3.37109
1484314925      875   442786    3.37819
1484314926      1225   444011    3.38754
1484314927      892   444931    3.39455
1484314929      951   446081    3.40333
1484314930      1225   447306    3.41267
1484314931      860   448226    3.41969
1484314932      1180   449406    3.4287
1484314933      948   450371    3.43606
1484314934      967   451521    3.44483
1484314935      1202   452723    3.454
1484314936      933   453666    3.4612
1484314937      1094   454760    3.46954
1484314938      952   455811    3.47756
1484314939      936   456961    3.48634
1484314940      1227   458188    3.4957
1484314941      872   459106    3.5027
1484314942      1220   460326    3.51201
1484314943      896   461251    3.51907
1484314944      956   462401    3.52784
1484314945      1219   463620    3.53714
1484314946      911   464546    3.5442
1484314947      1192   465738    3.5533
1484314948      940   466691    3.56057
1484314950      938   467841    3.56934
1484314951      1198   469039    3.57848
1484314952      930   469986    3.58571
1484314953      1226   471212    3.59506
1484314954      933   472145    3.60218
1484314955      955   473281    3.61085
1484314956      1205   474486    3.62004
1484314957      933   475426    3.62721
1484314958      1223   476649    3.63654
1484314959      915   477571    3.64358
1484314960      967   478721    3.65235
1484314961      1101   479822    3.66075
1484314962      917   480866    3.66872
1484314963      1227   482093    3.67808
1484314964      817   483011    3.68508
1484314966      890   484161    3.69386
1484314967      1194   485355    3.70296
1484314968      915   486306    3.71022
1484314969      1225   487531    3.71957
1484314970      934   488465    3.72669
1484314971      960   489601    3.73536
1484314972      1213   490814    3.74461
1484314973      869   491746    3.75172
1484314974      1137   492883    3.7604
1484314975      786   493891    3.76809
1484314976      965   495041    3.77686
1484314977      1226   496267    3.78622
1484314978      915   497186    3.79323
1484314979      1228   498414    3.8026
1484314981      810   499331    3.80959
