1489493380      50   51    0.000145912
1489493381      59   110    0.000314713
1489493382      50   160    0.000457764
1489493383      60   220    0.000629425
1489493384      58   279    0.000798225
1489493385      57   337    0.000964165
1489493386      60   398    0.00113869
1489493387      59   458    0.00131035
1489493388      59   517    0.00147915
1489493389      59   577    0.00165081
1489493390      60   638    0.00182533
1489493391      59   697    0.00199413
1489493392      60   758    0.00216866
1489493393      54   813    0.00232601
1489493394      59   873    0.00249767
1489493395      59   933    0.00266933
1489493396      59   992    0.00283813
1489493397      60   1052    0.0030098
1489493398      58   1111    0.0031786
1489493399      60   1171    0.00335026
1489493400      61   1233    0.00352764
1489493401      63   1297    0.00371075
1489493402      63   1361    0.00389385
1489493403      65   1426    0.00407982
1489493404      66   1493    0.00427151
1489493405      69   1563    0.00447178
1489493406      65   1628    0.00465775
1489493407      64   1693    0.00484371
1489493408      63   1757    0.00502682
1489493409      62   1820    0.00520706
1489493410      61   1881    0.00538158
1489493411      60   1942    0.00555611
1489493412      60   2003    0.00573063
1489493413      59   2063    0.00590229
