1483716066      1425   1425    0.00271797
1483716067      1499   2925    0.00557899
1483716068      1499   4425    0.00844002
1483716069      1500   5925    0.011301
1483716070      1499   7424    0.0141602
1483716071      1499   8923    0.0170193
1483716072      1500   10423    0.0198803
1483716073      1499   11922    0.0227394
1483716074      1499   13421    0.0255985
1483716075      1172   14648    0.0279388
1483716076      1176   15824    0.0301819
1483716077      1174   16998    0.0324211
1483716078      1324   18322    0.0349464
1483716079      1178   19500    0.0371933
1483716080      1352   20852    0.039772
1483716082      1189   22152    0.0422516
1483716083      1332   23484    0.0447922
1483716084      1353   24837    0.0473728
1483716085      1329   26166    0.0499077
1483716086      979   27151    0.0517864
1483716087      1316   28467    0.0542965
1483716088      1332   29799    0.0568371
1483716089      1346   31145    0.0594044
1483716090      1344   32489    0.0619678
1483716091      1193   33682    0.0642433
1483716092      1338   35020    0.0667953
1483716093      1332   36352    0.0693359
1483716094      1339   37691    0.0718899
1483716095      1190   38943    0.0742779
1483716096      1360   40303    0.0768719
1483716097      1114   41417    0.0789967
1483716098      1350   42767    0.0815716
1483716099      1163   43942    0.0838127
1483716100      1359   45301    0.0864048
1483716101      1337   46638    0.0889549
1483716102      1253   47891    0.0913448
1483716103      1332   49223    0.0938854
1483716104      1178   50401    0.0961323
1483716105      1347   51748    0.0987015
1483716106      1330   53078    0.101238
1483716107      975   54301    0.103571
1483716108      1353   55654    0.106152
1483716109      1353   57007    0.108732
1483716110      1356   58363    0.111319
1483716111      1206   59661    0.113794
1483716112      1352   61013    0.116373
1483716113      1340   62353    0.118929
1483716114      1344   63697    0.121492
1483716115      1213   65021    0.124018
1483716116      1337   66358    0.126568
1483716117      1309   67667    0.129065
1483716118      959   68626    0.130894
1483716119      1350   69976    0.133469
1483716120      1202   71178    0.135761
1483716121      1353   72531    0.138342
1483716122      1326   73857    0.140871
1483716123      1309   75166    0.143368
1483716124      1194   76452    0.145821
1483716125      1341   77793    0.148378
1483716126      1346   79139    0.150946
1483716127      1336   80475    0.153494
1483716128      950   81451    0.155355
1483716129      1353   82804    0.157936
1483716130      1336   84140    0.160484
1483716131      1182   85322    0.162739
1483716132      1302   86624    0.165222
1483716133      1170   87794    0.167454
1483716134      1086   88955    0.169668
1483716135      1195   90150    0.171947
1483716136      1255   91405    0.174341
1483716137      1350   92755    0.176916
1483716138      1349   94104    0.179489
1483716139      1008   95112    0.181412
1483716140      1323   96435    0.183935
1483716141      1353   97788    0.186516
1483716142      1326   99114    0.189045
1483716143      1190   100386    0.191471
1483716144      1360   101746    0.194065
1483716145      1356   103102    0.196651
1483716146      1348   104450    0.199223
1483716147      1203   105746    0.201694
1483716148      1360   107106    0.204288
1483716149      1323   108429    0.206812
1483716150      1208   109637    0.209116
1483716151      1187   110824    0.21138
1483716152      1351   112175    0.213957
1483716153      1344   113519    0.21652
1483716154      1348   114867    0.219091
1483716155      1178   116105    0.221453
1483716156      1335   117440    0.223999
1483716157      1353   118793    0.22658
1483716158      1345   120138    0.229145
1483716160      1203   121465    0.231676
1483716161      1028   122493    0.233637
1483716162      1355   123848    0.236221
1483716163      1352   125200    0.2388
1483716164      1207   126464    0.241211
1483716165      1351   127815    0.243788
1483716166      1348   129163    0.246359
1483716167      1353   130516    0.24894
1483716168      1235   131751    0.251295
1483716169      1209   132960    0.253601
1483716170      1347   134307    0.25617
1483716171      1353   135660    0.258751
1483716172      1085   136823    0.260969
1483716173      1363   138186    0.263569
1483716174      1352   139538    0.266148
1483716175      1341   140879    0.268705
1483716176      1213   142183    0.271193
1483716177      1361   143544    0.273788
1483716178      1344   144888    0.276352
1483716179      1353   146241    0.278933
1483716180      1208   147543    0.281416
1483716181      1355   148898    0.284
1483716182      1210   150108    0.286308
1483716183      1349   151457    0.288881
1483716184      1202   152659    0.291174
1483716185      1342   154001    0.293734
1483716186      1355   155356    0.296318
1483716187      1344   156700    0.298882
1483716188      1080   157902    0.301174
1483716189      1186   159088    0.303436
1483716190      1183   160271    0.305693
1483716191      1344   161615    0.308256
1483716192      1113   162901    0.310709
1483716193      1342   164243    0.313269
1483716194      1353   165596    0.315849
1483716195      1346   166942    0.318417
1483716196      1218   168261    0.320932
1483716197      1326   169587    0.323462
1483716198      1155   170742    0.325665
1483716199      1355   172097    0.328249
1483716200      1346   173443    0.330816
1483716201      1213   174693    0.3332
1483716202      1354   176047    0.335783
1483716203      1210   177257    0.338091
1483716204      1338   178595    0.340643
1483716205      1196   179791    0.342924
1483716206      1355   181146    0.345509
1483716207      1351   182497    0.348085
1483716208      1353   183850    0.350666
1483716209      1196   185052    0.352959
1483716210      1218   186270    0.355282
1483716211      1353   187623    0.357862
1483716212      1344   188967    0.360426
1483716213      1066   190051    0.362494
1483716214      1360   191411    0.365088
1483716215      1346   192757    0.367655
1483716216      1353   194110    0.370235
1483716217      1209   195411    0.372717
1483716218      1361   196772    0.375313
1483716219      1346   198118    0.37788
1483716220      1355   199473    0.380465
1483716221      1212   200771    0.38294
1483716222      1353   202124    0.385521
1483716223      1349   203473    0.388094
1483716224      1209   204682    0.3904
1483716225      1195   205877    0.392679
1483716226      1351   207228    0.395256
1483716227      1248   208476    0.397636
1483716228      1347   209823    0.400206
1483716229      1215   211130    0.402699
1483716230      1352   212482    0.405277
1483716231      1352   213834    0.407856
1483716232      1353   215187    0.410437
1483716233      1209   216490    0.412922
1483716234      1217   217707    0.415243
1483716235      1319   219026    0.417759
1483716236      1350   220376    0.420334
1483716237      1200   221576    0.422623
1483716238      1353   222929    0.425203
1483716239      1344   224273    0.427767
1483716240      1349   225622    0.43034
1483716241      1193   226849    0.43268
1483716242      1300   228149    0.43516
1483716243      1255   229404    0.437553
1483716244      1287   230691    0.440008
1483716246      1057   231848    0.442215
1483716247      1355   233203    0.444799
1483716248      1350   234553    0.447374
1483716249      1301   235854    0.449856
1483716250      1297   237151    0.45233
1483716251      1094   238280    0.454483
1483716252      1308   239588    0.456978
1483716253      1291   240879    0.45944
1483716254      1299   242178    0.461918
1483716255      1290   243468    0.464378
1483716256      957   244425    0.466204
1483716257      1302   245727    0.468687
1483716258      1293   247020    0.471153
1483716259      1298   248318    0.473629
1483716260      1291   249609    0.476091
1483716261      1116   250783    0.478331
1483716262      1357   252140    0.480919
1483716263      1355   253495    0.483503
1483716264      1356   254851    0.48609
1483716265      1216   256143    0.488554
1483716266      1354   257497    0.491137
1483716267      1209   258706    0.493443
1483716268      1345   260051    0.496008
1483716269      1198   261249    0.498293
1483716270      1351   262600    0.50087
1483716271      1356   263956    0.503456
1483716272      1341   265297    0.506014
1483716273      1193   266502    0.508312
1483716274      1351   267853    0.510889
1483716275      1351   269204    0.513466
1483716276      1351   270555    0.516043
1483716277      1048   271603    0.518042
1483716278      1347   272950    0.520611
1483716279      1353   274303    0.523191
1483716280      1348   275651    0.525763
1483716281      1161   276861    0.52807
1483716282      1310   278171    0.530569
1483716283      1295   279466    0.533039
1483716284      1114   280580    0.535164
1483716285      1303   281883    0.537649
1483716286      1306   283189    0.54014
1483716287      1129   284365    0.542383
1483716288      1201   285566    0.544674
1483716289      1344   286910    0.547237
1483716290      1263   288173    0.549646
1483716291      1104   289364    0.551918
1483716292      1300   290664    0.554398
1483716293      1337   292001    0.556948
1483716294      1346   293347    0.559515
1483716295      1322   294669    0.562037
1483716296      1099   295796    0.564186
1483716297      1337   297133    0.566736
1483716298      1266   298399    0.569151
1483716299      1141   299540    0.571327
1483716300      1084   300795    0.573721
1483716301      1272   302067    0.576147
1483716302      1290   303357    0.578608
1483716303      1341   304698    0.581165
1483716304      1236   305934    0.583523
1483716305      1170   307227    0.585989
1483716306      1362   308589    0.588587
1483716307      1347   309936    0.591156
1483716308      1350   311286    0.593731
1483716309      1058   312344    0.595749
1483716310      1345   313689    0.598314
1483716311      1337   315026    0.600864
1483716312      1352   316378    0.603443
1483716313      1190   317586    0.605747
1483716314      1349   318935    0.60832
1483716315      1178   320113    0.610567
1483716316      1333   321446    0.61311
1483716317      1298   322744    0.615585
1483716318      1194   324018    0.618015
1483716319      1352   325370    0.620594
1483716320      1210   326580    0.622902
1483716321      1340   327920    0.625458
1483716322      1178   329098    0.627705
1483716323      1355   330453    0.630289
1483716324      1325   331778    0.632816
1483716325      1350   333128    0.635391
1483716326      1179   334377    0.637774
1483716327      1348   335725    0.640345
1483716328      1351   337076    0.642921
1483716329      1340   338416    0.645477
1483716330      902   339376    0.647308
1483716331      1356   340732    0.649895
1483716332      1332   342064    0.652435
1483716333      1345   343409    0.655001
1483716334      1224   344736    0.657532
1483716335      1354   346090    0.660114
1483716336      1354   347444    0.662697
1483716337      1346   348790    0.665264
1483716339      1200   350096    0.667755
1483716340      1330   351426    0.670292
1483716341      1353   352779    0.672873
1483716342      1004   353783    0.674788
1483716343      1214   355095    0.67729
1483716344      1361   356456    0.679886
1483716345      1344   357800    0.682449
1483716346      1351   359151    0.685026
1483716347      1200   360455    0.687513
1483716348      1359   361814    0.690105
1483716349      1335   363149    0.692652
1483716350      1342   364491    0.695211
1483716351      1200   365815    0.697737
1483716352      1010   366825    0.699663
1483716353      1346   368171    0.70223
1483716354      1353   369524    0.704811
1483716355      1212   370814    0.707272
1483716356      1357   372171    0.70986
1483716357      1342   373513    0.71242
1483716358      1344   374857    0.714983
1483716359      1214   376174    0.717495
1483716360      1332   377506    0.720036
1483716361      1354   378860    0.722618
1483716362      1073   380101    0.724985
1483716363      1338   381439    0.727537
1483716364      1349   382788    0.73011
1483716365      1334   384122    0.732655
1483716366      1204   385461    0.735209
1483716367      1352   386813    0.737787
1483716368      1329   388142    0.740322
1483716369      1355   389497    0.742907
1483716370      1218   390821    0.745432
1483716371      1280   392101    0.747873
1483716372      1201   393302    0.750164
1483716373      1148   394450    0.752354
1483716374      1165   395615    0.754576
1483716375      1187   396802    0.75684
1483716376      1202   398004    0.759132
1483716377      1351   399355    0.761709
1483716378      1345   400700    0.764275
1483716379      1335   402035    0.766821
1483716380      1198   403324    0.769279
1483716381      1349   404673    0.771852
1483716382      1355   406028    0.774437
1483716383      1084   407251    0.77677
1483716384      1338   408589    0.779322
1483716385      1348   409937    0.781893
1483716386      1336   411273    0.784441
1483716388      1210   412611    0.786993
1483716389      1349   413960    0.789566
1483716390      1353   415313    0.792147
1483716391      1343   416656    0.794708
1483716392      1206   417971    0.797216
1483716393      1351   419322    0.799793
1483716394      1332   420654    0.802334
1483716395      1208   421862    0.804638
1483716396      1199   423061    0.806925
1483716397      1345   424406    0.80949
1483716398      1345   425751    0.812056
1483716399      1327   427078    0.814587
1483716400      1197   428330    0.816975
1483716401      1353   429683    0.819555
1483716402      1329   431012    0.82209
1483716403      1352   432364    0.824669
1483716404      1218   433690    0.827198
1483716405      1073   434763    0.829245
1483716406      1338   436101    0.831797
1483716407      1348   437449    0.834368
1483716408      1201   438689    0.836733
1483716409      1349   440038    0.839306
1483716410      1345   441383    0.841871
1483716411      1351   442734    0.844448
1483716412      1214   444049    0.846956
1483716413      1325   445374    0.849483
1483716414      1348   446722    0.852055
1483716415      1098   447976    0.854446
1483716416      1360   449336    0.85704
1483716417      1316   450652    0.85955
1483716418      1347   451999    0.86212
1483716419      1207   453336    0.86467
1483716420      1339   454675    0.867224
1483716421      1356   456031    0.86981
1483716422      1345   457376    0.872375
1483716423      1201   458696    0.874893
1483716424      1339   460035    0.877447
1483716425      1345   461380    0.880013
1483716426      1196   462576    0.882294
1483716427      1019   463695    0.884428
1483716428      1256   464951    0.886824
1483716429      1184   466135    0.889082
1483716430      1176   467311    0.891325
1483716431      1182   468493    0.893579
1483716432      1256   469749    0.895975
1483716433      1200   470949    0.898264
1483716434      1146   472095    0.90045
1483716435      1207   473343    0.90283
1483716436      1359   474702    0.905422
1483716437      1206   475908    0.907722
1483716438      1351   477259    0.910299
1483716439      1195   478454    0.912579
1483716440      1352   479806    0.915157
1483716441      1350   481156    0.917732
1483716442      1348   482504    0.920303
1483716443      1192   483702    0.922588
1483716444      1363   485065    0.925188
1483716445      1345   486410    0.927753
1483716446      1354   487764    0.930336
1483716447      1055   488819    0.932348
1483716448      1343   490162    0.93491
1483716449      1352   491514    0.937489
1483716450      1355   492869    0.940073
1483716451      1193   494062    0.942348
1483716452      1348   495410    0.94492
1483716453      1351   496761    0.947496
1483716454      1348   498109    0.950068
1483716455      1209   499318    0.952374
