1481274875      1499   1499    0.00142956
1481274876      1499   2998    0.00285912
1481274877      1499   4497    0.00428867
1481274878      1500   5997    0.00571918
1481274879      1499   7496    0.00714874
1481274880      1500   8996    0.00857925
1481274881      1499   10495    0.0100088
1481274882      1499   11994    0.0114384
1481274883      1500   13494    0.0128689
1481274884      1499   14993    0.0142984
1481274885      1499   16492    0.015728
1481274886      1500   17992    0.0171585
1481274887      1499   19491    0.0185881
1481274888      1499   20990    0.0200176
1481274889      1500   22490    0.0214481
1481274890      1499   23989    0.0228777
1481274891      1388   25377    0.0242014
1481274892      1500   26877    0.0256319
1481274893      1325   28202    0.0268955
1481274894      1386   29588    0.0282173
1481274895      1388   30976    0.029541
1481274896      1390   32366    0.0308666
1481274897      1389   33755    0.0321913
1481274898      1390   35145    0.0335169
1481274899      1387   36589    0.034894
1481274900      1506   38095    0.0363302
1481274901      1388   39483    0.0376539
1481274902      1390   40873    0.0389795
1481274903      1389   42262    0.0403042
1481274904      1387   43649    0.0416269
1481274905      1390   45039    0.0429525
1481274906      1343   46382    0.0442333
1481274907      1338   47873    0.0456553
1481274908      1507   49380    0.0470924
1481274909      1014   50609    0.0482645
1481274910      1506   52115    0.0497007
1481274911      1282   53397    0.0509233
1481274912      1253   54650    0.0521183
1481274913      1245   55895    0.0533056
1481274914      1390   57285    0.0546312
1481274915      1383   58669    0.0559511
1481274916      1506   60175    0.0573874
1481274917      1390   61565    0.058713
1481274918      1391   62956    0.0600395
1481274919      1390   64346    0.0613651
1481274920      1389   65735    0.0626898
1481274921      1389   67124    0.0640144
1481274922      1390   68514    0.06534
1481274923      1388   69953    0.0667124
1481274924      1506   71459    0.0681486
1481274925      1389   72848    0.0694733
1481274926      1391   74239    0.0707998
1481274927      1390   75629    0.0721254
1481274928      1244   76873    0.0733118
1481274929      1390   78263    0.0746374
1481274930      1389   79652    0.0759621
1481274931      1389   81041    0.0772867
1481274932      1389   82430    0.0786114
1481274933      1499   83929    0.0800409
1481274934      1387   85316    0.0813637
1481274935      1390   86706    0.0826893
1481274936      1390   88096    0.0840149
1481274937      1389   89485    0.0853395
1481274938      1390   90875    0.0866652
1481274939      1389   92264    0.0879898
1481274940      1390   93654    0.0893154
1481274941      1500   95154    0.0907459
1481274942      1390   96544    0.0920715
1481274943      1389   97933    0.0933962
1481274944      1389   99322    0.0947208
1481274945      1390   100712    0.0960464
1481274946      1255   101967    0.0972433
1481274947      1391   103358    0.0985699
1481274948      1391   104749    0.0998964
1481274949      1390   106139    0.101222
1481274950      1500   107639    0.102653
1481274951      1383   109022    0.103971
1481274952      1388   110410    0.105295
1481274953      1391   111801    0.106622
1481274954      1390   113191    0.107947
1481274955      1390   114581    0.109273
1481274956      1391   115972    0.1106
1481274957      1389   117361    0.111924
1481274958      1499   118860    0.113354
1481274959      1391   120251    0.11468
1481274960      1388   121639    0.116004
1481274961      1380   123019    0.11732
1481274962      1343   124362    0.118601
1481274963      1389   125751    0.119925
1481274964      1255   127006    0.121122
1481274965      1387   128393    0.122445
1481274966      1389   129782    0.12377
1481274967      1499   131281    0.125199
1481274968      1391   132672    0.126526
1481274969      1389   134061    0.127851
1481274970      1280   135341    0.129071
1481274971      1253   136594    0.130266
1481274972      1230   137824    0.131439
1481274973      1499   139323    0.132869
1481274974      1241   140564    0.134052
1481274975      1277   141841    0.13527
1481274976      1389   143230    0.136595
1481274977      1387   144617    0.137918
1481274978      1388   146005    0.139241
1481274979      1388   147477    0.140645
1481274980      1506   148983    0.142081
1481274981      1388   150371    0.143405
1481274982      1389   151760    0.14473
1481274983      1253   153013    0.145925
1481274984      1388   154401    0.147248
1481274985      1389   155790    0.148573
1481274986      1386   157176    0.149895
1481274987      1389   158565    0.151219
1481274988      1389   159954    0.152544
1481274989      1499   161453    0.153974
1481274990      1386   162839    0.155295
1481274991      1389   164228    0.15662
1481274992      1388   165616    0.157944
1481274993      1388   167004    0.159267
1481274994      1389   168393    0.160592
1481274995      1389   169782    0.161917
1481274996      1381   171169    0.163239
1481274997      1506   172675    0.164676
1481274998      1389   174064    0.166
1481274999      1388   175452    0.167324
1481275000      1388   176840    0.168648
1481275001      1254   178094    0.169844
1481275002      1388   179482    0.171167
1481275003      1387   180869    0.17249
1481275004      1389   182258    0.173815
1481275005      1388   183646    0.175138
1481275006      1499   185145    0.176568
1481275007      1388   186533    0.177892
1481275008      1388   187921    0.179215
1481275009      1388   189309    0.180539
1481275010      1389   190698    0.181864
1481275011      1387   192085    0.183187
1481275012      1387   193472    0.184509
1481275013      1383   194861    0.185834
1481275014      1507   196368    0.187271
1481275015      1387   197755    0.188594
1481275016      1388   199143    0.189918
1481275017      1388   200531    0.191241
1481275018      1387   201918    0.192564
1481275019      1252   203170    0.193758
1481275020      1388   204558    0.195082
1481275021      1387   205945    0.196404
1481275022      1387   207332    0.197727
1481275023      1500   208832    0.199158
1481275024      1386   210218    0.20048
1481275025      1388   211606    0.201803
1481275026      1388   212994    0.203127
1481275027      1387   214381    0.20445
1481275028      1385   215766    0.20577
1481275029      1386   217152    0.207092
1481275030      1382   218553    0.208428
1481275031      1506   220059    0.209865
1481275032      1387   221446    0.211187
1481275033      1388   222834    0.212511
1481275034      1339   224173    0.213788
1481275035      1317   225490    0.215044
1481275036      1231   226721    0.216218
1481275037      1121   227842    0.217287
1481275038      1499   229341    0.218717
1481275039      1240   230581    0.219899
1481275040      1387   231968    0.221222
1481275041      1387   233355    0.222545
1481275042      1388   234743    0.223868
1481275043      1387   236130    0.225191
1481275044      1388   237518    0.226515
1481275045      1500   239018    0.227945
1481275046      1383   240401    0.229264
1481275047      1388   241789    0.230588
1481275048      1388   243177    0.231912
1481275049      1387   244564    0.233234
1481275050      1386   245950    0.234556
1481275051      1388   247338    0.23588
1481275052      1387   248725    0.237203
1481275053      1499   250224    0.238632
1481275054      1389   251613    0.239957
1481275055      1388   253001    0.241281
1481275056      1249   254250    0.242472
1481275057      1390   255640    0.243797
1481275058      1389   257029    0.245122
1481275059      1389   258418    0.246447
1481275060      1390   259808    0.247772
1481275061      1389   261197    0.249097
1481275062      1499   262696    0.250526
1481275063      1384   264080    0.251846
1481275064      1386   265466    0.253168
1481275065      1389   266855    0.254493
1481275066      1390   268245    0.255818
1481275067      1389   269634    0.257143
1481275068      1389   271023    0.258468
1481275069      1390   272413    0.259793
1481275070      1499   273912    0.261223
1481275071      1389   275301    0.262547
1481275072      1388   276689    0.263871
1481275073      1386   278075    0.265193
1481275074      1255   279330    0.26639
1481275075      1390   280720    0.267715
1481275076      1389   282109    0.26904
1481275077      1390   283499    0.270366
1481275078      1390   284889    0.271691
1481275079      1499   286388    0.273121
1481275080      1383   287771    0.27444
1481275081      1386   289157    0.275762
1481275082      1388   290545    0.277085
1481275083      1389   291934    0.27841
1481275084      1389   293323    0.279735
1481275085      1389   294712    0.281059
1481275086      1389   296101    0.282384
1481275087      1500   297601    0.283814
1481275088      1388   298989    0.285138
1481275089      1382   300371    0.286456
1481275090      1388   301759    0.28778
1481275091      1388   303147    0.289104
1481275092      1251   304398    0.290297
1481275093      1390   305788    0.291622
1481275094      1389   307177    0.292947
1481275095      1389   308566    0.294271
1481275096      1500   310066    0.295702
1481275097      1241   311307    0.296885
1481275098      1386   312693    0.298207
1481275099      1389   314082    0.299532
1481275100      1316   315398    0.300787
1481275101      1232   316630    0.301962
1481275102      1500   318130    0.303392
1481275103      1339   319469    0.304669
1481275104      1389   320858    0.305994
1481275105      1390   322248    0.30732
1481275106      1389   323637    0.308644
1481275107      1390   325027    0.30997
1481275108      1390   326417    0.311296
1481275109      1382   327829    0.312642
1481275110      1259   329088    0.313843
1481275111      1390   330565    0.315251
1481275112      1506   332071    0.316688
1481275113      1389   333460    0.318012
1481275114      1390   334850    0.319338
1481275115      1390   336240    0.320663
1481275116      1386   337626    0.321985
1481275117      1389   339015    0.32331
1481275118      1391   340406    0.324636
1481275119      1387   341849    0.326013
1481275120      1507   343356    0.32745
1481275121      1389   344745    0.328774
1481275122      1389   346134    0.330099
1481275123      1390   347524    0.331425
1481275124      1384   348908    0.332745
1481275125      1389   350297    0.334069
1481275126      1390   351687    0.335395
1481275127      1388   353133    0.336774
1481275128      1248   354381    0.337964
1481275129      1391   355869    0.339383
1481275130      1506   357375    0.340819
1481275131      1390   358765    0.342145
1481275132      1391   360156    0.343472
1481275133      1390   361546    0.344797
1481275134      1390   362936    0.346123
1481275135      1391   364327    0.347449
1481275136      1390   365717    0.348775
1481275137      1384   367153    0.350144
1481275138      1506   368659    0.351581
1481275139      1388   370047    0.352904
1481275140      1389   371436    0.354229
1481275141      1390   372826    0.355555
1481275142      1390   374216    0.35688
1481275143      1389   375605    0.358205
1481275144      1389   376994    0.359529
1481275145      1387   378437    0.360906
1481275146      1261   379698    0.362108
1481275147      1388   381173    0.363515
1481275148      1507   382680    0.364952
1481275149      1388   384068    0.366276
1481275150      1390   385458    0.367601
1481275151      1390   386848    0.368927
1481275152      1389   388237    0.370252
1481275153      1389   389626    0.371576
1481275154      1390   391016    0.372902
1481275155      1387   392457    0.374276
1481275156      1507   393964    0.375713
1481275157      1390   395354    0.377039
1481275158      1368   396722    0.378344
1481275159      1387   398109    0.379666
1481275160      1299   399408    0.380905
1481275161      1256   400664    0.382103
1481275163      1278   402129    0.3835
1481275164      1507   403636    0.384937
1481275165      1157   404865    0.386109
1481275166      1506   406371    0.387546
1481275167      1390   407761    0.388871
1481275168      1389   409150    0.390196
1481275169      1387   410537    0.391519
1481275170      1391   411928    0.392845
1481275171      1390   413318    0.394171
1481275172      1390   414708    0.395496
1481275173      1388   416149    0.396871
1481275174      1506   417655    0.398307
1481275175      1390   419045    0.399632
1481275176      1391   420436    0.400959
1481275177      1390   421826    0.402285
1481275178      1390   423216    0.40361
1481275179      1391   424607    0.404937
1481275180      1390   425997    0.406262
1481275181      1387   427433    0.407632
1481275182      1507   428940    0.409069
1481275183      1159   430169    0.410241
1481275184      1507   431676    0.411678
1481275185      1387   433063    0.413001
1481275186      1389   434452    0.414326
1481275187      1390   435842    0.415651
1481275188      1389   437231    0.416976
1481275189      1350   438581    0.418263
1481275190      1390   439971    0.419589
1481275191      1389   441453    0.421002
1481275192      1506   442959    0.422439
1481275193      1390   444349    0.423764
1481275194      1390   445739    0.42509
1481275195      1390   447129    0.426415
1481275196      1389   448518    0.42774
1481275197      1390   449908    0.429066
1481275198      1389   451297    0.43039
1481275199      1387   452737    0.431764
1481275200      1506   454243    0.4332
1481275201      1160   455473    0.434373
1481275202      1507   456980    0.43581
1481275203      1389   458369    0.437135
1481275204      1389   459758    0.438459
1481275205      1390   461148    0.439785
1481275206      1390   462538    0.441111
1481275207      1389   463927    0.442435
1481275208      1387   465314    0.443758
1481275209      1364   466757    0.445134
1481275210      1507   468264    0.446571
1481275211      1386   469650    0.447893
1481275212      1389   471039    0.449218
1481275213      1385   472424    0.450539
1481275214      1389   473813    0.451863
1481275215      1384   475197    0.453183
1481275216      1385   476582    0.454504
1481275217      1386   478041    0.455895
1481275218      1507   479548    0.457333
1481275219      1156   480777    0.458505
1481275220      1507   482284    0.459942
1481275221      1390   483674    0.461267
1481275222      1233   484907    0.462443
1481275223      1375   486282    0.463755
1481275224      1388   487670    0.465078
1481275225      1387   489057    0.466401
1481275226      1324   490449    0.467729
1481275227      1506   491955    0.469165
1481275228      1381   493336    0.470482
1481275229      1382   494718    0.4718
1481275230      1389   496107    0.473125
1481275231      1390   497497    0.47445
1481275232      1389   498886    0.475775
