1483117468      1499   1499    0.00285912
1483117469      1499   2998    0.00571823
1483117470      1499   4497    0.00857735
1483117471      1500   5997    0.0114384
1483117472      1499   7496    0.0142975
1483117473      1499   8995    0.0171566
1483117474      1499   10495    0.0200176
1483117475      1499   11995    0.0228786
1483117476      1499   13495    0.0257397
1483117477      1307   14802    0.0282326
1483117478      1351   16153    0.0308094
1483117479      1353   17506    0.03339
1483117480      1348   18854    0.0359612
1483117481      1200   20054    0.03825
1483117482      1340   21394    0.0408058
1483117483      1344   22738    0.0433693
1483117484      1352   24090    0.045948
1483117485      1180   25270    0.0481987
1483117487      958   26425    0.0504017
1483117488      1117   27542    0.0525322
1483117489      1321   28863    0.0550518
1483117490      1330   30193    0.0575886
1483117491      1211   31404    0.0598984
1483117492      1115   32519    0.0620251
1483117493      1345   33864    0.0645905
1483117494      1338   35202    0.0671425
1483117495      1341   36543    0.0697002
1483117496      1194   37841    0.072176
1483117497      1341   39182    0.0747337
1483117498      1347   40529    0.0773029
1483117499      1003   41532    0.079216
1483117500      1197   42825    0.0816822
1483117501      1353   44178    0.0842628
1483117502      1347   45525    0.086832
1483117503      1354   46879    0.0894146
1483117504      1164   48043    0.0916348
1483117505      1181   49257    0.0939503
1483117506      1334   50591    0.0964947
1483117507      1346   51937    0.099062
1483117508      1329   53266    0.101597
1483117509      1064   54330    0.103626
1483117510      1347   55677    0.106195
1483117511      1345   57022    0.108761
1483117512      1346   58368    0.111328
1483117513      1188   59601    0.11368
1483117514      1342   60943    0.11624
1483117515      1338   62281    0.118792
1483117516      1332   63613    0.121332
1483117517      1340   64953    0.123888
1483117518      1182   66135    0.126143
1483117519      1319   67454    0.128658
1483117520      1213   68667    0.130972
1483117521      1191   69945    0.13341
1483117522      1343   71288    0.135971
1483117523      1343   72631    0.138533
1483117524      1328   73959    0.141066
1483117525      1209   75305    0.143633
1483117526      1360   76665    0.146227
1483117527      1347   78012    0.148796
1483117528      1340   79352    0.151352
1483117529      1205   80665    0.153856
1483117530      1028   81693    0.155817
1483117531      1346   83039    0.158384
1483117532      1353   84392    0.160965
1483117533      1184   85649    0.163363
1483117534      1207   86856    0.165665
1483117535      1351   88207    0.168242
1483117536      1318   89525    0.170755
1483117537      1353   90878    0.173336
1483117538      1173   92081    0.175631
1483117539      1356   93437    0.178217
1483117540      1291   94728    0.180679
1483117541      990   95718    0.182568
1483117542      1269   96987    0.184988
1483117543      1054   98137    0.187181
1483117544      1357   99494    0.18977
1483117545      1279   100773    0.192209
1483117546      1351   102124    0.194786
1483117547      1333   103457    0.197329
1483117548      1139   104596    0.199501
1483117549      1200   105796    0.20179
1483117550      1326   107122    0.204319
1483117551      1341   108463    0.206877
1483117552      1050   109513    0.208879
1483117553      1193   110706    0.211155
1483117554      1329   112035    0.21369
1483117555      1353   113388    0.21627
1483117556      1315   114703    0.218779
1483117557      1193   115985    0.221224
1483117558      1357   117342    0.223812
1483117559      1347   118689    0.226381
1483117560      1350   120039    0.228956
1483117561      1206   121345    0.231447
1483117562      1055   122400    0.233459
1483117563      1355   123755    0.236044
1483117564      1349   125104    0.238617
1483117565      1197   126329    0.240953
1483117566      1348   127677    0.243525
1483117567      1342   129019    0.246084
1483117568      1332   130351    0.248625
1483117570      1203   131689    0.251177
1483117571      1358   133047    0.253767
1483117572      1332   134379    0.256308
1483117573      980   135601    0.258638
1483117574      1362   136963    0.261236
1483117575      1321   138284    0.263756
1483117576      1352   139636    0.266335
1483117577      1194   140961    0.268862
1483117578      1359   142320    0.271454
1483117579      1354   143674    0.274036
1483117580      1346   145020    0.276604
1483117581      1198   146321    0.279085
1483117582      1331   147652    0.281624
1483117583      1353   149005    0.284204
1483117584      1146   150151    0.28639
1483117585      1200   151351    0.288679
1483117586      1347   152698    0.291248
1483117587      1340   154038    0.293804
1483117588      1336   155374    0.296352
1483117589      1189   156665    0.298815
1483117590      1351   158016    0.301392
1483117591      1351   159367    0.303968
1483117592      1342   160709    0.306528
1483117593      1192   162025    0.309038
1483117594      1220   163245    0.311365
1483117595      1348   164593    0.313936
1483117596      1215   165808    0.316254
1483117597      1192   167009    0.318544
1483117598      1350   168359    0.321119
1483117599      1351   169710    0.323696
1483117600      1348   171058    0.326267
1483117601      1204   172369    0.328768
1483117602      1204   173573    0.331064
1483117603      1183   174756    0.333321
1483117604      1281   176037    0.335764
1483117605      1074   177111    0.337812
1483117606      1312   178423    0.340315
1483117607      1190   179613    0.342585
1483117608      1350   180963    0.34516
1483117609      1354   182317    0.347742
1483117610      1350   183667    0.350317
1483117611      1170   184857    0.352587
1483117612      1358   186215    0.355177
1483117613      1356   187571    0.357763
1483117614      1344   188915    0.360327
1483117615      1059   189974    0.362347
1483117616      1355   191329    0.364931
1483117617      1346   192675    0.367498
1483117618      1351   194026    0.370075
1483117619      1205   195231    0.372374
1483117620      1352   196583    0.374952
1483117621      1345   197928    0.377518
1483117622      1354   199282    0.3801
1483117623      1204   200561    0.38254
1483117624      1358   201919    0.38513
1483117625      1342   203261    0.38769
1483117626      1061   204473    0.390001
1483117627      1358   205831    0.392591
1483117628      1346   207177    0.395159
1483117629      1356   208533    0.397745
1483117631      1210   209833    0.400225
1483117632      1360   211193    0.402819
1483117633      1343   212536    0.40538
1483117634      1352   213888    0.407959
1483117635      1214   215193    0.410448
1483117636      1359   216552    0.41304
1483117637      1215   217767    0.415358
1483117638      1225   219105    0.41791
1483117639      1351   220456    0.420486
1483117640      1350   221806    0.423061
1483117641      1342   223148    0.425621
1483117642      1206   224465    0.428133
1483117643      1352   225817    0.430712
1483117644      1354   227171    0.433294
1483117645      1341   228512    0.435852
1483117646      1221   229825    0.438356
1483117647      1223   231048    0.440689
1483117648      1353   232401    0.44327
1483117649      1216   233737    0.445818
1483117650      1348   235085    0.448389
1483117651      1347   236432    0.450958
1483117652      1353   237785    0.453539
1483117653      1212   239097    0.456041
1483117654      1324   240421    0.458567
1483117655      1345   241766    0.461132
1483117656      1353   243119    0.463713
1483117657      993   244112    0.465607
1483117658      1345   245457    0.468172
1483117659      1355   246812    0.470757
1483117660      1350   248162    0.473331
1483117661      1204   249441    0.475771
1483117662      1361   250802    0.478367
1483117663      1345   252147    0.480932
1483117664      1298   253445    0.483408
1483117665      1187   254632    0.485672
1483117666      1185   255873    0.488039
1483117667      1345   257218    0.490604
1483117668      1201   258419    0.492895
1483117669      1334   259753    0.49544
1483117670      1171   260924    0.497673
1483117671      1344   262268    0.500237
1483117672      1347   263615    0.502806
1483117673      1347   264962    0.505375
1483117674      1203   266217    0.507769
1483117675      1357   267574    0.510357
1483117676      1339   268913    0.512911
1483117677      1348   270261    0.515482
1483117678      1062   271323    0.517508
1483117679      1343   272666    0.520069
1483117680      1351   274017    0.522646
1483117681      1340   275357    0.525202
1483117682      1199   276561    0.527498
1483117683      1356   277917    0.530085
1483117684      1352   279269    0.532663
1483117685      1344   280613    0.535227
1483117686      1211   281921    0.537722
1483117687      1354   283275    0.540304
1483117688      1353   284628    0.542885
1483117689      1095   285833    0.545183
1483117690      1360   287193    0.547777
1483117691      1345   288538    0.550343
1483117692      1352   289890    0.552921
1483117693      1207   291193    0.555407
1483117694      1350   292543    0.557981
1483117695      1353   293896    0.560562
1483117696      1347   295243    0.563131
1483117698      1219   296553    0.56563
1483117699      1355   297908    0.568214
1483117700      1215   299123    0.570532
1483117701      1216   300465    0.573092
1483117702      1362   301827    0.575689
1483117703      1349   303176    0.578262
1483117704      1353   304529    0.580843
1483117705      1218   305825    0.583315
1483117706      1360   307185    0.585909
1483117707      1350   308535    0.588484
1483117708      1354   309889    0.591066
1483117709      1212   311185    0.593538
1483117710      1220   312405    0.595865
1483117711      1339   313744    0.598419
1483117712      1219   315097    0.601
1483117713      1353   316450    0.60358
1483117714      1353   317803    0.606161
1483117715      1349   319152    0.608734
1483117716      1212   320457    0.611223
1483117717      1358   321815    0.613813
1483117718      1355   323170    0.616398
1483117719      1349   324519    0.618971
1483117720      1068   325587    0.621008
1483117721      1180   326767    0.623259
1483117722      1328   328095    0.625792
1483117723      1351   329446    0.628368
1483117724      1222   330801    0.630953
1483117725      1359   332160    0.633545
1483117726      1343   333503    0.636106
1483117727      1351   334854    0.638683
1483117728      1199   336161    0.641176
1483117729      1332   337493    0.643717
1483117730      1290   338783    0.646177
1483117731      1191   339974    0.648449
1483117732      1169   341145    0.650682
1483117733      1347   342492    0.653252
1483117734      1343   343835    0.655813
1483117735      1336   345171    0.658361
1483117736      1198   346505    0.660906
1483117737      1359   347864    0.663498
1483117738      1322   349186    0.666019
1483117739      1346   350532    0.668587
1483117740      1308   351840    0.671082
1483117741      1029   352869    0.673044
1483117742      1351   354220    0.675621
1483117743      1321   355541    0.678141
1483117744      1195   356849    0.680635
1483117745      1351   358200    0.683212
1483117746      1333   359533    0.685755
1483117747      1346   360879    0.688322
1483117748      1206   362209    0.690859
1483117749      1323   363532    0.693382
1483117750      1348   364880    0.695953
1483117752      1097   366121    0.69832
1483117753      1344   367465    0.700884
1483117754      1342   368807    0.703444
1483117755      1333   370140    0.705986
1483117756      1331   371471    0.708525
1483117757      1175   372646    0.710766
1483117758      1318   373964    0.71328
1483117759      1352   375316    0.715858
1483117760      1336   376652    0.718407
1483117761      1189   377913    0.720812
1483117762      1351   379264    0.723389
1483117763      972   380236    0.725243
1483117764      1353   381589    0.727823
1483117765      1189   382897    0.730318
1483117766      1347   384244    0.732887
1483117767      1347   385591    0.735456
1483117768      1353   386944    0.738037
1483117769      1208   388257    0.740541
1483117770      1330   389587    0.743078
1483117771      1348   390935    0.745649
1483117772      1342   392277    0.748209
1483117773      1060   393337    0.750231
1483117774      1354   394691    0.752813
1483117775      1327   396018    0.755344
1483117776      1353   397371    0.757925
1483117777      1179   398601    0.760271
1483117778      1336   399937    0.762819
1483117779      1354   401291    0.765402
1483117780      1318   402609    0.767916
1483117781      1198   403961    0.770494
1483117782      1360   405321    0.773088
1483117783      1329   406650    0.775623
1483117784      1213   407863    0.777937
1483117785      928   408945    0.780001
1483117786      1216   410161    0.78232
1483117787      1155   411316    0.784523
1483117788      1183   412499    0.786779
1483117789      1273   413772    0.789207
1483117790      1328   415100    0.79174
1483117791      1343   416443    0.794302
1483117792      1185   417628    0.796562
1483117793      1344   418972    0.799126
1483117794      1338   420310    0.801678
1483117795      1063   421433    0.80382
1483117796      1362   422795    0.806417
1483117797      1320   424115    0.808935
1483117798      1353   425468    0.811516
1483117799      1209   426793    0.814043
1483117800      1320   428113    0.816561
1483117801      1346   429459    0.819128
1483117802      1336   430795    0.821676
1483117803      1346   432141    0.824244
1483117804      1193   433334    0.826519
1483117805      1013   434347    0.828451
1483117806      1356   435703    0.831038
1483117807      1348   437051    0.833609
1483117808      1199   438250    0.835896
1483117809      1339   439589    0.838449
1483117810      1342   440931    0.841009
1483117811      1324   442255    0.843534
1483117812      1194   443569    0.846041
1483117813      1353   444922    0.848621
1483117814      1331   446253    0.85116
1483117816      978   447481    0.853502
1483117817      1352   448833    0.856081
1483117818      1331   450164    0.85862
1483117819      1341   451505    0.861177
1483117820      1211   452841    0.863726
1483117821      1352   454193    0.866304
1483117822      1338   455531    0.868856
1483117823      1347   456878    0.871426
1483117824      1208   458201    0.873949
1483117825      1355   459556    0.876534
1483117826      1345   460901    0.879099
1483117827      1010   461911    0.881025
1483117828      1210   463185    0.883455
1483117829      1347   464532    0.886024
1483117830      1350   465882    0.888599
1483117831      1344   467226    0.891163
1483117832      1202   468545    0.893679
1483117833      1355   469900    0.896263
1483117834      1321   471221    0.898783
1483117835      1350   472571    0.901358
1483117836      1332   473903    0.903898
1483117837      850   474753    0.905519
1483117838      1341   476094    0.908077
1483117839      1316   477410    0.910587
1483117840      1352   478762    0.913166
1483117841      1173   479961    0.915453
1483117842      1358   481319    0.918043
1483117843      1171   482490    0.920277
1483117844      1253   483743    0.922667
1483117845      1186   484929    0.924929
1483117846      1316   486245    0.927439
1483117847      1124   487465    0.929766
1483117848      1215   488680    0.932083
1483117849      1270   489950    0.934505
1483117850      1202   491152    0.936798
1483117851      1206   492449    0.939272
1483117852      1337   493786    0.941822
1483117853      1341   495127    0.94438
1483117854      1350   496477    0.946955
1483117855      1221   497809    0.949495
1483117856      1357   499166    0.952084
