1485973359      1171   1172    0.00894165
1485973360      1160   2332    0.0177917
1485973361      1163   3496    0.0266724
1485973362      1172   4671    0.0356369
1485973363      968   5791    0.0441818
1485973364      1109   6900    0.0526428
1485973365      855   7936    0.0605469
1485973366      1120   9056    0.0690918
1485973367      849   10081    0.0769119
1485973368      870   10951    0.0835495
1485973369      1104   12055    0.0919724
1485973370      821   13011    0.0992661
1485973371      1119   14130    0.107803
1485973373      850   15156    0.115631
1485973374      869   16025    0.122261
1485973375      1110   17135    0.13073
1485973376      823   18086    0.137985
1485973377      1119   19205    0.146523
1485973378      852   20231    0.15435
1485973379      898   21129    0.161201
1485973380      1133   22262    0.169846
1485973381      804   23161    0.176704
1485973382      1111   24272    0.185181
1485973383      855   25306    0.193069
1485973384      874   26180    0.199738
1485973385      1142   27322    0.20845
1485973386      813   28236    0.215424
1485973387      1127   29363    0.224022
1485973389      862   30381    0.231789
1485973390      723   31166    0.237778
1485973391      1136   32302    0.246445
1485973392      861   33311    0.254143
1485973393      1135   34446    0.262802
1485973394      857   35456    0.270508
1485973395      917   36373    0.277504
1485973396      1114   37487    0.286003
1485973397      803   38386    0.292862
1485973398      1119   39505    0.301399
1485973399      849   40531    0.309227
1485973400      879   41410    0.315933
1485973401      1114   42524    0.324432
1485973403      820   43461    0.331581
1485973404      1121   44582    0.340134
1485973405      851   45606    0.347946
1485973406      876   46482    0.35463
1485973407      1114   47596    0.363129
1485973408      818   48536    0.3703
1485973409      1119   49655    0.378838
1485973410      851   50681    0.386665
1485973411      870   51551    0.393303
1485973412      1114   52665    0.401802
1485973413      903   53568    0.408691
1485973414      651   54326    0.414474
1485973415      1121   55447    0.423027
1485973416      767   56214    0.428879
1485973417      889   57103    0.435661
1485973418      719   57971    0.442284
1485973419      1121   59092    0.450836
1485973420      928   60020    0.457916
1485973422      666   60831    0.464104
1485973423      718   61616    0.470093
1485973424      1036   62652    0.477997
1485973425      861   63761    0.486458
1485973426      1150   64911    0.495232
1485973427      812   65906    0.502823
1485973428      735   66691    0.508812
1485973429      893   67584    0.515625
1485973430      1129   68713    0.524239
1485973432      685   69551    0.530632
1485973433      930   70481    0.537727
1485973434      867   71348    0.544342
1485973435      1130   72478    0.552963
1485973436      754   73232    0.558716
1485973437      1125   74357    0.567299
1485973438      846   75341    0.574806
1485973439      879   76220    0.581512
1485973440      1164   77384    0.590393
1485973441      812   78271    0.59716
1485973442      1129   79400    0.605774
1485973443      858   80416    0.613525
1485973444      880   81296    0.620239
1485973445      1131   82427    0.628868
1485973446      827   83346    0.63588
1485973447      1132   84478    0.644516
1485973448      864   85491    0.652245
1485973449      880   86371    0.658958
1485973450      1171   87542    0.667892
1485973451      785   88421    0.674599
1485973452      1152   89573    0.683388
1485973454      853   90566    0.690964
1485973455      880   91446    0.697678
1485973456      1130   92576    0.706299
1485973457      848   93496    0.713318
1485973458      1138   94634    0.722
1485973459      852   95641    0.729683
1485973460      878   96519    0.736382
1485973461      1130   97649    0.745003
1485973462      828   98571    0.752037
1485973463      1155   99726    0.760849
1485973464      894   100716    0.768402
1485973465      912   101628    0.77536
1485973466      1180   102808    0.784363
1485973467      860   103668    0.790924
1485973468      1172   104840    0.799866
1485973469      893   105791    0.807121
1485973470      910   106701    0.814064
1485973471      1179   107880    0.823059
1485973472      855   108735    0.829582
1485973473      1175   109910    0.838547
1485973474      884   110866    0.84584
1485973475      913   111779    0.852806
1485973476      1174   112953    0.861763
1485973477      839   113796    0.868195
1485973478      1177   114973    0.877174
1485973479      892   115941    0.88456
1485973480      915   116856    0.891541
1485973481      1179   118035    0.900536
1485973482      847   118882    0.906998
1485973483      1177   120059    0.915977
1485973484      888   121016    0.923279
1485973485      913   121929    0.930244
1485973486      1174   123103    0.939201
1485973487      855   123958    0.945724
1485973488      1173   125131    0.954674
1485973489      888   126091    0.961998
1485973490      913   127004    0.968964
1485973491      1170   128174    0.97789
1485973492      845   129021    0.984352
1485973493      1160   130181    0.993202
1485973495      902   131166    1.00072
1485973496      911   132077    1.00767
1485973497      1168   133245    1.01658
1485973498      845   134096    1.02307
1485973499      1181   135277    1.03208
1485973500      878   136241    1.03944
1485973501      910   137151    1.04638
1485973502      1175   138326    1.05534
1485973503      850   139176    1.06183
1485973504      1178   140354    1.07082
1485973505      901   141316    1.07816
1485973506      915   142231    1.08514
1485973507      1172   143403    1.09408
1485973508      843   144246    1.10051
1485973509      1181   145427    1.10952
1485973510      888   146391    1.11687
1485973511      909   147300    1.12381
1485973512      1176   148476    1.13278
1485973513      845   149321    1.13923
1485973514      1181   150502    1.14824
1485973515      896   151466    1.15559
1485973516      912   152378    1.16255
1485973517      1135   153513    1.17121
1485973518      866   154396    1.17795
1485973519      1185   155581    1.18699
1485973520      887   156541    1.19431
1485973521      911   157452    1.20126
1485973522      1167   158619    1.21017
1485973523      844   159471    1.21667
1485973524      1188   160659    1.22573
1485973525      886   161616    1.23303
1485973526      910   162526    1.23997
1485973527      1169   163695    1.24889
1485973528      845   164546    1.25539
1485973529      1185   165731    1.26443
1485973530      892   166691    1.27175
1485973531      903   167594    1.27864
1485973532      1179   168773    1.28764
1485973533      834   169621    1.29411
1485973534      1153   170774    1.3029
1485973535      786   171766    1.31047
1485973536      825   172591    1.31676
1485973537      905   173496    1.32367
1485973538      1168   174664    1.33258
1485973540      678   175411    1.33828
1485973541      936   176347    1.34542
1485973542      1186   177533    1.35447
1485973543      657   178190    1.35948
1485973544      739   179056    1.36609
1485973545      1148   180204    1.37485
1485973546      920   181124    1.38187
1485973547      703   181916    1.38791
1485973548      883   182799    1.39465
1485973549      742   183541    1.40031
1485973550      457   184131    1.40481
1485973551      1139   185270    1.4135
1485973552      846   186276    1.42117
1485973553      1049   187325    1.42918
1485973554      800   188125    1.43528
1485973556      811   189206    1.44353
1485973557      1178   190384    1.45251
1485973558      817   191351    1.45989
1485973559      1133   192484    1.46854
1485973560      865   193349    1.47514
1485973561      816   194281    1.48225
1485973562      1148   195429    1.491
1485973563      846   196426    1.49861
1485973564      1128   197554    1.50722
1485973565      836   198390    1.5136
1485973566      833   199356    1.52097
1485973567      1119   200475    1.5295
1485973568      852   201501    1.53733
1485973569      1118   202619    1.54586
1485973570      866   203485    1.55247
1485973572      821   204431    1.55968
1485973573      1117   205548    1.56821
1485973574      852   206576    1.57605
1485973575      1119   207695    1.58459
1485973576      861   208556    1.59116
1485973577      823   209506    1.5984
1485973578      1120   210626    1.60695
1485973579      851   211651    1.61477
1485973580      1119   212770    1.62331
1485973581      863   213633    1.62989
1485973582      822   214581    1.63712
1485973583      1120   215701    1.64567
1485973585      850   216726    1.65349
1485973586      1120   217846    1.66203
1485973587      864   218710    1.66862
1485973588      822   219656    1.67584
1485973589      1119   220775    1.68438
1485973590      850   221801    1.69221
1485973591      1119   222920    1.70074
1485973592      864   223784    1.70734
1485973593      890   224731    1.71456
1485973594      1169   225900    1.72348
1485973595      886   226876    1.73093
1485973596      1178   228054    1.73991
1485973597      898   228952    1.74677
1485973598      846   229806    1.75328
1485973599      1174   230980    1.76224
1485973600      826   231951    1.76965
1485973601      1176   233127    1.77862
1485973602      898   234025    1.78547
1485973603      849   234881    1.792
1485973604      1182   236063    1.80102
1485973605      889   237026    1.80836
1485973606      1175   238201    1.81733
1485973607      899   239100    1.82419
1485973608      841   239956    1.83072
1485973609      1167   241123    1.83962
1485973610      878   242101    1.84708
1485973611      1173   243274    1.85603
1485973612      897   244171    1.86288
1485973613      852   245031    1.86944
1485973614      1172   246203    1.87838
1485973616      892   247176    1.8858
1485973617      1177   248353    1.89478
1485973618      897   249250    1.90163
1485973619      850   250106    1.90816
1485973620      1184   251290    1.91719
1485973621      886   252251    1.92452
1485973622      1186   253437    1.93357
1485973623      902   254339    1.94045
1485973624      840   255181    1.94688
1485973625      1183   256364    1.9559
1485973626      785   257326    1.96324
1485973627      1174   258500    1.9722
1485973628      857   259357    1.97874
1485973629      868   260256    1.9856
1485973630      1180   261436    1.9946
1485973631      892   262401    2.00196
1485973632      1182   263583    2.01098
1485973633      901   264484    2.01785
1485973634      847   265331    2.02431
1485973635      1182   266513    2.03333
1485973636      896   267476    2.04068
1485973637      1191   268667    2.04977
1485973638      903   269570    2.05666
1485973639      836   270406    2.06303
1485973640      1189   271595    2.07211
1485973641      888   272551    2.0794
1485973642      1182   273733    2.08842
1485973643      899   274632    2.09528
1485973644      840   275481    2.10175
1485973645      1181   276662    2.11076
1485973646      887   277626    2.11812
1485973647      1184   278810    2.12715
1485973648      902   279712    2.13403
1485973649      841   280556    2.14047
1485973650      1174   281730    2.14943
1485973651      891   282701    2.15684
1485973652      1171   283872    2.16577
1485973653      897   284769    2.17262
1485973654      844   285631    2.17919
1485973655      1184   286815    2.18822
1485973656      887   287776    2.19556
1485973657      1180   288956    2.20456
1485973658      678   289634    2.20973
1485973660      927   290706    2.21791
1485973661      1169   291875    2.22683
1485973662      894   292851    2.23428
1485973663      1177   294028    2.24326
1485973664      898   294926    2.25011
1485973665      842   295781    2.25663
1485973666      1184   296965    2.26566
1485973667      890   297926    2.27299
1485973668      1185   299111    2.28204
1485973669      342   299453    2.28465
1485973670      1168   300621    2.29356
1485973671      935   301556    2.30069
1485973672      687   302286    2.30626
1485973673      1177   303463    2.31524
1485973674      822   304431    2.32262
1485973675      823   305254    2.3289
1485973676      971   306225    2.33631
1485973677      869   307361    2.34498
1485973678      1187   308548    2.35403
1485973680      818   309506    2.36134
1485973681      721   310291    2.36733
1485973682      1175   311466    2.3763
1485973683      810   312436    2.3837
1485973684      1153   313589    2.39249
1485973685      848   314581    2.40006
1485973686      720   315366    2.40605
1485973687      931   316297    2.41315
1485973688      1079   317376    2.42139
1485973689      128   317511    2.42242
1485973690      1168   318679    2.43133
1485973691      888   319656    2.43878
1485973692      896   320552    2.44562
1485973693      1158   321710    2.45445
1485973694      838   322586    2.46114
1485973695      1165   323751    2.47002
1485973696      904   324731    2.4775
1485973697      902   325633    2.48438
1485973698      1175   326808    2.49335
1485973699      843   327661    2.49986
1485973700      1189   328851    2.50893
1485973701      893   329806    2.51622
1485973702      901   330707    2.52309
1485973703      1179   331886    2.53209
1485973704      847   332736    2.53857
1485973705      1176   333912    2.54755
1485973706      890   334881    2.55494
1485973707      913   335794    2.5619
1485973708      1171   336965    2.57084
1485973709      848   337813    2.57731
1485973710      1189   339002    2.58638
1485973712      883   339956    2.59366
1485973713      923   340879    2.6007
1485973714      1180   342059    2.6097
1485973715      825   342886    2.61601
1485973716      1174   344060    2.62497
1485973717      885   345031    2.63238
1485973718      881   345912    2.6391
1485973719      1175   347087    2.64806
1485973720      540   347961    2.65473
1485973721      1170   349131    2.66366
1485973722      878   350106    2.6711
1485973723      912   351018    2.67805
1485973724      1179   352197    2.68705
1485973725      834   353036    2.69345
1485973726      1174   354210    2.70241
1485973727      904   355181    2.70982
1485973728      854   356035    2.71633
1485973729      1173   357208    2.72528
1485973731      833   358111    2.73217
1485973732      1185   359296    2.74121
1485973733      886   360256    2.74854
1485973734      916   361172    2.75552
1485973735      1170   362342    2.76445
1485973736      747   363186    2.77089
1485973737      1141   364327    2.77959
1485973738      898   365331    2.78725
1485973739      818   366149    2.7935
1485973740      1176   367325    2.80247
1485973741      879   368261    2.80961
1485973742      1121   369382    2.81816
1485973743      904   370406    2.82597
1485973744      917   371323    2.83297
1485973745      1169   372492    2.84189
1485973746      834   373336    2.84833
1485973747      1181   374517    2.85734
1485973748      890   375481    2.86469
1485973749      921   376402    2.87172
1485973750      1174   377576    2.88068
1485973751      834   378411    2.88705
1485973752      1182   379593    2.89606
1485973753      885   380556    2.90341
1485973754      917   381473    2.91041
1485973755      1173   382646    2.91936
1485973756      838   383486    2.92577
1485973757      1182   384668    2.93478
1485973758      884   385631    2.94213
1485973759      909   386540    2.94907
1485973760      1176   387716    2.95804
1485973761      844   388561    2.96449
1485973762      1174   389735    2.97344
1485973763      887   390706    2.98085
1485973764      908   391614    2.98778
1485973765      1165   392779    2.99667
1485973766      849   393636    3.0032
1485973767      1168   394804    3.01212
1485973769      897   395781    3.01957
1485973770      895   396676    3.0264
1485973771      1167   397843    3.0353
1485973772      857   398711    3.04192
1485973773      1177   399888    3.0509
1485973774      886   400856    3.05829
1485973775      912   401768    3.06525
1485973776      1166   402934    3.07414
1485973777      843   403786    3.08064
1485973778      1186   404972    3.08969
1485973779      883   405931    3.09701
1485973780      907   406838    3.10393
1485973781      1172   408010    3.11287
1485973782      843   408861    3.11936
1485973783      1176   410037    3.12833
1485973784      889   411006    3.13573
1485973785      909   411915    3.14266
1485973786      1174   413089    3.15162
1485973787      838   413936    3.15808
1485973788      1177   415113    3.16706
1485973789      888   416081    3.17445
1485973790      909   416990    3.18138
1485973791      1180   418170    3.19038
1485973792      764   419011    3.1968
1485973793      1175   420186    3.20576
1485973794      826   421156    3.21317
1485973795      737   421941    3.21915
1485973796      919   422860    3.22617
1485973797      1165   424025    3.23505
1485973798      744   424801    3.24097
1485973799      1180   425981    3.24998
1485973800      751   426732    3.25571
1485973801      935   427667    3.26284
1485973802      688   428446    3.26878
1485973803      1185   429631    3.27782
1485973805      805   430591    3.28515
1485973806      712   431376    3.29114
1485973807      1178   432554    3.30013
1485973808      906   433460    3.30704
1485973809      687   434236    3.31296
1485973810      1173   435409    3.32191
1485973811      807   436381    3.32932
1485973812      734   437166    3.33531
1485973813      1173   438339    3.34426
1485973814      886   439311    3.35168
1485973815      1166   440477    3.36057
1485973816      893   441456    3.36804
1485973817      880   442336    3.37476
1485973818      1163   443499    3.38363
1485973819      805   444386    3.3904
1485973820      1155   445541    3.39921
1485973822      893   446531    3.40676
1485973823      908   447439    3.41369
1485973824      1172   448611    3.42263
1485973825      825   449461    3.42912
1485973826      1176   450637    3.43809
1485973827      889   451606    3.44548
1485973828      908   452514    3.45241
1485973829      1171   453685    3.46134
1485973830      842   454536    3.46783
1485973831      1175   455711    3.4768
1485973832      893   456681    3.4842
1485973833      888   457569    3.49097
1485973834      1164   458733    3.49986
1485973835      859   459611    3.50655
1485973836      1177   460788    3.51553
1485973837      896   461756    3.52292
1485973838      890   462646    3.52971
1485973839      1175   463821    3.53867
1485973840      852   464686    3.54527
1485973841      1181   465867    3.55428
1485973842      889   466831    3.56164
1485973843      905   467736    3.56854
1485973844      1172   468908    3.57748
1485973845      844   469761    3.58399
1485973846      1182   470943    3.59301
1485973847      881   471906    3.60036
1485973848      912   472818    3.60732
1485973849      822   473640    3.61359
1485973850      938   474578    3.62074
1485973851      893   475551    3.62817
1485973852      1180   476731    3.63717
1485973853      898   477629    3.64402
1485973854      847   478481    3.65052
1485973855      1183   479664    3.65955
1485973856      895   480626    3.66689
1485973857      1175   481801    3.67585
1485973858      899   482700    3.68271
1485973859      843   483556    3.68924
1485973860      1163   484719    3.69811
1485973861      891   485701    3.7056
1485973862      1180   486881    3.71461
1485973863      892   487773    3.72141
1485973864      848   488631    3.72796
1485973865      1182   489813    3.73698
1485973866      891   490776    3.74432
1485973867      1186   491962    3.75337
1485973868      862   492824    3.75995
1485973869      853   493706    3.76668
1485973870      1175   494881    3.77564
1485973872      893   495851    3.78304
1485973873      1173   497024    3.79199
1485973874      899   497923    3.79885
1485973875      843   498781    3.8054
1485973876      1180   499961    3.8144
