1486705843      995   995    0.010438
1486705844      1000   1995    0.0209284
1486705845      998   2993    0.0313978
1486705846      948   3977    0.0417204
1486705847      787   4764    0.0499763
1486705848      786   5550    0.0582218
1486705849      594   6144    0.0644531
1486705850      800   6944    0.0728455
1486705852      654   7722    0.081007
1486705853      673   8488    0.0890427
1486705854      805   9293    0.0974874
1486705855      797   10090    0.105848
1486705856      601   10691    0.112153
1486705857      792   11483    0.120461
1486705858      635   12118    0.127123
1486705859      721   12839    0.134686
1486705860      625   13534    0.141977
1486705861      809   14343    0.150464
1486705862      633   15139    0.158814
1486705863      669   15905    0.16685
1486705864      804   16709    0.175284
1486705865      662   17510    0.183687
1486705866      745   18255    0.191503
1486705867      765   19020    0.199528
1486705869      601   19650    0.206137
1486705870      673   20416    0.214172
1486705871      792   21208    0.222481
1486705872      804   22012    0.230915
1486705873      596   22608    0.237167
1486705874      797   23405    0.245528
1486705875      631   24036    0.252148
1486705876      796   24832    0.260498
1486705877      601   25462    0.267107
1486705878      800   26262    0.275499
1486705879      736   26998    0.28322
1486705880      562   27560    0.289116
1486705881      529   28089    0.294665
1486705882      758   28847    0.302617
1486705883      589   29438    0.308817
1486705884      724   30162    0.316412
1486705885      768   30930    0.324469
1486705886      616   31578    0.331266
1486705887      647   32344    0.339302
1486705888      736   33080    0.347023
1486705889      782   33862    0.355227
1486705890      571   34484    0.361752
1486705891      802   35286    0.370165
1486705892      589   35875    0.376344
1486705893      625   36500    0.3829
1486705894      803   37303    0.391324
1486705895      568   37925    0.397849
1486705896      742   38667    0.405633
1486705897      800   39467    0.414025
1486705898      577   40044    0.420078
1486705899      649   40693    0.426887
1486705900      536   41366    0.433947
1486705901      804   42170    0.442381
1486705902      645   42815    0.449147
1486705904      551   43506    0.456396
1486705905      718   44224    0.463928
1486705906      557   44807    0.470044
1486705907      807   45614    0.47851
1486705908      747   46361    0.486346
1486705909      556   46947    0.492494
1486705910      571   47713    0.500529
1486705911      813   48526    0.509058
1486705912      639   49318    0.517366
1486705913      805   50123    0.525811
1486705914      771   50894    0.533899
1486705915      559   51458    0.539816
1486705917      595   52224    0.547852
1486705918      795   53019    0.556191
1486705919      724   53743    0.563787
1486705920      579   54364    0.570301
1486705921      806   55170    0.578756
1486705922      585   55755    0.584893
1486705923      637   56392    0.591576
1486705924      793   57185    0.599895
1486705925      549   57805    0.606399
1486705926      770   58575    0.614476
1486705927      759   59334    0.622438
1486705928      627   59961    0.629016
1486705929      669   60630    0.636034
1486705930      587   61246    0.642496
1486705931      808   62054    0.650972
1486705932      763   62817    0.658977
1486705933      562   63386    0.664946
1486705934      640   64152    0.672981
1486705935      805   64957    0.681426
1486705936      797   65754    0.689787
1486705937      597   66351    0.69605
1486705938      798   67149    0.704421
1486705939      627   67776    0.710999
1486705940      791   68567    0.719296
1486705941      504   69198    0.725916
1486705942      802   70000    0.734329
1486705944      663   70803    0.742753
1486705945      675   71569    0.750789
1486705946      801   72370    0.759192
1486705947      799   73169    0.767573
1486705948      587   73756    0.773731
1486705949      799   74555    0.782113
1486705950      626   75314    0.790075
1486705951      655   76080    0.798111
1486705952      793   76873    0.80643
1486705953      755   77628    0.81435
1486705954      580   78220    0.82056
1486705955      805   79025    0.829005
1486705956      468   79521    0.834208
1486705957      664   80185    0.841174
1486705958      800   80985    0.849566
1486705959      658   81643    0.856469
1486705960      463   82196    0.86227
1486705961      795   82991    0.87061
1486705963      404   83497    0.875918
1486705964      806   84303    0.884374
1486705965      750   85053    0.892241
1486705966      556   85637    0.898368
1486705967      801   86438    0.906771
1486705968      671   87109    0.91381
1486705969      471   87580    0.918751
1486705970      799   88379    0.927133
1486705971      649   89028    0.933941
1486705972      381   89613    0.940078
1486705973      654   90267    0.946939
1486705974      805   91072    0.955383
1486705975      310   91449    0.959338
1486705976      810   92259    0.967835
1486705977      728   92987    0.975472
1486705978      558   93589    0.981788
1486705979      809   94398    0.990274
1486705980      641   95039    0.996999
1486705981      577   95616    1.00305
1486705982      795   96411    1.01139
1486705984      527   97030    1.01789
1486705985      691   97721    1.02513
1486705986      799   98520    1.03352
1486705987      551   99170    1.04033
1486705988      620   99936    1.04837
1486705989      797   100733    1.05673
1486705990      759   101492    1.06469
1486705991      569   102076    1.07082
1486705992      809   102885    1.07931
1486705993      586   103471    1.08545
1486705994      666   104137    1.09244
1486705995      796   104933    1.10079
1486705996      543   105517    1.10692
1486705997      789   106306    1.11519
1486705998      720   107026    1.12275
1486705999      625   107651    1.1293
1486706000      716   108367    1.13682
1486706001      578   108958    1.14301
1486706002      807   109765    1.15148
1486706003      494   110259    1.15666
1486706004      798   111057    1.16503
1486706005      636   111693    1.17171
1486706006      632   112399    1.17911
1486706007      801   113200    1.18752
1486706008      803   114003    1.19594
1486706009      590   114593    1.20213
1486706010      654   115305    1.2096
1486706011      794   116099    1.21793
1486706012      796   116895    1.22628
1486706013      597   117492    1.23254
1486706014      799   118291    1.24092
1486706016      644   119050    1.24888
1486706017      673   119816    1.25692
1486706018      807   120623    1.26539
1486706019      791   121414    1.27368
1486706020      600   122014    1.27998
1486706021      788   122802    1.28824
1486706022      634   123436    1.2949
1486706023      790   124226    1.30318
1486706024      611   124862    1.30985
1486706025      802   125664    1.31827
1486706026      798   126462    1.32664
1486706027      598   127060    1.33291
1486706028      644   127768    1.34034
1486706029      811   128579    1.34885
1486706030      652   129373    1.35718
1486706031      801   130174    1.36558
1486706032      799   130973    1.37396
1486706033      623   131596    1.3805
1486706034      618   132279    1.38766
1486706035      807   133086    1.39613
1486706036      797   133883    1.40449
1486706037      589   134472    1.41067
1486706038      650   135185    1.41815
1486706039      806   135991    1.4266
1486706040      798   136789    1.43497
1486706041      600   137389    1.44127
1486706042      798   138187    1.44964
1486706043      641   138930    1.45743
1486706045      673   139696    1.46547
1486706046      804   140500    1.4739
1486706047      773   141273    1.48201
1486706048      553   141836    1.48792
1486706049      730   142566    1.49558
1486706050      559   143137    1.50157
1486706051      791   143928    1.50986
1486706052      796   144724    1.51822
1486706053      548   145277    1.52402
1486706054      805   146082    1.53246
1486706055      743   146825    1.54026
1486706056      336   147161    1.54378
1486706057      796   147957    1.55213
1486706058      719   148676    1.55967
1486706059      573   149253    1.56573
1486706060      808   150061    1.5742
1486706061      632   150693    1.58083
1486706062      541   151234    1.58651
1486706063      798   152032    1.59488
1486706064      645   152677    1.60165
1486706065      527   153229    1.60744
1486706066      802   154031    1.61585
1486706067      771   154802    1.62394
1486706068      595   155397    1.63018
1486706069      607   156004    1.63655
1486706070      545   156670    1.64353
1486706071      434   157205    1.64915
1486706072      786   157991    1.65739
1486706073      637   158628    1.66407
1486706074      467   159095    1.66897
1486706075      677   159772    1.67607
1486706076      740   160512    1.68384
1486706077      604   161181    1.69086
1486706078      770   161951    1.69893
1486706079      676   162627    1.70603
1486706080      495   163122    1.71122
1486706081      781   163903    1.71941
1486706082      601   164622    1.72695
1486706083      799   165421    1.73534
1486706084      764   166185    1.74335
1486706085      559   166762    1.7494
1486706087      588   167528    1.75744
1486706088      802   168330    1.76585
1486706089      749   169079    1.77371
1486706090      571   169668    1.77989
1486706091      803   170471    1.78831
1486706092      597   171068    1.79457
1486706093      660   171728    1.8015
1486706094      805   172533    1.80994
1486706095      566   173109    1.81599
1486706096      773   173882    1.82409
1486706097      787   174669    1.83235
1486706098      553   175222    1.83815
1486706099      657   176015    1.84647
1486706100      810   176825    1.85497
1486706101      784   177609    1.86319
1486706102      437   178155    1.86892
1486706103      668   178921    1.87696
1486706104      805   179726    1.8854
1486706105      789   180515    1.89368
1486706106      594   181109    1.89991
1486706107      797   181906    1.90827
1486706109      650   182666    1.91624
1486706110      673   183432    1.92428
1486706111      799   184231    1.93266
1486706112      796   185027    1.94101
1486706113      588   185615    1.94718
1486706114      804   186419    1.95561
1486706115      632   187051    1.96224
1486706116      802   187853    1.97066
1486706117      608   188478    1.97721
1486706118      813   189291    1.98574
1486706119      658   190083    1.99405
1486706120      590   190849    2.00209
1486706121      808   191657    2.01056
1486706122      652   192309    2.0174
1486706123      551   192989    2.02454
1486706124      813   193802    2.03306
1486706125      645   194447    2.03983
1486706126      492   194939    2.04499
1486706127      803   195742    2.05342
1486706128      643   196385    2.06016
1486706130      493   196965    2.06625
1486706131      809   197774    2.07473
1486706132      703   198477    2.08211
1486706133      474   198951    2.08708
1486706134      783   199734    2.09529
1486706135      589   200406    2.10234
1486706136      811   201217    2.11085
1486706137      746   201963    2.11868
1486706138      545   202546    2.12479
1486706139      591   203312    2.13283
1486706140      805   204117    2.14127
1486706141      631   204748    2.14789
1486706142      530   205452    2.15528
1486706143      804   206256    2.16371
1486706145      407   206753    2.16893
1486706146      640   207393    2.17564
1486706147      791   208184    2.18394
1486706148      572   208893    2.19137
1486706149      671   209564    2.19841
1486706150      800   210364    2.20681
1486706151      335   210729    2.21064
1486706152      809   211538    2.21912
1486706153      745   212283    2.22694
1486706154      563   212869    2.23308
1486706155      811   213680    2.24159
1486706156      759   214439    2.24955
1486706157      430   214869    2.25407
1486706158      799   215668    2.26245
1486706159      531   216310    2.26918
1486706160      684   216994    2.27636
1486706161      798   217792    2.28473
1486706162      596   218450    2.29163
1486706163      585   219035    2.29777
1486706165      589   219751    2.30528
1486706166      751   220502    2.31316
1486706167      799   221301    2.32154
1486706168      555   221891    2.32773
1486706169      581   222472    2.33382
1486706170      660   223192    2.34138
1486706171      782   223974    2.34958
1486706172      736   224710    2.3573
1486706173      561   225332    2.36383
1486706174      801   226133    2.37223
1486706175      637   226770    2.37891
1486706176      723   227493    2.3865
1486706177      640   228238    2.39431
1486706178      806   229044    2.40277
1486706179      661   229843    2.41115
1486706180      672   230609    2.41918
1486706181      804   231413    2.42762
1486706183      665   232214    2.43602
1486706184      776   232990    2.44416
1486706185      798   233788    2.45253
1486706186      590   234378    2.45872
1486706187      658   235120    2.46651
1486706188      794   235914    2.47484
1486706189      793   236707    2.48316
1486706190      602   237309    2.48947
1486706191      799   238108    2.49785
1486706192      638   238746    2.50455
1486706193      805   239551    2.51299
1486706194      594   240166    2.51944
1486706195      787   240953    2.5277
1486706196      803   241756    2.53612
1486706197      596   242352    2.54237
1486706198      650   243072    2.54993
1486706199      807   243879    2.55839
1486706200      660   244677    2.56676
1486706201      804   245481    2.5752
1486706202      798   246279    2.58357
1486706203      627   246906    2.59015
1486706204      622   247583    2.59725
1486706205      808   248391    2.60573
1486706206      663   249188    2.61409
1486706207      799   249987    2.62247
