1486868683      999   999    0.0104799
1486868684      1000   1999    0.0209703
1486868685      989   2989    0.0313559
1486868686      959   3973    0.0416784
1486868687      797   4770    0.0500393
1486868688      673   5443    0.0570993
1486868689      619   6113    0.0641279
1486868690      746   6859    0.0719538
1486868691      805   7664    0.0803986
1486868692      566   8230    0.0863361
1486868693      648   8878    0.0931339
1486868694      541   9550    0.100183
1486868695      795   10345    0.108523
1486868696      667   11012    0.11552
1486868697      594   11690    0.122633
1486868698      554   12244    0.128445
1486868699      565   12987    0.136239
1486868700      789   13776    0.144516
1486868701      646   14422    0.151293
1486868703      555   15127    0.158689
1486868704      675   15889    0.166682
1486868705      793   16682    0.175001
1486868706      774   17456    0.183121
1486868707      577   18033    0.189174
1486868708      767   18800    0.19722
1486868709      800   19600    0.205612
1486868710      598   20198    0.211885
1486868711      638   20836    0.218578
1486868712      532   21466    0.225187
1486868713      808   22274    0.233664
1486868714      766   23040    0.241699
1486868715      556   23606    0.247637
1486868716      610   24368    0.25563
1486868717      809   25177    0.264117
1486868718      575   25752    0.270149
1486868719      616   26368    0.276611
1486868721      538   27043    0.283692
1486868722      677   27805    0.291686
1486868723      795   28600    0.300026
1486868724      806   29406    0.308481
1486868725      558   29964    0.314335
1486868726      805   30769    0.32278
1486868727      651   31550    0.330973
1486868728      666   32312    0.338966
1486868729      808   33120    0.347443
1486868730      792   33912    0.355751
1486868731      521   34452    0.361416
1486868732      801   35253    0.369819
1486868733      527   35780    0.375347
1486868734      796   36576    0.383698
1486868735      634   37354    0.391859
1486868736      770   38124    0.399937
1486868737      808   38932    0.408413
1486868738      535   39494    0.414309
1486868739      635   40256    0.422302
1486868740      801   41057    0.430705
1486868741      783   41840    0.438919
1486868742      577   42417    0.444972
1486868743      803   43220    0.453396
1486868744      636   43856    0.460068
1486868745      799   44655    0.46845
1486868747      607   45298    0.475195
1486868748      809   46107    0.483682
1486868749      526   46903    0.492032
1486868750      678   47665    0.500026
1486868751      812   48477    0.508544
1486868752      730   49207    0.516202
1486868753      577   49805    0.522475
1486868754      811   50616    0.530983
1486868755      660   51410    0.539312
1486868757      680   52172    0.547306
1486868758      805   52977    0.555751
1486868759      663   53777    0.564143
1486868760      782   54559    0.572347
1486868761      759   55318    0.580309
1486868762      613   55931    0.58674
1486868763      636   56679    0.594586
1486868764      812   57491    0.603105
1486868765      661   58284    0.611423
1486868766      808   59092    0.6199
1486868767      633   59725    0.62654
1486868768      798   60523    0.634912
1486868769      615   61186    0.641867
1486868770      799   61985    0.650249
1486868771      795   62780    0.658588
1486868772      596   63376    0.664841
1486868773      656   64088    0.67231
1486868774      806   64894    0.680765
1486868775      661   65693    0.689147
1486868776      804   66497    0.697581
1486868777      793   67290    0.7059
1486868778      640   67930    0.712614
1486868780      446   68595    0.71959
1486868781      799   69394    0.727972
1486868782      802   70196    0.736385
1486868783      584   70780    0.742512
1486868784      645   71497    0.750033
1486868785      801   72298    0.758436
1486868786      659   73102    0.76687
1486868787      807   73909    0.775336
1486868789      651   74707    0.783708
1486868790      666   75469    0.791701
1486868791      802   76271    0.800115
1486868792      661   77074    0.808538
1486868793      810   77884    0.817036
1486868794      654   78679    0.825376
1486868795      668   79441    0.833369
1486868796      805   80246    0.841814
1486868797      663   81046    0.850206
1486868798      803   81849    0.85863
1486868799      797   82646    0.866991
1486868800      601   83247    0.873296
1486868802      657   83948    0.88065
1486868803      801   84749    0.889052
1486868804      665   85553    0.897487
1486868805      801   86354    0.90589
1486868806      801   87155    0.914292
1486868807      623   87778    0.920828
1486868808      625   88455    0.92793
1486868809      805   89260    0.936375
1486868810      795   90055    0.944715
1486868811      299   90354    0.947851
1486868812      653   91130    0.955992
1486868813      676   91892    0.963985
1486868814      806   92698    0.972441
1486868815      663   93497    0.980823
1486868816      805   94302    0.989267
1486868818      665   95102    0.99766
1486868819      675   95864    1.00565
1486868820      809   96673    1.01414
1486868821      655   97469    1.02249
1486868822      804   98273    1.03092
1486868823      654   99074    1.03933
1486868824      655   99836    1.04732
1486868825      716   100552    1.05483
1486868826      615   101167    1.06128
1486868827      790   101957    1.06957
1486868828      547   102511    1.07538
1486868830      564   103273    1.08338
1486868831      802   104075    1.09179
1486868832      654   104729    1.09865
1486868833      592   105413    1.10583
1486868834      802   106215    1.11424
1486868835      745   106960    1.12206
1486868836      394   107354    1.12619
1486868837      798   108152    1.13456
1486868838      643   108795    1.1413
1486868839      519   109385    1.14749
1486868840      751   110136    1.15537
1486868841      697   110833    1.16268
1486868842      329   111217    1.16671
1486868843      807   112024    1.17518
1486868844      694   112718    1.18246
1486868845      558   113357    1.18916
1486868846      779   114136    1.19733
1486868847      755   114891    1.20525
1486868848      390   115281    1.20935
1486868849      798   116079    1.21772
1486868850      648   116727    1.22451
1486868851      532   117329    1.23083
1486868852      801   118130    1.23923
1486868853      630   118760    1.24584
1486868854      491   119251    1.25099
1486868855      804   120055    1.25943
1486868856      643   120698    1.26617
1486868858      515   121301    1.2725
1486868859      802   122103    1.28091
1486868860      638   122741    1.2876
1486868861      629   123370    1.2942
1486868862      775   124145    1.30233
1486868863      566   124738    1.30855
1486868864      798   125536    1.31693
1486868865      770   126306    1.325
1486868866      541   126878    1.331
1486868867      596   127640    1.339
1486868868      809   128449    1.34748
1486868869      757   129206    1.35542
1486868870      568   129780    1.36145
1486868871      807   130587    1.36991
1486868872      610   131197    1.37631
1486868873      637   131834    1.38299
1486868874      802   132636    1.39141
1486868875      566   133217    1.3975
1486868876      780   133997    1.40568
1486868877      756   134753    1.41362
1486868878      576   135330    1.41967
1486868879      650   136119    1.42795
1486868880      805   136924    1.43639
1486868881      793   137717    1.44471
1486868882      589   138306    1.45089
1486868883      655   139021    1.45839
1486868884      803   139824    1.46681
1486868885      797   140621    1.47517
1486868886      584   141205    1.4813
1486868887      804   142009    1.48973
1486868888      648   142766    1.49767
1486868890      674   143528    1.50567
1486868891      803   144331    1.51409
1486868892      659   145133    1.52251
1486868893      810   145943    1.531
1486868894      657   146738    1.53934
1486868895      670   147500    1.54734
1486868896      812   148312    1.55585
1486868897      658   149105    1.56417
1486868898      808   149913    1.57265
1486868899      787   150700    1.58091
1486868900      631   151331    1.58753
1486868901      625   152007    1.59462
1486868902      803   152810    1.60304
1486868904      613   153612    1.61145
1486868905      805   154417    1.6199
1486868906      636   155053    1.62657
1486868907      805   155858    1.63502
1486868908      611   156514    1.6419
1486868909      806   157320    1.65035
1486868910      661   158119    1.65873
1486868911      674   158881    1.66673
1486868912      806   159687    1.67518
1486868913      664   160486    1.68357
1486868914      793   161279    1.69188
1486868915      807   162086    1.70035
1486868916      572   162658    1.70635
1486868917      622   163388    1.71401
1486868918      805   164193    1.72245
1486868919      711   164904    1.72991
1486868921      602   165528    1.73646
1486868922      804   166332    1.74489
1486868923      636   166968    1.75156
1486868924      803   167771    1.75999
1486868925      610   168430    1.7669
1486868926      810   169240    1.7754
1486868927      657   170035    1.78374
1486868928      675   170797    1.79173
1486868929      808   171605    1.80021
1486868930      767   172372    1.80825
1486868931      566   172938    1.81419
1486868932      805   173743    1.82264
1486868933      717   174460    1.83016
1486868934      616   175076    1.83662
1486868935      737   175813    1.84435
1486868936      566   176379    1.85029
1486868937      795   177174    1.85863
1486868938      752   177926    1.86652
1486868939      564   178514    1.87269
1486868940      293   178807    1.87576
1486868941      752   179559    1.88365
1486868942      658   180346    1.8919
1486868943      806   181152    1.90036
1486868944      794   181946    1.90869
1486868945      598   182544    1.91496
1486868946      657   183248    1.92235
1486868947      787   184035    1.9306
1486868948      793   184828    1.93892
1486868949      593   185421    1.94514
1486868950      800   186221    1.95354
1486868951      583   186804    1.95965
1486868952      800   187604    1.96804
1486868953      621   188290    1.97524
1486868954      784   189074    1.98347
1486868955      765   189839    1.99149
1486868956      567   190430    1.99769
1486868958      622   191192    2.00568
1486868959      788   191980    2.01395
1486868960      799   192779    2.02233
1486868961      517   193332    2.02813
1486868962      713   194045    2.03561
1486868963      603   194648    2.04194
1486868964      631   195279    2.04856
1486868965      800   196079    2.05695
1486868966      600   196769    2.06419
1486868967      759   197528    2.07215
1486868968      801   198329    2.08055
1486868969      568   198897    2.08651
1486868970      647   199544    2.0933
1486868971      537   200206    2.10024
1486868972      803   201009    2.10867
1486868973      741   201750    2.11644
1486868974      560   202346    2.12269
1486868975      596   203108    2.13069
1486868976      802   203910    2.1391
1486868977      643   204553    2.14585
1486868979      584   205248    2.15314
1486868980      814   206062    2.16168
1486868981      560   206622    2.16755
1486868982      659   207281    2.17446
1486868983      783   208064    2.18268
1486868984      529   208685    2.18919
1486868985      643   209328    2.19594
1486868986      724   210052    2.20353
1486868987      601   210653    2.20984
1486868988      793   211446    2.21816
1486868989      639   212085    2.22486
1486868990      516   212657    2.23086
1486868991      804   213461    2.2393
1486868992      667   214128    2.24629
1486868993      617   214745    2.25276
1486868994      750   215495    2.26063
1486868995      572   216094    2.26692
1486868996      811   216905    2.27542
1486868997      748   217653    2.28327
1486868998      566   218234    2.28937
1486868999      592   218996    2.29736
1486869000      809   219805    2.30585
1486869001      652   220457    2.31269
1486869002      547   221136    2.31981
1486869003      812   221948    2.32833
1486869004      596   222544    2.33458
1486869005      638   223182    2.34127
1486869006      807   223989    2.34974
1486869008      464   224573    2.35586
1486869009      796   225369    2.36421
1486869010      695   226064    2.37151
1486869011      638   226702    2.3782
1486869012      740   227442    2.38596
1486869013      590   228032    2.39215
1486869014      789   228821    2.40043
1486869015      661   229615    2.40876
1486869016      677   230377    2.41675
1486869017      803   231180    2.42517
1486869018      795   231975    2.43351
1486869019      595   232570    2.43976
1486869020      797   233367    2.44812
1486869021      636   234122    2.45604
1486869022      657   234884    2.46403
1486869023      740   235624    2.47179
1486869024      800   236424    2.48019
1486869025      593   237024    2.48648
1486869026      800   237824    2.49487
1486869027      626   238450    2.50144
1486869028      799   239249    2.50982
1486869030      584   239926    2.51692
1486869031      788   240714    2.52519
1486869032      793   241507    2.53351
1486869033      549   242066    2.53937
1486869034      659   242828    2.54737
1486869035      806   243634    2.55582
1486869036      794   244428    2.56415
1486869037      594   245022    2.57038
1486869038      367   245503    2.57543
1486869039      670   246265    2.58342
1486869040      804   247069    2.59186
1486869041      782   247851    2.60006
1486869042      596   248447    2.60631
1486869043      804   249251    2.61475
