1487860571      988   989    0.010375
1487860572      983   1972    0.0206871
1487860573      975   2947    0.0309153
1487860574      949   3896    0.0408707
1487860575      767   4663    0.0489168
1487860576      799   5462    0.0572987
1487860577      554   6033    0.0632887
1487860578      801   6834    0.0716915
1487860579      632   7466    0.0783215
1487860580      648   8114    0.0851192
1487860581      598   8855    0.0928926
1487860582      793   9648    0.101212
1487860583      633   10281    0.107852
1487860584      609   10995    0.115342
1487860586      513   11677    0.122497
1487860587      801   12478    0.130899
1487860588      657   13135    0.137792
1487860589      637   13772    0.144474
1487860590      594   14366    0.150705
1487860591      797   15163    0.159066
1487860592      662   15825    0.166011
1487860593      798   16623    0.174382
1487860594      602   17225    0.180697
1487860595      799   18024    0.189079
1487860596      646   18779    0.197
1487860597      668   19461    0.204154
1487860598      794   20255    0.212483
1487860599      800   21055    0.220876
1487860600      590   21645    0.227065
1487860601      803   22448    0.235489
1487860602      644   23206    0.243441
1487860603      658   23888    0.250595
1487860604      804   24692    0.259029
1487860605      798   25490    0.267401
1487860606      421   26028    0.273045
1487860607      806   26834    0.2815
1487860608      659   27493    0.288413
1487860609      796   28289    0.296763
1487860610      554   28850    0.302649
1487860611      773   29623    0.310758
1487860612      768   30391    0.318814
1487860613      567   30990    0.325098
1487860614      650   31672    0.332253
1487860615      804   32476    0.340687
1487860616      796   33272    0.349037
1487860617      578   33850    0.355101
1487860618      796   34646    0.363451
1487860619      642   35288    0.370186
1487860620      778   36066    0.378347
1487860621      554   36634    0.384306
1487860622      789   37423    0.392583
1487860623      739   38162    0.400335
1487860625      513   38774    0.406755
1487860626      650   39456    0.41391
1487860627      781   40237    0.422103
1487860628      797   41034    0.430464
1487860629      521   41596    0.436359
1487860630      803   42399    0.444783
1487860631      634   43033    0.451434
1487860632      775   43808    0.459564
1487860633      573   44418    0.465963
1487860634      780   45198    0.474146
1487860635      788   45986    0.482412
1487860636      564   46558    0.488413
1487860637      651   47240    0.495567
1487860638      793   48033    0.503886
1487860639      793   48826    0.512205
1487860640      590   49416    0.518394
1487860641      787   50203    0.52665
1487860642      562   50765    0.532546
1487860643      778   51543    0.540708
1487860644      547   52202    0.547621
1487860645      727   52929    0.555247
1487860646      761   53690    0.563231
1487860647      580   54342    0.57007
1487860648      603   55024    0.577225
1487860649      786   55810    0.58547
1487860650      763   56573    0.593474
1487860651      587   57164    0.599674
1487860652      777   57941    0.607825
1487860653      640   58581    0.614539
1487860654      801   59382    0.622942
1487860655      590   59986    0.629278
1487860656      654   60640    0.636139
1487860657      798   61438    0.64451
1487860658      582   62126    0.651728
1487860660      586   62808    0.658882
1487860661      804   63612    0.667316
1487860662      685   64297    0.674502
1487860663      590   64948    0.681332
1487860664      808   65756    0.689808
1487860665      618   66374    0.696291
1487860666      656   67030    0.703173
1487860667      606   67770    0.710936
1487860668      750   68520    0.718803
1487860669      649   69169    0.725612
1487860670      638   69910    0.733385
1487860671      661   70592    0.74054
1487860672      810   71402    0.749037
1487860673      794   72196    0.757366
1487860674      594   72790    0.763597
1487860675      796   73586    0.771948
1487860676      661   74247    0.778882
1487860677      651   75019    0.786981
1487860678      805   75824    0.795425
1487860679      799   76623    0.803807
1487860680      584   77207    0.809934
1487860681      658   77865    0.816836
1487860682      801   78666    0.825239
1487860684      647   79446    0.833422
1487860685      801   80247    0.841825
1487860686      782   81029    0.850028
1487860687      590   81619    0.856217
1487860688      642   82268    0.863026
1487860689      801   83069    0.871428
1487860690      794   83863    0.879758
1487860691      563   84426    0.885664
1487860692      797   85223    0.894025
1487860693      630   85853    0.900634
1487860694      779   86632    0.908806
1487860695      592   87230    0.915079
1487860696      794   88024    0.923409
1487860697      795   88819    0.931748
1487860698      583   89402    0.937864
1487860699      639   90052    0.944683
1487860700      346   90587    0.950295
1487860701      801   91388    0.958698
1487860702      797   92185    0.967059
1487860703      478   92727    0.972745
1487860704      617   93344    0.979218
1487860705      521   93944    0.985512
1487860706      789   94733    0.993789
1487860707      627   95360    1.00037
1487860709      626   96084    1.00796
1487860710      688   96772    1.01518
1487860711      573   97345    1.02119
1487860712      753   98098    1.02909
1487860713      632   98730    1.03572
1487860714      566   99441    1.04318
1487860715      790   100231    1.05147
1487860716      795   101026    1.0598
1487860717      598   101624    1.06608
1487860718      525   102263    1.07278
1487860719      802   103065    1.08119
1487860720      644   103709    1.08795
1487860721      594   104403    1.09523
1487860722      560   105085    1.10239
1487860723      803   105888    1.11081
1487860724      767   106655    1.11886
1487860725      519   107225    1.12484
1487860726      763   107988    1.13284
1487860727      792   108780    1.14115
1487860728      570   109350    1.14713
1487860730      612   110047    1.15444
1487860731      686   110733    1.16164
1487860732      435   111168    1.1662
1487860733      795   111963    1.17454
1487860734      646   112722    1.1825
1487860735      617   113404    1.18966
1487860736      801   114205    1.19806
1487860737      795   115000    1.2064
1487860738      569   115569    1.21237
1487860739      796   116365    1.22072
1487860740      507   116872    1.22604
1487860741      793   117665    1.23435
1487860742      593   118366    1.24171
1487860743      790   119156    1.25
1487860744      775   119931    1.25813
1487860745      488   120506    1.26416
1487860746      660   121188    1.27131
1487860747      801   121989    1.27972
1487860748      680   122669    1.28685
1487860749      563   123328    1.29376
1487860750      797   124125    1.30212
1487860751      642   124767    1.30886
1487860752      790   125557    1.31715
1487860753      569   126150    1.32337
1487860754      803   126953    1.33179
1487860755      792   127745    1.3401
1487860756      599   128344    1.34638
1487860757      653   128997    1.35323
1487860758      755   129752    1.36115
1487860759      803   130555    1.36958
1487860761      518   131112    1.37542
1487860762      783   131895    1.38363
1487860763      616   132511    1.3901
1487860764      806   133317    1.39855
1487860765      591   133934    1.40502
1487860766      813   134747    1.41355
1487860767      712   135459    1.42102
1487860768      605   136074    1.42747
1487860769      663   136756    1.43463
1487860770      699   137455    1.44196
1487860771      802   138257    1.45037
1487860772      596   138896    1.45708
1487860773      806   139702    1.46553
1487860774      658   140360    1.47243
1487860775      795   141155    1.48077
1487860776      561   141718    1.48668
1487860777      796   142514    1.49503
1487860778      770   143284    1.50311
1487860779      580   143864    1.50919
1487860780      639   144540    1.51628
1487860781      801   145341    1.52469
1487860782      799   146140    1.53307
1487860783      589   146729    1.53925
1487860784      794   147523    1.54758
1487860785      450   147973    1.5523
1487860786      786   148759    1.56054
1487860787      584   149502    1.56834
1487860788      793   150295    1.57666
1487860789      751   151046    1.58454
1487860790      499   151642    1.59079
1487860791      556   152324    1.59794
1487860792      800   153124    1.60633
1487860793      623   153747    1.61287
1487860795      551   154464    1.62039
1487860796      799   155263    1.62877
1487860797      597   155860    1.63504
1487860798      787   156647    1.64329
1487860799      598   157286    1.65
1487860800      467   157821    1.65561
1487860801      501   158356    1.66122
1487860802      776   159132    1.66936
1487860803      335   159573    1.67399
1487860804      776   160349    1.68213
1487860805      479   160828    1.68715
1487860806      793   161621    1.69547
1487860807      590   162248    1.70205
1487860808      708   162956    1.70948
1487860809      529   163485    1.71503
1487860810      787   164272    1.72328
1487860811      693   164965    1.73055
1487860813      586   165605    1.73727
1487860814      784   166389    1.74549
1487860815      697   167086    1.7528
1487860816      635   167721    1.75946
1487860817      623   168427    1.76687
1487860818      781   169208    1.77506
1487860819      793   170001    1.78338
1487860820      559   170567    1.78932
1487860821      660   171249    1.79647
1487860822      781   172030    1.80467
1487860823      791   172821    1.81296
1487860824      449   173389    1.81892
1487860825      754   174143    1.82683
1487860826      793   174936    1.83515
1487860827      633   175569    1.84179
1487860828      596   176211    1.84853
1487860829      716   176927    1.85604
1487860830      799   177726    1.86442
1487860831      587   178351    1.87098
1487860832      654   179033    1.87813
1487860833      798   179831    1.8865
1487860834      796   180627    1.89485
1487860835      545   181173    1.90058
1487860836      609   181782    1.90697
1487860837      795   182577    1.91531
1487860838      632   183209    1.92194
1487860839      650   183995    1.93018
1487860840      732   184727    1.93786
1487860841      796   185523    1.94621
1487860843      453   186135    1.95263
1487860844      608   186817    1.95979
1487860845      793   187610    1.96811
1487860846      608   188218    1.97449
1487860847      537   188957    1.98224
1487860848      799   189756    1.99062
1487860849      716   190472    1.99813
1487860850      544   191016    2.00384
1487860851      649   191779    2.01184
1487860852      793   192572    2.02016
1487860853      799   193371    2.02854
1487860854      493   193919    2.03429
1487860856      650   194601    2.04145
1487860857      797   195398    2.04981
1487860858      689   196087    2.05703
1487860859      571   196741    2.0639
1487860860      792   197533    2.0722
1487860861      792   198325    2.08051
1487860862      630   198955    2.08712
1487860863      525   199563    2.0935
1487860864      689   200252    2.10073
1487860865      805   201057    2.10917
1487860866      598   201703    2.11595
1487860867      642   202385    2.1231
1487860868      698   203083    2.13043
1487860869      798   203881    2.1388
1487860870      611   204525    2.14555
1487860871      808   205333    2.15403
1487860872      796   206129    2.16238
1487860873      652   206781    2.16922
1487860874      592   207373    2.17543
1487860875      779   208152    2.1836
1487860876      799   208951    2.19198
1487860877      604   209555    2.19832
1487860878      661   210216    2.20525
1487860879      798   211014    2.21362
1487860880      725   211739    2.22123
1487860881      539   212309    2.22721
1487860882      794   213103    2.23554
1487860883      712   213815    2.24301
1487860884      651   214466    2.24984
1487860885      604   215131    2.25681
1487860886      660   215791    2.26374
1487860887      495   216286    2.26893
1487860888      798   217084    2.2773
1487860889      612   217806    2.28488
1487860891      599   218488    2.29203
1487860892      810   219298    2.30053
1487860893      777   220075    2.30868
1487860894      579   220654    2.31475
1487860895      776   221430    2.32289
1487860896      578   222008    2.32896
1487860897      798   222806    2.33733
1487860898      604   223450    2.34408
1487860899      802   224252    2.3525
1487860900      754   225006    2.36041
1487860901      540   225590    2.36653
1487860902      598   226272    2.37369
1487860903      583   226855    2.3798
1487860904      796   227651    2.38815
1487860905      680   228331    2.39529
1487860906      522   228947    2.40175
1487860907      572   229629    2.4089
1487860908      800   230429    2.4173
1487860909      689   231118    2.42452
1487860910      532   231769    2.43135
1487860911      721   232490    2.43892
1487860912      790   233280    2.4472
1487860913      547   233827    2.45294
1487860915      567   234591    2.46096
1487860916      799   235390    2.46934
1487860917      787   236177    2.4776
1487860918      384   236731    2.48341
1487860919      658   237413    2.49056
1487860920      790   238203    2.49885
1487860921      678   238881    2.50596
1487860922      547   239553    2.51301
1487860923      792   240345    2.52132
1487860924      582   240927    2.52742
1487860925      590   241517    2.53361
1487860926      720   242237    2.54117
1487860928      567   242910    2.54823
1487860929      781   243691    2.55642
1487860930      696   244387    2.56372
1487860931      568   245050    2.57068
1487860932      599   245732    2.57783
1487860933      693   246425    2.5851
1487860934      797   247222    2.59346
1487860935      524   247872    2.60028
1487860936      696   248568    2.60758
1487860937      651   249219    2.61441
1487860938      766   249985    2.62245
