1499850664      998   998    0
1499850665      1000   1998    0
1499850666      999   2997    0
1499850667      1000   3997    0
1499850668      999   4996    0
1499850669      1000   5996    0
1499850670      999   6995    0
1499850671      1000   7995    0
1499850672      999   8994    0
1499850673      1000   9994    0
1499850674      1000   10994    0
1499850675      999   11993    0
1499850676      1000   12993    0
1499850677      999   13992    0
1499850678      1000   14992    0
1499850679      999   15991    0
1499850680      1000   16991    0
1499850681      999   17990    0
1499850682      1000   18990    0
1499850683      1000   19990    0
1499850684      999   20989    0
1499850685      1000   21989    0
1499850686      999   22988    0
1499850687      1000   23988    0
1499850688      999   24987    0
1499850689      1000   25987    0
1499850690      999   26986    0
1499850691      1000   27986    0
1499850692      999   28985    0
1499850693      1000   29985    0
1499850694      999   30984    0
1499850695      1000   31984    0
1499850696      1000   32984    0
1499850697      999   33983    0
1499850698      1000   34983    0
1499850699      999   35982    0
1499850700      1000   36982    0
1499850701      999   37981    0
1499850702      1000   38981    0
1499850703      999   39980    0
1499850704      1000   40980    0
1499850705      999   41979    0
1499850706      1000   42979    0
1499850707      999   43978    0
1499850708      1000   44978    0
1499850709      999   45977    0
1499850710      1000   46977    0
1499850711      1000   47977    0
1499850712      999   48976    0
1499850713      1000   49976    0
1499850714      999   50975    0
1499850715      1000   51975    0
1499850716      999   52974    0
1499850717      1000   53974    0
1499850718      999   54973    0
1499850719      1000   55973    0
1499850720      999   56972    0
1499850721      1000   57972    0
1499850722      999   58971    0
1499850723      997   59968    0
1499850724      999   60967    0
1499850725      1000   61967    0
1499850726      1000   62967    0
1499850727      999   63966    0
1499850728      1000   64966    0
1499850729      999   65965    0
1499850730      1000   66965    0
1499850731      999   67964    0
1499850732      1000   68964    0
1499850733      999   69963    0
1499850734      1000   70963    0
1499850735      979   71942    0
1499850736      1000   72942    0
1499850737      999   73941    0
1499850738      1000   74941    0
1499850739      948   75889    0
1499850740      999   76888    0
1499850741      1000   77888    0
1499850742      948   78836    0
1499850743      1000   79836    0
1499850744      999   80835    0
1499850745      949   81784    0
1499850746      999   82783    0
1499850747      1000   83783    0
1499850748      999   84782    0
1499850749      934   85716    0
1499850750      999   86715    0
1499850751      1000   87715    0
1499850752      949   88664    0
1499850753      999   89663    0
1499850754      1000   90663    0
1499850755      948   91611    0
1499850756      1000   92611    0
1499850757      999   93610    0
1499850758      1000   94610    0
1499850759      909   95519    0
1499850760      1000   96519    0
1499850761      999   97518    0
1499850762      949   98467    0
1499850763      999   99466    0
1499850764      1000   100466    0
1499850765      949   101415    0
1499850766      999   102414    0
1499850767      1000   103414    0
1499850768      944   104399    0
1499850769      1006   105405    0
1499850770      1000   106405    0
1499850771      1000   107405    0
1499850772      949   108354    0
1499850773      1000   109354    0
1499850774      999   110353    0
1499850775      949   111302    0
1499850776      999   112301    0
1499850777      1000   113301    0
1499850778      925   114226    0
1499850779      1000   115226    0
1499850780      999   116225    0
1499850781      1000   117225    0
1499850782      947   118172    0
1499850783      999   119171    0
1499850784      1000   120171    0
1499850785      949   121120    0
1499850786      1000   122120    0
1499850787      999   123119    0
1499850788      945   124064    0
1499850789      999   125063    0
1499850790      1000   126063    0
1499850791      999   127062    0
1499850792      923   127985    0
1499850793      999   128984    0
1499850794      1000   129984    0
1499850795      948   130932    0
1499850796      1000   131932    0
1499850797      999   132931    0
1499850798      949   133880    0
1499850799      1000   134880    0
1499850800      999   135879    0
1499850801      1000   136879    0
1499850802      911   137790    0
1499850803      1000   138790    0
1499850804      999   139789    0
1499850805      948   140737    0
1499850806      999   141736    0
1499850807      1000   142736    0
1499850808      948   143684    0
1499850809      961   144645    0
1499850810      999   145644    0
1499850811      1000   146644    0
1499850812      949   147593    0
1499850813      999   148592    0
1499850814      1000   149592    0
1499850815      948   150540    0
1499850816      1000   151540    0
1499850817      999   152539    0
1499850818      945   153530    0
1499850819      1007   154537    0
1499850820      1000   155537    0
1499850821      999   156536    0
1499850822      950   157486    0
1499850823      999   158485    0
1499850824      1000   159485    0
1499850825      948   160433    0
1499850826      1000   161433    0
1499850827      999   162432    0
1499850828      949   163381    0
1499850829      999   164380    0
1499850830      1000   165380    0
1499850831      999   166379    0
1499850832      947   167326    0
1499850833      999   168325    0
1499850834      1000   169325    0
1499850835      949   170274    0
1499850836      996   171270    0
1499850837      1000   172270    0
1499850838      948   173218    0
1499850839      1000   174218    0
1499850840      999   175217    0
1499850841      1000   176217    0
1499850842      927   177144    0
1499850843      1000   178144    0
1499850844      999   179143    0
1499850845      949   180092    0
1499850846      999   181091    0
1499850847      1000   182091    0
1499850848      949   183040    0
1499850849      999   184039    0
1499850850      1000   185039    0
1499850851      999   186038    0
1499850852      936   186974    0
1499850853      999   187973    0
1499850854      1000   188973    0
1499850855      948   189921    0
1499850856      1000   190921    0
1499850857      999   191920    0
1499850858      923   192843    0
1499850859      999   193842    0
1499850860      1000   194842    0
1499850861      942   195793    0
1499850862      1006   196799    0
1499850863      1000   197799    0
1499850864      999   198798    0
1499850865      934   199732    0
1499850866      999   200731    0
1499850867      1000   201731    0
1499850868      948   202679    0
1499850869      1000   203679    0
1499850870      999   204678    0
1499850871      949   205627    0
1499850872      999   206626    0
1499850873      1000   207626    0
1499850874      1000   208626    0
1499850875      949   209575    0
1499850876      1000   210575    0
1499850877      999   211574    0
1499850878      949   212523    0
1499850879      999   213522    0
1499850880      1000   214522    0
1499850881      947   215469    0
1499850882      984   216453    0
1499850883      999   217452    0
1499850884      998   218450    0
1499850885      942   219392    0
1499850886      1000   220392    0
1499850887      999   221391    0
1499850888      949   222340    0
1499850889      1000   223340    0
1499850890      999   224339    0
1499850891      1000   225339    0
1499850892      930   226269    0
1499850893      1000   227269    0
1499850894      999   228268    0
1499850895      949   229217    0
1499850896      999   230216    0
1499850897      1000   231216    0
1499850898      948   232164    0
1499850899      1000   233164    0
1499850900      999   234163    0
1499850901      1000   235163    0
1499850902      935   236098    0
1499850903      999   237097    0
1499850904      1000   238097    0
1499850905      948   239045    0
1499850906      1000   240045    0
1499850907      999   241044    0
1499850908      938   241982    0
1499850909      999   242981    0
1499850910      1000   243981    0
1499850911      942   244924    0
1499850912      1006   245930    0
1499850913      1000   246930    0
1499850914      999   247929    0
1499850915      949   248878    0
1499850916      999   249877    0
1499850917      1000   250877    0
1499850918      949   251826    0
1499850919      1000   252826    0
1499850920      999   253825    0
1499850921      949   254774    0
1499850922      1000   255774    0
1499850923      999   256773    0
1499850924      1000   257773    0
1499850925      948   258721    0
1499850926      1000   259721    0
1499850927      999   260720    0
1499850928      950   261670    0
1499850929      999   262669    0
1499850930      1000   263669    0
1499850931      948   264617    0
1499850932      1000   265617    0
1499850933      999   266616    0
1499850934      1000   267616    0
1499850935      927   268543    0
1499850936      996   269539    0
1499850937      1000   270539    0
1499850938      948   271487    0
1499850939      1000   272487    0
1499850940      999   273486    0
1499850941      947   274433    0
1499850942      999   275432    0
1499850943      1000   276432    0
1499850944      999   277431    0
1499850945      935   278366    0
1499850946      999   279365    0
1499850947      996   280361    0
1499850948      949   281310    0
1499850949      999   282309    0
1499850950      1000   283309    0
1499850951      949   284258    0
1499850952      1000   285258    0
1499850953      999   286257    0
1499850954      949   287206    0
1499850955      985   288191    0
1499850956      1000   289191    0
1499850957      999   290190    0
1499850958      949   291139    0
1499850959      999   292138    0
1499850960      1000   293138    0
1499850961      949   294087    0
1499850962      999   295086    0
1499850963      1000   296086    0
1499850964      999   297085    0
1499850965      950   298035    0
1499850966      999   299034    0
1499850967      1000   300034    0
1499850968      948   300982    0
1499850969      1000   301982    0
1499850970      999   302981    0
1499850971      950   303931    0
1499850972      999   304930    0
1499850973      1000   305930    0
1499850974      998   306928    0
1499850975      939   307867    0
1499850976      1000   308867    0
1499850977      999   309866    0
1499850978      941   310807    0
1499850979      999   311806    0
1499850980      1000   312806    0
1499850981      948   313754    0
1499850982      1000   314754    0
1499850983      999   315753    0
1499850984      1000   316753    0
1499850985      920   317673    0
1499850986      1000   318673    0
1499850987      1000   319673    0
1499850988      948   320621    0
1499850989      1000   321621    0
1499850990      999   322620    0
1499850991      949   323569    0
1499850992      999   324568    0
1499850993      1000   325568    0
1499850994      945   326565    0
1499850995      1006   327571    0
1499850996      1000   328571    0
1499850997      999   329570    0
1499850998      950   330520    0
1499850999      999   331519    0
1499851000      1000   332519    0
1499851001      949   333468    0
1499851002      999   334467    0
1499851003      1000   335467    0
1499851004      949   336416    0
1499851005      1000   337416    0
1499851006      999   338415    0
1499851007      1000   339415    0
1499851008      948   340363    0
1499851009      1000   341363    0
1499851010      999   342362    0
1499851011      946   343308    0
1499851012      999   344307    0
1499851013      1000   345307    0
1499851014      949   346256    0
1499851015      999   347255    0
1499851016      1000   348255    0
1499851017      999   349254    0
1499851018      928   350182    0
1499851019      999   351181    0
1499851020      1000   352181    0
1499851021      949   353130    0
1499851022      1000   354130    0
1499851023      999   355129    0
1499851024      950   356079    0
1499851025      999   357078    0
1499851026      1000   358078    0
1499851027      945   359075    0
1499851028      992   360067    0
1499851029      1000   361067    0
1499851030      999   362066    0
1499851031      934   363000    0
1499851032      999   363999    0
1499851033      1000   364999    0
1499851034      942   365943    0
1499851035      1006   366949    0
1499851036      1000   367949    0
1499851037      999   368948    0
1499851038      938   369886    0
1499851039      999   370885    0
1499851040      1000   371885    0
1499851041      948   372833    0
1499851042      1000   373833    0
1499851043      1000   374833    0
1499851044      948   375781    0
1499851045      1000   376781    0
1499851046      997   377778    0
1499851047      1000   378778    0
1499851048      948   379726    0
1499851049      1000   380726    0
1499851050      999   381725    0
1499851051      949   382674    0
1499851052      999   383673    0
1499851053      1000   384673    0
1499851054      948   385621    0
1499851055      1000   386621    0
1499851056      1000   387621    0
1499851057      996   388617    0
1499851058      924   389541    0
1499851059      999   390540    0
1499851060      996   391536    0
1499851061      935   392471    0
1499851062      1000   393471    0
1499851063      999   394470    0
1499851064      950   395420    0
1499851065      999   396419    0
1499851066      1000   397419    0
1499851067      999   398418    0
1499851068      918   399336    0
1499851069      999   400335    0
1499851070      1000   401335    0
1499851071      949   402284    0
1499851072      999   403283    0
1499851073      1000   404283    0
1499851074      949   405232    0
1499851075      1000   406232    0
1499851076      999   407231    0
1499851077      944   408206    0
1499851078      1006   409212    0
1499851079      1000   410212    0
1499851080      1000   411212    0
1499851081      949   412161    0
1499851082      1000   413161    0
1499851083      999   414160    0
1499851084      947   415107    0
1499851085      999   416106    0
1499851086      1000   417106    0
1499851087      943   418049    0
1499851088      1000   419049    0
1499851089      999   420048    0
1499851090      1000   421048    0
1499851091      949   421997    0
1499851092      1000   422997    0
1499851093      998   423995    0
1499851094      942   424937    0
1499851095      1000   425937    0
1499851096      999   426936    0
1499851097      949   427885    0
1499851098      999   428884    0
1499851099      1000   429884    0
1499851100      999   430883    0
1499851101      916   431799    0
1499851102      999   432798    0
1499851103      1000   433798    0
1499851104      948   434746    0
1499851105      1000   435746    0
1499851106      1000   436746    0
1499851107      999   437745    0
1499851108      931   438676    0
1499851109      999   439675    0
1499851110      1000   440675    0
1499851111      948   441623    0
1499851112      1000   442623    0
1499851113      999   443622    0
1499851114      926   444548    0
1499851115      999   445547    0
1499851116      1000   446547    0
1499851117      999   447546    0
1499851118      941   448487    0
1499851119      1000   449487    0
1499851120      999   450486    0
1499851121      949   451435    0
1499851122      999   452434    0
1499851123      1000   453434    0
1499851124      949   454383    0
1499851125      1000   455383    0
1499851126      999   456382    0
1499851127      943   457337    0
1499851128      1007   458344    0
1499851129      999   459343    0
1499851130      1000   460343    0
1499851131      937   461280    0
1499851132      1000   462280    0
1499851133      999   463279    0
1499851134      949   464228    0
1499851135      1000   465228    0
1499851136      999   466227    0
1499851137      942   467169    0
1499851138      999   468168    0
1499851139      1000   469168    0
1499851140      999   470167    0
1499851141      947   471114    0
1499851142      999   472113    0
1499851143      1000   473113    0
1499851144      949   474062    0
1499851145      1000   475062    0
1499851146      999   476061    0
1499851147      950   477011    0
1499851148      1000   478011    0
1499851149      999   479010    0
1499851150      1000   480010    0
1499851151      927   480937    0
1499851152      1000   481937    0
1499851153      999   482936    0
1499851154      937   483873    0
1499851155      999   484872    0
1499851156      1000   485872    0
1499851157      949   486821    0
1499851158      1000   487821    0
1499851159      999   488820    0
1499851160      1000   489820    0
1499851161      930   490750    0
1499851162      999   491749    0
1499851163      1000   492749    0
1499851164      949   493698    0
1499851165      1000   494698    0
1499851166      999   495697    0
1499851167      950   496647    0
1499851168      999   497646    0
1499851169      1000   498646    0
1499851170      943   499600    0
