1499852601      10   10    0.0148964
1499852602      9   20    0.0297928
1499852603      10   31    0.0461788
1499852604      11   42    0.0625648
1499852605      9   52    0.0774612
1499852607      10   64    0.0953369
1499852608      10   76    0.113213
1499852609      8   84    0.12513
1499852610      10   94    0.140026
1499852611      11   106    0.157902
1499852612      8   118    0.175777
1499852613      11   129    0.192163
1499852614      10   139    0.20706
1499852615      10   151    0.224936
1499852617      7   158    0.235363
1499852618      10   169    0.251749
1499852619      11   180    0.268135
1499852620      10   190    0.283031
1499852621      6   196    0.291969
