1486375263      59   60    0.00165939
1486375264      66   126    0.00348473
1486375265      62   189    0.00522709
1486375266      65   254    0.00702477
1486375267      64   319    0.00882244
1486375268      69   388    0.0107307
1486375269      67   456    0.0126114
1486375270      67   523    0.0144644
1486375271      63   587    0.0162344
1486375272      66   653    0.0180597
1486375273      66   719    0.0198851
1486375274      68   788    0.0217934
1486375275      67   856    0.023674
1486375276      66   923    0.025527
1486375277      68   991    0.0274076
1486375278      68   1059    0.0292883
1486375279      68   1127    0.0311689
1486375280      66   1193    0.0329943
1486375281      65   1259    0.0348196
1486375282      68   1327    0.0367002
1486375283      68   1395    0.0385809
1486375284      67   1462    0.0404339
1486375285      66   1529    0.0422869
1486375286      65   1595    0.0441122
1486375287      72   1668    0.0461311
1486375288      72   1741    0.0481501
1486375289      58   1799    0.0497541
1486375290      73   1873    0.0518007
1486375291      71   1945    0.053792
1486375292      58   2007    0.0555067
1486375293      73   2081    0.0575533
1486375294      72   2154    0.0595722
1486375295      60   2220    0.0613976
1486375296      75   2295    0.0634718
1486375297      75   2370    0.065546
1486375298      59   2433    0.0672884
1486375299      74   2507    0.069335
1486375300      73   2580    0.0713539
1486375302      52   2646    0.0731792
1486375303      71   2717    0.0751429
1486375304      69   2787    0.0770788
1486375305      70   2857    0.0790148
1486375306      48   2906    0.0803699
1486375307      70   2977    0.0823336
1486375308      71   3048    0.0842972
1486375309      55   3104    0.0858459
1486375310      53   3161    0.0874224
1486375311      72   3234    0.0894413
1486375312      72   3306    0.0914326
1486375313      57   3374    0.0933132
1486375314      74   3448    0.0953598
1486375315      73   3521    0.0973787
1486375316      59   3587    0.0992041
1486375317      73   3661    0.101251
1486375318      73   3734    0.10327
1486375320      52   3800    0.105095
1486375321      75   3876    0.107197
1486375322      71   3947    0.10916
1486375323      57   4013    0.110986
1486375324      75   4088    0.11306
1486375325      70   4159    0.115024
1486375326      60   4226    0.116877
1486375327      76   4302    0.118979
1486375328      74   4377    0.121053
1486375329      60   4439    0.122767
1486375330      72   4511    0.124759
1486375331      73   4584    0.126778
1486375332      59   4652    0.128658
1486375333      72   4724    0.13065
1486375334      60   4785    0.132337
1486375335      73   4858    0.134356
1486375336      72   4930    0.136347
1486375337      61   4991    0.138034
1486375338      71   5062    0.139997
1486375339      72   5135    0.142016
1486375340      56   5191    0.143565
1486375341      70   5262    0.145529
1486375342      71   5333    0.147492
1486375343      58   5392    0.149124
1486375344      74   5467    0.151198
1486375345      73   5540    0.153217
1486375346      59   5600    0.154877
1486375347      71   5672    0.156868
1486375348      72   5745    0.158887
1486375349      57   5806    0.160574
1486375350      74   5881    0.162648
1486375351      73   5954    0.164667
1486375352      58   6019    0.166465
1486375353      75   6094    0.168539
1486375354      73   6167    0.170558
1486375355      60   6232    0.172356
1486375356      73   6305    0.174375
1486375357      61   6366    0.176062
1486375358      6   6372    0.176228
1486375359      0   6372    0.176228
1486375360      1   6373    0.176255
1486375361      0   6373    0.176255
1486375362      0   6373    0.176255
1486375363      0   6373    0.176255
1486375364      0   6373    0.176255
1486375365      0   6373    0.176255
1486375366      0   6373    0.176255
1486375367      0   6373    0.176255
1486375368      0   6373    0.176255
1486375369      0   6373    0.176255
1486375370      0   6373    0.176255
1486375371      0   6373    0.176255
1486375372      0   6373    0.176255
1486375373      0   6373    0.176255
1486375374      0   6373    0.176255
1486375375      0   6373    0.176255
1486375376      0   6373    0.176255
1486375377      0   6373    0.176255
1486375378      0   6373    0.176255
1486375379      0   6373    0.176255
1486375380      0   6373    0.176255
1486375381      0   6373    0.176255
1486375382      0   6373    0.176255
1486375383      0   6373    0.176255
1486375384      0   6373    0.176255
1486375385      0   6373    0.176255
1486375386      47   6420    0.177555
1486375387      74   6495    0.179629
1486375388      53   6549    0.181123
1486375389      74   6624    0.183197
1486375391      72   6697    0.185216
1486375392      59   6756    0.186848
1486375393      72   6829    0.188867
1486375394      72   6901    0.190858
1486375395      58   6960    0.19249
1486375396      70   7031    0.194453
1486375397      72   7104    0.196472
1486375398      53   7173    0.19838
1486375399      71   7244    0.200344
1486375400      71   7316    0.202335
1486375401      59   7386    0.204271
1486375402      71   7457    0.206235
1486375403      71   7528    0.208199
1486375404      61   7599    0.210162
1486375405      72   7672    0.212181
1486375406      73   7745    0.2142
1486375407      61   7812    0.216053
1486375408      73   7885    0.218072
1486375409      60   7946    0.219759
1486375410      74   8020    0.221806
1486375411      74   8094    0.223852
1486375412      60   8154    0.225512
1486375413      71   8226    0.227503
1486375414      73   8299    0.229522
1486375415      58   8357    0.231126
1486375416      73   8431    0.233172
1486375417      74   8505    0.235219
1486375418      57   8562    0.236795
1486375419      75   8638    0.238897
1486375420      73   8712    0.240944
1486375421      59   8772    0.242603
1486375422      71   8844    0.244595
1486375423      70   8915    0.246558
1486375424      58   8974    0.24819
1486375425      70   9044    0.250126
1486375426      70   9115    0.25209
1486375428      59   9179    0.25386
1486375429      72   9251    0.255851
1486375430      71   9323    0.257842
1486375431      58   9392    0.25975
1486375432      72   9465    0.261769
1486375433      59   9525    0.263429
1486375434      72   9597    0.26542
1486375435      72   9669    0.267411
1486375436      58   9727    0.269015
1486375437      73   9800    0.271034
1486375438      72   9873    0.273053
1486375439      60   9933    0.274713
1486375440      73   10007    0.276759
1486375441      75   10082    0.278833
1486375442      60   10142    0.280493
1486375443      71   10213    0.282456
1486375444      71   10285    0.284448
1486375445      50   10336    0.285858
1486375446      75   10411    0.287932
1486375447      73   10485    0.289979
1486375448      61   10547    0.291694
1486375449      73   10620    0.293713
1486375450      74   10694    0.295759
1486375451      61   10759    0.297557
1486375452      73   10832    0.299576
1486375453      36   10868    0.300571
1486375454      0   10868    0.300571
1486375455      0   10868    0.300571
1486375456      0   10868    0.300571
1486375457      0   10868    0.300571
1486375458      0   10868    0.300571
1486375459      0   10868    0.300571
1486375460      0   10868    0.300571
1486375461      0   10868    0.300571
1486375462      0   10868    0.300571
1486375463      0   10868    0.300571
1486375464      0   10868    0.300571
1486375465      0   10868    0.300571
1486375466      0   10868    0.300571
1486375467      32   10900    0.301456
1486375468      57   10972    0.303448
1486375469      72   11045    0.305467
1486375470      60   11106    0.307154
1486375471      72   11179    0.309173
1486375472      71   11251    0.311164
1486375473      56   11308    0.31274
1486375474      72   11381    0.314759
1486375475      74   11456    0.316833
1486375476      58   11515    0.318465
1486375477      74   11590    0.320539
1486375478      74   11664    0.322586
1486375479      59   11723    0.324218
1486375480      72   11795    0.326209
1486375481      74   11870    0.328283
1486375482      56   11926    0.329832
1486375483      71   11998    0.331823
1486375484      73   12072    0.33387
1486375485      57   12129    0.335446
1486375486      73   12203    0.337493
1486375487      72   12275    0.339484
1486375488      59   12339    0.341254
1486375489      71   12411    0.343246
1486375490      71   12482    0.345209
1486375492      60   12552    0.347145
1486375493      71   12624    0.349136
1486375494      60   12685    0.350823
1486375495      71   12757    0.352815
1486375496      72   12830    0.354834
1486375497      58   12888    0.356438
1486375498      72   12961    0.358457
1486375499      74   13035    0.360503
1486375500      59   13094    0.362135
