1499779143      988   989    0.010375
1499779144      965   1955    0.0205088
1499779145      954   2909    0.0305166
1499779146      962   3871    0.0406084
1499779147      847   4718    0.0494938
1499779148      736   5454    0.0572147
1499779149      770   6224    0.0652924
1499779150      774   6998    0.0734119
1499779151      748   7770    0.0815105
1499779152      742   8512    0.0892944
1499779153      774   9286    0.097414
1499779154      744   10030    0.105219
1499779155      771   10801    0.113307
1499779156      763   11564    0.121311
1499779157      733   12331    0.129357
1499779158      736   13067    0.137078
1499779159      708   13775    0.144506
1499779160      747   14522    0.152342
1499779161      752   15288    0.160378
1499779162      780   16090    0.168791
1499779163      761   16853    0.176795
1499779164      783   17636    0.185009
1499779165      743   18379    0.192803
1499779166      774   19153    0.200923
1499779167      744   19897    0.208728
1499779168      763   20660    0.216732
1499779169      762   21422    0.224726
1499779170      717   22139    0.232247
1499779171      778   22917    0.240409
1499779172      777   23694    0.24856
1499779173      683   24410    0.256071
1499779174      739   25149    0.263824
1499779176      313   25763    0.270265
1499779177      766   26565    0.278678
1499779178      781   27367    0.287091
1499779179      763   28169    0.295505
1499779180      775   28971    0.303918
1499779181      626   29597    0.310485
1499779182      713   30324    0.318111
1499779183      756   31126    0.326525
1499779184      779   31928    0.334938
1499779185      781   32730    0.343351
1499779186      769   33499    0.351418
1499779187      776   34275    0.359559
1499779188      777   35052    0.36771
1499779189      749   35801    0.375567
1499779190      774   36575    0.383687
1499779191      776   37351    0.391828
1499779192      760   38111    0.3998
1499779193      748   38859    0.407647
1499779194      776   39635    0.415788
1499779195      748   40383    0.423635
1499779196      777   41160    0.431786
1499779197      765   41925    0.439811
1499779198      747   42672    0.447647
1499779199      768   43440    0.455704
1499779200      765   44205    0.463729
1499779201      778   44983    0.47189
1499779202      687   45761    0.480052
1499779204      783   46563    0.488465
1499779205      777   47365    0.496879
1499779206      771   48167    0.505292
1499779207      587   48969    0.513705
1499779208      755   49771    0.522119
1499779209      776   50547    0.530259
1499779210      766   51313    0.538295
1499779211      779   52092    0.546467
1499779212      745   52837    0.554282
1499779213      772   53609    0.562381
1499779214      762   54371    0.570374
1499779215      755   55126    0.578295
1499779216      774   55900    0.586414
1499779217      776   56676    0.594555
1499779218      740   57416    0.602318
1499779219      776   58192    0.610458
1499779220      751   58943    0.618337
1499779221      752   59695    0.626225
1499779222      773   60468    0.634335
1499779223      755   61223    0.642255
1499779224      776   61999    0.650395
1499779225      765   62764    0.658421
1499779226      737   63501    0.666152
1499779227      759   64260    0.674114
1499779228      765   65025    0.682139
1499779229      710   65735    0.689588
1499779230      776   66511    0.697728
1499779231      736   67247    0.705449
1499779232      750   67997    0.713317
1499779233      778   68775    0.721478
1499779234      747   69522    0.729315
1499779235      748   70270    0.737162
1499779236      765   71035    0.745187
1499779237      747   71782    0.753023
1499779238      775   72557    0.761153
1499779239      777   73334    0.769304
1499779240      734   74068    0.777004
1499779241      776   74844    0.785145
1499779242      752   75596    0.793034
1499779243      749   76345    0.800891
1499779244      773   77118    0.809
1499779245      742   77860    0.816784
1499779246      748   78608    0.824631
1499779247      764   79372    0.832645
1499779248      749   80121    0.840503
1499779249      772   80893    0.848601
1499779250      776   81669    0.856742
1499779251      746   82415    0.864568
1499779252      774   83189    0.872687
1499779253      692   83881    0.879947
1499779254      749   84630    0.887804
1499779255      752   85382    0.895693
1499779256      706   86088    0.903099
1499779257      743   86831    0.910893
1499779258      765   87596    0.918919
1499779259      765   88361    0.926944
1499779260      752   89113    0.934833
1499779261      776   89889    0.942973
1499779262      739   90628    0.950726
1499779263      765   91393    0.958751
1499779264      747   92140    0.966587
1499779265      706   92846    0.973993
1499779266      778   93624    0.982155
1499779267      761   94385    0.990138
1499779268      733   95130    0.997953
1499779269      752   95882    1.00584
1499779270      155   96082    1.00794
1499779271      780   96884    1.01635
1499779272      772   97686    1.02477
1499779273      773   98488    1.03318
1499779275      736   99290    1.04159
1499779276      758   100048    1.04955
1499779277      776   100824    1.05769
1499779278      776   101600    1.06583
1499779279      712   102312    1.0733
1499779280      742   103054    1.08108
1499779281      756   103851    1.08944
1499779282      752   104603    1.09733
1499779283      750   105355    1.10522
1499779284      783   106138    1.11343
1499779285      762   106900    1.12143
1499779286      687   107610    1.12887
1499779287      737   108347    1.13661
1499779288      751   109098    1.14448
1499779289      771   109869    1.15257
1499779290      734   110603    1.16027
1499779291      740   111369    1.16831
1499779292      763   112171    1.17672
1499779293      698   112869    1.18404
1499779294      739   113608    1.1918
1499779295      776   114384    1.19994
1499779296      771   115155    1.20802
1499779297      750   115930    1.21615
1499779298      734   116664    1.22385
1499779299      754   117418    1.23176
1499779300      738   118156    1.23951
1499779301      434   118887    1.24717
1499779302      762   119689    1.25559
1499779303      773   120491    1.264
1499779304      752   121243    1.27189
1499779305      685   121928    1.27908
1499779306      776   122704    1.28722
1499779307      773   123477    1.29533
1499779309      758   124250    1.30343
1499779310      770   125020    1.31151
1499779311      776   125796    1.31965
1499779312      668   126464    1.32666
1499779313      761   127225    1.33464
1499779314      761   128009    1.34287
1499779315      779   128811    1.35128
1499779316      769   129580    1.35935
1499779317      775   130355    1.36748
1499779318      776   131131    1.37562
1499779319      756   131887    1.38355
1499779320      757   132644    1.39149
1499779321      759   133403    1.39945
1499779322      762   134165    1.40745
1499779323      772   134937    1.41555
1499779324      731   135668    1.42321
1499779325      776   136444    1.43135
1499779326      775   137219    1.43948
1499779327      760   137979    1.44746
1499779328      756   138735    1.45539
1499779329      768   139503    1.46344
1499779330      753   140256    1.47134
1499779331      772   141028    1.47944
1499779332      762   141790    1.48744
1499779333      732   142522    1.49512
1499779334      759   143281    1.50308
1499779335      756   144037    1.51101
1499779336      776   144813    1.51915
1499779337      776   145589    1.52729
1499779338      757   146346    1.53523
1499779339      752   147098    1.54312
1499779340      746   147844    1.55095
1499779341      745   148589    1.55876
1499779342      772   149361    1.56686
1499779343      757   150118    1.5748
1499779344      748   150866    1.58265
1499779345      743   151609    1.59044
1499779346      758   152367    1.59839
1499779347      772   153139    1.60649
1499779348      774   153913    1.61461
1499779349      763   154676    1.62262
1499779350      747   155423    1.63045
1499779351      746   156169    1.63828
1499779352      761   156930    1.64626
1499779353      777   157707    1.65441
1499779354      762   158469    1.66241
1499779355      730   159199    1.67006
1499779356      739   159938    1.67782
1499779357      759   160697    1.68578
1499779358      740   161437    1.69354
1499779359      720   162157    1.70109
1499779360      766   162923    1.70913
1499779361      769   163692    1.7172
1499779362      775   164467    1.72533
1499779363      757   165224    1.73327
1499779364      772   165996    1.74137
1499779365      756   166752    1.7493
1499779366      741   167493    1.75707
1499779367      746   168239    1.7649
1499779368      761   169000    1.77288
1499779369      772   169772    1.78098
1499779370      769   170541    1.78905
1499779371      369   170962    1.79346
1499779372      767   171764    1.80188
1499779373      708   172566    1.81029
1499779374      765   173368    1.8187
1499779375      762   174170    1.82712
1499779376      753   174923    1.83502
1499779377      778   175701    1.84318
1499779378      778   176479    1.85134
1499779379      725   177204    1.85894
1499779380      762   177966    1.86694
1499779381      760   178731    1.87496
1499779382      765   179496    1.88299
1499779383      777   180273    1.89114
1499779384      774   181047    1.89926
1499779385      744   181791    1.90706
1499779386      773   182564    1.91517
1499779387      762   183326    1.92317
1499779388      662   183988    1.93011
1499779389      776   184764    1.93825
1499779390      740   185504    1.94601
1499779391      704   186249    1.95383
1499779392      731   187051    1.96224
1499779393      744   187795    1.97005
1499779394      744   188539    1.97785
1499779395      776   189315    1.98599
1499779396      776   190091    1.99413
1499779397      761   190852    2.00212
1499779398      762   191614    2.01011
1499779399      749   192363    2.01797
1499779400      460   192965    2.02428
1499779402      332   193366    2.02849
1499779403      756   194168    2.0369
1499779404      773   194970    2.04532
1499779405      767   195737    2.05336
1499779406      773   196510    2.06147
1499779407      776   197286    2.06961
1499779408      732   198018    2.07729
1499779409      777   198795    2.08544
1499779410      778   199573    2.0936
1499779411      749   200322    2.10146
1499779412      775   201097    2.10959
1499779413      745   201842    2.11741
1499779414      776   202618    2.12555
1499779415      773   203391    2.13366
1499779416      762   204153    2.14165
1499779417      758   204911    2.1496
1499779418      763   205674    2.15761
1499779419      753   206427    2.16551
1499779420      775   207202    2.17364
1499779421      777   207979    2.18179
1499779422      763   208742    2.18979
1499779423      720   209462    2.19734
1499779424      760   210222    2.20532
1499779425      776   210998    2.21346
1499779426      775   211773    2.22159
1499779427      743   212516    2.22938
1499779428      744   213260    2.23719
1499779429      745   214005    2.245
1499779430      760   214765    2.25297
1499779431      777   215542    2.26113
1499779432      777   216319    2.26928
1499779433      612   216931    2.2757
1499779434      540   217524    2.28192
1499779435      745   218326    2.29033
1499779436      703   219128    2.29874
1499779437      762   219930    2.30716
1499779438      765   220695    2.31518
1499779439      774   221469    2.3233
1499779440      762   222231    2.3313
1499779441      770   223001    2.33937
1499779442      731   223732    2.34704
1499779443      723   224491    2.355
1499779444      757   225248    2.36295
1499779445      776   226024    2.37109
1499779446      740   226764    2.37885
1499779447      774   227538    2.38697
1499779448      770   228308    2.39505
1499779449      763   229071    2.40305
1499779450      771   229842    2.41114
1499779451      775   230617    2.41927
1499779452      758   231375    2.42722
1499779453      777   232152    2.43537
1499779454      777   232929    2.44352
1499779455      762   233691    2.45152
1499779456      743   234434    2.45931
1499779457      753   235187    2.46721
1499779458      772   235959    2.47531
1499779459      776   236735    2.48345
1499779460      747   237482    2.49129
1499779461      742   238224    2.49907
1499779462      748   238972    2.50692
1499779463      763   239735    2.51492
1499779465      323   240329    2.52115
1499779466      756   241131    2.52956
1499779467      777   241908    2.53772
1499779468      759   242667    2.54568
1499779469      773   243440    2.55379
1499779470      756   244196    2.56172
1499779471      750   244946    2.56959
1499779472      760   245706    2.57756
1499779473      759   246465    2.58552
1499779474      730   247195    2.59318
1499779475      752   247947    2.60107
1499779476      775   248722    2.6092
1499779477      723   249451    2.61685
1499779478      768   250219    2.6249
1499779479      733   250952    2.63259
1499779480      769   251721    2.64066
1499779481      774   252495    2.64878
1499779482      755   253250    2.6567
1499779483      750   254000    2.66457
1499779484      751   254751    2.67244
1499779485      711   255462    2.6799
1499779486      775   256237    2.68803
1499779487      752   256989    2.69592
1499779488      772   257771    2.70413
1499779489      764   258535    2.71214
1499779490      695   259230    2.71943
1499779491      754   259984    2.72734
1499779492      774   260758    2.73546
1499779493      733   261530    2.74356
1499779494      755   262285    2.75148
1499779495      773   263058    2.75959
1499779496      341   263399    2.76317
1499779497      563   264086    2.77037
1499779498      752   264888    2.77879
1499779499      755   265690    2.7872
1499779500      747   266437    2.79504
1499779501      697   267134    2.80235
1499779502      766   267900    2.81038
1499779504      711   268647    2.81822
1499779505      780   269449    2.82663
1499779506      763   270251    2.83505
1499779507      783   271034    2.84326
1499779508      729   271763    2.85091
1499779509      733   272496    2.8586
1499779510      773   273269    2.86671
1499779511      774   274043    2.87483
1499779512      764   274807    2.88284
1499779513      755   275562    2.89076
1499779514      774   276336    2.89888
1499779515      744   277080    2.90668
1499779516      735   277815    2.9144
1499779517      729   278571    2.92233
1499779518      773   279344    2.93044
1499779519      734   280078    2.93814
1499779520      656   280734    2.94502
1499779521      776   281528    2.95335
1499779522      778   282330    2.96176
1499779523      749   283079    2.96962
1499779524      748   283827    2.97746
1499779525      771   284598    2.98555
1499779526      777   285375    2.9937
1499779527      751   286126    3.00158
1499779528      758   286891    3.00961
1499779529      770   287661    3.01768
1499779530      745   288406    3.0255
1499779531      777   289183    3.03365
1499779532      590   289848    3.04063
1499779533      307   290249    3.04483
1499779534      779   291051    3.05325
1499779535      763   291814    3.06125
1499779536      774   292588    3.06937
1499779537      774   293362    3.07749
1499779538      756   294118    3.08542
1499779539      769   294887    3.09349
1499779540      764   295651    3.1015
1499779541      746   296397    3.10933
1499779542      775   297172    3.11746
1499779543      775   297947    3.12559
1499779544      745   298692    3.1334
1499779545      776   299468    3.14154
1499779546      763   300231    3.14955
1499779547      756   300987    3.15748
1499779548      762   301749    3.16547
1499779549      758   302507    3.17342
1499779550      774   303281    3.18154
1499779551      755   304036    3.18946
1499779552      726   304762    3.19708
1499779553      766   305528    3.20512
1499779554      771   306299    3.2132
1499779555      739   307038    3.22096
1499779556      769   307807    3.22902
1499779557      760   308567    3.237
1499779558      754   309321    3.24491
1499779559      757   310078    3.25285
1499779560      757   310835    3.26079
1499779561      773   311608    3.2689
1499779562      763   312371    3.2769
1499779563      737   313108    3.28463
1499779564      753   313861    3.29253
1499779565      723   314584    3.30012
1499779566      665   315249    3.30709
1499779567      736   316011    3.31509
1499779568      765   316776    3.32311
1499779570      376   317364    3.32928
1499779571      758   318166    3.33769
1499779572      710   318968    3.34611
1499779573      775   319770    3.35452
1499779574      738   320508    3.36226
1499779575      775   321283    3.37039
1499779576      737   322020    3.37812
1499779577      775   322795    3.38625
1499779578      774   323569    3.39437
1499779579      735   324331    3.40237
1499779580      715   325046    3.40987
1499779581      775   325821    3.418
1499779582      753   326574    3.4259
1499779583      764   327338    3.43391
1499779584      713   328090    3.4418
1499779585      764   328854    3.44982
1499779586      753   329607    3.45772
1499779587      772   330379    3.46581
1499779588      721   331100    3.47338
1499779589      731   331849    3.48123
1499779590      783   332651    3.48965
1499779591      761   333412    3.49763
1499779592      778   334190    3.50579
1499779593      775   334965    3.51392
1499779594      729   335694    3.52157
1499779595      710   336410    3.52908
1499779596      770   337180    3.53716
1499779597      696   337876    3.54446
1499779598      771   338647    3.55255
1499779599      709   339367    3.5601
1499779600      783   340169    3.56851
1499779601      782   340971    3.57693
1499779602      756   341727    3.58486
1499779603      775   342502    3.59299
1499779604      776   343278    3.60113
1499779605      755   344033    3.60905
1499779606      716   344749    3.61656
1499779607      532   345281    3.62214
1499779608      681   345962    3.62929
1499779609      766   346728    3.63732
1499779610      775   347503    3.64545
1499779611      699   348202    3.65278
1499779612      777   348979    3.66094
1499779613      760   349739    3.66891
1499779614      748   350487    3.67675
1499779615      765   351252    3.68478
1499779616      744   351996    3.69258
1499779617      771   352767    3.70067
1499779618      771   353538    3.70876
1499779619      758   354296    3.71671
1499779620      752   355048    3.7246
1499779621      764   355812    3.73262
1499779622      712   356524    3.74009
1499779623      774   357298    3.74821
1499779624      760   358058    3.75618
1499779625      754   358812    3.76409
1499779626      771   359583    3.77218
1499779627      770   360353    3.78025
1499779628      751   361104    3.78813
1499779629      771   361875    3.79622
1499779630      758   362633    3.80417
1499779631      728   363361    3.81181
1499779632      768   364129    3.81987
1499779633      705   364834    3.82726
1499779634      778   365612    3.83542
1499779635      759   366371    3.84338
1499779636      758   367129    3.85134
1499779637      769   367898    3.8594
1499779639      141   368086    3.86138
1499779640      779   368888    3.86979
1499779641      775   369690    3.8782
1499779642      766   370456    3.88624
1499779643      773   371229    3.89435
1499779644      761   371990    3.90233
1499779645      774   372764    3.91045
1499779646      777   373541    3.9186
1499779647      762   374303    3.92659
1499779648      758   375061    3.93455
1499779649      770   375831    3.94262
1499779650      764   376595    3.95064
1499779651      766   377361    3.95867
1499779652      778   378139    3.96684
1499779653      739   378878    3.97459
1499779654      757   379635    3.98253
1499779655      754   380389    3.99044
1499779656      769   381158    3.99851
1499779657      775   381933    4.00664
1499779658      741   382674    4.01441
1499779659      754   383428    4.02232
1499779660      737   384165    4.03005
1499779661      765   384930    4.03808
1499779662      777   385707    4.04623
1499779663      778   386485    4.05439
1499779664      744   387229    4.06219
1499779665      742   387971    4.06998
1499779666      753   388724    4.07788
1499779667      760   389484    4.08585
1499779668      777   390261    4.094
1499779669      752   391013    4.10189
1499779670      26   391041    4.10218
1499779671      781   391843    4.1106
1499779672      781   392645    4.11901
1499779673      772   393447    4.12742
1499779674      766   394249    4.13584
1499779675      778   395051    4.14425
1499779676      754   395805    4.15216
1499779677      778   396583    4.16032
1499779678      778   397361    4.16848
1499779679      776   398137    4.17662
1499779680      762   398899    4.18462
1499779681      724   399623    4.19221
1499779682      767   400390    4.20026
1499779683      755   401145    4.20818
1499779684      771   401916    4.21627
1499779685      772   402688    4.22437
1499779686      746   403434    4.23219
1499779687      766   404200    4.24023
1499779688      761   404961    4.24821
1499779689      762   405723    4.2562
1499779690      777   406500    4.26435
1499779691      720   407220    4.27191
1499779692      753   407973    4.27981
1499779693      704   408677    4.28719
1499779694      710   409387    4.29464
1499779695      683   410087    4.30198
1499779696      740   410889    4.3104
1499779697      744   411691    4.31881
1499779698      772   412463    4.32691
1499779699      775   413238    4.33504
1499779700      775   414013    4.34317
1499779701      772   414785    4.35127
1499779702      649   415450    4.35824
1499779703      737   416187    4.36598
1499779704      775   416962    4.37411
1499779705      735   417697    4.38182
1499779706      721   418418    4.38938
1499779707      741   419159    4.39715
1499779708      747   419906    4.40499
1499779709      629   420562    4.41187
1499779710      766   421364    4.42028
1499779711      778   422166    4.4287
1499779712      781   422968    4.43711
1499779713      780   423770    4.44552
1499779714      752   424524    4.45343
1499779715      780   425304    4.46162
1499779716      738   426042    4.46936
1499779717      728   426770    4.477
1499779718      781   427551    4.48519
1499779719      771   428331    4.49337
1499779720      769   429100    4.50144
1499779721      771   429871    4.50953
1499779722      702   430573    4.51689
1499779723      775   431348    4.52502
1499779724      771   432119    4.53311
1499779725      749   432868    4.54097
1499779726      778   433646    4.54913
1499779727      711   434357    4.55659
1499779728      778   435135    4.56475
1499779729      773   435908    4.57286
1499779730      765   436673    4.58088
1499779731      764   437437    4.5889
1499779732      773   438210    4.59701
1499779733      705   438915    4.6044
1499779734      777   439692    4.61255
1499779735      763   440455    4.62056
1499779736      760   441215    4.62853
1499779737      769   441984    4.6366
1499779738      233   442217    4.63904
1499779739      735   442966    4.6469
1499779740      780   443768    4.65531
1499779741      780   444570    4.66372
1499779742      767   445337    4.67177
1499779743      774   446111    4.67989
1499779744      760   446871    4.68786
1499779745      775   447646    4.69599
1499779746      753   448399    4.70389
1499779747      752   449151    4.71178
1499779748      755   449906    4.7197
1499779749      751   450657    4.72758
1499779750      772   451429    4.73568
1499779751      774   452203    4.7438
1499779752      764   452967    4.75181
1499779753      763   453730    4.75982
1499779754      756   454486    4.76775
1499779755      763   455249    4.77575
1499779756      776   456025    4.78389
1499779757      735   456760    4.7916
1499779758      771   457531    4.79969
1499779759      742   458273    4.80748
1499779760      748   459021    4.81532
1499779761      769   459790    4.82339
1499779762      775   460565    4.83152
1499779763      738   461303    4.83926
1499779764      763   462066    4.84727
1499779765      740   462806    4.85503
1499779766      751   463557    4.86291
1499779767      775   464332    4.87104
1499779768      733   465065    4.87873
1499779769      568   465633    4.88468
1499779770      596   466322    4.89191
1499779772      764   467124    4.90033
1499779773      781   467926    4.90874
1499779774      753   468728    4.91715
1499779775      778   469530    4.92557
1499779776      767   470297    4.93361
1499779777      769   471066    4.94168
1499779778      776   471842    4.94982
1499779779      776   472618    4.95796
1499779780      747   473365    4.9658
1499779781      763   474128    4.9738
1499779782      744   474872    4.98161
1499779783      759   475631    4.98957
1499779784      752   476383    4.99746
1499779785      776   477159    5.0056
1499779786      749   477908    5.01345
1499779787      749   478657    5.02131
1499779788      761   479418    5.02929
1499779789      764   480182    5.03731
1499779790      778   480960    5.04547
1499779791      740   481700    5.05323
1499779792      774   482474    5.06135
1499779793      746   483220    5.06918
1499779794      758   483978    5.07713
1499779795      775   484753    5.08526
1499779796      776   485529    5.0934
1499779797      725   486254    5.10101
1499779798      763   487017    5.10901
1499779799      751   487768    5.11689
1499779800      757   488525    5.12483
1499779801      773   489298    5.13294
1499779802      221   489528    5.13535
1499779803      753   490330    5.14377
1499779804      767   491097    5.15181
1499779805      755   491852    5.15973
1499779806      754   492606    5.16764
1499779807      778   493384    5.1758
1499779808      778   494162    5.18397
1499779809      718   494891    5.19161
1499779810      712   495603    5.19908
1499779811      750   496353    5.20695
1499779812      775   497128    5.21508
1499779813      762   497890    5.22307
1499779814      739   498650    5.23105
1499779815      744   499394    5.23885
