1484740123      1448   1448    0.0110474
1484740124      1416   2864    0.0218506
1484740125      1445   4309    0.0328751
1484740126      1421   5730    0.0437164
1484740127      807   6706    0.0511627
1484740128      1157   7863    0.0599899
1484740129      759   8851    0.0675278
1484740130      1136   9987    0.0761948
1484740131      574   10561    0.080574
1484740132      1147   11708    0.089325
1484740133      791   12696    0.0968628
1484740134      1047   13743    0.104851
1484740136      870   14841    0.113228
1484740137      886   15826    0.120743
1484740138      1082   16908    0.128998
1484740139      829   17971    0.137108
1484740140      1177   19148    0.146088
1484740141      830   20116    0.153473
1484740142      930   21101    0.160988
1484740143      1088   22189    0.169289
1484740144      987   23176    0.176819
1484740145      885   24061    0.183571
1484740146      1035   25096    0.191467
1484740147      679   25775    0.196648
1484740148      776   26551    0.202568
1484740149      966   27517    0.209938
1484740150      816   28521    0.217598
1484740151      1171   29692    0.226532
1484740152      882   30574    0.233261
1484740154      658   31381    0.239418
1484740155      896   32366    0.246933
1484740156      1158   33524    0.255768
1484740157      785   34511    0.263298
1484740158      1199   35710    0.272446
1484740159      824   36656    0.279663
1484740160      883   37641    0.287178
1484740161      1033   38674    0.295059
1484740162      933   39786    0.303543
1484740163      1037   40823    0.311455
1484740165      884   41931    0.319908
1484740166      805   42916    0.327423
1484740167      1202   44118    0.336594
1484740168      773   45061    0.343788
1484740169      1145   46206    0.352524
1484740170      797   47206    0.360153
1484740171      794   48000    0.366211
1484740172      807   48906    0.373123
1484740173      1208   50114    0.382339
1484740175      779   51051    0.389488
1484740176      1085   52136    0.397766
1484740177      577   52751    0.402458
1484740178      1082   53833    0.410713
1484740179      778   54896    0.418823
1484740180      1093   55989    0.427162
1484740181      953   56942    0.434433
1484740182      875   57817    0.441109
1484740183      512   58329    0.445015
1484740184      884   59456    0.453613
1484740185      1199   60655    0.462761
1484740186      849   61601    0.469978
1484740187      1090   62691    0.478294
1484740188      646   63337    0.483223
1484740189      1167   64504    0.492126
1484740190      842   65346    0.49855
1484740192      737   66161    0.504768
1484740193      1173   67334    0.513718
1484740194      858   68306    0.521133
1484740195      815   69291    0.528648
1484740196      957   70248    0.53595
1484740197      871   71436    0.545013
1484740198      1204   72640    0.554199
1484740199      792   73581    0.561378
1484740201      859   74566    0.568893
1484740202      1205   75771    0.578087
1484740203      785   76711    0.585258
1484740204      1082   77793    0.593513
1484740205      890   78856    0.601624
1484740206      824   79841    0.609138
1484740207      1076   80917    0.617348
1484740208      862   81779    0.623924
1484740209      730   82701    0.630959
1484740210      1105   83806    0.639389
1484740211      899   84705    0.646248
1484740213      961   85831    0.654839
1484740214      1180   87011    0.663841
1484740215      864   87976    0.671204
1484740216      1204   89180    0.680389
1484740217      982   90162    0.687881
1484740218      860   91106    0.695084
1484740219      1194   92300    0.704193
1484740220      911   93251    0.711449
1484740221      1094   94345    0.719795
1484740222      857   95202    0.726334
1484740223      979   96381    0.735329
1484740224      1158   97539    0.744164
1484740225      823   98526    0.751694
1484740226      1215   99741    0.760963
1484740227      974   100715    0.768394
1484740228      838   101656    0.775574
1484740229      1212   102868    0.784821
1484740231      833   103801    0.791939
1484740232      1210   105011    0.80117
1484740233      821   105832    0.807434
1484740234      960   106931    0.815819
1484740235      1200   108131    0.824974
1484740236      840   109076    0.832184
1484740237      1055   110131    0.840233
1484740238      975   111106    0.847672
1484740239      867   112206    0.856064
1484740240      1212   113418    0.865311
1484740241      830   114351    0.872429
1484740242      1150   115501    0.881203
1484740243      873   116374    0.887863
1484740244      894   117481    0.896309
1484740245      1190   118671    0.905388
1484740246      914   119626    0.912674
1484740247      1122   120748    0.921234
1484740248      955   121703    0.92852
1484740250      914   122756    0.936554
1484740251      1210   123966    0.945786
1484740252      876   124901    0.952919
1484740253      1116   126017    0.961433
1484740254      885   126902    0.968185
1484740255      882   128031    0.976799
1484740256      1183   129214    0.985825
1484740257      787   130176    0.993164
1484740258      1020   131196    1.00095
1484740259      858   132054    1.00749
1484740260      965   133019    1.01485
1484740261      865   134021    1.0225
1484740262      1053   135074    1.03053
1484740264      864   136166    1.03886
1484740265      842   137151    1.04638
1484740266      1086   138237    1.05466
1484740267      921   139158    1.06169
1484740268      815   140011    1.0682
1484740269      1017   141028    1.07596
1484740270      1120   142148    1.0845
1484740271      662   142810    1.08955
1484740272      832   143856    1.09753
1484740273      1174   145030    1.10649
1484740274      822   146001    1.1139
1484740275      1204   147205    1.12309
1484740276      778   147983    1.12902
1484740277      984   148967    1.13653
1484740278      789   149846    1.14323
1484740279      869   150715    1.14986
1484740280      608   151323    1.1545
1484740281      1117   152440    1.16302
1484740282      566   153006    1.16734
1484740283      1111   154117    1.17582
1484740284      960   155077    1.18314
1484740285      746   155836    1.18893
1484740286      1135   156971    1.19759
1484740288      817   157981    1.2053
1484740289      842   158966    1.21281
1484740290      1168   160134    1.22173
1484740291      776   161111    1.22918
1484740292      1141   162252    1.23788
1484740293      837   163256    1.24554
1484740294      821   164241    1.25306
1484740295      950   165191    1.26031
1484740296      1101   166292    1.26871
1484740298      754   167101    1.27488
1484740299      1113   168214    1.28337
1484740300      787   169001    1.28938
1484740301      973   169974    1.2968
1484740302      855   170946    1.30421
1484740303      977   171923    1.31167
1484740304      1144   173067    1.3204
1484740305      710   173806    1.32603
1484740306      832   174791    1.33355
1484740307      1098   175889    1.34193
1484740308      836   176936    1.34991
1484740309      1173   178109    1.35886
1484740310      820   179081    1.36628
1484740311      943   180066    1.37379
1484740312      1070   181136    1.38196
1484740314      910   182211    1.39016
1484740315      1049   183260    1.39816
1484740316      835   184356    1.40652
1484740317      977   185341    1.41404
1484740318      1048   186389    1.42204
1484740319      1080   187469    1.43027
1484740320      725   188201    1.43586
1484740321      974   189175    1.44329
1484740322      727   189902    1.44884
1484740323      1078   190980    1.45706
1484740324      961   191941    1.46439
1484740325      792   192761    1.47065
1484740326      1152   193913    1.47944
1484740327      838   194906    1.48701
1484740328      849   195891    1.49453
1484740329      1210   197101    1.50376
1484740330      817   198036    1.51089
1484740331      1189   199225    1.51997
1484740333      768   200181    1.52726
1484740334      983   201164    1.53476
1484740335      638   201881    1.54023
1484740336      1075   202956    1.54843
1484740337      973   203929    1.55585
1484740338      900   204829    1.56272
1484740339      832   205726    1.56956
1484740340      964   206690    1.57692
1484740341      917   207871    1.58593
1484740342      1063   208934    1.59404
1484740343      874   210016    1.60229
1484740345      807   211001    1.60981
1484740346      1086   212087    1.6181
1484740347      932   213019    1.62521
1484740348      709   213861    1.63163
1484740349      1167   215028    1.64053
1484740350      826   216006    1.64799
1484740351      955   216991    1.65551
1484740352      972   217963    1.66293
1484740353      868   219136    1.67188
1484740354      1103   220239    1.68029
1484740355      1015   221254    1.68803
1484740356      896   222150    1.69487
1484740357      739   222981    1.70121
1484740358      1113   224094    1.7097
1484740360      818   225126    1.71758
1484740361      1048   226174    1.72557
1484740362      681   226855    1.73077
1484740363      1129   227984    1.73938
1484740364      968   228952    1.74677
1484740365      782   229734    1.75273
1484740366      1126   230860    1.76132
1484740367      837   231831    1.76873
1484740368      896   232816    1.77625
1484740369      1156   233972    1.78506
1484740370      840   234961    1.79261
1484740371      1197   236158    1.80174
1484740372      812   237106    1.80898
1484740373      888   238091    1.81649
1484740374      953   239044    1.82376
1484740376      986   240236    1.83286
1484740377      1045   241281    1.84083
1484740378      654   242381    1.84922
1484740379      869   243366    1.85674
1484740380      1203   244569    1.86591
1484740382      779   245511    1.8731
1484740383      1025   246536    1.88092
1484740384      884   247656    1.88947
1484740385      852   248641    1.89698
1484740386      1200   249841    1.90614
1484740387      828   250786    1.91335
1484740388      1206   251992    1.92255
1484740389      820   252931    1.92971
1484740391      822   253916    1.93723
1484740392      977   254893    1.94468
1484740393      955   256061    1.95359
1484740394      1078   257139    1.96181
1484740395      863   258206    1.96996
1484740396      870   259191    1.97747
1484740397      1188   260379    1.98653
1484740398      838   261336    1.99384
1484740399      1201   262537    2.003
1484740400      831   263481    2.0102
1484740402      820   264466    2.01772
1484740403      1209   265675    2.02694
1484740404      843   266611    2.03408
1484740405      1093   267704    2.04242
1484740406      885   268756    2.05045
1484740407      844   269741    2.05796
1484740408      1210   270951    2.06719
1484740409      777   271886    2.07433
1484740410      1041   272927    2.08227
1484740411      966   274031    2.09069
1484740413      832   275016    2.09821
1484740414      1197   276213    2.10734
1484740415      805   277161    2.11457
1484740416      1047   278208    2.12256
1484740417      936   279306    2.13094
1484740418      807   280113    2.13709
1484740419      798   281006    2.14391
1484740420      1208   282214    2.15312
1484740421      846   283151    2.16027
1484740422      1091   284242    2.16859
1484740423      631   284873    2.17341
1484740424      1202   286075    2.18258
1484740425      784   286996    2.18961
1484740426      970   287966    2.19701
1484740428      940   289141    2.20597
1484740429      951   290126    2.21349
1484740430      984   291110    2.22099
1484740431      867   292271    2.22985
1484740432      1212   293483    2.2391
1484740433      820   294416    2.24622
1484740435      724   295401    2.25373
1484740436      1197   296598    2.26286
1484740437      796   297546    2.2701
1484740438      1090   298636    2.27841
1484740439      937   299691    2.28646
1484740440      823   300676    2.29398
1484740441      977   301653    2.30143
1484740442      877   302821    2.31034
1484740443      974   303795    2.31777
1484740445      987   304966    2.32671
1484740446      981   305951    2.33422
1484740447      1198   307149    2.34336
1484740448      819   308096    2.35059
1484740449      1204   309300    2.35977
1484740450      806   310241    2.36695
1484740451      977   311218    2.3744
1484740452      950   312168    2.38165
1484740453      1021   313189    2.38944
1484740454      774   314086    2.39629
1484740455      1210   315296    2.40552
1484740456      789   316231    2.41265
1484740457      857   317216    2.42017
1484740458      1207   318423    2.42937
1484740460      791   319361    2.43653
1484740461      968   320329    2.44392
1484740462      891   321506    2.4529
1484740463      822   322328    2.45917
1484740464      766   323206    2.46587
1484740465      1206   324412    2.47507
1484740466      793   325351    2.48223
1484740467      1162   326513    2.4911
1484740468      823   327336    2.49738
1484740469      996   328332    2.50497
1484740470      885   329217    2.51173
1484740471      955   330172    2.51901
1484740473      875   331341    2.52793
1484740474      975   332326    2.53545
1484740475      1116   333442    2.54396
1484740476      835   334471    2.55181
1484740477      1211   335682    2.56105
1484740478      785   336616    2.56818
1484740479      984   337601    2.57569
1484740480      967   338568    2.58307
1484740481      876   339746    2.59206
1484740482      1215   340961    2.60133
1484740483      789   341891    2.60842
1484740485      761   342876    2.61594
1484740486      1212   344088    2.62518
1484740487      787   345021    2.6323
1484740488      1181   346202    2.64131
1484740489      840   347166    2.64867
1484740490      969   348135    2.65606
1484740491      908   349043    2.66299
1484740492      1016   350059    2.67074
1484740493      794   351011    2.678
1484740494      1210   352221    2.68723
1484740495      788   353156    2.69437
1484740497      857   354141    2.70188
1484740498      1200   355341    2.71104
1484740499      829   356286    2.71825
1484740500      1207   357493    2.72746
1484740501      808   358431    2.73461
1484740502      618   359049    2.73933
1484740503      852   360131    2.74758
1484740504      1210   361341    2.75681
1484740505      792   362276    2.76395
1484740506      1210   363486    2.77318
1484740507      806   364292    2.77933
1484740508      1086   365378    2.78761
1484740509      851   366229    2.79411
1484740510      1038   367267    2.80202
1484740512      838   368266    2.80965
1484740513      951   369251    2.81716
1484740514      1210   370461    2.82639
1484740515      793   371396    2.83353
1484740516      1210   372606    2.84276
1484740517      787   373541    2.84989
1484740518      682   374526    2.85741
1484740519      1202   375728    2.86658
1484740521      811   376671    2.87377
1484740522      970   377641    2.88117
1484740523      987   378816    2.89014
1484740524      886   379801    2.89765
1484740525      1002   380803    2.9053
1484740526      978   381946    2.91402
1484740527      1044   382990    2.92198
1484740528      856   384091    2.93038
1484740529      955   385076    2.9379
1484740530      1213   386289    2.94715
1484740532      793   387221    2.95426
1484740533      1160   388381    2.96311
1484740534      850   389366    2.97063
1484740535      978   390351    2.97814
1484740536      1137   391488    2.98682
1484740537      879   392496    2.99451
1484740538      1210   393706    3.00374
1484740539      807   394641    3.01087
1484740540      886   395626    3.01839
1484740541      1208   396834    3.0276
1484740542      821   397771    3.03475
1484740543      1199   398970    3.0439
1484740544      792   399916    3.05112
1484740546      748   400901    3.05863
1484740547      1213   402114    3.06789
1484740548      849   403046    3.075
1484740549      1030   404076    3.08286
1484740550      968   405191    3.09136
1484740551      941   406176    3.09888
1484740552      1212   407388    3.10812
1484740553      913   408321    3.11524
1484740554      1215   409536    3.12451
1484740555      819   410466    3.13161
1484740556      958   411424    3.13892
1484740557      830   412254    3.14525
1484740558      1175   413429    3.15421
1484740559      900   414329    3.16108
1484740560      967   415296    3.16846
1484740562      871   416456    3.17731
1484740563      895   417351    3.18414
1484740564      791   418156    3.19028
1484740565      1157   419313    3.1991
1484740566      840   420301    3.20664
1484740567      1210   421511    3.21587
1484740568      975   422486    3.22331
1484740569      914   423431    3.23052
1484740570      1211   424642    3.23976
1484740571      824   425576    3.24689
1484740572      1204   426780    3.25607
1484740573      816   427596    3.2623
1484740574      997   428593    3.26991
1484740575      896   429489    3.27674
1484740576      982   430471    3.28423
1484740577      966   431566    3.29259
1484740578      874   432551    3.3001
1484740579      1199   433750    3.30925
1484740580      823   434696    3.31647
1484740581      1212   435908    3.32571
1484740582      819   436841    3.33283
1484740583      976   437817    3.34028
1484740585      644   438541    3.3458
1484740586      1214   439755    3.35506
1484740587      788   440686    3.36217
1484740588      986   441672    3.36969
1484740589      982   442831    3.37853
1484740590      815   443646    3.38475
1484740591      889   444535    3.39153
1484740592      1199   445734    3.40068
1484740593      825   446676    3.40787
1484740594      540   447391    3.41332
1484740595      969   448360    3.42072
1484740596      770   449130    3.42659
1484740597      1199   450329    3.43574
1484740599      805   451236    3.44266
1484740600      1198   452434    3.4518
1484740601      795   453381    3.45902
1484740602      974   454366    3.46654
1484740603      1199   455565    3.47569
1484740604      825   456511    3.4829
1484740605      1204   457715    3.49209
1484740606      821   458656    3.49927
1484740607      975   459641    3.50678
1484740608      1044   460685    3.51475
1484740609      898   461786    3.52315
1484740610      1210   462996    3.53238
1484740611      824   463931    3.53951
1484740612      980   464916    3.54703
1484740613      1088   466004    3.55533
1484740615      944   467061    3.56339
1484740616      1206   468267    3.57259
1484740617      832   469206    3.57976
1484740618      980   470191    3.58727
1484740619      1196   471387    3.5964
1484740620      850   472336    3.60364
1484740621      1198   473534    3.61278
1484740622      851   474481    3.62
1484740623      936   475417    3.62714
1484740624      865   476282    3.63374
1484740625      978   477260    3.6412
1484740626      897   478157    3.64805
1484740627      766   479041    3.65479
1484740628      982   480026    3.66231
1484740629      1016   481042    3.67006
1484740630      966   482171    3.67867
1484740631      977   483148    3.68613
1484740632      984   484316    3.69504
1484740634      697   485301    3.70255
1484740635      1211   486512    3.71179
1484740636      838   487446    3.71892
1484740637      1098   488544    3.72729
1484740638      886   489591    3.73528
1484740639      973   490576    3.7428
1484740640      1212   491788    3.75204
1484740641      798   492721    3.75916
1484740642      1205   493926    3.76836
1484740643      807   494866    3.77553
1484740644      980   495851    3.78304
1484740645      977   496828    3.7905
1484740647      971   497996    3.79941
1484740648      1206   499202    3.80861
