1500027086      998   998    0
1500027087      1000   1998    0
1500027088      999   2997    0
1500027089      1000   3997    0
1500027090      999   4996    0
1500027091      1000   5996    0
1500027092      999   6995    0
1500027093      1000   7995    0
1500027094      999   8994    0
1500027095      1000   9994    0
1500027096      999   10993    0
1500027097      1000   11993    0
1500027098      999   12992    0
1500027099      1000   13992    0
1500027100      1000   14992    0
1500027101      999   15991    0
1500027102      1000   16991    0
1500027103      999   17990    0
1500027104      1000   18990    0
1500027105      999   19989    0
1500027106      999   20988    0
1500027107      999   21987    0
1500027108      1000   22987    0
1500027109      999   23986    0
1500027110      1000   24986    0
1500027111      999   25985    0
1500027112      1000   26985    0
1500027113      999   27984    0
1500027114      1000   28984    0
1500027115      1000   29984    0
1500027116      999   30983    0
1500027117      1000   31983    0
1500027118      999   32982    0
1500027119      1000   33982    0
1500027120      999   34981    0
1500027121      1000   35981    0
1500027122      999   36980    0
1500027123      1000   37980    0
1500027124      999   38979    0
1500027125      1000   39979    0
1500027126      999   40978    0
1500027127      1000   41978    0
1500027128      999   42977    0
1500027129      1000   43977    0
1500027130      1000   44977    0
1500027131      999   45976    0
1500027132      1000   46976    0
1500027133      999   47975    0
1500027134      1000   48975    0
1500027135      999   49974    0
1500027136      1000   50974    0
1500027137      1000   51974    0
1500027138      999   52973    0
1500027139      1000   53973    0
1500027140      999   54972    0
1500027141      1000   55972    0
1500027142      999   56971    0
1500027143      1000   57971    0
1500027144      999   58970    0
1500027145      1000   59970    0
1500027146      999   60969    0
1500027147      1000   61969    0
1500027148      999   62968    0
1500027149      1000   63968    0
1500027150      999   64967    0
1500027151      1000   65967    0
1500027152      1000   66967    0
1500027153      999   67966    0
1500027154      1000   68966    0
1500027155      999   69965    0
1500027156      1000   70965    0
1500027157      999   71964    0
1500027158      965   72929    0
1500027159      999   73928    0
1500027160      1000   74928    0
1500027161      945   75873    0
1500027162      1000   76873    0
1500027163      999   77872    0
1500027164      1000   78872    0
1500027165      934   79806    0
1500027166      1000   80806    0
1500027167      1000   81806    0
1500027168      948   82754    0
1500027169      1000   83754    0
1500027170      999   84753    0
1500027171      949   85702    0
1500027172      999   86701    0
1500027173      1000   87701    0
1500027174      942   88656    0
1500027175      1007   89663    0
1500027176      999   90662    0
1500027177      1000   91662    0
1500027178      948   92610    0
1500027179      1000   93610    0
1500027180      999   94609    0
1500027181      949   95558    0
1500027182      999   96557    0
1500027183      1000   97557    0
1500027184      948   98505    0
1500027185      1000   99505    0
1500027186      1000   100505    0
1500027187      999   101504    0
1500027188      949   102453    0
1500027189      999   103452    0
1500027190      1000   104452    0
1500027191      945   105397    0
1500027192      1000   106397    0
1500027193      999   107396    0
1500027194      949   108345    0
1500027195      999   109344    0
1500027196      1000   110344    0
1500027197      999   111343    0
1500027198      939   112282    0
1500027199      999   113281    0
1500027200      1000   114281    0
1500027201      949   115230    0
1500027202      999   116229    0
1500027203      1000   117229    0
1500027204      948   118177    0
1500027205      1000   119177    0
1500027206      999   120176    0
1500027207      944   121166    0
1500027208      1007   122173    0
1500027209      999   123172    0
1500027210      1000   124172    0
1500027211      948   125120    0
1500027212      1000   126120    0
1500027213      999   127119    0
1500027214      927   128046    0
1500027215      999   129045    0
1500027216      1000   130045    0
1500027217      948   130993    0
1500027218      1000   131993    0
1500027219      1000   132993    0
1500027220      999   133992    0
1500027221      947   134939    0
1500027222      999   135938    0
1500027223      1000   136938    0
1500027224      945   137883    0
1500027225      1000   138883    0
1500027226      999   139882    0
1500027227      949   140831    0
1500027228      999   141830    0
1500027229      1000   142830    0
1500027230      999   143829    0
1500027231      930   144759    0
1500027232      947   145706    0
1500027233      1000   146706    0
1500027234      1000   147706    0
1500027235      948   148654    0
1500027236      1000   149654    0
1500027237      999   150653    0
1500027238      949   151602    0
1500027239      999   152601    0
1500027240      1000   153601    0
1500027241      942   154554    0
1500027242      1006   155560    0
1500027243      1000   156560    0
1500027244      1000   157560    0
1500027245      931   158491    0
1500027246      1000   159491    0
1500027247      996   160487    0
1500027248      943   161430    0
1500027249      999   162429    0
1500027250      1000   163429    0
1500027251      947   164376    0
1500027252      1000   165376    0
1500027253      999   166375    0
1500027254      1000   167375    0
1500027255      948   168323    0
1500027256      1000   169323    0
1500027257      1000   170323    0
1500027258      948   171271    0
1500027259      1000   172271    0
1500027260      999   173270    0
1500027261      949   174219    0
1500027262      999   175218    0
1500027263      1000   176218    0
1500027264      999   177217    0
1500027265      935   178152    0
1500027266      999   179151    0
1500027267      1000   180151    0
1500027268      935   181086    0
1500027269      1000   182086    0
1500027270      999   183085    0
1500027271      949   184034    0
1500027272      1000   185034    0
1500027273      999   186033    0
1500027274      1000   187033    0
1500027275      929   187962    0
1500027276      1000   188962    0
1500027277      999   189961    0
1500027278      949   190910    0
1500027279      999   191909    0
1500027280      1000   192909    0
1500027281      948   193857    0
1500027282      1000   194857    0
1500027283      999   195856    0
1500027284      943   196817    0
1500027285      1006   197823    0
1500027286      1000   198823    0
1500027287      999   199822    0
1500027288      949   200771    0
1500027289      999   201770    0
1500027290      1000   202770    0
1500027291      949   203719    0
1500027292      999   204718    0
1500027293      1000   205718    0
1500027294      948   206666    0
1500027295      1000   207666    0
1500027296      999   208665    0
1500027297      1000   209665    0
1500027298      948   210613    0
1500027299      1000   211613    0
1500027300      999   212612    0
1500027301      942   213554    0
1500027302      999   214553    0
1500027303      1000   215553    0
1500027304      948   216501    0
1500027305      959   217460    0
1500027306      1000   218460    0
1500027307      999   219459    0
1500027308      944   220452    0
1500027309      1007   221459    0
1500027310      999   222458    0
1500027311      1000   223458    0
1500027312      948   224406    0
1500027313      1000   225406    0
1500027314      999   226405    0
1500027315      949   227354    0
1500027316      995   228349    0
1500027317      998   229347    0
1500027318      949   230296    0
1500027319      999   231295    0
1500027320      1000   232295    0
1500027321      999   233294    0
1500027322      925   234219    0
1500027323      999   235218    0
1500027324      1000   236218    0
1500027325      945   237163    0
1500027326      1000   238163    0
1500027327      999   239162    0
1500027328      942   240104    0
1500027329      999   241103    0
1500027330      1000   242103    0
1500027331      1000   243103    0
1500027332      919   244022    0
1500027333      1000   245022    0
1500027334      999   246021    0
1500027335      949   246970    0
1500027336      999   247969    0
1500027337      1000   248969    0
1500027338      948   249917    0
1500027339      1000   250917    0
1500027340      999   251916    0
1500027341      1000   252916    0
1500027342      923   253839    0
1500027343      1000   254839    0
1500027344      1000   255839    0
1500027345      940   256779    0
1500027346      1000   257779    0
1500027347      999   258778    0
1500027348      949   259727    0
1500027349      999   260726    0
1500027350      1000   261726    0
1500027351      943   262715    0
1500027352      1007   263722    0
1500027353      999   264721    0
1500027354      999   265720    0
1500027355      941   266661    0
1500027356      1000   267661    0
1500027357      999   268660    0
1500027358      949   269609    0
1500027359      1000   270609    0
1500027360      999   271608    0
1500027361      933   272541    0
1500027362      999   273540    0
1500027363      1000   274540    0
1500027364      999   275539    0
1500027365      949   276488    0
1500027366      999   277487    0
1500027367      1000   278487    0
1500027368      948   279435    0
1500027369      1000   280435    0
1500027370      999   281434    0
1500027371      949   282383    0
1500027372      999   283382    0
1500027373      1000   284382    0
1500027374      1000   285382    0
1500027375      931   286313    0
1500027376      1000   287313    0
1500027377      999   288312    0
1500027378      936   289248    0
1500027379      958   290206    0
1500027380      1000   291206    0
1500027381      999   292205    0
1500027382      933   293138    0
1500027383      999   294137    0
1500027384      1000   295137    0
1500027385      943   296103    0
1500027386      1006   297109    0
1500027387      1000   298109    0
1500027388      999   299108    0
1500027389      949   300057    0
1500027390      999   301056    0
1500027391      1000   302056    0
1500027392      948   303004    0
1500027393      1000   304004    0
1500027394      999   305003    0
1500027395      949   305952    0
1500027396      999   306951    0
1500027397      998   307949    0
1500027398      1000   308949    0
1500027399      945   309894    0
1500027400      1000   310894    0
1500027401      999   311893    0
1500027402      949   312842    0
1500027403      999   313841    0
1500027404      1000   314841    0
1500027405      948   315789    0
1500027406      1000   316789    0
1500027407      999   317788    0
1500027408      1000   318788    0
1500027409      929   319717    0
1500027410      1000   320717    0
1500027411      999   321716    0
1500027412      926   322642    0
1500027413      1000   323642    0
1500027414      999   324641    0
1500027415      949   325590    0
1500027416      999   326589    0
1500027417      1000   327589    0
1500027418      999   328588    0
1500027419      936   329524    0
1500027420      999   330523    0
1500027421      1000   331523    0
1500027422      948   332471    0
1500027423      1000   333471    0
1500027424      999   334470    0
1500027425      949   335419    0
1500027426      1000   336419    0
1500027427      999   337418    0
1500027428      942   338366    0
1500027429      1007   339373    0
1500027430      999   340372    0
1500027431      1000   341372    0
1500027432      940   342312    0
1500027433      1000   343312    0
1500027434      1000   344312    0
1500027435      948   345260    0
1500027436      1000   346260    0
1500027437      999   347259    0
1500027438      941   348200    0
1500027439      999   349199    0
1500027440      1000   350199    0
1500027441      999   351198    0
1500027442      947   352145    0
1500027443      999   353144    0
1500027444      1000   354144    0
1500027445      948   355092    0
1500027446      1000   356092    0
1500027447      999   357091    0
1500027448      949   358040    0
1500027449      1000   359040    0
1500027450      996   360036    0
1500027451      1000   361036    0
1500027452      929   361965    0
1500027453      947   362912    0
1500027454      996   363908    0
1500027455      1000   364908    0
1500027456      948   365856    0
1500027457      1000   366856    0
1500027458      999   367855    0
1500027459      941   368796    0
1500027460      999   369795    0
1500027461      1000   370795    0
1500027462      942   371754    0
1500027463      1007   372761    0
1500027464      999   373760    0
1500027465      1000   374760    0
1500027466      948   375708    0
1500027467      1000   376708    0
1500027468      999   377707    0
1500027469      949   378656    0
1500027470      999   379655    0
1500027471      1000   380655    0
1500027472      947   381602    0
1500027473      1000   382602    0
1500027474      999   383601    0
1500027475      1000   384601    0
1500027476      946   385547    0
1500027477      999   386546    0
1500027478      1000   387546    0
1500027479      948   388494    0
1500027480      1000   389494    0
1500027481      999   390493    0
1500027482      945   391438    0
1500027483      999   392437    0
1500027484      1000   393437    0
1500027485      999   394436    0
1500027486      930   395366    0
1500027487      999   396365    0
1500027488      1000   397365    0
1500027489      949   398314    0
1500027490      999   399313    0
1500027491      1000   400313    0
1500027492      942   401255    0
1500027493      1000   402255    0
1500027494      999   403254    0
1500027495      1000   404254    0
1500027496      931   405185    0
1500027497      1000   406185    0
1500027498      999   407184    0
1500027499      949   408133    0
1500027500      999   409132    0
1500027501      1000   410132    0
1500027502      949   411081    0
1500027503      999   412080    0
1500027504      1000   413080    0
1500027505      948   414028    0
1500027506      1000   415028    0
1500027507      999   416027    0
1500027508      1000   417027    0
1500027509      932   417959    0
1500027510      1000   418959    0
1500027511      999   419958    0
1500027512      949   420907    0
1500027513      999   421906    0
1500027514      1000   422906    0
1500027515      942   423848    0
1500027516      1000   424848    0
1500027517      1000   425848    0
1500027518      999   426847    0
1500027519      949   427796    0
1500027520      999   428795    0
1500027521      1000   429795    0
1500027522      948   430743    0
1500027523      1000   431743    0
1500027524      999   432742    0
1500027525      949   433691    0
1500027526      952   434643    0
1500027527      1000   435643    0
1500027528      999   436642    0
1500027529      1000   437642    0
1500027530      930   438572    0
1500027531      999   439571    0
1500027532      1000   440571    0
1500027533      948   441519    0
1500027534      1000   442519    0
1500027535      999   443518    0
1500027536      925   444443    0
1500027537      999   445442    0
1500027538      1000   446442    0
1500027539      942   447405    0
1500027540      1007   448412    0
1500027541      999   449411    0
1500027542      1000   450411    0
1500027543      948   451359    0
1500027544      1000   452359    0
1500027545      999   453358    0
1500027546      949   454307    0
1500027547      999   455306    0
1500027548      1000   456306    0
1500027549      948   457254    0
1500027550      1000   458254    0
1500027551      1000   459254    0
1500027552      999   460253    0
1500027553      949   461202    0
1500027554      999   462201    0
1500027555      1000   463201    0
1500027556      926   464127    0
1500027557      1000   465127    0
1500027558      999   466126    0
1500027559      942   467068    0
1500027560      999   468067    0
1500027561      1000   469067    0
1500027562      999   470066    0
1500027563      924   470990    0
1500027564      998   471988    0
1500027565      999   472987    0
1500027566      949   473936    0
1500027567      999   474935    0
1500027568      1000   475935    0
1500027569      948   476883    0
1500027570      1000   477883    0
1500027571      999   478882    0
1500027572      1000   479882    0
1500027573      948   480830    0
1500027574      1000   481830    0
1500027575      999   482829    0
1500027576      949   483778    0
1500027577      1000   484778    0
1500027578      999   485777    0
1500027579      949   486726    0
1500027580      999   487725    0
1500027581      1000   488725    0
1500027582      941   489668    0
1500027583      1007   490675    0
1500027584      999   491674    0
1500027585      1000   492674    0
1500027586      948   493622    0
1500027587      1000   494622    0
1500027588      999   495621    0
1500027589      949   496570    0
1500027590      999   497569    0
1500027591      1000   498569    0
1500027592      936   499505    0
