1500025695      999   999    0.0142908
1500025696      999   1998    0.0285816
1500025697      1000   2998    0.0428867
1500025698      937   3935    0.0562906
1500025699      699   4634    0.0662899
1500025700      752   5525    0.0790358
1500025701      749   6479    0.0926828
1500025702      544   7233    0.103469
1500025704      724   8187    0.117116
1500025705      762   9141    0.130763
1500025706      763   10095    0.14441
1500025707      608   10849    0.155196
1500025709      766   11803    0.168843
1500025710      732   12757    0.18249
1500025711      738   13711    0.196137
1500025712      655   14465    0.206923
1500025714      732   15419    0.220571
1500025715      754   16373    0.234218
1500025716      759   17327    0.247865
1500025718      599   18081    0.258651
1500025719      762   19035    0.272298
1500025720      768   19989    0.285945
1500025721      724   20943    0.299592
1500025723      608   21697    0.310378
1500025724      693   22651    0.324025
1500025725      744   23605    0.337672
1500025726      766   24559    0.351319
1500025728      592   25313    0.362105
1500025729      738   26267    0.375752
1500025730      769   27221    0.3894
1500025731      769   28175    0.403047
1500025733      610   28929    0.413833
1500025734      742   29883    0.42748
1500025735      743   30837    0.441127
1500025737      769   31791    0.454774
1500025738      611   32545    0.46556
1500025739      764   33499    0.479207
1500025740      741   34453    0.492854
1500025742      763   35407    0.506501
1500025743      707   36161    0.517287
1500025744      726   37115    0.530934
1500025745      757   38069    0.544581
1500025746      768   39023    0.558228
1500025748      612   39777    0.569015
1500025749      764   40731    0.582662
1500025750      761   41685    0.596309
1500025751      728   42639    0.609956
1500025753      613   43393    0.620742
1500025754      766   44347    0.634389
1500025755      763   45301    0.648036
1500025756      745   46255    0.661683
1500025758      599   47009    0.672469
1500025759      713   47963    0.686116
1500025760      707   48917    0.699763
1500025762      767   49871    0.71341
1500025763      589   50625    0.724196
1500025764      733   51579    0.737844
1500025766      760   52533    0.751491
1500025767      765   53487    0.765138
1500025768      592   54241    0.775924
1500025769      764   55195    0.789571
1500025771      744   56149    0.803218
1500025772      765   57103    0.816865
1500025773      588   57857    0.827651
1500025774      754   58811    0.841298
1500025776      763   59765    0.854945
1500025777      762   60719    0.868592
1500025778      603   61473    0.879378
1500025779      765   62427    0.893025
1500025781      762   63381    0.906672
1500025782      754   64335    0.92032
1500025783      578   65089    0.931106
1500025784      763   66043    0.944753
1500025786      730   66997    0.9584
1500025787      759   67951    0.972047
1500025788      578   68705    0.982833
1500025790      763   69659    0.99648
1500025791      733   70613    1.01013
1500025792      767   71567    1.02377
1500025793      588   72321    1.03456
1500025795      739   73275    1.04821
1500025796      764   74229    1.06185
1500025797      767   75183    1.0755
1500025798      598   75937    1.08629
1500025800      728   76891    1.09993
1500025801      769   77845    1.11358
1500025802      767   78799    1.12723
1500025804      512   79553    1.13801
1500025805      738   80507    1.15166
1500025806      738   81461    1.16531
1500025808      742   82415    1.17896
1500025809      605   83169    1.18974
1500025810      766   84123    1.20339
1500025811      766   85077    1.21704
1500025813      741   86031    1.23068
1500025814      604   86785    1.24147
1500025815      746   87739    1.25512
1500025816      736   88693    1.26876
1500025818      767   89647    1.28241
1500025819      600   90401    1.2932
1500025820      739   91355    1.30684
1500025821      767   92309    1.32049
1500025823      764   93263    1.33414
1500025824      586   94017    1.34492
1500025825      747   94971    1.35857
1500025826      765   95925    1.37222
1500025828      738   96879    1.38587
1500025829      591   97633    1.39665
1500025830      768   98587    1.4103
1500025832      744   99541    1.42395
1500025833      735   100495    1.43759
1500025834      586   101249    1.44838
1500025835      747   102203    1.46203
1500025837      764   103157    1.47567
1500025838      762   104111    1.48932
1500025839      583   104865    1.50011
1500025840      752   105819    1.51375
1500025842      763   106773    1.5274
1500025843      698   107727    1.54105
1500025844      600   108481    1.55183
1500025846      735   109435    1.56548
1500025847      763   110389    1.57913
1500025848      766   111343    1.59277
1500025849      603   112097    1.60356
1500025851      728   113051    1.61721
1500025852      739   114005    1.63085
1500025853      764   114959    1.6445
1500025855      599   115713    1.65529
1500025856      763   116667    1.66893
1500025857      764   117621    1.68258
1500025858      727   118575    1.69623
1500025860      595   119329    1.70702
1500025861      603   120283    1.72066
1500025862      769   121237    1.73431
1500025864      739   122191    1.74796
1500025865      583   122945    1.75874
1500025866      739   123899    1.77239
1500025868      766   124853    1.78604
1500025869      736   125807    1.79968
1500025870      601   126561    1.81047
1500025871      740   127515    1.82412
1500025873      763   128469    1.83776
1500025874      711   129423    1.85141
1500025875      508   130177    1.8622
1500025877      676   131131    1.87584
1500025878      702   132085    1.88949
1500025879      754   133039    1.90314
1500025881      516   133793    1.91392
1500025882      731   134747    1.92757
1500025884      703   135701    1.94122
1500025885      762   136655    1.95487
1500025886      594   137409    1.96565
1500025887      736   138363    1.9793
1500025889      727   139317    1.99295
1500025890      761   140271    2.00659
1500025891      604   141025    2.01738
1500025892      759   141979    2.03103
1500025894      729   142933    2.04467
1500025895      763   143887    2.05832
1500025896      607   144641    2.06911
1500025898      765   145595    2.08275
1500025899      766   146549    2.0964
1500025900      718   147503    2.11005
1500025901      613   148257    2.12083
1500025903      731   149211    2.13448
1500025904      739   150165    2.14813
1500025905      765   151119    2.16177
1500025906      603   151873    2.17256
1500025908      762   152827    2.18621
1500025909      764   153781    2.19985
1500025910      762   154735    2.2135
1500025912      555   155489    2.22429
1500025913      729   156443    2.23794
1500025914      764   157397    2.25158
1500025915      738   158351    2.26523
1500025917      598   159105    2.27602
1500025918      765   160059    2.28966
1500025919      735   161013    2.30331
1500025920      765   161967    2.31696
1500025922      584   162721    2.32774
1500025923      763   163675    2.34139
1500025924      740   164629    2.35504
1500025926      762   165583    2.36868
1500025927      599   166337    2.37947
1500025928      766   167291    2.39312
1500025929      759   168245    2.40676
1500025931      767   169199    2.42041
1500025932      667   169953    2.4312
1500025933      727   170907    2.44484
1500025934      755   171861    2.45849
1500025936      691   172815    2.47214
1500025937      534   173569    2.48292
1500025938      678   174523    2.49657
1500025940      670   175477    2.51022
1500025941      690   176431    2.52387
1500025943      515   177185    2.53465
1500025944      653   178139    2.5483
1500025946      674   179093    2.56195
1500025947      684   180047    2.57559
1500025948      517   180801    2.58638
1500025950      638   181755    2.60003
1500025951      701   182709    2.61367
1500025953      677   183663    2.62732
1500025954      580   184417    2.63811
1500025955      751   185371    2.65175
1500025957      692   186325    2.6654
1500025958      677   187279    2.67905
1500025960      513   188033    2.68983
1500025961      665   188987    2.70348
1500025962      672   189941    2.71713
1500025964      678   190895    2.73077
1500025965      500   191649    2.74156
1500025967      671   192603    2.75521
1500025968      686   193557    2.76886
1500025969      674   194511    2.7825
1500025971      514   195265    2.79329
1500025972      748   196219    2.80694
1500025974      696   197173    2.82058
1500025975      604   198127    2.83423
1500025976      646   198881    2.84502
1500025978      758   199835    2.85866
1500025979      755   200789    2.87231
1500025980      754   201743    2.88596
1500025981      574   202497    2.89674
1500025983      680   203451    2.91039
1500025984      691   204405    2.92404
1500025986      718   205359    2.93768
1500025987      512   206113    2.94847
1500025988      676   207067    2.96212
1500025990      693   208021    2.97576
1500025991      695   208975    2.98941
1500025992      584   209729    3.0002
1500025994      726   210683    3.01384
1500025995      695   211637    3.02749
1500025996      727   212591    3.04114
1500025998      525   213345    3.05192
1500025999      703   214299    3.06557
1500026001      709   215253    3.07922
1500026002      719   216207    3.09287
1500026003      536   216961    3.10365
1500026005      674   217915    3.1173
1500026006      685   218869    3.13095
1500026008      669   219823    3.14459
1500026009      521   220577    3.15538
1500026010      661   221531    3.16903
1500026012      683   222485    3.18267
1500026013      689   223439    3.19632
1500026015      536   224193    3.20711
1500026016      746   225147    3.22075
1500026017      753   226101    3.2344
1500026019      726   227055    3.24805
1500026020      584   227809    3.25883
1500026021      751   228763    3.27248
1500026022      671   229717    3.28613
1500026024      730   230671    3.29978
1500026025      578   231425    3.31056
1500026026      760   232379    3.32421
1500026028      734   233333    3.33786
1500026029      721   234287    3.3515
1500026030      570   235041    3.36229
1500026032      746   235995    3.37594
1500026033      755   236949    3.38958
1500026034      747   237903    3.40323
1500026036      529   238657    3.41402
1500026037      761   239611    3.42766
1500026038      753   240565    3.44131
1500026039      694   241519    3.45496
1500026041      565   242273    3.46574
1500026042      755   243227    3.47939
1500026043      756   244181    3.49304
1500026045      758   245135    3.50668
1500026046      577   245889    3.51747
1500026047      753   246843    3.53112
1500026048      730   247797    3.54476
1500026050      729   248751    3.55841
1500026051      589   249505    3.5692
