1488171455      999   999    0.0104799
1488171456      1000   1999    0.0209703
1488171457      1000   2999    0.0314608
1488171458      974   3973    0.0416784
1488171459      787   4760    0.0499344
1488171460      652   5554    0.0582638
1488171461      805   6359    0.0667086
1488171462      657   7159    0.0751009
1488171464      676   7897    0.0828428
1488171465      806   8703    0.0912981
1488171466      798   9501    0.0996695
1488171467      591   10092    0.105869
1488171468      802   10894    0.114283
1488171469      638   11642    0.122129
1488171470      673   12380    0.129871
1488171471      806   13186    0.138327
1488171472      787   13973    0.146583
1488171473      596   14569    0.152835
1488171474      786   15355    0.16108
1488171475      620   15975    0.167584
1488171476      795   16770    0.175924
1488171477      573   17398    0.182512
1488171478      755   18153    0.190433
1488171479      713   18866    0.197912
1488171480      567   19538    0.204962
1488171481      623   20276    0.212704
1488171482      732   21008    0.220383
1488171483      758   21766    0.228334
1488171484      566   22416    0.235153
1488171485      802   23218    0.243567
1488171486      648   23866    0.250364
1488171487      798   24664    0.258736
1488171488      599   25294    0.265345
1488171489      791   26085    0.273643
1488171490      718   26803    0.281175
1488171491      488   27291    0.286294
1488171492      633   27924    0.292934
1488171493      752   28676    0.300823
1488171494      567   29243    0.306771
1488171495      792   30035    0.31508
1488171496      725   30760    0.322685
1488171498      514   31382    0.32921
1488171499      664   32120    0.336952
1488171500      760   32880    0.344925
1488171501      702   33582    0.352289
1488171502      574   34260    0.359402
1488171503      803   35063    0.367826
1488171504      646   35709    0.374602
1488171505      787   36496    0.382858
1488171506      592   37138    0.389593
1488171507      795   37933    0.397933
1488171508      793   38726    0.406252
1488171509      571   39297    0.412242
1488171510      633   40016    0.419785
1488171511      714   40730    0.427275
1488171512      782   41512    0.435478
1488171513      609   42156    0.442234
1488171514      779   42935    0.450406
1488171515      530   43465    0.455966
1488171516      785   44250    0.464201
1488171517      654   45034    0.472425
1488171518      803   45837    0.480849
1488171519      780   46617    0.489032
1488171520      593   47210    0.495253
1488171522      655   47912    0.502617
1488171523      798   48710    0.510988
1488171524      779   49489    0.51916
1488171525      589   50078    0.525339
1488171526      780   50858    0.533522
1488171527      634   51492    0.540173
1488171528      793   52285    0.548491
1488171529      605   52930    0.555258
1488171530      801   53731    0.563661
1488171531      798   54529    0.572032
1488171532      580   55109    0.578116
1488171533      652   55808    0.585449
1488171534      767   56575    0.593495
1488171535      768   57343    0.601552
1488171536      573   57948    0.607899
1488171537      804   58752    0.616333
1488171538      643   59395    0.623078
1488171539      795   60190    0.631418
1488171540      611   60826    0.63809
1488171541      809   61635    0.646577
1488171542      795   62430    0.654917
1488171543      596   63026    0.661169
1488171544      659   63704    0.668282
1488171545      804   64508    0.676716
1488171546      790   65298    0.685003
1488171547      608   65906    0.691381
1488171548      644   66550    0.698137
1488171549      655   67205    0.705009
1488171550      646   67851    0.711785
1488171551      804   68655    0.72022
1488171552      514   69257    0.726535
1488171554      330   69792    0.732147
1488171555      636   70428    0.738819
1488171556      642   71070    0.745554
1488171557      650   71720    0.752373
1488171558      794   72514    0.760702
1488171559      589   73205    0.767951
1488171560      649   73854    0.774759
1488171561      795   74649    0.783099
1488171562      375   75024    0.787033
1488171563      698   75722    0.794355
1488171564      794   76516    0.802685
1488171565      543   77153    0.809367
1488171566      650   77803    0.816186
1488171567      798   78601    0.824557
1488171568      312   78961    0.828334
1488171569      807   79768    0.8368
1488171570      748   80516    0.844646
1488171571      532   81101    0.850783
1488171572      786   81887    0.859029
1488171573      761   82648    0.867012
1488171574      628   83276    0.8736
1488171575      606   83979    0.880975
1488171576      746   84725    0.888801
1488171577      787   85512    0.897057
1488171578      589   86119    0.903424
1488171579      675   86857    0.911166
1488171580      800   87657    0.919559
1488171581      791   88448    0.927856
1488171582      593   89041    0.934077
1488171583      784   89825    0.942302
1488171585      200   90067    0.94484
1488171586      658   90805    0.952582
1488171587      732   91537    0.960261
1488171588      707   92244    0.967678
1488171589      624   92945    0.975032
1488171590      802   93747    0.983445
1488171591      715   94462    0.990946
1488171592      645   95107    0.997712
1488171593      576   95823    1.00522
1488171594      778   96601    1.01338
1488171595      794   97395    1.02171
1488171596      567   97963    1.02767
1488171597      674   98701    1.03541
1488171598      796   99497    1.04377
1488171599      796   100293    1.05212
1488171600      590   100883    1.0583
1488171601      791   101674    1.0666
1488171602      726   102400    1.07422
1488171603      557   102957    1.08006
1488171604      723   103680    1.08765
1488171605      505   104254    1.09367
1488171606      731   104985    1.10134
1488171607      721   105706    1.1089
1488171609      551   106394    1.11612
1488171610      625   107132    1.12386
1488171611      727   107859    1.13149
1488171612      724   108583    1.13908
1488171613      552   109272    1.14631
1488171614      730   110002    1.15397
1488171615      606   110608    1.16032
1488171616      775   111383    1.16845
1488171617      632   112150    1.1765
1488171618      798   112948    1.18487
1488171619      788   113736    1.19314
1488171620      583   114319    1.19925
1488171621      655   115028    1.20669
1488171622      780   115808    1.21487
1488171623      787   116595    1.22313
1488171624      586   117181    1.22928
1488171625      786   117967    1.23752
1488171626      636   118603    1.24419
1488171627      797   119400    1.25256
1488171628      599   120046    1.25933
1488171629      785   120831    1.26757
1488171630      778   121609    1.27573
1488171631      569   122186    1.28178
1488171633      665   122924    1.28952
1488171634      799   123723    1.29791
1488171635      794   124517    1.30624
1488171636      571   125088    1.31223
1488171637      794   125882    1.32055
1488171638      631   126513    1.32717
1488171639      786   127299    1.33542
1488171640      608   127942    1.34216
1488171641      795   128737    1.3505
1488171642      787   129524    1.35876
1488171643      579   130103    1.36483
1488171644      657   130820    1.37236
1488171645      803   131623    1.38078
1488171646      794   132417    1.38911
1488171647      373   132790    1.39302
1488171648      619   133495    1.40042
1488171649      661   134233    1.40816
1488171650      801   135034    1.41656
1488171651      802   135836    1.42498
1488171652      571   136407    1.43097
1488171653      802   137209    1.43938
1488171654      645   137978    1.44745
1488171655      678   138716    1.45519
1488171656      808   139524    1.46367
1488171657      660   140321    1.47203
1488171658      809   141130    1.48051
1488171660      664   141926    1.48886
1488171661      684   142664    1.4966
1488171662      787   143451    1.50486
1488171663      801   144252    1.51326
1488171664      583   144835    1.51938
1488171665      807   145642    1.52785
1488171666      652   146294    1.53469
1488171667      806   147100    1.54314
1488171668      586   147686    1.54929
1488171669      647   148333    1.55608
1488171670      785   149118    1.56431
1488171671      674   149792    1.57138
1488171672      506   150298    1.57669
1488171673      760   151058    1.58466
1488171674      504   151630    1.59066
1488171675      635   152265    1.59732
1488171676      804   153069    1.60576
1488171677      597   153666    1.61202
1488171678      452   154118    1.61676
1488171679      694   154812    1.62404
1488171680      756   155568    1.63197
1488171681      514   156113    1.63769
1488171682      778   156891    1.64585
1488171683      792   157683    1.65416
1488171684      603   158286    1.66049
1488171685      624   158910    1.66703
1488171686      528   159526    1.67349
1488171687      800   160326    1.68189
1488171688      749   161075    1.68974
1488171689      562   161666    1.69594
1488171690      624   162404    1.70369
1488171691      799   163203    1.71207
1488171692      795   163998    1.72041
1488171693      500   164544    1.72614
1488171694      708   165252    1.73356
1488171695      625   165877    1.74012
1488171696      797   166674    1.74848
1488171697      716   167390    1.75599
1488171698      556   167957    1.76194
1488171699      794   168751    1.77027
1488171700      777   169528    1.77842
1488171701      613   170141    1.78485
1488171703      614   170835    1.79213
1488171704      795   171630    1.80047
1488171705      796   172426    1.80882
1488171706      577   173003    1.81487
1488171707      662   173713    1.82232
1488171708      792   174505    1.83063
1488171709      775   175280    1.83876
1488171710      530   175853    1.84477
1488171711      801   176654    1.85317
1488171712      797   177451    1.86154
1488171713      639   178090    1.86824
1488171714      601   178731    1.87496
1488171715      801   179532    1.88337
1488171716      797   180329    1.89173
1488171717      576   180905    1.89777
1488171718      657   181609    1.90515
1488171719      807   182416    1.91362
1488171720      773   183189    1.92173
1488171721      593   183782    1.92795
1488171722      781   184563    1.93614
1488171723      662   185354    1.94444
1488171724      679   186092    1.95218
1488171725      805   186897    1.96063
1488171726      795   187692    1.96897
1488171727      595   188287    1.97521
1488171728      802   189089    1.98362
1488171729      658   189747    1.99053
1488171730      798   190545    1.9989
1488171731      608   191153    2.00527
1488171732      796   191949    2.01363
1488171733      654   192715    2.02166
1488171734      674   193453    2.0294
1488171735      801   194254    2.03781
1488171736      803   195057    2.04623
1488171737      594   195651    2.05246
1488171738      768   196419    2.06052
1488171740      654   197198    2.06869
1488171741      673   197936    2.07643
1488171742      805   198741    2.08488
1488171743      797   199538    2.09324
1488171744      580   200118    2.09932
1488171745      798   200916    2.10769
1488171746      632   201548    2.11432
1488171747      787   202335    2.12258
1488171748      604   202954    2.12907
1488171749      790   203744    2.13736
1488171750      229   204024    2.1403
1488171751      789   204813    2.14857
1488171752      637   205450    2.15526
1488171753      798   206248    2.16363
1488171754      608   206902    2.17049
1488171755      805   207707    2.17893
1488171756      798   208505    2.1873
1488171757      588   209093    2.19347
1488171758      656   209780    2.20068
1488171759      803   210583    2.2091
1488171760      797   211380    2.21746
1488171761      569   211949    2.22343
1488171762      797   212746    2.23179
1488171763      535   213281    2.23741
1488171764      795   214076    2.24575
1488171765      612   214798    2.25332
1488171766      715   215513    2.26082
1488171767      683   216196    2.26799
1488171768      725   216921    2.27559
1488171769      611   217532    2.282
1488171770      619   218211    2.28912
1488171771      789   219000    2.2974
1488171772      796   219796    2.30575
1488171773      590   220386    2.31194
1488171774      662   221089    2.31932
1488171775      806   221895    2.32777
1488171776      787   222682    2.33603
1488171777      596   223278    2.34228
1488171778      787   224065    2.35054
1488171780      606   224834    2.3586
1488171781      630   225572    2.36634
1488171782      737   226309    2.37408
1488171783      786   227095    2.38232
1488171784      582   227712    2.38879
1488171785      805   228517    2.39724
1488171786      622   229139    2.40376
1488171787      754   229893    2.41167
1488171788      430   230323    2.41618
1488171789      792   231115    2.42449
1488171790      589   231704    2.43067
1488171791      790   232494    2.43896
1488171792      647   233141    2.44575
1488171793      797   233938    2.45411
1488171794      588   234538    2.4604
1488171795      802   235340    2.46881
1488171796      797   236137    2.47718
1488171797      586   236723    2.48332
1488171798      643   237416    2.49059
1488171799      801   238217    2.499
1488171800      746   238963    2.50682
1488171801      566   239556    2.51304
1488171802      803   240359    2.52147
1488171803      573   240932    2.52748
1488171804      800   241732    2.53587
1488171805      510   242434    2.54323
1488171806      790   243224    2.55152
1488171807      765   243989    2.55955
1488171808      569   244574    2.56568
1488171809      585   245159    2.57182
1488171811      550   245847    2.57904
1488171812      802   246649    2.58745
1488171813      655   247304    2.59432
1488171814      584   247987    2.60149
1488171815      566   248725    2.60923
1488171816      805   249530    2.61767
