1500018914      998   998    0
1500018915      1000   1998    0
1500018916      999   2997    0
1500018917      1000   3997    0
1500018918      999   4996    0
1500018919      1000   5996    0
1500018920      999   6995    0
1500018921      1000   7995    0
1500018922      999   8994    0
1500018923      1000   9994    0
1500018924      999   10993    0
1500018925      1000   11993    0
1500018926      1000   12993    0
1500018927      999   13992    0
1500018928      1000   14992    0
1500018929      1000   15992    0
1500018930      999   16991    0
1500018931      1000   17991    0
1500018932      999   18990    0
1500018933      1000   19990    0
1500018934      999   20989    0
1500018935      1000   21989    0
1500018936      999   22988    0
1500018937      1000   23988    0
1500018938      999   24987    0
1500018939      1000   25987    0
1500018940      1000   26987    0
1500018941      999   27986    0
1500018942      1000   28986    0
1500018943      999   29985    0
1500018944      1000   30985    0
1500018945      999   31984    0
1500018946      1000   32984    0
1500018947      996   33980    0
1500018948      1000   34980    0
1500018949      996   35976    0
1500018950      996   36972    0
1500018951      999   37971    0
1500018952      1000   38971    0
1500018953      999   39970    0
1500018954      1000   40970    0
1500018955      1000   41970    0
1500018956      999   42969    0
1500018957      1000   43969    0
1500018958      999   44968    0
1500018959      1000   45968    0
1500018960      999   46967    0
1500018961      1000   47967    0
1500018962      999   48966    0
1500018963      1000   49966    0
1500018964      1000   50966    0
1500018965      999   51965    0
1500018966      1000   52965    0
1500018967      999   53964    0
1500018968      1000   54964    0
1500018969      999   55963    0
1500018970      1000   56963    0
1500018971      999   57962    0
1500018972      1000   58962    0
1500018973      999   59961    0
1500018974      1000   60961    0
1500018975      999   61960    0
1500018976      1000   62960    0
1500018977      999   63959    0
1500018978      1000   64959    0
1500018979      1000   65959    0
1500018980      999   66958    0
1500018981      1000   67958    0
1500018982      999   68957    0
1500018983      1000   69957    0
1500018984      999   70956    0
1500018985      1000   71956    0
1500018986      999   72955    0
1500018987      951   73906    0
1500018988      999   74905    0
1500018989      1000   75905    0
1500018990      946   76851    0
1500018991      1000   77851    0
1500018992      999   78850    0
1500018993      931   79781    0
1500018994      1000   80781    0
1500018995      999   81780    0
1500018996      949   82729    0
1500018997      999   83728    0
1500018998      1000   84728    0
1500018999      999   85727    0
1500019000      950   86677    0
1500019001      999   87676    0
1500019002      1000   88676    0
1500019003      949   89625    0
1500019004      1000   90625    0
1500019005      999   91624    0
1500019006      950   92574    0
1500019007      1000   93574    0
1500019008      999   94573    0
1500019009      1000   95573    0
1500019010      946   96519    0
1500019011      1000   97519    0
1500019012      999   98518    0
1500019013      950   99468    0
1500019014      999   100467    0
1500019015      1000   101467    0
1500019016      948   102415    0
1500019017      1000   103415    0
1500019018      999   104414    0
1500019019      1000   105414    0
1500019020      913   106327    0
1500019021      999   107326    0
1500019022      997   108323    0
1500019023      948   109271    0
1500019024      1000   110271    0
1500019025      999   111270    0
1500019026      950   112220    0
1500019027      999   113219    0
1500019028      1000   114219    0
1500019029      999   115218    0
1500019030      936   116154    0
1500019031      999   117153    0
1500019032      1000   118153    0
1500019033      950   119103    0
1500019034      999   120102    0
1500019035      1000   121102    0
1500019036      949   122051    0
1500019037      1000   123051    0
1500019038      999   124050    0
1500019039      950   125000    0
1500019040      999   125999    0
1500019041      1000   126999    0
1500019042      999   127998    0
1500019043      926   128924    0
1500019044      999   129923    0
1500019045      1000   130923    0
1500019046      949   131872    0
1500019047      1000   132872    0
1500019048      1000   133872    0
1500019049      929   134801    0
1500019050      1000   135801    0
1500019051      999   136800    0
1500019052      1000   137800    0
1500019053      949   138749    0
1500019054      1000   139749    0
1500019055      999   140748    0
1500019056      950   141698    0
1500019057      999   142697    0
1500019058      1000   143697    0
1500019059      949   144646    0
1500019060      1000   145646    0
1500019061      930   146576    0
1500019062      999   147575    0
1500019063      1000   148575    0
1500019064      937   149512    0
1500019065      1000   150512    0
1500019066      999   151511    0
1500019067      950   152461    0
1500019068      999   153460    0
1500019069      1000   154460    0
1500019070      999   155459    0
1500019071      937   156396    0
1500019072      999   157395    0
1500019073      1000   158395    0
1500019074      950   159345    0
1500019075      999   160344    0
1500019076      1000   161344    0
1500019077      946   162290    0
1500019078      1000   163290    0
1500019079      999   164289    0
1500019080      1000   165289    0
1500019081      939   166228    0
1500019082      998   167226    0
1500019083      999   168225    0
1500019084      950   169175    0
1500019085      999   170174    0
1500019086      1000   171174    0
1500019087      948   172122    0
1500019088      1000   173122    0
1500019089      1000   174122    0
1500019090      999   175121    0
1500019091      935   176056    0
1500019092      999   177055    0
1500019093      1000   178055    0
1500019094      949   179004    0
1500019095      1000   180004    0
1500019096      999   181003    0
1500019097      950   181953    0
1500019098      999   182952    0
1500019099      1000   183952    0
1500019100      944   184933    0
1500019101      1007   185940    0
1500019102      1000   186940    0
1500019103      999   187939    0
1500019104      949   188888    0
1500019105      999   189887    0
1500019106      1000   190887    0
1500019107      948   191835    0
1500019108      1000   192835    0
1500019109      999   193834    0
1500019110      950   194784    0
1500019111      999   195783    0
1500019112      1000   196783    0
1500019113      999   197782    0
1500019114      949   198731    0
1500019115      1000   199731    0
1500019116      999   200730    0
1500019117      950   201680    0
1500019118      999   202679    0
1500019119      1000   203679    0
1500019120      948   204627    0
1500019121      1000   205627    0
1500019122      999   206626    0
1500019123      1000   207626    0
1500019124      922   208548    0
1500019125      1000   209548    0
1500019126      999   210547    0
1500019127      950   211497    0
1500019128      999   212496    0
1500019129      1000   213496    0
1500019130      950   214446    0
1500019131      999   215445    0
1500019132      1000   216445    0
1500019133      945   217443    0
1500019134      1007   218450    0
1500019135      923   219373    0
1500019136      1000   220373    0
1500019137      1000   221373    0
1500019138      949   222322    0
1500019139      1000   223322    0
1500019140      999   224321    0
1500019141      1000   225321    0
1500019142      922   226243    0
1500019143      1000   227243    0
1500019144      999   228242    0
1500019145      950   229192    0
1500019146      999   230191    0
1500019147      1000   231191    0
1500019148      949   232140    0
1500019149      1000   233140    0
1500019150      1000   234140    0
1500019151      925   235136    0
1500019152      1007   236143    0
1500019153      1000   237143    0
1500019154      999   238142    0
1500019155      950   239092    0
1500019156      999   240091    0
1500019157      1000   241091    0
1500019158      932   242023    0
1500019159      1000   243023    0
1500019160      999   244022    0
1500019161      946   244968    0
1500019162      999   245967    0
1500019163      1000   246967    0
1500019164      999   247966    0
1500019165      940   248906    0
1500019166      1000   249906    0
1500019167      999   250905    0
1500019168      949   251854    0
1500019169      999   252853    0
1500019170      1000   253853    0
1500019171      949   254802    0
1500019172      1000   255802    0
1500019173      999   256801    0
1500019174      1000   257801    0
1500019175      930   258731    0
1500019176      1000   259731    0
1500019177      999   260730    0
1500019178      950   261680    0
1500019179      1000   262680    0
1500019180      999   263679    0
1500019181      949   264628    0
1500019182      999   265627    0
1500019183      1000   266627    0
1500019184      999   267626    0
1500019185      936   268562    0
1500019186      999   269561    0
1500019187      1000   270561    0
1500019188      949   271510    0
1500019189      1000   272510    0
1500019190      999   273509    0
1500019191      941   274450    0
1500019192      1000   275450    0
1500019193      999   276449    0
1500019194      943   277399    0
1500019195      1007   278406    0
1500019196      999   279405    0
1500019197      1000   280405    0
1500019198      949   281354    0
1500019199      999   282353    0
1500019200      1000   283353    0
1500019201      949   284302    0
1500019202      1000   285302    0
1500019203      999   286301    0
1500019204      948   287249    0
1500019205      999   288248    0
1500019206      1000   289248    0
1500019207      999   290247    0
1500019208      949   291196    0
1500019209      929   292125    0
1500019210      1000   293125    0
1500019211      1000   294125    0
1500019212      943   295092    0
1500019213      1007   296099    0
1500019214      1000   297099    0
1500019215      999   298098    0
1500019216      941   299039    0
1500019217      999   300038    0
1500019218      1000   301038    0
1500019219      949   301987    0
1500019220      1000   302987    0
1500019221      999   303986    0
1500019222      941   304927    0
1500019223      999   305926    0
1500019224      1000   306926    0
1500019225      999   307925    0
1500019226      950   308875    0
1500019227      1000   309875    0
1500019228      999   310874    0
1500019229      949   311823    0
1500019230      999   312822    0
1500019231      1000   313822    0
1500019232      949   314771    0
1500019233      1000   315771    0
1500019234      999   316770    0
1500019235      1000   317770    0
1500019236      930   318700    0
1500019237      1000   319700    0
1500019238      999   320699    0
1500019239      938   321637    0
1500019240      1000   322637    0
1500019241      999   323636    0
1500019242      950   324586    0
1500019243      999   325585    0
1500019244      1000   326585    0
1500019245      999   327584    0
1500019246      942   328526    0
1500019247      999   329525    0
1500019248      1000   330525    0
1500019249      949   331474    0
1500019250      1000   332474    0
1500019251      997   333471    0
1500019252      950   334421    0
1500019253      999   335420    0
1500019254      1000   336420    0
1500019255      950   337370    0
1500019256      999   338369    0
1500019257      1000   339369    0
1500019258      999   340368    0
1500019259      950   341318    0
1500019260      999   342317    0
1500019261      1000   343317    0
1500019262      949   344266    0
1500019263      1000   345266    0
1500019264      999   346265    0
1500019265      950   347215    0
1500019266      999   348214    0
1500019267      1000   349214    0
1500019268      1000   350214    0
1500019269      933   351147    0
1500019270      1000   352147    0
1500019271      999   353146    0
1500019272      939   354085    0
1500019273      999   355084    0
1500019274      1000   356084    0
1500019275      949   357033    0
1500019276      1000   358033    0
1500019277      999   359032    0
1500019278      1000   360032    0
1500019279      930   360962    0
1500019280      1000   361962    0
1500019281      1000   362962    0
1500019282      949   363911    0
1500019283      930   364841    0
1500019284      999   365840    0
1500019285      1000   366840    0
1500019286      999   367839    0
1500019287      950   368789    0
1500019288      999   369788    0
1500019289      1000   370788    0
1500019290      948   371736    0
1500019291      997   372733    0
1500019292      999   373732    0
1500019293      933   374665    0
1500019294      1000   375665    0
1500019295      996   376661    0
1500019296      1000   377661    0
1500019297      949   378610    0
1500019298      1000   379610    0
1500019299      999   380609    0
1500019300      928   381537    0
1500019301      999   382536    0
1500019302      1000   383536    0
1500019303      949   384485    0
1500019304      1000   385485    0
1500019305      999   386484    0
1500019306      1000   387484    0
1500019307      931   388415    0
1500019308      999   389414    0
1500019309      1000   390414    0
1500019310      949   391363    0
1500019311      1000   392363    0
1500019312      999   393362    0
1500019313      949   394311    0
1500019314      999   395310    0
1500019315      1000   396310    0
1500019316      999   397309    0
1500019317      930   398239    0
1500019318      998   399237    0
1500019319      1000   400237    0
1500019320      950   401187    0
1500019321      999   402186    0
1500019322      1000   403186    0
1500019323      936   404122    0
1500019324      998   405120    0
1500019325      999   406119    0
1500019326      943   407064    0
1500019327      1006   408070    0
1500019328      1000   409070    0
1500019329      999   410069    0
1500019330      950   411019    0
1500019331      999   412018    0
1500019332      1000   413018    0
1500019333      949   413967    0
1500019334      1000   414967    0
1500019335      999   415966    0
1500019336      950   416916    0
1500019337      1000   417916    0
1500019338      999   418915    0
1500019339      1000   419915    0
1500019340      949   420864    0
1500019341      1000   421864    0
1500019342      999   422863    0
1500019343      950   423813    0
1500019344      999   424812    0
1500019345      1000   425812    0
1500019346      949   426761    0
1500019347      1000   427761    0
1500019348      999   428760    0
1500019349      1000   429760    0
1500019350      934   430694    0
1500019351      1000   431694    0
1500019352      1000   432694    0
1500019353      949   433643    0
1500019354      1000   434643    0
1500019355      999   435642    0
1500019356      950   436592    0
1500019357      999   437591    0
1500019358      927   438518    0
1500019359      999   439517    0
1500019360      1000   440517    0
1500019361      949   441466    0
1500019362      1000   442466    0
1500019363      999   443465    0
1500019364      950   444415    0
1500019365      1000   445415    0
1500019366      999   446414    0
1500019367      1000   447414    0
1500019368      933   448347    0
1500019369      1000   449347    0
1500019370      999   450346    0
1500019371      938   451284    0
1500019372      999   452283    0
1500019373      1000   453283    0
1500019374      949   454232    0
1500019375      1000   455232    0
1500019376      999   456231    0
1500019377      1000   457231    0
1500019378      941   458172    0
1500019379      1000   459172    0
1500019380      1000   460172    0
1500019381      949   461121    0
1500019382      1000   462121    0
1500019383      999   463120    0
1500019384      950   464070    0
1500019385      999   465069    0
1500019386      1000   466069    0
1500019387      943   467020    0
1500019388      1006   468026    0
1500019389      1000   469026    0
1500019390      999   470025    0
1500019391      950   470975    0
1500019392      1000   471975    0
1500019393      999   472974    0
1500019394      950   473924    0
1500019395      999   474923    0
1500019396      1000   475923    0
1500019397      949   476872    0
1500019398      1000   477872    0
1500019399      999   478871    0
1500019400      1000   479871    0
1500019401      945   480816    0
1500019402      1000   481816    0
1500019403      1000   482816    0
1500019404      945   483761    0
1500019405      1000   484761    0
1500019406      999   485760    0
1500019407      948   486708    0
1500019408      999   487707    0
1500019409      1000   488707    0
1500019410      999   489706    0
1500019411      929   490635    0
1500019412      999   491634    0
1500019413      1000   492634    0
1500019414      949   493583    0
1500019415      1000   494583    0
1500019416      1000   495583    0
1500019417      949   496532    0
1500019418      1000   497532    0
1500019419      999   498531    0
1500019420      926   499530    0
