1499682490      380   380    0.0112343
1499682491      367   747    0.0220842
1499682492      367   1117    0.0330229
1499682494      288   1629    0.0481596
1499682496      291   2081    0.0615225
1499682497      258   2353    0.0695639
1499682498      294   2805    0.0829268
1499682500      289   3257    0.0962896
1499682501      254   3529    0.104331
1499682503      290   3981    0.117694
1499682504      283   4433    0.131057
1499682505      260   4705    0.139098
1499682507      296   5157    0.152461
1499682508      295   5609    0.165824
1499682509      262   5881    0.173865
1499682511      293   6333    0.187228
1499682512      293   6785    0.200591
1499682513      261   7057    0.208632
1499682515      295   7509    0.221995
1499682516      292   7961    0.235358
1499682518      258   8233    0.2434
1499682519      295   8685    0.256763
1499682521      295   9137    0.270125
1499682522      254   9409    0.278167
1499682523      294   9861    0.29153
1499682525      198   10313    0.304893
1499682527      260   10585    0.312934
1499682528      244   11037    0.326297
1499682530      291   11489    0.33966
1499682531      258   11761    0.347701
1499682533      294   12213    0.361064
1499682534      294   12665    0.374427
1499682535      261   12937    0.382468
1499682537      284   13389    0.395831
1499682538      290   13841    0.409194
1499682539      255   14113    0.417235
1499682541      295   14565    0.430598
1499682542      296   15017    0.443961
1499682543      261   15289    0.452003
1499682545      292   15741    0.465365
1499682547      293   16193    0.478728
1499682548      257   16465    0.48677
1499682549      295   16917    0.500133
1499682551      296   17369    0.513495
1499682552      262   17641    0.521537
1499682553      295   18093    0.5349
1499682555      296   18545    0.548263
1499682556      261   18817    0.556304
1499682558      217   19269    0.569667
1499682560      261   19721    0.58303
1499682561      261   19993    0.591071
