1489500645      199   199    0.000569344
1489500646      200   399    0.00114155
1489500647      200   599    0.00171375
1489500648      200   799    0.00228596
1489500649      200   999    0.00285816
1489500650      200   1199    0.00343037
1489500651      200   1399    0.00400257
1489500652      200   1599    0.00457478
1489500653      200   1799    0.00514698
1489500654      200   1999    0.00571918
1489500655      200   2199    0.00629139
1489500656      199   2398    0.00686073
1489500657      200   2598    0.00743294
1489500658      200   2798    0.00800514
1489500659      200   2998    0.00857735
1489500660      200   3198    0.00914955
1489500661      200   3398    0.00972176
1489500662      200   3598    0.010294
1489500663      200   3798    0.0108662
1489500664      200   3998    0.0114384
1489500665      200   4198    0.0120106
1489500666      200   4398    0.0125828
1489500667      199   4597    0.0131521
1489500668      200   4797    0.0137243
1489500669      200   4997    0.0142965
1489500670      200   5197    0.0148687
1489500671      200   5397    0.0154409
1489500672      200   5597    0.0160131
1489500673      200   5797    0.0165854
1489500674      200   5997    0.0171576
1489500675      200   6197    0.0177298
1489500676      200   6397    0.018302
1489500677      200   6597    0.0188742
1489500678      199   6796    0.0194435
1489500679      200   6996    0.0200157
1489500680      200   7196    0.0205879
1489500681      200   7396    0.0211601
1489500682      200   7596    0.0217323
1489500683      200   7796    0.0223045
1489500684      200   7996    0.0228767
1489500685      200   8196    0.0234489
1489500686      200   8396    0.0240211
1489500687      200   8596    0.0245934
1489500688      200   8796    0.0251656
1489500689      199   8995    0.0257349
1489500690      200   9195    0.0263071
1489500691      200   9395    0.0268793
1489500692      200   9595    0.0274515
1489500693      200   9795    0.0280237
1489500694      200   9995    0.0285959
