1483224734      1498   1498    0.00285721
1483224735      1499   2997    0.00571632
1483224736      1500   4497    0.00857735
1483224737      1499   5996    0.0114365
1483224738      1499   7495    0.0142956
1483224739      1500   8996    0.0171585
1483224740      1499   10495    0.0200176
1483224741      1499   11995    0.0228786
1483224742      1499   13495    0.0257397
1483224743      1298   14793    0.0282154
1483224744      1350   16143    0.0307903
1483224745      1323   17466    0.0333138
1483224746      1353   18819    0.0358944
1483224747      1191   20010    0.038166
1483224748      1346   21356    0.0407333
1483224749      1350   22706    0.0433083
1483224750      1353   24059    0.0458889
1483224751      1213   25363    0.0483761
1483224752      1363   26726    0.0509758
1483224753      1211   27937    0.0532856
1483224754      1224   29285    0.0558567
1483224755      1336   30621    0.0584049
1483224756      1207   31828    0.0607071
1483224757      1210   33038    0.063015
1483224758      1259   34297    0.0654163
1483224759      1333   35630    0.0679588
1483224760      1092   36789    0.0701694
1483224761      1348   38137    0.0727406
1483224762      1201   39338    0.0750313
1483224763      1239   40577    0.0773945
1483224764      1033   41610    0.0793648
1483224765      1206   42855    0.0817394
1483224766      1353   44208    0.0843201
1483224767      1352   45560    0.0868988
1483224768      1355   46915    0.0894833
1483224769      569   47484    0.0905685
1483224770      1354   48838    0.0931511
1483224771      1346   50184    0.0957184
1483224772      1203   51431    0.0980968
1483224773      1360   52791    0.100691
1483224774      1346   54137    0.103258
1483224775      1210   55347    0.105566
1483224776      1204   56551    0.107862
1483224777      1355   57906    0.110447
1483224778      1349   59255    0.11302
1483224779      1352   60607    0.115599
1483224780      1189   61796    0.117867
1483224781      1353   63149    0.120447
1483224782      1343   64492    0.123009
1483224783      1350   65842    0.125584
1483224785      1213   67145    0.128069
1483224786      1212   68357    0.130381
1483224787      1345   69702    0.132946
1483224788      1349   71051    0.135519
1483224789      1201   72252    0.13781
1483224790      1351   73603    0.140387
1483224791      1350   74953    0.142962
1483224792      1355   76308    0.145546
1483224793      1190   77499    0.147818
1483224794      1349   78848    0.150391
1483224795      1347   80195    0.15296
1483224796      1102   81421    0.155298
1483224797      1352   82773    0.157877
1483224798      1353   84126    0.160458
1483224799      1355   85481    0.163042
1483224800      1211   86781    0.165522
1483224801      1352   88133    0.1681
1483224802      1352   89485    0.170679
1483224803      1343   90828    0.173241
1483224804      1220   92141    0.175745
1483224805      1358   93499    0.178335
1483224806      1353   94852    0.180916
1483224807      1209   96061    0.183222
1483224808      1200   97261    0.185511
1483224809      1351   98612    0.188087
1483224810      1342   99954    0.190647
1483224811      1348   101302    0.193218
1483224812      1189   102495    0.195494
1483224813      1360   103855    0.198088
1483224814      1345   105200    0.200653
1483224815      1351   106551    0.20323
1483224816      1176   107855    0.205717
1483224817      1157   109012    0.207924
1483224818      1203   110215    0.210218
1483224819      1336   111551    0.212767
1483224820      1104   112849    0.215242
1483224821      1308   114157    0.217737
1483224822      1339   115496    0.220291
1483224823      1175   116671    0.222532
1483224824      1349   118020    0.225105
1483224825      1178   119198    0.227352
1483224826      1189   120387    0.22962
1483224827      1349   121736    0.232193
1483224828      1212   122948    0.234505
1483224829      1220   124275    0.237036
1483224830      1257   125532    0.239433
1483224831      1352   126884    0.242012
1483224832      1347   128231    0.244581
1483224833      1352   129583    0.24716
1483224834      1198   130781    0.249445
1483224835      1348   132129    0.252016
1483224836      1344   133473    0.25458
1483224837      1353   134826    0.25716
1483224838      1061   135887    0.259184
1483224839      1345   137232    0.261749
1483224840      1352   138584    0.264328
1483224841      1342   139926    0.266888
1483224842      1207   141133    0.26919
1483224843      1346   142479    0.271757
1483224844      1348   143827    0.274328
1483224845      1354   145181    0.276911
1483224846      1198   146421    0.279276
1483224847      1360   147781    0.28187
1483224848      1349   149130    0.284443
1483224849      1210   150340    0.286751
1483224850      1199   151539    0.289038
1483224851      1344   152883    0.291601
1483224852      1350   154233    0.294176
1483224853      1328   155561    0.296709
1483224854      1195   156775    0.299025
1483224855      1360   158135    0.301619
1483224856      1346   159481    0.304186
1483224857      1353   160834    0.306767
1483224858      1216   162135    0.309248
1483224859      1218   163353    0.311571
1483224860      1353   164706    0.314152
1483224861      1348   166054    0.316723
1483224862      1195   167249    0.319002
1483224863      1346   168595    0.321569
1483224864      1353   169948    0.32415
1483224865      1344   171292    0.326714
1483224866      1189   172489    0.328997
1483224867      1350   173839    0.331572
1483224868      1348   175187    0.334143
1483224869      991   176411    0.336477
1483224870      1362   177773    0.339075
1483224871      1352   179125    0.341654
1483224872      1344   180469    0.344217
1483224874      1201   181771    0.346701
1483224875      1349   183120    0.349274
1483224876      1334   184454    0.351818
1483224877      1211   185665    0.354128
1483224878      1307   186972    0.356621
1483224879      1180   188203    0.358969
1483224880      1280   189483    0.36141
1483224881      967   190450    0.363255
1483224882      1263   191713    0.365664
1483224883      1225   192938    0.368
1483224884      1164   194102    0.37022
1483224885      1208   195310    0.372524
1483224886      1001   196413    0.374628
1483224887      1348   197761    0.377199
1483224888      1343   199104    0.379761
1483224889      1350   200454    0.382336
1483224890      1217   201773    0.384851
1483224891      1344   203117    0.387415
1483224892      1098   204215    0.389509
1483224893      1345   205560    0.392075
1483224894      1195   206767    0.394377
1483224895      1360   208127    0.396971
1483224896      1322   209449    0.399492
1483224897      1352   210801    0.402071
1483224898      1211   212127    0.4046
1483224899      1343   213470    0.407162
1483224900      1342   214812    0.409721
1483224901      1334   216146    0.412266
1483224902      1065   217211    0.414297
1483224903      1356   218567    0.416883
1483224904      1337   219904    0.419434
1483224905      1341   221245    0.421991
1483224906      1192   222481    0.424349
1483224907      1335   223816    0.426895
1483224908      1353   225169    0.429476
1483224909      1322   226491    0.431997
1483224910      1347   227838    0.434566
1483224911      1164   229002    0.436787
1483224912      1338   230340    0.439339
1483224913      1212   231552    0.44165
1483224914      1196   232835    0.444098
1483224915      1336   234171    0.446646
1483224916      1341   235512    0.449203
1483224917      1353   236865    0.451784
1483224918      1217   238195    0.454321
1483224919      1331   239526    0.45686
1483224920      1351   240877    0.459436
1483224921      1343   242220    0.461998
1483224922      1202   243555    0.464544
1483224923      1218   244773    0.466867
1483224924      1322   246095    0.469389
1483224925      1351   247446    0.471966
1483224926      1190   248636    0.474236
1483224927      1336   249972    0.476784
1483224928      1355   251327    0.479368
1483224929      1330   252657    0.481905
1483224930      1207   253909    0.484293
1483224931      1332   255241    0.486834
1483224932      1351   256592    0.48941
1483224933      1087   257831    0.491774
1483224934      1355   259186    0.494358
1483224935      1330   260516    0.496895
1483224936      1240   261756    0.49926
1483224937      1341   263097    0.501818
1483224938      1107   264263    0.504042
1483224939      1249   265512    0.506424
1483224940      1342   266854    0.508984
1483224941      1350   268204    0.511559
1483224942      1294   269498    0.514027
1483224944      1011   270695    0.51631
1483224945      1192   271887    0.518583
1483224946      1272   273159    0.521009
1483224947      1351   274510    0.523586
1483224948      1193   275703    0.525862
1483224949      1320   277023    0.528379
1483224950      1345   278368    0.530945
1483224951      1338   279706    0.533497
1483224952      1210   281049    0.536058
1483224953      1363   282412    0.538658
1483224954      1342   283754    0.541218
1483224955      1027   284971    0.543539
1483224956      1351   286322    0.546116
1483224957      1350   287672    0.548691
1483224958      1325   288997    0.551218
1483224959      1203   290331    0.553762
1483224960      1358   291689    0.556353
1483224961      1315   293004    0.558861
1483224962      1348   294352    0.561432
1483224963      1207   295691    0.563986
1483224964      1339   297030    0.56654
1483224965      1353   298383    0.56912
1483224966      1002   299385    0.571032
1483224967      1213   300685    0.573511
1483224968      1355   302040    0.576096
1483224969      1340   303380    0.578651
1483224970      1345   304725    0.581217
1483224971      1198   306045    0.583735
1483224972      1353   307398    0.586315
1483224973      1336   308734    0.588863
1483224974      1355   310089    0.591448
1483224975      1193   311405    0.593958
1483224976      1103   312508    0.596062
1483224977      1344   313852    0.598625
1483224978      1351   315203    0.601202
1483224979      1180   316399    0.603483
1483224980      1343   317742    0.606045
1483224981      1344   319086    0.608608
1483224982      1350   320436    0.611183
1483224983      1212   321759    0.613707
1483224984      1341   323100    0.616264
1483224985      1341   324441    0.618822
1483224987      1103   325681    0.621187
1483224988      1248   326929    0.623568
1483224989      1337   328266    0.626118
1483224990      1339   329605    0.628672
1483224991      1348   330953    0.631243
1483224992      1200   332153    0.633532
1483224993      1351   333504    0.636108
1483224994      1355   334859    0.638693
1483224995      1297   336156    0.641167
1483224996      1293   337449    0.643633
1483224997      1061   338545    0.645723
1483224998      1207   339752    0.648026
1483224999      1343   341095    0.650587
1483225000      1332   342427    0.653128
1483225001      1002   343539    0.655249
1483225002      1159   344698    0.657459
1483225003      1283   345981    0.659906
1483225004      1321   347302    0.662426
1483225005      1347   348649    0.664995
1483225006      1213   349862    0.667309
1483225007      1136   351043    0.669561
1483225008      1354   352397    0.672144
1483225009      1209   353606    0.67445
1483225010      1349   354955    0.677023
1483225011      1200   356155    0.679312
1483225012      1352   357507    0.68189
1483225013      1346   358853    0.684458
1483225014      1347   360200    0.687027
1483225015      1194   361397    0.68931
1483225016      1359   362756    0.691902
1483225017      1345   364101    0.694468
1483225018      1350   365451    0.697042
1483225019      1051   366502    0.699047
1483225020      1353   367855    0.701628
1483225021      1345   369200    0.704193
1483225022      1352   370552    0.706772
1483225023      1193   371751    0.709059
1483225024      1359   373110    0.711651
1483225025      1345   374455    0.714216
1483225026      1352   375807    0.716795
1483225027      1212   377111    0.719282
1483225028      1351   378462    0.721859
1483225029      1350   379812    0.724434
1483225030      1211   381023    0.726744
1483225031      1198   382221    0.729029
1483225032      1355   383576    0.731613
1483225033      1343   384919    0.734175
1483225034      1351   386270    0.736752
1483225035      1188   387465    0.739031
1483225036      1350   388815    0.741606
1483225037      1349   390164    0.744179
1483225038      1356   391520    0.746765
1483225039      1208   392825    0.749254
1483225040      1214   394039    0.75157
1483225041      1347   395386    0.754139
1483225042      1355   396741    0.756723
1483225043      1197   397938    0.759007
1483225044      1344   399282    0.76157
1483225045      1293   400575    0.764036
1483225046      1341   401916    0.766594
1483225047      1200   403179    0.769003
1483225048      1361   404540    0.771599
1483225049      1346   405886    0.774166
1483225050      1098   407101    0.776484
1483225051      1359   408460    0.779076
1483225052      1356   409816    0.781662
1483225053      641   410457    0.782885
1483225054      1342   411799    0.785444
1483225055      1350   413149    0.788019
1483225056      1185   414334    0.790279
1483225057      1284   415618    0.792728
1483225058      1070   416749    0.794886
1483225059      1189   417938    0.797153
1483225060      1324   419262    0.799679
1483225061      1218   420480    0.802002
1483225062      1173   421653    0.804239
1483225063      1086   422815    0.806456
1483225064      1190   424005    0.808725
1483225065      1230   425235    0.811071
1483225066      1349   426584    0.813644
1483225067      1347   427931    0.816214
1483225068      1221   429247    0.818724
1483225069      1350   430597    0.821299
1483225070      1351   431948    0.823875
1483225071      1355   433303    0.82646
1483225072      1045   434348    0.828453
1483225073      1349   435697    0.831026
1483225074      1340   437037    0.833582
1483225075      1327   438364    0.836113
1483225076      1195   439601    0.838472
1483225077      1351   440952    0.841049
1483225078      1352   442304    0.843628
1483225079      1354   443658    0.84621
1483225080      1207   444961    0.848696
1483225081      1347   446308    0.851265
1483225082      1351   447659    0.853842
1483225083      1210   448869    0.85615
1483225084      1198   450067    0.858435
1483225085      1355   451422    0.861019
1483225086      1344   452766    0.863583
1483225087      1352   454118    0.866161
1483225088      1193   455315    0.868444
1483225089      1351   456666    0.871021
1483225090      1351   458017    0.873598
1483225091      1354   459371    0.876181
1483225092      1215   460675    0.878668
1483225093      1218   461893    0.880991
1483225094      1352   463245    0.88357
1483225096      1229   464597    0.886148
1483225097      1353   465950    0.888729
1483225098      1351   467301    0.891306
1483225099      1343   468644    0.893867
1483225100      1214   469957    0.896372
1483225101      1357   471314    0.89896
1483225102      1350   472664    0.901535
1483225103      1347   474011    0.904104
1483225104      1065   475076    0.906136
1483225105      1354   476430    0.908718
1483225106      1345   477775    0.911283
1483225107      1352   479127    0.913862
1483225108      1171   480311    0.916121
1483225109      1358   481669    0.918711
1483225110      1344   483013    0.921274
1483225111      1348   484361    0.923845
1483225112      1203   485671    0.926344
1483225113      1359   487030    0.928936
1483225114      1345   488375    0.931501
1483225115      1031   489406    0.933468
1483225116      1181   490587    0.93572
1483225117      1000   491737    0.937914
1483225118      1333   493070    0.940456
1483225119      1246   494316    0.942833
1483225120      1341   495657    0.945391
1483225121      1325   496982    0.947918
1483225122      1092   498169    0.950182
1483225123      1285   499454    0.952633
