1481103267      1498   1498    0.0014286
1481103268      1499   2997    0.00285816
1481103269      1500   4497    0.00428867
1481103270      1494   5991    0.00571346
1481103271      1499   7490    0.00714302
1481103272      1500   8990    0.00857353
1481103273      1499   10489    0.0100031
1481103274      1499   11988    0.0114326
1481103275      1500   13488    0.0128632
1481103276      1499   14987    0.0142927
1481103277      1499   16486    0.0157223
1481103278      1500   17986    0.0171528
1481103279      1499   19485    0.0185823
1481103280      1499   20984    0.0200119
1481103281      1500   22484    0.0214424
1481103282      1499   23983    0.022872
1481103283      1462   25445    0.0242662
1481103284      1384   26829    0.0255861
1481103285      1384   28213    0.026906
1481103286      1376   29645    0.0282717
1481103287      1507   31152    0.0297089
1481103288      1383   32535    0.0310278
1481103289      1382   33917    0.0323458
1481103290      1386   35303    0.0336676
1481103291      1380   36683    0.0349836
1481103292      1384   38067    0.0363035
1481103293      1386   39453    0.0376253
1481103294      1386   40929    0.0390329
1481103295      1506   42435    0.0404692
1481103296      1381   43816    0.0417862
1481103297      1386   45202    0.043108
1481103298      1380   46582    0.0444241
1481103299      1382   47964    0.045742
1481103300      1377   49341    0.0470552
1481103301      1351   50692    0.0483437
1481103302      1386   52078    0.0496655
1481103303      1380   53458    0.0509815
1481103304      1381   54839    0.0522985
1481103305      1386   56225    0.0536203
1481103306      1384   57677    0.0550051
1481103307      1507   59184    0.0564423
1481103308      1381   60565    0.0577593
1481103309      1380   61945    0.0590754
1481103310      1385   63330    0.0603962
1481103311      1385   64715    0.061717
1481103312      1386   66101    0.0630388
1481103313      1375   67476    0.0643501
1481103314      1385   68961    0.0657663
1481103315      1506   70467    0.0672026
1481103316      1386   71853    0.0685244
1481103317      1379   73232    0.0698395
1481103318      1239   74471    0.0710211
1481103319      1500   75971    0.0724516
1481103320      1386   77357    0.0737734
1481103321      1385   78742    0.0750942
1481103322      1388   80130    0.0764179
1481103323      1387   81517    0.0777407
1481103324      1381   82898    0.0790577
1481103325      1388   84286    0.0803814
1481103326      1377   85709    0.0817385
1481103327      1506   87215    0.0831747
1481103328      1386   88601    0.0844965
1481103329      1380   89981    0.0858126
1481103330      1380   91361    0.0871286
1481103331      1381   92742    0.0884457
1481103332      1384   94126    0.0897655
1481103333      1381   95507    0.0910826
1481103334      1387   96993    0.0924997
1481103335      1506   98499    0.093936
1481103336      1242   99741    0.0951204
1481103337      1380   101121    0.0964365
1481103338      1386   102507    0.0977583
1481103339      1499   104006    0.0991879
1481103340      1349   105355    0.100474
1481103341      1385   106740    0.101795
1481103342      1383   108123    0.103114
1481103343      1387   109510    0.104437
1481103344      1383   110893    0.105756
1481103345      1384   112277    0.107076
1481103346      1382   113741    0.108472
1481103347      1507   115248    0.109909
1481103348      1370   116618    0.111216
1481103349      1364   117982    0.112516
1481103350      1386   119368    0.113838
1481103351      1382   120750    0.115156
1481103352      1385   122135    0.116477
1481103353      1388   123523    0.117801
1481103354      1244   124767    0.118987
1481103355      1385   126152    0.120308
1481103356      1387   127539    0.121631
1481103357      1387   128926    0.122953
1481103358      1499   130425    0.124383
1481103359      1388   131813    0.125707
1481103360      1383   133196    0.127026
1481103361      1382   134578    0.128344
1481103362      1386   135964    0.129665
1481103363      1384   137348    0.130985
1481103364      1387   138735    0.132308
1481103365      1380   140161    0.133668
1481103366      1506   141667    0.135104
1481103367      1383   143050    0.136423
1481103368      1378   144428    0.137737
1481103369      1386   145814    0.139059
1481103370      1387   147201    0.140382
1481103371      1364   148565    0.141683
1481103372      1300   149865    0.142922
1481103373      1382   151247    0.14424
1481103374      1385   152632    0.145561
1481103375      1355   153987    0.146853
1481103376      1386   155373    0.148175
1481103377      1499   156872    0.149605
1481103378      1380   158252    0.150921
1481103379      1386   159638    0.152243
1481103380      1368   161006    0.153547
1481103381      1372   162378    0.154856
1481103382      1386   163764    0.156178
1481103383      1385   165149    0.157498
1481103384      1383   166581    0.158864
1481103385      1506   168087    0.1603
1481103386      1368   169455    0.161605
1481103387      1386   170841    0.162927
1481103388      1384   172225    0.164247
1481103389      1385   173610    0.165567
1481103390      1345   174955    0.16685
1481103391      1385   176340    0.168171
1481103392      1386   177726    0.169493
1481103393      1381   179107    0.17081
1481103394      1385   180492    0.172131
1481103395      1223   181717    0.173299
1481103396      1507   183224    0.174736
1481103397      1385   184609    0.176057
1481103398      1353   185962    0.177347
1481103399      1340   187302    0.178625
1481103400      1377   188679    0.179938
1481103401      1383   190062    0.181257
1481103402      1363   191425    0.182557
1481103403      1499   192924    0.183987
1481103404      1381   194305    0.185304
1481103405      1387   195692    0.186626
1481103406      1386   197078    0.187948
1481103407      1254   198465    0.189271
1481103408      1507   199972    0.190708
1481103409      1386   201358    0.19203
1481103410      1386   202744    0.193352
1481103411      1388   204132    0.194675
1481103412      1354   205486    0.195967
1481103413      1386   206872    0.197289
1481103414      1387   208259    0.198611
1481103415      1388   209749    0.200032
1481103416      1506   211255    0.201468
1481103417      1387   212642    0.202791
1481103418      1386   214028    0.204113
1481103419      1387   215415    0.205436
1481103420      1386   216801    0.206758
1481103421      1386   218187    0.208079
1481103422      1380   219567    0.209395
1481103423      1385   221033    0.210793
1481103424      1506   222539    0.21223
1481103425      1239   223778    0.213411
1481103426      1385   225163    0.214732
1481103427      1387   226550    0.216055
1481103428      1500   228050    0.217485
1481103429      1386   229436    0.218807
1481103430      1385   230821    0.220128
1481103431      1387   232208    0.221451
1481103432      1364   233572    0.222752
1481103433      1386   234958    0.224073
1481103434      1387   236345    0.225396
1481103436      1384   237781    0.226766
1481103437      1507   239288    0.228203
1481103438      1385   240673    0.229524
1481103439      1379   242052    0.230839
1481103440      1387   243439    0.232162
1481103441      1384   244823    0.233481
1481103442      1383   246206    0.2348
1481103443      1387   247593    0.236123
1481103444      1349   248942    0.23741
1481103445      1386   250328    0.238731
1481103445      1387   251715    0.240054
1481103446      1386   253101    0.241376
1481103448      1377   254529    0.242738
1481103449      1507   256036    0.244175
1481103450      1386   257422    0.245497
1481103451      1386   258808    0.246819
1481103452      1385   260193    0.248139
1481103453      1383   261576    0.249458
1481103454      1382   262958    0.250776
1481103455      1387   264345    0.252099
1481103456      1386   265813    0.253499
1481103457      1506   267319    0.254935
1481103458      1387   268706    0.256258
1481103459      1338   270044    0.257534
1481103460      1369   271413    0.25884
1481103461      1387   272800    0.260162
1481103462      1351   274151    0.261451
1481103463      1383   275534    0.26277
1481103464      1387   276921    0.264092
1481103465      1385   278306    0.265413
1481103466      1383   279689    0.266732
1481103467      1387   281076    0.268055
1481103468      1387   282561    0.269471
1481103469      1506   284067    0.270907
1481103470      1386   285453    0.272229
1481103471      1385   286838    0.27355
1481103472      1385   288223    0.274871
1481103473      1387   289610    0.276194
1481103474      1388   290998    0.277517
1481103475      1387   292385    0.27884
1481103476      1386   293845    0.280232
1481103477      1506   295351    0.281669
1481103478      1385   296736    0.28299
1481103479      1229   297965    0.284162
1481103480      1371   299336    0.285469
1481103481      1499   300835    0.286899
1481103482      1382   302217    0.288217
1481103483      1373   303590    0.289526
1481103484      1386   304976    0.290848
1481103485      1387   306363    0.292171
1481103486      1386   307749    0.293492
1481103487      1387   309136    0.294815
1481103488      1385   310593    0.296205
1481103489      1506   312099    0.297641
1481103490      1385   313484    0.298962
1481103491      1377   314861    0.300275
1481103492      1377   316238    0.301588
1481103493      1386   317624    0.30291
1481103494      1388   319012    0.304234
1481103495      1371   320383    0.305541
1481103496      1389   321877    0.306966
1481103497      1358   323235    0.308261
1481103498      1387   324622    0.309584
1481103499      1388   326010    0.310907
1481103500      1387   327397    0.31223
1481103501      1499   328896    0.31366
1481103502      1387   330283    0.314982
1481103503      1386   331669    0.316304
1481103504      1381   333050    0.317621
1481103505      1387   334437    0.318944
1481103506      1360   335797    0.320241
1481103507      1368   337165    0.321546
1481103508      1366   338625    0.322938
1481103509      1506   340131    0.324374
1481103510      1386   341517    0.325696
1481103511      1387   342904    0.327019
1481103512      1382   344286    0.328337
1481103513      1387   345673    0.329659
1481103514      1387   347060    0.330982
1481103515      1351   348411    0.332271
1481103516      1387   349798    0.333593
1481103517      1388   351186    0.334917
1481103518      1383   352569    0.336236
1481103519      1386   353955    0.337558
1481103520      1381   355373    0.33891
1481103521      1506   356879    0.340346
1481103522      1370   358249    0.341653
1481103523      1226   359475    0.342822
1481103524      1337   360812    0.344097
1481103525      1294   362106    0.345331
1481103526      1238   363433    0.346597
1481103527      1507   364940    0.348034
1481103528      1226   366166    0.349203
1481103529      1387   367553    0.350526
1481103530      1387   368940    0.351849
1481103531      1387   370327    0.353171
1481103532      1388   371715    0.354495
1481103533      1351   373066    0.355783
1481103534      1387   374453    0.357106
1481103535      1388   375841    0.35843
1481103536      1387   377228    0.359753
1481103537      1387   378615    0.361075
1481103538      1500   380115    0.362506
1481103539      1379   381494    0.363821
1481103540      1386   382880    0.365143
1481103541      1387   384267    0.366466
1481103542      1387   385654    0.367788
1481103543      1387   387041    0.369111
1481103544      1386   388427    0.370433
1481103545      1382   389853    0.371793
1481103546      1507   391360    0.37323
1481103547      1385   392745    0.374551
1481103548      1387   394132    0.375874
1481103549      1387   395519    0.377196
1481103550      1386   396905    0.378518
1481103551      1246   398151    0.379706
1481103552      1346   399497    0.38099
1481103553      1383   400880    0.382309
1481103554      1366   402246    0.383612
1481103555      1369   403615    0.384917
1481103556      1387   405002    0.38624
1481103557      1499   406501    0.38767
1481103558      1387   407888    0.388992
1481103559      1386   409274    0.390314
1481103560      1383   410657    0.391633
1481103561      1387   412044    0.392956
1481103562      1387   413431    0.394279
1481103563      1387   414818    0.395601
1481103564      1383   416273    0.396989
1481103565      1506   417779    0.398425
1481103566      1387   419166    0.399748
1481103567      1384   420550    0.401068
1481103568      1240   421790    0.40225
1481103569      1500   423290    0.403681
1481103570      1386   424676    0.405003
1481103571      1386   426062    0.406324
1481103572      1387   427449    0.407647
1481103573      1386   428835    0.408969
1481103574      1386   430221    0.410291
1481103575      1388   431609    0.411614
1481103576      1381   433021    0.412961
1481103577      1507   434528    0.414398
1481103578      1383   435911    0.415717
1481103579      1386   437297    0.417039
1481103580      1388   438685    0.418363
1481103581      1373   440058    0.419672
1481103582      1387   441445    0.420995
1481103583      1388   442833    0.422318
1481103584      1386   444305    0.423722
1481103585      1507   445812    0.425159
1481103586      1239   447051    0.426341
1481103587      1387   448438    0.427664
1481103588      1385   449823    0.428985
1481103589      1499   451322    0.430414
1481103590      1386   452708    0.431736
1481103591      1388   454096    0.43306
1481103592      1387   455483    0.434382
1481103593      1386   456869    0.435704
1481103594      1388   458257    0.437028
1481103595      1387   459644    0.438351
1481103596      1382   461053    0.439694
1481103597      1506   462559    0.441131
1481103598      1388   463947    0.442454
1481103599      1387   465334    0.443777
1481103600      1387   466721    0.4451
1481103601      1388   468109    0.446424
1481103602      1387   469496    0.447746
1481103603      1385   470881    0.449067
1481103604      1349   472230    0.450354
1481103605      1387   473617    0.451676
1481103606      1386   475003    0.452998
1481103607      1387   476390    0.454321
1481103608      1381   477801    0.455667
1481103609      1507   479308    0.457104
1481103610      1380   480688    0.45842
1481103611      1375   482063    0.459731
1481103612      1387   483450    0.461054
1481103613      1386   484836    0.462376
1481103614      1347   486183    0.46366
1481103615      1380   487563    0.464976
1481103616      1499   489062    0.466406
1481103617      1385   490447    0.467727
1481103618      1375   491822    0.469038
1481103619      1386   493208    0.47036
1481103620      1384   494592    0.47168
1481103621      1383   495975    0.472999
1481103622      1348   497323    0.474284
1481103623      1386   498709    0.475606
