1481903800      1499   1499    0.00285912
1481903801      1499   2998    0.00571823
1481903802      1499   4497    0.00857735
1481903803      1500   5997    0.0114384
1481903804      1499   7496    0.0142975
1481903805      1499   8995    0.0171566
1481903806      1500   10495    0.0200176
1481903807      1499   11994    0.0228767
1481903808      1499   13493    0.0257359
1481903809      1500   14993    0.0285969
1481903810      1464   16457    0.0313892
1481903811      1383   17840    0.0340271
1481903812      1386   19226    0.0366707
1481903813      1385   20611    0.0393124
1481903814      1269   21880    0.0417328
1481903815      1386   23266    0.0443764
1481903816      1384   24650    0.0470161
1481903817      1278   26014    0.0496178
1481903818      1392   27406    0.0522728
1481903819      1336   28742    0.054821
1481903820      1386   30128    0.0574646
1481903821      1268   31396    0.0598831
1481903822      1290   32731    0.0624294
1481903823      1391   34122    0.0650826
1481903824      1385   35507    0.0677242
1481903825      1383   36890    0.0703621
1481903826      1271   38161    0.0727863
1481903827      1385   39546    0.075428
1481903828      1384   40930    0.0780678
1481903829      1384   42314    0.0807076
1481903830      1270   43584    0.0831299
1481903831      1384   44968    0.0857697
1481903832      1385   46353    0.0884113
1481903833      1385   47738    0.091053
1481903834      1269   49007    0.0934734
1481903835      1291   50298    0.0959358
1481903836      1385   51683    0.0985775
1481903837      1384   53067    0.101217
1481903838      1384   54451    0.103857
1481903839      1271   55722    0.106281
1481903840      1385   57107    0.108923
1481903841      1384   58491    0.111563
1481903842      1271   59816    0.11409
1481903843      1391   61207    0.116743
1481903844      1386   62593    0.119387
1481903845      1385   63978    0.122028
1481903846      1269   65247    0.124449
1481903847      1282   66533    0.126902
1481903848      1391   67924    0.129555
1481903849      1384   69308    0.132195
1481903850      1385   70693    0.134836
1481903851      1269   71962    0.137257
1481903852      1384   73346    0.139896
1481903853      1385   74731    0.142538
1481903854      1384   76115    0.145178
1481903855      1026   77253    0.147348
1481903856      1335   78588    0.149895
1481903857      1361   79949    0.152491
1481903858      1355   81304    0.155075
1481903859      1136   82440    0.157242
1481903860      1307   83747    0.159735
1481903861      1268   85042    0.162205
1481903862      1391   86433    0.164858
1481903863      1385   87818    0.1675
1481903864      1384   89202    0.170139
1481903865      1260   90462    0.172543
1481903866      1277   91739    0.174978
1481903867      1383   93122    0.177616
1481903868      1384   94506    0.180256
1481903869      1270   95776    0.182678
1481903870      1384   97160    0.185318
1481903871      1291   98451    0.18778
1481903872      1385   99836    0.190422
1481903873      1384   101220    0.193062
1481903874      1269   102489    0.195482
1481903875      1364   103853    0.198084
1481903876      1384   105237    0.200724
1481903877      1384   106621    0.203363
1481903878      1271   107892    0.205788
1481903879      1384   109276    0.208427
1481903880      1384   110660    0.211067
1481903881      1385   112045    0.213709
1481903882      1270   113315    0.216131
1481903883      1260   114575    0.218534
1481903884      1384   115959    0.221174
1481903885      1383   117342    0.223812
1481903886      1385   118727    0.226454
1481903887      1221   119948    0.228783
1481903888      1377   121325    0.231409
1481903889      1384   122709    0.234049
1481903890      1353   124062    0.236629
1481903891      1269   125331    0.23905
1481903892      1384   126715    0.24169
1481903893      1385   128100    0.244331
1481903894      1385   129485    0.246973
1481903895      1269   130754    0.249393
1481903896      1291   132045    0.251856
1481903897      1384   133429    0.254496
1481903898      1384   134813    0.257135
1481903899      1385   136198    0.259777
1481903900      1269   137467    0.262197
1481903901      1384   138851    0.264837
1481903902      1385   140236    0.267479
1481903903      1384   141620    0.270119
1481903904      1269   142889    0.272539
1481903905      1381   144270    0.275173
1481903906      1385   145655    0.277815
1481903907      1276   147001    0.280382
1481903908      1299   148358    0.28297
1481903909      1392   149750    0.285625
1481903910      1384   151134    0.288265
1481903911      1384   152518    0.290905
1481903912      1270   153788    0.293327
1481903913      1384   155172    0.295967
1481903914      1384   156556    0.298607
1481903915      1385   157941    0.301249
1481903916      1232   159173    0.303598
1481903917      1384   160557    0.306238
1481903918      1226   161783    0.308577
1481903919      1364   163147    0.311178
1481903920      1274   164421    0.313608
1481903921      1224   165645    0.315943
1481903922      1089   166867    0.318274
1481903923      1392   168259    0.320929
1481903924      1384   169643    0.323568
1481903925      1384   171027    0.326208
1481903926      1270   172297    0.32863
1481903927      1336   173633    0.331179
1481903928      1336   174969    0.333727
1481903929      1385   176354    0.336369
1481903930      1269   177623    0.338789
1481903931      1384   179007    0.341429
1481903932      1290   180297    0.343889
1481903933      1384   181681    0.346529
1481903934      1384   183065    0.349169
1481903935      1271   184336    0.351593
1481903936      1384   185720    0.354233
1481903937      1384   187104    0.356873
1481903938      1385   188489    0.359514
1481903939      1270   189759    0.361937
1481903940      1381   191140    0.364571
1481903941      1385   192525    0.367212
1481903942      1384   193909    0.369852
1481903943      1269   195178    0.372272
1481903944      1222   196400    0.374603
1481903945      1385   197785    0.377245
1481903946      1384   199169    0.379885
1481903947      1384   200553    0.382524
1481903948      1271   201824    0.384949
1481903949      1385   203209    0.38759
1481903950      1386   204595    0.390234
1481903951      1385   205980    0.392876
1481903952      1271   207251    0.3953
1481903953      1337   208588    0.39785
1481903954      1385   209973    0.400492
1481903955      1385   211358    0.403133
1481903956      1272   212630    0.40556
1481903957      1142   213818    0.407825
1481903958      1392   215210    0.41048
1481903959      1386   216596    0.413124
1481903960      1385   217981    0.415766
1481903961      1269   219250    0.418186
1481903962      1386   220636    0.42083
1481903963      1385   222021    0.423471
1481903964      1385   223406    0.426113
1481903965      1269   224675    0.428534
1481903966      1384   226059    0.431173
1481903967      1385   227444    0.433815
1481903968      1281   228826    0.436451
1481903969      1291   230183    0.439039
1481903970      1390   231573    0.44169
1481903971      1386   232959    0.444334
1481903972      1385   234344    0.446976
1481903973      1270   235614    0.449398
1481903974      1385   236999    0.45204
1481903975      1384   238383    0.454679
1481903976      1384   239767    0.457319
1481903977      1254   241021    0.459711
1481903978      1385   242406    0.462353
1481903979      1378   243784    0.464981
1481903980      1232   245016    0.467331
1481903981      1065   246081    0.469362
1481903982      1225   247306    0.471699
1481903983      1225   248531    0.474035
1481903984      1222   249753    0.476366
1481903985      1090   250843    0.478445
1481903986      1271   252114    0.480869
1481903987      1169   253283    0.483099
1481903988      1379   254662    0.485729
1481903989      1385   256047    0.488371
1481903990      1271   257318    0.490795
1481903991      1385   258703    0.493437
1481903992      1384   260087    0.496077
1481903993      1385   261472    0.498718
1481903994      1208   262680    0.501022
1481903995      1270   263985    0.503511
1481903996      1391   265376    0.506165
1481903997      1384   266760    0.508804
1481903998      1387   268147    0.51145
1481903999      1273   269420    0.513878
1481904000      1386   270806    0.516521
1481904001      1387   272193    0.519167
1481904002      1386   273579    0.521811
1481904003      1273   274852    0.524239
1481904004      1387   276239    0.526884
1481904005      1386   277625    0.529528
1481904006      1100   278725    0.531626
1481904007      1387   280112    0.534271
1481904008      1273   281422    0.53677
1481904009      1342   282764    0.53933
1481904010      1384   284148    0.541969
1481904011      1386   285534    0.544613
1481904012      1275   286809    0.547045
1481904013      1386   288195    0.549688
1481904014      1386   289581    0.552332
1481904015      1388   290969    0.554979
1481904016      1274   292243    0.557409
1481904017      1386   293629    0.560053
1481904018      1036   294665    0.562029
1481904019      1364   296029    0.564631
1481904020      1386   297415    0.567274
1481904021      1387   298802    0.56992
1481904022      1273   300075    0.572348
1481904023      1386   301461    0.574991
1481904024      1387   302848    0.577637
1481904025      1358   304206    0.580227
1481904026      1273   305479    0.582655
1481904027      1387   306866    0.5853
1481904028      1386   308252    0.587944
1481904029      1237   309579    0.590475
1481904030      1118   310936    0.593063
1481904031      1393   312329    0.59572
1481904032      1388   313717    0.598368
1481904033      1386   315103    0.601011
1481904034      1273   316376    0.603439
1481904035      1386   317762    0.606083
1481904036      1386   319148    0.608727
1481904037      1386   320534    0.61137
1481904038      1274   321808    0.6138
1481904039      1386   323194    0.616444
1481904040      1386   324580    0.619087
1481904042      1281   325944    0.621689
1481904043      1301   327301    0.624277
1481904044      1394   328695    0.626936
1481904045      1227   329922    0.629276
1481904046      1211   331133    0.631586
1481904047      1351   332484    0.634163
1481904048      1040   333733    0.636545
1481904049      1257   334990    0.638943
1481904050      1386   336376    0.641586
1481904051      1192   337568    0.64386
1481904052      1249   338817    0.646242
1481904053      1229   340046    0.648586
1481904054      1264   341310    0.650997
1481904055      1386   342696    0.653641
1481904056      1293   343989    0.656107
1481904057      1385   345374    0.658749
1481904058      1384   346758    0.661388
1481904059      1274   348032    0.663818
1481904060      1385   349417    0.66646
1481904061      1385   350802    0.669102
1481904062      1386   352188    0.671745
1481904063      1271   353459    0.67417
1481904064      1385   354844    0.676811
1481904065      1386   356230    0.679455
1481904066      1280   357602    0.682072
1481904067      1392   358994    0.684727
1481904068      1291   360285    0.687189
1481904069      1387   361672    0.689835
1481904070      1386   363058    0.692478
1481904071      1273   364331    0.694906
1481904072      1387   365718    0.697552
1481904073      1386   367104    0.700195
1481904074      1386   368490    0.702839
1481904075      1274   369764    0.705269
1481904076      1386   371150    0.707912
1481904077      1384   372534    0.710552
1481904078      1386   373920    0.713196
1481904079      1272   375192    0.715622
1481904080      1291   376483    0.718084
1481904081      1387   377870    0.72073
1481904082      1385   379255    0.723372
1481904083      1386   380641    0.726015
1481904084      1272   381913    0.728441
1481904085      1385   383298    0.731083
1481904086      1385   384683    0.733725
1481904087      1280   386044    0.73632
1481904088      1392   387436    0.738976
1481904089      1385   388821    0.741617
1481904090      1386   390207    0.744261
1481904091      1264   391471    0.746672
1481904092      1283   392761    0.749132
1481904093      1391   394152    0.751785
1481904094      1384   395536    0.754425
1481904095      1385   396921    0.757067
1481904096      1270   398191    0.759489
1481904097      1383   399574    0.762127
1481904098      1386   400960    0.764771
1481904099      1384   402344    0.76741
1481904100      1270   403614    0.769833
1481904101      1386   405000    0.772476
1481904102      1385   406385    0.775118
1481904103      1280   407769    0.777758
1481904104      1292   409126    0.780346
1481904105      1391   410517    0.782999
1481904106      1382   411899    0.785635
1481904107      1353   413252    0.788216
1481904108      1155   414486    0.790569
1481904109      1321   415807    0.793089
1481904110      1223   417030    0.795422
1481904111      1158   418188    0.79763
1481904112      1224   419412    0.799965
1481904113      1342   420754    0.802525
1481904114      1226   421980    0.804863
1481904115      1060   423062    0.806927
1481904116      1329   424391    0.809462
1481904117      1174   425565    0.811701
1481904118      1386   426951    0.814344
1481904119      1384   428335    0.816984
1481904120      1385   429720    0.819626
1481904121      1271   430991    0.82205
1481904122      1385   432376    0.824692
1481904123      1385   433761    0.827333
1481904124      1281   435139    0.829962
1481904125      1392   436531    0.832617
1481904126      1384   437915    0.835257
1481904127      1386   439301    0.8379
1481904128      1270   440571    0.840322
1481904129      1098   441856    0.842773
1481904130      1392   443248    0.845428
1481904131      1386   444634    0.848072
1481904132      1385   446019    0.850714
1481904133      1269   447288    0.853134
1481904134      1386   448674    0.855778
1481904135      1384   450058    0.858418
1481904136      1384   451442    0.861057
1481904137      1270   452712    0.86348
1481904138      1384   454096    0.866119
1481904139      1385   455481    0.868761
1481904140      1281   456864    0.871399
1481904142      1180   458221    0.873987
1481904143      1393   459614    0.876644
1481904144      1384   460998    0.879284
1481904145      1385   462383    0.881926
1481904146      1272   463655    0.884352
1481904147      1386   465041    0.886995
1481904148      1385   466426    0.889637
1481904149      1387   467813    0.892282
1481904150      1224   469037    0.894617
1481904151      1385   470422    0.897259
1481904152      1386   471808    0.899902
1481904153      1386   473194    0.902546
1481904154      1273   474467    0.904974
1481904155      1139   475606    0.907146
1481904156      1273   476879    0.909575
1481904157      1386   478265    0.912218
1481904158      1387   479652    0.914864
1481904159      1281   481018    0.917469
1481904160      1394   482412    0.920128
1481904161      1386   483798    0.922771
1481904162      1386   485184    0.925415
1481904163      1271   486455    0.927839
1481904164      1383   487838    0.930477
1481904165      1385   489223    0.933119
1481904166      1385   490608    0.93576
1481904167      1020   491628    0.937706
1481904168      1385   493013    0.940348
1481904169      1031   494167    0.942549
1481904170      1164   495331    0.944769
1481904171      1322   496653    0.94729
1481904172      1226   497879    0.949629
1481904173      1373   499252    0.952248
