1499765030      998   998    0
1499765031      1000   1998    0
1499765032      999   2997    0
1499765033      1000   3997    0
1499765034      999   4996    0
1499765035      998   5994    0
1499765036      999   6993    0
1499765037      1000   7993    0
1499765038      999   8992    0
1499765039      1000   9992    0
1499765040      999   10991    0
1499765041      1000   11991    0
1499765042      1000   12991    0
1499765043      999   13990    0
1499765044      1000   14990    0
1499765045      999   15989    0
1499765046      1000   16989    0
1499765047      999   17988    0
1499765048      1000   18988    0
1499765049      999   19987    0
1499765050      1000   20987    0
1499765051      999   21986    0
1499765052      1000   22986    0
1499765053      999   23985    0
1499765054      1000   24985    0
1499765055      999   25984    0
1499765056      1000   26984    0
1499765057      1000   27984    0
1499765058      999   28983    0
1499765059      1000   29983    0
1499765060      999   30982    0
1499765061      1000   31982    0
1499765062      999   32981    0
1499765063      1000   33981    0
1499765064      999   34980    0
1499765065      1000   35980    0
1499765066      999   36979    0
1499765067      1000   37979    0
1499765068      999   38978    0
1499765069      1000   39978    0
1499765070      999   40977    0
1499765071      1000   41977    0
1499765072      1000   42977    0
1499765073      999   43976    0
1499765074      1000   44976    0
1499765075      999   45975    0
1499765076      1000   46975    0
1499765077      999   47974    0
1499765078      1000   48974    0
1499765079      1000   49974    0
1499765080      999   50973    0
1499765081      1000   51973    0
1499765082      999   52972    0
1499765083      1000   53972    0
1499765084      999   54971    0
1499765085      1000   55971    0
1499765086      999   56970    0
1499765087      1000   57970    0
1499765088      999   58969    0
1499765089      1000   59969    0
1499765090      999   60968    0
1499765091      1000   61968    0
1499765092      999   62967    0
1499765093      1000   63967    0
1499765094      1000   64967    0
1499765095      999   65966    0
1499765096      1000   66966    0
1499765097      999   67965    0
1499765098      1000   68965    0
1499765099      999   69964    0
1499765100      978   70942    0
1499765101      999   71941    0
1499765102      1000   72941    0
1499765103      999   73940    0
1499765104      933   74873    0
1499765105      999   75872    0
1499765106      1000   76872    0
1499765107      948   77820    0
1499765108      1000   78820    0
1499765109      1000   79820    0
1499765110      931   80751    0
1499765111      1000   81751    0
1499765112      999   82750    0
1499765113      1000   83750    0
1499765114      948   84698    0
1499765115      1000   85698    0
1499765116      999   86697    0
1499765117      949   87646    0
1499765118      999   88645    0
1499765119      1000   89645    0
1499765120      948   90593    0
1499765121      1000   91593    0
1499765122      999   92592    0
1499765123      1000   93592    0
1499765124      930   94522    0
1499765125      999   95521    0
1499765126      1000   96521    0
1499765127      935   97456    0
1499765128      1000   98456    0
1499765129      999   99455    0
1499765130      949   100404    0
1499765131      999   101403    0
1499765132      1000   102403    0
1499765133      999   103402    0
1499765134      913   104315    0
1499765135      999   105314    0
1499765136      1000   106314    0
1499765137      949   107263    0
1499765138      999   108262    0
1499765139      1000   109262    0
1499765140      948   110210    0
1499765141      1000   111210    0
1499765142      999   112209    0
1499765143      944   113192    0
1499765144      1007   114199    0
1499765145      999   115198    0
1499765146      1000   116198    0
1499765147      949   117147    0
1499765148      999   118146    0
1499765149      1000   119146    0
1499765150      948   120094    0
1499765151      1000   121094    0
1499765152      999   122093    0
1499765153      949   123042    0
1499765154      999   124041    0
1499765155      1000   125041    0
1499765156      999   126040    0
1499765157      949   126989    0
1499765158      999   127988    0
1499765159      1000   128988    0
1499765160      939   129927    0
1499765161      1000   130927    0
1499765162      1000   131927    0
1499765163      948   132875    0
1499765164      1000   133875    0
1499765165      999   134874    0
1499765166      1000   135874    0
1499765167      929   136803    0
1499765168      1000   137803    0
1499765169      999   138802    0
1499765170      949   139751    0
1499765171      999   140750    0
1499765172      1000   141750    0
1499765173      851   142601    0
1499765174      999   143600    0
1499765175      1000   144600    0
1499765176      948   145548    0
1499765177      1000   146548    0
1499765178      999   147547    0
1499765179      949   148496    0
1499765180      999   149495    0
1499765181      1000   150495    0
1499765182      999   151494    0
1499765183      940   152434    0
1499765184      999   153433    0
1499765185      1000   154433    0
1499765186      949   155382    0
1499765187      999   156381    0
1499765188      1000   157381    0
1499765189      948   158329    0
1499765190      1000   159329    0
1499765191      999   160328    0
1499765192      1000   161328    0
1499765193      926   162254    0
1499765194      1000   163254    0
1499765195      999   164253    0
1499765196      949   165202    0
1499765197      999   166201    0
1499765198      1000   167201    0
1499765199      942   168143    0
1499765200      1000   169143    0
1499765201      1000   170143    0
1499765202      943   171116    0
1499765203      1007   172123    0
1499765204      999   173122    0
1499765205      1000   174122    0
1499765206      945   175067    0
1499765207      999   176066    0
1499765208      1000   177066    0
1499765209      948   178014    0
1499765210      1000   179014    0
1499765211      999   180013    0
1499765212      926   180939    0
1499765213      999   181938    0
1499765214      1000   182938    0
1499765215      999   183937    0
1499765216      949   184886    0
1499765217      994   185880    0
1499765218      1000   186880    0
1499765219      949   187829    0
1499765220      999   188828    0
1499765221      1000   189828    0
1499765222      928   190756    0
1499765223      1000   191756    0
1499765224      999   192755    0
1499765225      1000   193755    0
1499765226      927   194682    0
1499765227      1000   195682    0
1499765228      999   196681    0
1499765229      927   197608    0
1499765230      999   198607    0
1499765231      1000   199607    0
1499765232      949   200556    0
1499765233      999   201555    0
1499765234      1000   202555    0
1499765235      999   203554    0
1499765236      930   204484    0
1499765237      999   205483    0
1499765238      1000   206483    0
1499765239      948   207431    0
1499765240      1000   208431    0
1499765241      999   209430    0
1499765242      949   210379    0
1499765243      999   211378    0
1499765244      1000   212378    0
1499765245      856   213234    0
1499765246      999   214233    0
1499765247      1000   215233    0
1499765248      948   216181    0
1499765249      1000   217181    0
1499765250      999   218180    0
1499765251      1000   219180    0
1499765252      935   220115    0
1499765253      1000   221115    0
1499765254      999   222114    0
1499765255      949   223063    0
1499765256      999   224062    0
1499765257      1000   225062    0
1499765258      949   226011    0
1499765259      999   227010    0
1499765260      1000   228010    0
1499765261      999   229009    0
1499765262      930   229939    0
1499765263      999   230938    0
1499765264      1000   231938    0
1499765265      948   232886    0
1499765266      1000   233886    0
1499765267      997   234883    0
1499765268      944   235827    0
1499765269      999   236826    0
1499765270      1000   237826    0
1499765271      943   238793    0
1499765272      1007   239800    0
1499765273      999   240799    0
1499765274      1000   241799    0
1499765275      942   242741    0
1499765276      1000   243741    0
1499765277      999   244740    0
1499765278      949   245689    0
1499765279      999   246688    0
1499765280      1000   247688    0
1499765281      948   248636    0
1499765282      1000   249636    0
1499765283      999   250635    0
1499765284      1000   251635    0
1499765285      944   252579    0
1499765286      999   253578    0
1499765287      1000   254578    0
1499765288      948   255526    0
1499765289      1000   256526    0
1499765290      999   257525    0
1499765291      944   258469    0
1499765292      999   259468    0
1499765293      1000   260468    0
1499765294      999   261467    0
1499765295      926   262393    0
1499765296      999   263392    0
1499765297      1000   264392    0
1499765298      949   265341    0
1499765299      999   266340    0
1499765300      1000   267340    0
1499765301      948   268288    0
1499765302      1000   269288    0
1499765303      999   270287    0
1499765304      1000   271287    0
1499765305      934   272221    0
1499765306      1000   273221    0
1499765307      999   274220    0
1499765308      949   275169    0
1499765309      999   276168    0
1499765310      1000   277168    0
1499765311      949   278117    0
1499765312      999   279116    0
1499765313      1000   280116    0
1499765314      948   281064    0
1499765315      1000   282064    0
1499765316      999   283063    0
1499765317      863   283926    0
1499765318      999   284925    0
1499765319      1000   285925    0
1499765320      999   286924    0
1499765321      942   287866    0
1499765322      999   288865    0
1499765323      1000   289865    0
1499765324      949   290814    0
1499765325      999   291813    0
1499765326      1000   292813    0
1499765327      948   293761    0
1499765328      1000   294761    0
1499765329      999   295760    0
1499765330      942   296717    0
1499765331      1007   297724    0
1499765332      1000   298724    0
1499765333      999   299723    0
1499765334      949   300672    0
1499765335      997   301669    0
1499765336      1000   302669    0
1499765337      948   303617    0
1499765338      1000   304617    0
1499765339      999   305616    0
1499765340      949   306565    0
1499765341      999   307564    0
1499765342      1000   308564    0
1499765343      999   309563    0
1499765344      934   310497    0
1499765345      1000   311497    0
1499765346      999   312496    0
1499765347      948   313444    0
1499765348      999   314443    0
1499765349      1000   315443    0
1499765350      948   316391    0
1499765351      1000   317391    0
1499765352      999   318390    0
1499765353      1000   319390    0
1499765354      927   320317    0
1499765355      1000   321317    0
1499765356      999   322316    0
1499765357      949   323265    0
1499765358      999   324264    0
1499765359      1000   325264    0
1499765360      949   326213    0
1499765361      999   327212    0
1499765362      1000   328212    0
1499765363      999   329211    0
1499765364      935   330146    0
1499765365      999   331145    0
1499765366      1000   332145    0
1499765367      948   333093    0
1499765368      1000   334093    0
1499765369      999   335092    0
1499765370      937   336029    0
1499765371      999   337028    0
1499765372      1000   338028    0
1499765373      942   338980    0
1499765374      1007   339987    0
1499765375      999   340986    0
1499765376      1000   341986    0
1499765377      948   342934    0
1499765378      1000   343934    0
1499765379      999   344933    0
1499765380      949   345882    0
1499765381      999   346881    0
1499765382      1000   347881    0
1499765383      948   348829    0
1499765384      998   349827    0
1499765385      999   350826    0
1499765386      1000   351826    0
1499765387      948   352774    0
1499765388      999   353773    0
1499765389      858   354641    0
1499765390      1007   355648    0
1499765391      999   356647    0
1499765392      1000   357647    0
1499765393      939   358586    0
1499765394      1000   359586    0
1499765395      999   360585    0
1499765396      949   361534    0
1499765397      999   362533    0
1499765398      1000   363533    0
1499765399      948   364481    0
1499765400      1000   365481    0
1499765401      999   366480    0
1499765402      1000   367480    0
1499765403      949   368429    0
1499765404      999   369428    0
1499765405      1000   370428    0
1499765406      948   371376    0
1499765407      1000   372376    0
1499765408      999   373375    0
1499765409      947   374322    0
1499765410      999   375321    0
1499765411      1000   376321    0
1499765412      999   377320    0
1499765413      934   378254    0
1499765414      999   379253    0
1499765415      1000   380253    0
1499765416      943   381196    0
1499765417      999   382195    0
1499765418      1000   383195    0
1499765419      948   384143    0
1499765420      1000   385143    0
1499765421      999   386142    0
1499765422      1000   387142    0
1499765423      934   388076    0
1499765424      1000   389076    0
1499765425      999   390075    0
1499765426      949   391024    0
1499765427      999   392023    0
1499765428      1000   393023    0
1499765429      949   393972    0
1499765430      999   394971    0
1499765431      1000   395971    0
1499765432      948   396919    0
1499765433      1000   397919    0
1499765434      999   398918    0
1499765435      1000   399918    0
1499765436      948   400866    0
1499765437      1000   401866    0
1499765438      999   402865    0
1499765439      949   403814    0
1499765440      997   404811    0
1499765441      1000   405811    0
1499765442      933   406744    0
1499765443      999   407743    0
1499765444      1000   408743    0
1499765445      999   409742    0
1499765446      949   410691    0
1499765447      996   411687    0
1499765448      996   412683    0
1499765449      935   413618    0
1499765450      997   414615    0
1499765451      999   415614    0
1499765452      949   416563    0
1499765453      999   417562    0
1499765454      1000   418562    0
1499765455      1000   419562    0
1499765456      924   420486    0
1499765457      1000   421486    0
1499765458      999   422485    0
1499765459      949   423434    0
1499765460      999   424433    0
1499765461      1000   425433    0
1499765462      861   426294    0
1499765463      1000   427294    0
1499765464      999   428293    0
1499765465      949   429242    0
1499765466      999   430241    0
1499765467      1000   431241    0
1499765468      949   432190    0
1499765469      999   433189    0
1499765470      1000   434189    0
1499765471      999   435188    0
1499765472      941   436129    0
1499765473      999   437128    0
1499765474      1000   438128    0
1499765475      925   439053    0
1499765476      1000   440053    0
1499765477      999   441052    0
1499765478      948   442000    0
1499765479      999   442999    0
1499765480      1000   443999    0
1499765481      1000   444999    0
1499765482      930   445929    0
1499765483      1000   446929    0
1499765484      999   447928    0
1499765485      949   448877    0
1499765486      999   449876    0
1499765487      1000   450876    0
1499765488      948   451824    0
1499765489      1000   452824    0
1499765490      999   453823    0
1499765491      1000   454823    0
1499765492      931   455754    0
1499765493      1000   456754    0
1499765494      999   457753    0
1499765495      949   458702    0
1499765496      1000   459702    0
1499765497      999   460701    0
1499765498      949   461650    0
1499765499      999   462649    0
1499765500      1000   463649    0
1499765501      948   464597    0
1499765502      998   465595    0
1499765503      999   466594    0
1499765504      1000   467594    0
1499765505      948   468542    0
1499765506      1000   469542    0
1499765507      999   470541    0
1499765508      949   471490    0
1499765509      1000   472490    0
1499765510      999   473489    0
1499765511      930   474419    0
1499765512      999   475418    0
1499765513      1000   476418    0
1499765514      999   477417    0
1499765515      949   478366    0
1499765516      999   479365    0
1499765517      1000   480365    0
1499765518      948   481313    0
1499765519      1000   482313    0
1499765520      999   483312    0
1499765521      949   484261    0
1499765522      1000   485261    0
1499765523      999   486260    0
1499765524      1000   487260    0
1499765525      930   488190    0
1499765526      1000   489190    0
1499765527      999   490189    0
1499765528      949   491138    0
1499765529      999   492137    0
1499765530      1000   493137    0
1499765531      948   494085    0
1499765532      1000   495085    0
1499765533      999   496084    0
1499765534      850   496934    0
1499765535      999   497933    0
1499765536      997   498930    0
1499765537      949   499879    0
