1499936525      68   68    0.000453949
1499936526      61   130    0.000867844
1499936527      69   200    0.00133514
1499936528      62   262    0.00174904
1499936529      60   322    0.00214958
1499936530      77   400    0.00267029
1499936531      67   467    0.00311756
1499936532      62   529    0.00353146
1499936533      54   583    0.00389194
1499936534      71   654    0.00436592
1499936535      51   706    0.00471306
1499936536      62   769    0.00513363
1499936537      72   841    0.00561428
1499936538      69   911    0.00608158
1499936539      59   970    0.00647545
1499936540      58   1028    0.00686264
1499936541      64   1093    0.00729656
1499936542      56   1150    0.00767708
1499936543      67   1217    0.00812435
1499936544      63   1281    0.0085516
1499936545      74   1355    0.0090456
1499936546      69   1425    0.0095129
1499936547      66   1491    0.0099535
1499936548      63   1554    0.0103741
1499936549      75   1629    0.0108747
1499936550      69   1698    0.0113354
1499936551      72   1770    0.011816
1499936552      69   1839    0.0122766
1499936553      70   1910    0.0127506
1499936554      71   1982    0.0132313
1499936555      72   2055    0.0137186
1499936556      67   2123    0.0141726
1499936557      61   2185    0.0145864
1499936558      55   2240    0.0149536
1499936559      71   2311    0.0154276
1499936560      71   2383    0.0159082
1499936561      66   2450    0.0163555
1499936562      64   2514    0.0167828
1499936563      66   2581    0.01723
1499936564      74   2656    0.0177307
1499936565      72   2729    0.018218
1499936566      62   2791    0.0186319
1499936567      63   2854    0.0190525
1499936568      72   2926    0.0195332
1499936569      68   2994    0.0199871
1499936570      60   3056    0.020401
1499936571      47   3104    0.0207214
1499936572      68   3173    0.0211821
1499936573      66   3240    0.0216293
1499936574      65   3305    0.0220633
1499936575      61   3366    0.0224705
1499936576      58   3424    0.0228577
1499936577      65   3490    0.0232983
1499936578      55   3545    0.0236654
1499936579      65   3611    0.024106
1499936580      73   3685    0.0246
1499936581      67   3754    0.0250607
1499936582      60   3814    0.0254612
1499936583      59   3874    0.0258617
1499936584      73   3947    0.0263491
1499936585      60   4007    0.0267496
1499936586      64   4071    0.0271769
1499936587      74   4146    0.0276775
1499936588      70   4217    0.0281515
1499936589      65   4282    0.0285854
1499936590      66   4349    0.0290327
1499936591      67   4417    0.0294867
1499936592      62   4479    0.0299006
1499936593      69   4548    0.0303612
1499936594      75   4623    0.0308619
1499936595      70   4694    0.0313358
1499936596      60   4754    0.0317364
1499936597      65   4819    0.0321703
1499936598      68   4887    0.0326242
1499936599      64   4952    0.0330582
1499936600      74   5026    0.0335522
1499936601      72   5099    0.0340395
1499936602      63   5163    0.0344667
1499936603      59   5223    0.0348673
1499936604      63   5286    0.0352879
1499936605      61   5348    0.0357018
1499936606      62   5411    0.0361223
1499936607      71   5482    0.0365963
1499936608      70   5552    0.0370636
1499936609      59   5612    0.0374641
1499936610      68   5681    0.0379248
1499936611      59   5740    0.0383186
1499936612      52   5792    0.0386658
1499936613      71   5863    0.0391397
1499936614      71   5935    0.0396204
1499936615      62   5998    0.040041
1499936616      56   6054    0.0404148
1499936617      73   6127    0.0409021
1499936618      69   6197    0.0413694
1499936619      63   6260    0.04179
1499936620      70   6330    0.0422573
1499936621      72   6402    0.042738
1499936622      61   6464    0.0431519
1499936623      66   6531    0.0435991
1499936624      68   6600    0.0440598
1499936625      68   6669    0.0445204
1499936626      71   6741    0.045001
1499936627      77   6819    0.0455217
1499936628      69   6888    0.0459824
1499936629      55   6945    0.0463629
1499936630      67   7012    0.0468102
1499936631      62   7074    0.047224
1499936632      70   7145    0.047698
1499936633      77   7222    0.0482121
1499936634      74   7297    0.0487127
1499936635      68   7366    0.0491734
1499936636      71   7437    0.0496473
1499936637      55   7493    0.0500212
1499936638      67   7560    0.0504684
1499936639      65   7625    0.0509024
1499936640      61   7687    0.0513163
1499936641      74   7762    0.0518169
1499936642      61   7823    0.0522242
1499936643      60   7883    0.0526247
1499936644      69   7952    0.0530853
1499936645      66   8019    0.0535326
1499936646      59   8078    0.0539265
1499936647      57   8135    0.054307
1499936648      62   8199    0.0547342
1499936649      52   8251    0.0550814
1499936650      61   8313    0.0554953
1499936651      70   8384    0.0559692
1499936652      76   8461    0.0564833
1499936653      71   8532    0.0569572
1499936654      66   8599    0.0574045
1499936656      67   8667    0.0578585
1499936657      71   8739    0.0583391
1499936658      61   8801    0.058753
1499936659      60   8861    0.0591536
1499936660      62   8924    0.0595741
1499936661      71   8996    0.0600548
1499936662      63   9060    0.060482
1499936663      71   9132    0.0609627
1499936664      80   9213    0.0615034
1499936665      77   9291    0.0620241
1499936666      80   9371    0.0625582
1499936667      71   9442    0.0630322
1499936668      73   9516    0.0635262
1499936669      65   9581    0.0639601
1499936670      73   9654    0.0644474
1499936671      79   9734    0.0649815
1499936672      78   9813    0.0655088
1499936673      63   9876    0.0659294
1499936674      48   9924    0.0662498
1499936675      74   9999    0.0667505
1499936676      58   10057    0.0671377
1499936677      68   10125    0.0675917
1499936678      82   10208    0.0681458
1499936679      77   10286    0.0686665
1499936680      72   10359    0.0691538
1499936681      66   10425    0.0695944
1499936682      80   10505    0.0701284
1499936683      62   10568    0.070549
1499936684      75   10644    0.0710564
1499936685      77   10721    0.0715704
1499936686      73   10795    0.0720644
1499936687      67   10862    0.0725117
1499936688      78   10940    0.0730324
1499936689      75   11016    0.0735397
1499936690      62   11078    0.0739536
1499936691      77   11156    0.0744743
1499936692      69   11226    0.0749416
1499936693      62   11289    0.0753622
1499936694      81   11370    0.0759029
1499936695      84   11454    0.0764637
1499936696      74   11529    0.0769644
1499936697      64   11594    0.0773983
1499936698      64   11659    0.0778322
1499936699      62   11722    0.0782528
1499936700      65   11788    0.0786934
1499936701      62   11851    0.079114
1499936702      71   11923    0.0795946
1499936703      49   11972    0.0799217
1499936704      63   12036    0.080349
1499936705      74   12110    0.080843
1499936706      67   12178    0.0812969
1499936707      63   12241    0.0817175
1499936708      68   12310    0.0821781
1499936709      64   12374    0.0826054
1499936710      74   12448    0.0830994
1499936711      73   12521    0.0835867
1499936712      63   12584    0.0840073
1499936713      58   12643    0.0844011
1499936714      78   12722    0.0849285
1499936715      69   12791    0.0853891
1499936716      77   12868    0.0859032
1499936717      84   12953    0.0864706
1499936718      76   13029    0.086978
1499936719      73   13103    0.087472
1499936720      71   13174    0.0879459
1499936721      67   13241    0.0883932
1499936722      68   13310    0.0888538
1499936723      77   13387    0.0893679
1499936724      77   13464    0.0898819
1499936725      79   13544    0.090416
1499936726      71   13616    0.0908966
1499936727      71   13688    0.0913773
1499936728      66   13754    0.0918179
1499936729      57   13811    0.0921984
1499936730      59   13870    0.0925922
1499936731      62   13932    0.0930061
1499936732      48   13991    0.0934
1499936733      55   14047    0.0937738
1499936734      66   14113    0.0942144
1499936735      58   14172    0.0946083
1499936736      51   14224    0.0949554
1499936737      55   14280    0.0953293
1499936738      61   14341    0.0957365
1499936739      60   14402    0.0961437
1499936740      66   14468    0.0965843
1499936741      59   14528    0.0969849
1499936742      57   14586    0.0973721
1499936743      66   14652    0.0978127
1499936744      62   14714    0.0982265
1499936745      60   14774    0.0986271
1499936746      66   14841    0.0990744
1499936747      71   14912    0.0995483
1499936748      65   14978    0.0999889
1499936749      63   15041    0.10041
1499936750      71   15112    0.100883
1499936751      70   15183    0.101357
1499936752      59   15242    0.101751
1499936753      49   15291    0.102078
1499936754      61   15353    0.102492
1499936755      69   15422    0.102953
1499936756      63   15485    0.103374
1499936758      57   15543    0.103761
1499936759      58   15601    0.104148
1499936760      75   15677    0.104655
1499936761      74   15752    0.105156
1499936762      37   15789    0.105403
1499936763      72   15861    0.105884
1499936764      77   15939    0.106404
1499936765      69   16008    0.106865
1499936766      65   16073    0.107299
1499936767      75   16148    0.1078
1499936768      65   16214    0.10824
1499936769      65   16279    0.108674
1499936770      54   16334    0.109041
1499936771      74   16409    0.109542
1499936772      61   16471    0.109956
1499936773      71   16543    0.110436
1499936774      70   16614    0.11091
1499936775      68   16682    0.111364
1499936776      67   16749    0.111812
1499936777      79   16828    0.112339
1499936778      80   16908    0.112873
1499936779      57   16966    0.11326
1499936780      63   17029    0.113681
1499936781      78   17108    0.114208
1499936782      67   17176    0.114662
1499936783      55   17231    0.115029
1499936784      56   17287    0.115403
1499936785      78   17365    0.115924
1499936786      63   17429    0.116351
1499936787      66   17496    0.116798
1499936788      75   17571    0.117299
1499936789      77   17649    0.11782
1499936790      66   17715    0.11826
1499936791      72   17788    0.118748
1499936792      59   17847    0.119142
1499936793      66   17914    0.119589
1499936794      59   17974    0.119989
1499936795      63   18038    0.120417
1499936796      66   18104    0.120857
1499936797      75   18180    0.121365
1499936798      72   18252    0.121845
1499936799      70   18323    0.122319
1499936800      65   18388    0.122753
1499936801      73   18462    0.123247
1499936802      77   18539    0.123761
1499936803      78   18618    0.124289
1499936804      74   18693    0.124789
1499936805      70   18764    0.125263
1499936806      78   18843    0.125791
1499936807      71   18914    0.126265
1499936808      65   18979    0.126698
1499936809      72   19051    0.127179
1499936810      81   19132    0.12772
1499936811      77   19210    0.128241
1499936812      74   19284    0.128735
1499936813      80   19364    0.129269
1499936814      78   19443    0.129796
1499936815      70   19513    0.130263
1499936816      67   19580    0.130711
1499936817      70   19651    0.131185
1499936818      73   19724    0.131672
1499936819      72   19796    0.132153
1499936820      61   19857    0.13256
1499936821      83   19940    0.133114
1499936822      76   20016    0.133621
1499936823      77   20093    0.134135
1499936824      82   20175    0.134683
1499936825      73   20248    0.13517
1499936826      65   20313    0.135604
1499936827      63   20376    0.136024
1499936828      74   20451    0.136525
1499936829      74   20525    0.137019
1499936830      63   20588    0.13744
1499936831      66   20654    0.13788
1499936832      77   20731    0.138394
1499936833      74   20805    0.138888
1499936834      55   20860    0.139256
1499936835      62   20922    0.139669
1499936836      72   20994    0.14015
1499936837      78   21072    0.140671
1499936838      77   21149    0.141185
1499936839      57   21207    0.141572
1499936840      68   21275    0.142026
1499936841      76   21352    0.14254
1499936842      62   21414    0.142954
1499936843      62   21476    0.143368
1499936844      85   21562    0.143942
1499936845      88   21650    0.144529
1499936846      85   21735    0.145097
1499936847      77   21812    0.145611
1499936848      65   21879    0.146058
1499936849      90   21969    0.146659
1499936850      90   22060    0.147266
1499936851      80   22140    0.1478
1499936852      75   22216    0.148308
1499936853      81   22298    0.148855
1499936854      85   22383    0.149423
1499936855      80   22463    0.149957
1499936856      83   22547    0.150517
1499936857      87   22634    0.151098
1499936858      77   22712    0.151619
1499936859      86   22798    0.152193
1499936860      75   22874    0.1527
1499936861      81   22956    0.153248
1499936862      88   23044    0.153835
1499936863      90   23135    0.154443
1499936864      77   23212    0.154957
1499936865      81   23294    0.155504
1499936866      84   23378    0.156065
1499936867      85   23463    0.156632
1499936868      79   23543    0.157166
1499936869      85   23628    0.157734
1499936870      51   23679    0.158074
1499936871      89   23768    0.158669
1499936872      75   23844    0.159176
1499936873      82   23927    0.15973
1499936874      89   24017    0.160331
1499936875      91   24108    0.160938
1499936876      80   24189    0.161479
1499936877      86   24276    0.16206
1499936878      91   24368    0.162674
1499936879      90   24458    0.163275
1499936880      85   24543    0.163842
1499936881      85   24628    0.16441
1499936882      97   24726    0.165064
1499936883      91   24818    0.165678
1499936884      83   24901    0.166232
1499936885      80   24981    0.166766
1499936886      77   25059    0.167287
1499936887      88   25147    0.167874
1499936888      82   25230    0.168428
1499936889      79   25310    0.168962
1499936890      83   25393    0.169517
1499936891      86   25479    0.170091
1499936892      85   25565    0.170665
1499936893      79   25644    0.171192
1499936894      59   25703    0.171586
1499936895      87   25790    0.172167
1499936896      86   25877    0.172748
1499936897      81   25958    0.173288
1499936898      91   26049    0.173896
1499936899      92   26141    0.17451
1499936900      82   26224    0.175064
1499936901      81   26305    0.175605
1499936902      72   26378    0.176092
1499936903      82   26461    0.176646
1499936904      84   26545    0.177207
1499936905      76   26622    0.177721
1499936906      84   26707    0.178288
1499936907      86   26794    0.178869
1499936908      88   26882    0.179457
1499936909      86   26968    0.180031
1499936910      93   27062    0.180658
1499936911      90   27152    0.181259
1499936912      84   27236    0.18182
1499936913      82   27319    0.182374
1499936914      89   27408    0.182968
1499936915      88   27497    0.183562
1499936916      78   27576    0.18409
1499936917      82   27658    0.184637
1499936918      74   27732    0.185131
1499936919      54   27786    0.185492
1499936920      83   27870    0.186052
1499936921      85   27955    0.18662
1499936922      88   28043    0.187207
1499936923      91   28135    0.187821
1499936924      87   28222    0.188402
1499936925      84   28306    0.188963
1499936926      85   28392    0.189537
1499936927      92   28484    0.190151
1499936928      84   28568    0.190712
1499936929      81   28650    0.191259
1499936930      81   28732    0.191807
1499936931      84   28816    0.192368
1499936933      82   28899    0.192922
1499936934      74   28973    0.193416
1499936935      75   29048    0.193916
1499936936      73   29121    0.194404
1499936937      77   29199    0.194924
1499936938      82   29281    0.195472
1499936939      74   29355    0.195966
1499936940      76   29431    0.196473
1499936941      78   29509    0.196994
1499936942      79   29588    0.197521
1499936943      76   29664    0.198029
1499936944      73   29738    0.198523
1499936945      59   29797    0.198916
1499936946      77   29875    0.199437
1499936947      85   29961    0.200011
1499936948      80   30042    0.200552
1499936949      90   30132    0.201153
1499936950      83   30216    0.201714
1499936951      78   30295    0.202241
1499936952      80   30375    0.202775
1499936953      83   30459    0.203336
1499936954      79   30539    0.20387
1499936955      87   30627    0.204457
1499936956      75   30703    0.204965
1499936957      78   30782    0.205492
1499936958      80   30862    0.206026
1499936959      81   30944    0.206573
1499936960      86   31031    0.207154
1499936961      78   31110    0.207682
1499936962      77   31188    0.208202
1499936963      88   31276    0.20879
1499936964      92   31368    0.209404
1499936965      91   31459    0.210011
1499936966      72   31531    0.210492
1499936967      47   31578    0.210806
1499936968      79   31657    0.211333
1499936969      85   31742    0.211901
1499936970      81   31824    0.212448
1499936971      77   31902    0.212969
1499936972      82   31985    0.213523
1499936973      84   32070    0.21409
1499936974      77   32148    0.214611
1499936975      79   32228    0.215145
1499936976      85   32313    0.215713
1499936977      90   32404    0.21632
1499936978      89   32493    0.216914
1499936979      75   32568    0.217415
1499936980      77   32646    0.217936
1499936981      78   32724    0.218456
1499936982      81   32805    0.218997
1499936983      72   32877    0.219478
1499936984      82   32960    0.220032
1499936985      80   33041    0.220572
1499936986      89   33130    0.221167
1499936987      87   33217    0.221747
1499936988      86   33303    0.222322
1499936989      83   33387    0.222882
1499936990      81   33468    0.223423
1499936991      79   33548    0.223957
1499936992      52   33601    0.224311
1499936993      90   33691    0.224912
1499936994      88   33779    0.225499
1499936995      80   33859    0.226033
1499936996      76   33935    0.226541
1499936997      76   34012    0.227055
1499936998      74   34087    0.227555
1499936999      74   34162    0.228056
1499937000      84   34246    0.228617
1499937001      81   34327    0.229157
1499937002      69   34396    0.229618
1499937003      72   34468    0.230099
1499937004      65   34533    0.230533
1499937005      76   34610    0.231047
1499937006      51   34661    0.231387
1499937007      70   34733    0.231868
1499937008      49   34782    0.232195
1499937009      60   34843    0.232602
1499937010      62   34905    0.233016
1499937011      73   34979    0.23351
1499937012      65   35044    0.233944
1499937013      63   35107    0.234365
1499937014      65   35173    0.234805
1499937015      67   35241    0.235259
1499937016      60   35302    0.235666
1499937017      64   35367    0.2361
1499937018      59   35426    0.236494
1499937019      68   35494    0.236948
1499937020      77   35571    0.237462
1499937021      56   35627    0.237836
1499937022      74   35701    0.23833
1499937023      62   35763    0.238744
1499937024      69   35832    0.239204
1499937025      66   35899    0.239652
1499937026      69   35968    0.240112
1499937027      58   36026    0.240499
1499937028      62   36088    0.240913
1499937029      64   36153    0.241347
1499937030      73   36227    0.241841
1499937031      75   36302    0.242342
1499937032      76   36378    0.242849
1499937033      76   36454    0.243357
1499937034      81   36536    0.243904
1499937035      59   36596    0.244305
1499937036      68   36664    0.244759
1499937037      69   36733    0.245219
1499937038      58   36792    0.245613
1499937039      63   36856    0.24604
1499937040      66   36922    0.246481
1499937041      62   36984    0.246895
1499937042      56   37041    0.247275
1499937043      60   37101    0.247676
1499937044      54   37156    0.248043
1499937045      59   37216    0.248444
1499937046      62   37279    0.248864
1499937047      66   37346    0.249311
1499937048      50   37397    0.249652
1499937049      68   37466    0.250113
1499937050      74   37540    0.250607
1499937051      82   37622    0.251154
1499937052      47   37669    0.251468
1499937053      58   37727    0.251855
1499937054      72   37800    0.252342
1499937055      82   37882    0.25289
1499937056      74   37956    0.253384
1499937057      59   38015    0.253778
1499937058      67   38082    0.254225
1499937059      56   38139    0.254605
1499937060      83   38223    0.255166
1499937061      73   38297    0.25566
1499937062      67   38364    0.256107
1499937063      62   38427    0.256528
1499937064      57   38486    0.256922
1499937065      64   38550    0.257349
1499937066      59   38609    0.257743
1499937067      58   38668    0.258137
1499937068      68   38737    0.258597
1499937069      65   38803    0.259038
1499937070      72   38875    0.259519
1499937071      61   38936    0.259926
