1481282170      1498   1498    0.0014286
1481282171      1500   2998    0.00285912
1481282172      1499   4497    0.00428867
1481282173      1499   5996    0.00571823
1481282174      1499   7495    0.00714779
1481282175      1499   8994    0.00857735
1481282176      1473   10467    0.00998211
1481282177      1500   11967    0.0114126
1481282178      1499   13466    0.0128422
1481282179      1499   14965    0.0142717
1481282180      1500   16465    0.0157022
1481282181      1499   17964    0.0171318
1481282182      1499   19464    0.0185623
1481282183      1500   20964    0.0199928
1481282184      1499   22463    0.0214224
1481282185      1499   23962    0.0228519
1481282186      1438   25400    0.0242233
1481282187      1350   26750    0.0255108
1481282188      1380   28169    0.0268641
1481282189      1507   29676    0.0283012
1481282190      1385   31061    0.0296221
1481282191      1387   32448    0.0309448
1481282192      1388   33836    0.0322685
1481282193      1387   35223    0.0335913
1481282194      1386   36609    0.0349131
1481282195      1385   37994    0.0362339
1481282196      1382   39453    0.0376253
1481282197      1506   40959    0.0390615
1481282198      1385   42344    0.0403824
1481282199      1387   43731    0.0417051
1481282200      1377   45108    0.0430183
1481282201      1387   46495    0.0443411
1481282202      1382   47877    0.0456591
1481282203      1377   49254    0.0469723
1481282204      1331   50585    0.0482416
1481282205      1386   51971    0.0495634
1481282206      1381   53352    0.0508804
1481282207      1385   54737    0.0522013
1481282208      1499   56236    0.0536308
1481282209      1387   57623    0.0549536
1481282210      1388   59011    0.0562773
1481282211      1377   60388    0.0575905
1481282212      1382   61770    0.0589085
1481282213      1388   63158    0.0602322
1481282214      1383   64541    0.0615511
1481282215      1385   66009    0.0629511
1481282216      1506   67515    0.0643873
1481282217      1386   68901    0.0657091
1481282218      1378   70279    0.0670233
1481282219      1384   71663    0.0683432
1481282220      1376   73039    0.0696554
1481282221      1383   74422    0.0709743
1481282222      1331   75753    0.0722437
1481282223      1382   77135    0.0735617
1481282224      1382   78517    0.0748796
1481282225      1384   79901    0.0761995
1481282226      1376   81281    0.0775156
1481282227      1506   82787    0.0789518
1481282228      1384   84171    0.0802717
1481282229      1386   85557    0.0815935
1481282230      1385   86942    0.0829144
1481282231      1384   88326    0.0842342
1481282232      1369   89695    0.0855398
1481282233      1384   91079    0.0868597
1481282234      1374   92565    0.0882769
1481282235      1507   94072    0.0897141
1481282236      1371   95443    0.0910215
1481282237      1375   96818    0.0923328
1481282238      1368   98186    0.0936375
1481282239      1386   99572    0.0949593
1481282240      1290   100862    0.0961895
1481282241      1330   102192    0.0974579
1481282242      1386   103578    0.0987797
1481282243      1383   104961    0.100099
1481282244      1387   106348    0.101421
1481282245      1387   107837    0.102841
1481282246      1507   109344    0.104279
1481282247      1386   110730    0.1056
1481282248      1386   112116    0.106922
1481282249      1387   113503    0.108245
1481282250      1386   114889    0.109567
1481282251      1387   116276    0.110889
1481282252      1388   117664    0.112213
1481282253      1385   119121    0.113603
1481282254      1506   120627    0.115039
1481282255      1384   122011    0.116359
1481282256      1386   123397    0.117681
1481282257      1232   124721    0.118943
1481282258      1506   126227    0.120379
1481282259      1385   127612    0.1217
1481282260      1387   128999    0.123023
1481282261      1377   130376    0.124336
1481282262      1387   131763    0.125659
1481282263      1388   133151    0.126983
1481282264      1386   134537    0.128304
1481282265      1386   136005    0.129704
1481282266      1506   137511    0.131141
1481282267      1387   138898    0.132463
1481282268      1386   140284    0.133785
1481282269      1386   141670    0.135107
1481282270      1387   143057    0.13643
1481282271      1386   144443    0.137752
1481282272      1387   145830    0.139074
1481282273      1386   147289    0.140466
1481282274      1507   148796    0.141903
1481282275      1094   149890    0.142946
1481282276      1380   151277    0.144269
1481282277      1506   152783    0.145705
1481282278      1385   154168    0.147026
1481282279      1387   155555    0.148349
1481282280      1386   156941    0.149671
1481282281      1366   158307    0.150973
1481282282      1386   159693    0.152295
1481282283      1385   161078    0.153616
1481282285      1387   162561    0.15503
1481282286      1507   164068    0.156467
1481282287      1385   165453    0.157788
1481282288      1379   166832    0.159103
1481282289      1387   168219    0.160426
1481282290      1386   169605    0.161748
1481282291      1385   170990    0.163069
1481282292      1386   172376    0.164391
1481282293      1386   173845    0.165792
1481282294      1332   175177    0.167062
1481282295      1386   176563    0.168384
1481282296      1371   177934    0.169691
1481282297      1499   179433    0.171121
1481282298      1386   180819    0.172442
1481282299      1379   182198    0.173758
1481282300      1307   183505    0.175004
1481282301      1376   184881    0.176316
1481282302      1380   186261    0.177632
1481282303      1372   187633    0.178941
1481282304      1319   189117    0.180356
1481282305      1507   190624    0.181793
1481282306      1378   192002    0.183107
1481282307      1338   193340    0.184383
1481282308      1383   194723    0.185702
1481282309      1383   196106    0.187021
1481282310      1385   197491    0.188342
1481282311      1357   198848    0.189636
1481282312      1325   200173    0.1909
1481282313      1385   201558    0.192221
1481282314      1388   202946    0.193544
1481282315      1373   204389    0.194921
1481282316      1506   205895    0.196357
1481282317      1370   207265    0.197663
1481282318      1376   208641    0.198976
1481282319      1377   210018    0.200289
1481282320      1386   211404    0.201611
1481282321      1386   212790    0.202932
1481282322      1383   214173    0.204251
1481282323      1389   215673    0.205682
1481282324      1507   217180    0.207119
1481282325      1387   218567    0.208442
1481282326      1387   219954    0.209764
1481282327      1388   221342    0.211088
1481282328      1387   222729    0.212411
1481282329      1387   224116    0.213734
1481282330      1332   225448    0.215004
1481282331      1386   226834    0.216326
1481282332      1387   228221    0.217649
1481282333      1388   229609    0.218972
1481282334      1386   230995    0.220294
1481282335      1499   232494    0.221724
1481282336      1385   233879    0.223044
1481282337      1386   235265    0.224366
1481282338      1380   236645    0.225682
1481282339      1382   238027    0.227
1481282340      1386   239413    0.228322
1481282341      1383   240796    0.229641
1481282342      1382   242229    0.231008
1481282343      1507   243736    0.232445
1481282344      1385   245121    0.233766
1481282345      1386   246507    0.235087
1481282346      1388   247895    0.236411
1481282347      1387   249282    0.237734
1481282348      1331   250613    0.239003
1481282349      1388   252001    0.240327
1481282350      1386   253387    0.241649
1481282351      1386   254773    0.24297
1481282352      1388   256161    0.244294
1481282353      1387   257548    0.245617
1481282354      1499   259047    0.247046
1481282355      1388   260435    0.24837
1481282356      1385   261820    0.249691
1481282357      1386   263206    0.251013
1481282358      1387   264593    0.252336
1481282359      1387   265980    0.253658
1481282360      1387   267367    0.254981
1481282361      1286   268785    0.256333
1481282362      1506   270291    0.25777
1481282363      1389   271680    0.259094
1481282364      1316   272996    0.260349
1481282365      1289   274285    0.261579
1481282366      1272   275557    0.262792
1481282367      1252   276809    0.263986
1481282368      1387   278196    0.265308
1481282369      1387   279583    0.266631
1481282370      1385   280968    0.267952
1481282371      1385   282445    0.269361
1481282372      1506   283951    0.270797
1481282373      1388   285339    0.27212
1481282374      1377   286716    0.273434
1481282375      1387   288103    0.274756
1481282376      1388   289491    0.27608
1481282377      1383   290874    0.277399
1481282378      1386   292260    0.278721
1481282379      1388   293729    0.280122
1481282380      1507   295236    0.281559
1481282381      1386   296622    0.282881
1481282382      1387   298009    0.284204
1481282383      1230   299329    0.285462
1481282384      1507   300836    0.2869
1481282385      1387   302223    0.288222
1481282386      1385   303608    0.289543
1481282387      1386   304994    0.290865
1481282388      1385   306379    0.292186
1481282389      1383   307762    0.293505
1481282390      1382   309144    0.294823
1481282391      1387   310613    0.296224
1481282392      1506   312119    0.29766
1481282393      1388   313507    0.298984
1481282394      1389   314896    0.300308
1481282395      1386   316282    0.30163
1481282396      1379   317661    0.302945
1481282397      1387   319048    0.304268
1481282398      1379   320427    0.305583
1481282399      1386   321897    0.306985
1481282400      1506   323403    0.308421
1481282401      1102   324505    0.309472
1481282402      1379   325885    0.310788
1481282403      1506   327391    0.312224
1481282404      1383   328774    0.313543
1481282405      1387   330161    0.314866
1481282406      1385   331546    0.316187
1481282407      1386   332932    0.317509
1481282408      1388   334320    0.318832
1481282409      1387   335707    0.320155
1481282410      1385   337169    0.321549
1481282411      1507   338676    0.322987
1481282412      1386   340062    0.324308
1481282413      1387   341449    0.325631
1481282414      1387   342836    0.326954
1481282415      1387   344223    0.328277
1481282416      1385   345608    0.329597
1481282417      1388   346996    0.330921
1481282418      1385   348453    0.332311
1481282419      1221   349674    0.333475
1481282420      1383   351057    0.334794
1481282421      1379   352441    0.336114
1481282422      1506   353947    0.33755
1481282423      1387   355334    0.338873
1481282424      1387   356721    0.340196
1481282425      1373   358094    0.341505
1481282426      1248   359342    0.342695
1481282427      1228   360570    0.343866
1481282428      1499   362069    0.345296
1481282429      1375   363444    0.346607
1481282430      1340   364784    0.347885
1481282431      1238   366022    0.349066
1481282432      1387   367409    0.350389
1481282433      1388   368797    0.351712
1481282434      1386   370183    0.353034
1481282435      1499   371682    0.354464
1481282436      1381   373063    0.355781
1481282437      1212   374275    0.356936
1481282438      1389   375773    0.358365
1481282439      1507   377280    0.359802
1481282440      1384   378664    0.361122
1481282441      1378   380042    0.362436
1481282442      1383   381425    0.363755
1481282443      1385   382810    0.365076
1481282444      1384   384194    0.366396
1481282445      1367   385561    0.3677
1481282447      1389   387057    0.369126
1481282448      1506   388563    0.370563
1481282449      1388   389951    0.371886
1481282450      1387   391338    0.373209
1481282451      1387   392725    0.374532
1481282452      1381   394106    0.375849
1481282453      1385   395491    0.37717
1481282454      1387   396878    0.378492
1481282455      1385   398341    0.379888
1481282456      1335   399676    0.381161
1481282457      1388   401064    0.382484
1481282458      1384   402448    0.383804
1481282459      1383   403941    0.385228
1481282460      1506   405447    0.386664
1481282461      1388   406835    0.387988
1481282462      1382   408217    0.389306
1481282463      1382   409599    0.390624
1481282464      1382   410981    0.391942
1481282465      1373   412354    0.393251
1481282466      1385   413739    0.394572
1481282467      1385   415225    0.395989
1481282468      1506   416731    0.397426
1481282469      1382   418113    0.398744
1481282470      1372   419485    0.400052
1481282471      1384   420869    0.401372
1481282472      1383   422252    0.402691
1481282473      1384   423636    0.404011
1481282474      1326   424962    0.405275
1481282475      1373   426335    0.406585
1481282476      1381   427716    0.407902
1481282477      1382   429098    0.40922
1481282478      1376   430497    0.410554
1481282479      1507   432004    0.411991
1481282480      1381   433385    0.413308
1481282481      1381   434766    0.414625
1481282482      1387   436153    0.415948
1481282483      1385   437538    0.417269
1481282484      1379   438917    0.418584
1481282485      1387   440304    0.419907
1481282486      1385   441781    0.421315
1481282487      1507   443288    0.422752
1481282488      1384   444672    0.424072
1481282489      1369   446041    0.425378
1481282490      1388   447429    0.426702
1481282491      1377   448806    0.428015
1481282492      1320   450126    0.429274
1481282493      1372   451498    0.430582
1481282494      1380   452878    0.431898
1481282495      1385   454263    0.433219
1481282496      1384   455647    0.434539
1481282497      1375   457053    0.43588
1481282498      1506   458559    0.437316
1481282499      1385   459944    0.438637
1481282500      1383   461327    0.439956
1481282501      1386   462713    0.441278
1481282502      1380   464093    0.442594
1481282503      1382   465475    0.443912
1481282504      1384   466859    0.445231
1481282505      1382   468337    0.446641
1481282506      1506   469843    0.448077
1481282507      1374   471217    0.449388
1481282508      1380   472597    0.450704
1481282509      1228   473937    0.451982
1481282510      1507   475444    0.453419
1481282511      1373   476817    0.454728
1481282512      1373   478190    0.456038
1481282513      1380   479570    0.457354
1481282514      1381   480951    0.458671
1481282515      1383   482334    0.45999
1481282516      1385   483719    0.46131
1481282517      1499   485218    0.46274
1481282518      1383   486601    0.464059
1481282519      1380   487981    0.465375
1481282520      1349   489330    0.466661
1481282521      1372   490702    0.46797
1481282522      1373   492075    0.469279
1481282523      1381   493456    0.470596
1481282524      1367   494893    0.471967
1481282525      1506   496399    0.473403
1481282526      1371   497770    0.47471
1481282527      1192   498962    0.475847
