1481196054      1498   1498    0.0014286
1481196055      1500   2998    0.00285912
1481196056      1499   4497    0.00428867
1481196057      1499   5996    0.00571823
1481196058      1500   7496    0.00714874
1481196059      1499   8995    0.0085783
1481196060      1499   10494    0.0100079
1481196061      1500   11994    0.0114384
1481196062      1499   13493    0.0128679
1481196063      1499   14992    0.0142975
1481196064      1500   16492    0.015728
1481196065      1499   17991    0.0171576
1481196066      1499   19490    0.0185871
1481196067      1500   20990    0.0200176
1481196068      1499   22489    0.0214472
1481196069      1499   23988    0.0228767
1481196070      1465   25453    0.0242739
1481196071      1385   26838    0.0255947
1481196072      1387   28225    0.0269175
1481196073      1500   29725    0.028348
1481196074      1386   31111    0.0296698
1481196075      1386   32497    0.0309916
1481196076      1388   33885    0.0323153
1481196077      1387   35272    0.033638
1481196078      1387   36659    0.0349607
1481196079      1388   38047    0.0362844
1481196080      1385   39485    0.0376558
1481196081      1506   40991    0.0390921
1481196082      1388   42379    0.0404158
1481196083      1389   43768    0.0417404
1481196084      1387   45155    0.0430632
1481196085      1387   46542    0.0443859
1481196086      1387   47929    0.0457087
1481196087      1386   49315    0.0470304
1481196088      1325   50640    0.0482941
1481196089      1388   52028    0.0496178
1481196090      1387   53415    0.0509405
1481196091      1387   54802    0.0522633
1481196092      1500   56302    0.0536938
1481196093      1380   57682    0.0550098
1481196094      1387   59069    0.0563326
1481196095      1388   60457    0.0576563
1481196096      1387   61844    0.058979
1481196097      1388   63232    0.0603027
1481196098      1383   64615    0.0616217
1481196099      1386   66073    0.0630121
1481196100      1506   67579    0.0644484
1481196101      1387   68966    0.0657711
1481196102      1388   70354    0.0670948
1481196103      1387   71741    0.0684175
1481196104      1387   73128    0.0697403
1481196105      1388   74516    0.071064
1481196106      1322   75838    0.0723248
1481196107      1387   77225    0.0736475
1481196108      1388   78613    0.0749712
1481196109      1387   80000    0.0762939
1481196110      1387   81387    0.0776167
1481196111      1500   82887    0.0790472
1481196112      1387   84274    0.0803699
1481196113      1387   85661    0.0816927
1481196114      1387   87048    0.0830154
1481196115      1387   88435    0.0843382
1481196116      1387   89822    0.0856609
1481196117      1387   91209    0.0869837
1481196118      1385   92661    0.0883684
1481196119      1507   94168    0.0898056
1481196120      1387   95555    0.0911283
1481196121      1388   96943    0.092452
1481196122      1388   98331    0.0937757
1481196123      1387   99718    0.0950985
1481196124      1324   101042    0.0963612
1481196125      1388   102430    0.0976849
1481196126      1385   103815    0.0990057
1481196127      1226   105041    0.100175
1481196128      1241   106353    0.101426
1481196129      1506   107859    0.102862
1481196130      1344   109203    0.104144
1481196131      1388   110591    0.105468
1481196132      1387   111978    0.106791
1481196133      1387   113365    0.108113
1481196134      1388   114753    0.109437
1481196135      1387   116140    0.11076
1481196137      1389   117637    0.112187
1481196138      1507   119144    0.113625
1481196139      1387   120531    0.114947
1481196140      1388   121919    0.116271
1481196141      1388   123307    0.117595
1481196142      1380   124687    0.118911
1481196143      1315   126002    0.120165
1481196144      1387   127389    0.121488
1481196145      1387   128776    0.12281
1481196146      1387   130163    0.124133
1481196147      1389   131552    0.125458
1481196148      1381   132941    0.126782
1481196149      1506   134447    0.128219
1481196150      1388   135835    0.129542
1481196151      1385   137220    0.130863
1481196152      1383   138603    0.132182
1481196153      1388   139991    0.133506
1481196154      1388   141379    0.13483
1481196155      1387   142766    0.136152
1481196156      1386   144225    0.137544
1481196157      1506   145731    0.13898
1481196158      1387   147118    0.140303
1481196159      1388   148506    0.141626
1481196160      1170   149857    0.142915
1481196161      1506   151363    0.144351
1481196162      1387   152750    0.145674
1481196163      1385   154135    0.146995
1481196164      1385   155520    0.148315
1481196165      1388   156908    0.149639
1481196166      1387   158295    0.150962
1481196167      1385   159680    0.152283
1481196168      1385   161141    0.153676
1481196169      1507   162648    0.155113
1481196170      1387   164035    0.156436
1481196171      1387   165422    0.157759
1481196172      1388   166810    0.159082
1481196173      1387   168197    0.160405
1481196174      1386   169583    0.161727
1481196175      1388   170971    0.163051
1481196176      1385   172425    0.164437
1481196177      1506   173931    0.165874
1481196178      1214   175145    0.167031
1481196179      1387   176532    0.168354
1481196180      1499   178031    0.169784
1481196181      1383   179414    0.171103
1481196182      1380   180794    0.172419
1481196183      1388   182182    0.173742
1481196184      1388   183570    0.175066
1481196185      1387   184957    0.176389
1481196186      1387   186344    0.177711
1481196187      1361   187729    0.179032
1481196188      1507   189236    0.18047
1481196189      1383   190619    0.181788
1481196190      1381   192000    0.183105
1481196191      1388   193388    0.184429
1481196192      1387   194775    0.185752
1481196193      1365   196140    0.187054
1481196194      1340   197480    0.188332
1481196195      1499   198979    0.189761
1481196196      1211   200190    0.190916
1481196197      1389   201579    0.192241
1481196198      1386   203033    0.193627
1481196199      1506   204539    0.195064
1481196200      1385   205924    0.196384
1481196201      1388   207312    0.197708
1481196202      1387   208699    0.199031
1481196203      1383   210082    0.20035
1481196204      1388   211470    0.201674
1481196205      1384   212854    0.202993
1481196206      1386   214317    0.204389
1481196207      1507   215824    0.205826
1481196208      1387   217211    0.207149
1481196209      1386   218597    0.20847
1481196210      1388   219985    0.209794
1481196211      1387   221372    0.211117
1481196212      1387   222759    0.21244
1481196213      1388   224147    0.213763
1481196214      1326   225473    0.215028
1481196215      1387   226860    0.216351
1481196216      1388   228248    0.217674
1481196217      1388   229636    0.218998
1481196218      1499   231135    0.220428
1481196219      1387   232522    0.22175
1481196220      1385   233907    0.223071
1481196221      1388   235295    0.224395
1481196222      1380   236675    0.225711
1481196223      1388   238063    0.227035
1481196224      1387   239450    0.228357
1481196225      1386   240905    0.229745
1481196226      1506   242411    0.231181
1481196227      1388   243799    0.232505
1481196228      1388   245187    0.233829
1481196229      1378   246565    0.235143
1481196230      1385   247950    0.236464
1481196231      1336   249286    0.237738
1481196232      1326   250612    0.239002
1481196233      1387   251999    0.240325
1481196234      1384   253383    0.241645
1481196235      1366   254749    0.242948
1481196236      1386   256209    0.24434
1481196237      1507   257716    0.245777
1481196238      1385   259101    0.247098
1481196239      1387   260488    0.248421
1481196240      1385   261873    0.249742
1481196241      1385   263258    0.251062
1481196242      1386   264644    0.252384
1481196243      1389   266033    0.253709
1481196244      1386   267493    0.255101
1481196245      1506   268999    0.256537
1481196246      1387   270386    0.25786
1481196247      1386   271772    0.259182
1481196248      1384   273156    0.260502
1481196249      1367   274523    0.261806
1481196250      1274   275797    0.263021
1481196251      1314   277111    0.264274
1481196252      1263   278374    0.265478
1481196253      1294   279668    0.266712
1481196254      1499   281167    0.268142
1481196255      1348   282515    0.269427
1481196256      1388   283903    0.270751
1481196257      1387   285290    0.272074
1481196258      1387   286677    0.273396
1481196259      1388   288065    0.27472
1481196260      1386   289451    0.276042
1481196261      1382   290857    0.277383
1481196262      1506   292363    0.278819
1481196263      1387   293750    0.280142
1481196264      1386   295136    0.281464
1481196265      1387   296523    0.282786
1481196266      1387   297910    0.284109
1481196267      1388   299298    0.285433
1481196268      1325   300623    0.286696
1481196269      1387   302010    0.288019
1481196270      1388   303398    0.289343
1481196271      1387   304785    0.290666
1481196272      1387   306172    0.291988
1481196273      1500   307672    0.293419
1481196274      1384   309056    0.294739
1481196275      1375   310431    0.29605
1481196276      1388   311819    0.297374
1481196277      1387   313206    0.298697
1481196278      1387   314593    0.300019
1481196279      1387   315980    0.301342
1481196280      1386   317445    0.302739
1481196281      1507   318952    0.304176
1481196282      1387   320339    0.305499
1481196283      1387   321726    0.306822
1481196284      1386   323112    0.308144
1481196285      1386   324498    0.309465
1481196286      1243   325741    0.310651
1481196287      1388   327129    0.311975
1481196288      1387   328516    0.313297
1481196289      1387   329903    0.31462
1481196290      1388   331291    0.315944
1481196291      1386   332749    0.317334
1481196292      1507   334256    0.318771
1481196293      1387   335643    0.320094
1481196294      1388   337031    0.321418
1481196295      1388   338419    0.322742
1481196296      1385   339804    0.324062
1481196297      1388   341192    0.325386
1481196298      1388   342580    0.32671
1481196299      1385   344033    0.328095
1481196300      1507   345540    0.329533
1481196301      1387   346927    0.330855
1481196302      1383   348310    0.332174
1481196303      1155   349665    0.333467
1481196304      1506   351171    0.334903
1481196305      1388   352559    0.336226
1481196306      1387   353946    0.337549
1481196307      1387   355333    0.338872
1481196308      1386   356719    0.340194
1481196309      1383   358102    0.341513
1481196310      1382   359484    0.342831
1481196311      1385   360949    0.344228
1481196312      1506   362455    0.345664
1481196313      1377   363832    0.346977
1481196314      1366   365198    0.34828
1481196315      1385   366583    0.349601
1481196316      1345   367928    0.350883
1481196317      1381   369309    0.352201
1481196318      1384   370693    0.35352
1481196319      1499   372192    0.35495
1481196320      1340   373532    0.356228
1481196321      1085   374641    0.357285
1481196322      1507   376148    0.358723
1481196323      1387   377535    0.360045
1481196324      1383   378918    0.361364
1481196325      1385   380303    0.362685
1481196326      1387   381690    0.364008
1481196327      1386   383076    0.36533
1481196328      1387   384463    0.366652
1481196330      1380   385925    0.368047
1481196331      1507   387432    0.369484
1481196332      1375   388807    0.370795
1481196333      1386   390193    0.372117
1481196334      1387   391580    0.37344
1481196335      1387   392967    0.374763
1481196336      1380   394347    0.376079
1481196337      1387   395734    0.377401
1481196338      1387   397209    0.378808
1481196339      1507   398716    0.380245
1481196340      1207   399923    0.381396
1481196341      1387   401310    0.382719
1481196342      1500   402810    0.38415
1481196343      1387   404197    0.385472
1481196344      1385   405582    0.386793
1481196345      1388   406970    0.388117
1481196346      1387   408357    0.38944
1481196347      1387   409744    0.390762
1481196348      1388   411132    0.392086
1481196349      1379   412513    0.393403
1481196350      1506   414019    0.394839
1481196351      1387   415406    0.396162
1481196352      1387   416793    0.397485
1481196353      1385   418178    0.398806
1481196354      1386   419564    0.400127
1481196355      1386   420950    0.401449
1481196356      1386   422336    0.402771
1481196357      1366   423797    0.404164
1481196358      1332   425129    0.405435
1481196359      1387   426516    0.406757
1481196360      1387   427903    0.40808
1481196361      1500   429403    0.409511
1481196362      1387   430790    0.410833
1481196363      1388   432178    0.412157
1481196364      1389   433567    0.413482
1481196365      1388   434955    0.414805
1481196366      1388   436343    0.416129
1481196367      1388   437731    0.417453
1481196368      1384   439115    0.418773
1481196369      1498   440613    0.420201
1481196370      1389   442002    0.421526
1481196371      1388   443390    0.42285
1481196372      1387   444777    0.424172
1481196373      1385   446162    0.425493
1481196374      1384   447546    0.426813
1481196375      1388   448934    0.428137
1481196376      1325   450259    0.4294
1481196377      1297   451556    0.430637
1481196378      1275   452831    0.431853
1481196379      1500   454331    0.433284
1481196380      1338   455669    0.43456
1481196381      1384   457053    0.43588
1481196382      1252   458305    0.437074
1481196383      1383   459688    0.438393
1481196384      1378   461066    0.439707
1481196385      1382   462465    0.441041
1481196386      1507   463972    0.442478
1481196387      1386   465358    0.4438
1481196388      1383   466741    0.445119
1481196389      1389   468130    0.446444
1481196390      1388   469518    0.447767
1481196391      1387   470905    0.44909
1481196392      1388   472293    0.450414
1481196393      1383   473749    0.451802
1481196394      1326   475075    0.453067
1481196395      1387   476462    0.45439
1481196396      1386   477848    0.455711
1481196397      1499   479347    0.457141
1481196398      1387   480734    0.458464
1481196399      1387   482121    0.459786
1481196400      1387   483508    0.461109
1481196401      1340   484848    0.462387
1481196402      1387   486235    0.46371
1481196403      1387   487622    0.465033
1481196404      1382   489053    0.466397
1481196405      1506   490559    0.467834
1481196406      1383   491942    0.469152
1481196407      1386   493328    0.470474
1481196408      1387   494715    0.471797
1481196409      1388   496103    0.473121
1481196410      1389   497492    0.474445
1481196411      1388   498880    0.475769
