1481981845      1498   1498    0.00285721
1481981846      1499   2997    0.00571632
1481981847      1500   4497    0.00857735
1481981848      1499   5996    0.0114365
1481981849      1499   7495    0.0142956
1481981850      1500   8995    0.0171566
1481981851      1499   10494    0.0200157
1481981852      1499   11993    0.0228748
1481981853      1500   13493    0.0257359
1481981854      1499   14992    0.028595
1481981855      1433   16425    0.0313282
1481981856      1228   17653    0.0336704
1481981857      1375   19028    0.036293
1481981858      1225   20253    0.0386295
1481981859      1225   21478    0.040966
1481981860      1252   22730    0.043354
1481981861      1168   23898    0.0455818
1481981862      1386   25284    0.0482254
1481981863      1385   26669    0.0508671
1481981864      1385   28054    0.0535088
1481981865      1273   29327    0.0559368
1481981866      1385   30712    0.0585785
1481981867      1385   32097    0.0612202
1481981868      1298   33395    0.0636959
1481981869      1385   34780    0.0663376
1481981870      1273   36053    0.0687656
1481981871      1386   37439    0.0714092
1481981872      1384   38823    0.074049
1481981873      1276   40205    0.076685
1481981874      1392   41597    0.07934
1481981875      1386   42983    0.0819836
1481981876      1385   44368    0.0846252
1481981877      1272   45640    0.0870514
1481981878      1386   47026    0.089695
1481981879      1385   48411    0.0923367
1481981880      1297   49708    0.0948105
1481981881      1386   51094    0.0974541
1481981882      1271   52365    0.0998783
1481981883      1385   53750    0.10252
1481981884      1386   55136    0.105164
1481981885      1385   56521    0.107805
1481981886      1271   57792    0.110229
1481981887      1386   59178    0.112873
1481981888      1385   60563    0.115515
1481981889      1278   61915    0.118093
1481981890      1393   63308    0.12075
1481981891      1384   64692    0.12339
1481981892      1296   65988    0.125862
1481981893      1379   67367    0.128492
1481981894      1271   68638    0.130917
1481981895      1385   70023    0.133558
1481981896      1386   71409    0.136202
1481981897      1385   72794    0.138844
1481981898      1273   74067    0.141272
1481981899      1386   75453    0.143915
1481981900      1385   76838    0.146557
1481981901      1385   78223    0.149199
1481981902      1274   79497    0.151628
1481981903      1376   80873    0.154253
1481981904      1298   82171    0.156729
1481981905      1386   83557    0.159372
1481981906      1385   84942    0.162014
1481981907      1272   86214    0.16444
1481981908      1387   87601    0.167086
1481981909      1385   88986    0.169727
1481981910      1276   90327    0.172285
1481981911      1391   91718    0.174938
1481981912      1385   93103    0.17758
1481981913      1385   94488    0.180222
1481981914      1272   95760    0.182648
1481981915      1226   96986    0.184986
1481981916      1266   98252    0.187401
1481981917      1385   99637    0.190042
1481981918      1368   101005    0.192652
1481981919      1163   102168    0.19487
1481981920      1227   103395    0.19721
1481981921      1148   104543    0.1994
1481981922      1229   105772    0.201744
1481981923      1362   107134    0.204342
1481981924      1383   108517    0.20698
1481981925      1338   109855    0.209532
1481981926      1272   111127    0.211958
1481981927      1379   112506    0.214588
1481981928      1387   113893    0.217234
1481981929      1296   115189    0.219706
1481981930      1386   116575    0.222349
1481981931      1271   117846    0.224773
1481981932      1384   119230    0.227413
1481981933      1384   120614    0.230053
1481981934      1276   121955    0.232611
1481981935      1392   123347    0.235266
1481981936      1386   124733    0.237909
1481981937      1385   126118    0.240551
1481981938      1271   127389    0.242975
1481981939      1386   128775    0.245619
1481981940      1385   130160    0.24826
1481981941      1297   131457    0.250734
1481981942      1387   132844    0.25338
1481981943      1263   134107    0.255789
1481981944      1385   135492    0.25843
1481981945      1385   136877    0.261072
1481981946      1384   138261    0.263712
1481981947      1223   139484    0.266045
1481981948      1386   140870    0.268688
1481981949      1385   142255    0.27133
1481981950      1385   143640    0.273972
1481981951      1272   144912    0.276398
1481981952      1385   146297    0.279039
1481981953      1293   147590    0.281506
1481981954      1386   148976    0.284149
1481981955      1386   150362    0.286793
1481981956      1273   151635    0.289221
1481981957      1387   153022    0.291866
1481981958      1386   154408    0.29451
1481981959      1274   155727    0.297026
1481981960      1393   157120    0.299683
1481981961      1380   158500    0.302315
1481981962      1386   159886    0.304958
1481981963      1273   161159    0.307386
1481981964      1387   162546    0.310032
1481981965      1023   163569    0.311983
1481981966      1386   164955    0.314627
1481981967      1387   166342    0.317272
1481981968      1384   167726    0.319912
1481981969      1272   168998    0.322338
1481981970      1386   170384    0.324982
1481981971      1385   171769    0.327623
1481981972      1280   173149    0.330256
1481981973      1391   174540    0.332909
1481981974      1386   175926    0.335552
1481981975      1385   177311    0.338194
1481981976      1271   178582    0.340618
1481981977      1056   179851    0.343039
1481981978      1391   181242    0.345692
1481981979      1361   182603    0.348288
1481981980      1385   183988    0.350929
1481981981      1268   185256    0.353348
1481981982      1225   186481    0.355684
1481981983      1236   187717    0.358042
1481981984      1386   189103    0.360685
1481981985      1382   190485    0.363321
1481981986      1249   191734    0.365704
1481981987      1386   193120    0.368347
1481981988      1385   194505    0.370989
1481981989      1385   195890    0.373631
1481981990      1297   197187    0.376104
1481981991      1271   198458    0.378529
1481981992      1385   199843    0.38117
1481981993      1387   201230    0.383816
1481981994      1378   202608    0.386444
1481981995      1267   203875    0.388861
1481981996      1386   205261    0.391504
1481981997      1385   206646    0.394146
1481981998      1277   207993    0.396715
1481981999      1392   209385    0.39937
1481982000      1384   210769    0.40201
1481982001      1385   212154    0.404652
1481982002      1297   213451    0.407125
1481982003      1272   214723    0.409552
1481982004      1382   216105    0.412188
1481982005      1385   217490    0.414829
1481982006      1386   218876    0.417473
1481982007      1271   220147    0.419897
1481982008      1385   221532    0.422539
1481982009      1386   222918    0.425182
1481982010      1385   224303    0.427824
1481982011      1271   225574    0.430248
1481982012      1386   226960    0.432892
1481982013      1385   228345    0.435534
1481982014      1288   229633    0.43799
1481982015      1386   231019    0.440634
1481982016      1271   232290    0.443058
1481982017      1386   233676    0.445702
1481982018      1387   235063    0.448347
1481982019      1277   236405    0.450907
1481982020      1393   237798    0.453564
1481982021      1385   239183    0.456205
1481982022      1387   240570    0.458851
1481982023      1273   241843    0.461279
1481982024      1386   243229    0.463923
1481982025      1382   244611    0.466558
1481982026      1296   245907    0.46903
1481982027      1385   247292    0.471672
1481982028      1274   248566    0.474102
1481982029      1386   249952    0.476746
1481982030      1385   251337    0.479387
1481982031      1387   252724    0.482033
1481982032      1271   253995    0.484457
1481982033      1384   255379    0.487097
1481982034      1387   256766    0.489742
1481982035      1278   258115    0.492315
1481982036      1393   259508    0.494972
1481982037      1386   260894    0.497616
1481982038      1298   262192    0.500092
1481982039      1386   263578    0.502735
1481982040      1256   264834    0.505131
1481982041      1203   266037    0.507425
1481982042      1256   267293    0.509821
1481982043      1361   268654    0.512417
1481982044      1387   270041    0.515062
1481982045      1123   271249    0.517366
1481982046      1166   272415    0.51959
1481982047      1235   273650    0.521946
1481982048      1337   274987    0.524496
1481982049      1380   276367    0.527128
1481982050      1272   277681    0.529634
1481982051      1301   279023    0.532194
1481982052      1393   280416    0.534851
1481982053      1385   281801    0.537493
1481982054      1385   283186    0.540134
1481982055      1272   284458    0.542561
1481982056      1386   285844    0.545204
1481982057      1384   287228    0.547844
1481982058      1385   288613    0.550486
1481982059      1271   289884    0.55291
1481982060      1386   291270    0.555553
1481982061      1387   292657    0.558199
1481982062      1280   294031    0.56082
1481982063      1303   295373    0.563379
1481982064      1385   296758    0.566021
1481982065      1385   298143    0.568663
1481982066      1383   299526    0.571301
1481982067      1272   300798    0.573727
1481982068      1385   302183    0.576368
1481982069      1386   303569    0.579012
1481982070      1385   304954    0.581654
1481982071      1271   306225    0.584078
1481982072      1387   307612    0.586723
1481982073      1386   308998    0.589367
1481982075      1280   310381    0.592005
1481982076      1288   311723    0.594564
1481982077      1393   313116    0.597221
1481982078      1385   314501    0.599863
1481982079      1385   315886    0.602505
1481982080      1272   317158    0.604931
1481982081      1386   318544    0.607574
1481982082      1386   319930    0.610218
1481982083      1387   321317    0.612864
1481982084      1272   322589    0.61529
1481982085      1385   323974    0.617931
1481982086      1386   325360    0.620575
1481982087      1281   326731    0.62319
1481982088      1302   328073    0.62575
1481982089      1392   329465    0.628405
1481982090      1386   330851    0.631048
1481982091      1386   332237    0.633692
1481982092      1271   333508    0.636116
1481982093      1378   334886    0.638744
1481982094      1386   336272    0.641388
1481982095      1385   337657    0.64403
1481982096      1271   338928    0.646454
1481982097      1387   340315    0.649099
1481982098      1385   341700    0.651741
1481982099      1283   343081    0.654375
1481982100      1303   344423    0.656935
1481982101      1233   345656    0.659286
1481982102      1230   346886    0.661633
1481982103      1230   348116    0.663979
1481982104      1227   349343    0.666319
1481982105      1228   350571    0.668661
1481982106      1277   351927    0.671247
1481982107      1386   353313    0.673891
1481982108      1243   354556    0.676262
1481982109      1377   355933    0.678888
1481982110      1226   357159    0.681227
1481982111      1035   358359    0.683516
1481982112      1300   359701    0.686075
1481982113      1393   361094    0.688732
1481982114      1337   362431    0.691282
1481982115      1385   363816    0.693924
1481982116      1272   365088    0.69635
1481982117      1386   366474    0.698994
1481982118      1383   367857    0.701632
1481982119      1384   369241    0.704271
1481982120      1268   370509    0.70669
1481982121      1385   371894    0.709332
1481982122      1386   373280    0.711975
1481982123      1386   374666    0.714619
1481982124      1273   375939    0.717047
1481982125      1290   377229    0.719507
1481982126      1385   378614    0.722149
1481982127      1385   379999    0.724791
1481982128      1386   381385    0.727434
1481982129      1272   382657    0.72986
1481982130      1385   384042    0.732502
1481982131      1386   385428    0.735146
1481982132      1277   386771    0.737707
1481982133      1392   388163    0.740362
1481982134      1386   389549    0.743006
1481982135      1385   390934    0.745647
1481982136      1271   392205    0.748072
1481982137      1292   393497    0.750536
1481982138      1386   394883    0.75318
1481982139      1384   396267    0.755819
1481982140      1386   397653    0.758463
1481982141      1265   398918    0.760876
1481982142      1386   400304    0.763519
1481982143      1338   401642    0.766071
1481982144      1385   403027    0.768713
1481982145      1271   404298    0.771137
1481982146      1386   405684    0.773781
1481982147      1385   407069    0.776423
1481982148      1385   408454    0.779064
1481982149      1297   409751    0.781538
1481982150      1271   411022    0.783962
1481982151      1385   412407    0.786604
1481982152      1386   413793    0.789248
1481982153      1385   415178    0.791889
1481982154      1271   416449    0.794313
1481982155      1386   417835    0.796957
1481982156      1385   419220    0.799599
1481982157      1272   420543    0.802122
1481982158      1392   421935    0.804777
1481982159      1386   423321    0.807421
1481982160      1386   424707    0.810064
1481982161      1037   425744    0.812042
1481982162      1387   427131    0.814688
1481982163      1127   428317    0.81695
1481982164      1286   429603    0.819403
1481982165      1225   430828    0.821739
1481982166      1249   432077    0.824121
1481982167      1251   433328    0.826508
1481982168      1284   434612    0.828957
1481982169      1131   435821    0.831263
1481982170      1259   437080    0.833664
1481982171      1237   438317    0.836023
1481982172      1225   439542    0.83836
1481982173      1241   440783    0.840727
1481982174      1269   442052    0.843147
1481982175      1368   443420    0.845757
1481982176      1271   444691    0.848181
1481982177      1385   446076    0.850822
1481982178      1387   447463    0.853468
1481982179      1386   448849    0.856112
1481982180      1270   450119    0.858534
1481982181      1387   451506    0.861179
1481982182      1382   452888    0.863815
1481982183      1385   454273    0.866457
1481982184      1272   455545    0.868883
1481982185      1385   456930    0.871525
1481982186      1295   458225    0.873995
1481982187      1385   459610    0.876637
1481982188      1385   460995    0.879278
1481982189      1271   462266    0.881702
1481982190      1386   463652    0.884346
1481982191      1385   465037    0.886988
1481982192      1276   466377    0.889544
1481982193      1392   467769    0.892199
1481982194      1378   469147    0.894827
1481982195      1385   470532    0.897469
1481982196      1271   471803    0.899893
1481982197      1386   473189    0.902536
1481982198      1296   474485    0.905008
1481982199      1385   475870    0.90765
1481982200      1384   477254    0.91029
1481982201      1269   478523    0.91271
1481982202      1384   479907    0.91535
1481982203      1338   481245    0.917902
1481982204      1385   482630    0.920544
1481982205      1273   483903    0.922972
1481982206      1380   485283    0.925604
1481982207      1386   486669    0.928247
1481982208      1386   488055    0.930891
1481982209      1274   489329    0.933321
1481982210      1297   490626    0.935795
1481982211      1386   492012    0.938438
1481982212      1386   493398    0.941082
1481982213      1385   494783    0.943724
1481982214      1272   496055    0.94615
1481982215      1386   497441    0.948793
1481982216      1385   498826    0.951435
