1489059373      998   998    0.0104694
1489059374      997   1995    0.0209284
1489059375      997   2993    0.0313978
1489059376      956   3957    0.0415106
1489059377      788   4745    0.049777
1489059378      764   5509    0.0577917
1489059379      572   6097    0.0639601
1489059380      803   6900    0.0723839
1489059381      724   7624    0.0799789
1489059382      634   8258    0.0866299
1489059383      634   8983    0.0942354
1489059384      738   9721    0.101977
1489059385      800   10521    0.11037
1489059386      583   11123    0.116685
1489059387      667   11869    0.124511
1489059388      795   12664    0.132851
1489059389      804   13468    0.141285
1489059390      590   14058    0.147474
1489059391      799   14857    0.155856
1489059392      642   15614    0.163797
1489059394      674   16360    0.171623
1489059395      797   17157    0.179984
1489059396      781   17938    0.188177
1489059397      551   18500    0.194073
1489059398      793   19293    0.202392
1489059399      638   19931    0.209085
1489059400      786   20717    0.21733
1489059401      616   21386    0.224348
1489059402      797   22183    0.232709
1489059403      796   22979    0.241059
1489059404      588   23567    0.247228
1489059405      656   24272    0.254623
1489059406      801   25073    0.263026
1489059407      794   25867    0.271356
1489059408      592   26459    0.277566
1489059409      636   27095    0.284238
1489059410      621   27716    0.290752
1489059411      784   28500    0.298977
1489059412      792   29292    0.307285
1489059413      586   29878    0.313433
1489059414      787   30665    0.321689
1489059415      641   31438    0.329798
1489059416      672   32184    0.337624
1489059417      809   32993    0.34611
1489059418      783   33776    0.354324
1489059419      602   34378    0.36064
1489059420      790   35168    0.368927
1489059421      651   35819    0.375756
1489059422      796   36615    0.384107
1489059423      567   37210    0.390348
1489059424      662   37872    0.397293
1489059425      794   38666    0.405622
1489059426      620   39350    0.412798
1489059427      676   40096    0.420624
1489059428      804   40900    0.429058
1489059429      798   41698    0.437429
1489059430      586   42284    0.443577
1489059431      793   43077    0.451896
1489059432      646   43723    0.458673
1489059433      798   44521    0.467044
1489059434      591   45122    0.473349
1489059435      798   45920    0.48172
1489059436      795   46715    0.49006
1489059437      577   47292    0.496113
1489059438      661   48008    0.503624
1489059439      803   48811    0.512048
1489059440      501   49312    0.517303
1489059441      797   50109    0.525664
1489059442      574   50683    0.531686
1489059444      672   51429    0.539512
1489059445      802   52231    0.547925
1489059446      792   53023    0.556233
1489059447      588   53611    0.562402
1489059448      796   54407    0.570752
1489059449      759   55166    0.578714
1489059450      632   55798    0.585344
1489059451      571   56455    0.592237
1489059452      799   57254    0.600618
1489059453      795   58049    0.608958
1489059454      574   58623    0.61498
1489059455      646   59341    0.622512
1489059456      728   60069    0.630149
1489059457      739   60808    0.637901
1489059458      617   61481    0.644961
1489059459      805   62286    0.653406
1489059460      664   63086    0.661798
1489059461      675   63832    0.669624
1489059462      810   64642    0.678122
1489059463      662   65437    0.686461
1489059464      807   66244    0.694927
1489059466      662   67042    0.703299
1489059467      679   67788    0.711124
1489059468      807   68595    0.71959
1489059469      788   69383    0.727857
1489059470      535   69928    0.733574
1489059471      340   70463    0.739186
1489059472      675   71209    0.747012
1489059473      802   72011    0.755425
1489059474      792   72803    0.763734
1489059475      527   73349    0.769462
1489059476      802   74151    0.777875
1489059477      796   74947    0.786225
1489059478      637   75584    0.792908
1489059480      607   76235    0.799737
1489059481      788   77023    0.808003
1489059482      794   77817    0.816333
1489059483      584   78401    0.822459
1489059484      639   79121    0.830012
1489059485      709   79830    0.83745
1489059486      798   80628    0.845821
1489059487      605   81261    0.852462
1489059488      801   82062    0.860865
1489059489      787   82849    0.869121
1489059490      620   83469    0.875625
1489059491      617   84147    0.882737
1489059492      798   84945    0.891109
1489059493      790   85735    0.899396
1489059494      577   86312    0.905449
1489059495      658   87033    0.913013
1489059496      804   87837    0.921447
1489059497      769   88606    0.929514
1489059498      588   89194    0.935682
1489059499      798   89992    0.944054
1489059500      655   90778    0.952299
1489059501      672   91524    0.960125
1489059502      532   92059    0.965737
1489059503      805   92864    0.974182
1489059504      661   93664    0.982574
1489059505      812   94476    0.991093
1489059506      647   95123    0.99788
1489059507      801   95924    1.00628
1489059508      598   96550    1.01285
1489059509      807   97357    1.02132
1489059510      797   98154    1.02968
1489059511      568   98722    1.03563
1489059513      660   99436    1.04313
1489059514      801   100237    1.05153
1489059515      793   101030    1.05985
1489059516      581   101611    1.06594
1489059517      790   102401    1.07423
1489059518      621   103022    1.08074
1489059519      792   103814    1.08905
1489059520      606   104462    1.09585
1489059521      798   105260    1.10422
1489059522      791   106051    1.11252
1489059523      578   106629    1.11858
1489059524      659   107348    1.12613
1489059525      802   108150    1.13454
1489059526      786   108936    1.14278
1489059527      585   109521    1.14892
1489059528      790   110311    1.15721
1489059529      572   110883    1.16321
1489059530      790   111673    1.1715
1489059531      619   112374    1.17885
1489059532      790   113164    1.18714
1489059533      793   113957    1.19546
1489059534      581   114538    1.20155
1489059535      661   115260    1.20913
1489059536      801   116061    1.21753
1489059537      794   116855    1.22586
1489059538      471   117400    1.23158
1489059539      601   118001    1.23788
1489059540      650   118681    1.24501
1489059541      805   119486    1.25346
1489059542      777   120263    1.26161
1489059543      599   120862    1.26789
1489059544      797   121659    1.27625
1489059545      649   122426    1.2843
1489059546      675   123172    1.29213
1489059547      800   123972    1.30052
1489059548      803   124775    1.30894
1489059549      582   125357    1.31505
1489059550      798   126155    1.32342
1489059551      645   126800    1.33018
1489059552      789   127589    1.33846
1489059553      561   128198    1.34485
1489059554      788   128986    1.35312
1489059555      797   129783    1.36148
1489059557      522   130338    1.3673
1489059558      641   131084    1.37513
1489059559      812   131896    1.38364
1489059560      655   132689    1.39196
1489059561      806   133495    1.40042
1489059562      667   134294    1.4088
1489059563      660   135040    1.41663
1489059564      803   135843    1.42505
1489059565      799   136642    1.43343
1489059566      578   137220    1.4395
1489059567      743   137963    1.44729
1489059568      641   138604    1.45401
1489059569      782   139386    1.46222
1489059570      596   140066    1.46935
1489059571      799   140865    1.47773
1489059572      779   141644    1.4859
1489059573      559   142206    1.4918
1489059574      672   142952    1.49963
1489059575      799   143751    1.50801
1489059576      800   144551    1.5164
1489059577      586   145137    1.52255
1489059578      762   145899    1.53054
1489059579      623   146522    1.53708
1489059580      783   147305    1.54529
1489059582      620   147978    1.55235
1489059583      792   148770    1.56066
1489059584      793   149563    1.56898
1489059585      585   150148    1.57512
1489059586      655   150864    1.58263
1489059587      801   151665    1.59103
1489059588      758   152423    1.59898
1489059589      539   153004    1.60508
1489059590      715   153719    1.61258
1489059591      624   154343    1.61912
1489059592      792   155135    1.62743
1489059593      647   155890    1.63535
1489059594      806   156696    1.64381
1489059595      664   157495    1.65219
1489059596      681   158241    1.66001
1489059597      800   159041    1.66841
1489059598      786   159827    1.67665
1489059599      600   160427    1.68295
1489059600      797   161224    1.69131
1489059601      654   161986    1.6993
1489059602      678   162732    1.70713
1489059603      805   163537    1.71557
1489059604      781   164318    1.72376
1489059605      607   164925    1.73013
1489059607      380   165407    1.73519
1489059608      679   166153    1.74301
1489059609      801   166954    1.75142
1489059610      800   167754    1.75981
1489059611      586   168340    1.76596
1489059612      804   169144    1.77439
1489059613      642   169898    1.7823
1489059614      667   170644    1.79013
1489059615      809   171453    1.79861
1489059616      655   172249    1.80696
1489059617      803   173052    1.81539
1489059618      800   173852    1.82378
1489059619      623   174475    1.83032
1489059620      609   175135    1.83724
1489059621      800   175935    1.84563
1489059622      792   176727    1.85394
1489059623      589   177316    1.86012
1489059624      660   178021    1.86751
1489059625      797   178818    1.87588
1489059626      793   179611    1.88419
1489059627      588   180199    1.89036
1489059628      801   181000    1.89877
1489059630      647   181766    1.9068
1489059631      674   182512    1.91463
1489059632      799   183311    1.92301
1489059633      790   184101    1.9313
1489059634      590   184691    1.93749
1489059635      784   185475    1.94571
1489059636      626   186101    1.95228
1489059637      796   186897    1.96063
1489059638      607   187538    1.96735
1489059639      327   188073    1.97296
1489059640      798   188871    1.98134
1489059641      800   189671    1.98973
1489059642      646   190317    1.9965
1489059644      609   190959    2.00324
1489059645      809   191768    2.01173
1489059646      662   192564    2.02008
1489059647      772   193336    2.02818
1489059648      635   193971    2.03484
1489059649      799   194770    2.04322
1489059650      623   195450    2.05035
1489059651      799   196249    2.05873
1489059652      669   197055    2.06719
1489059653      670   197801    2.07502
1489059654      811   198612    2.08352
1489059655      659   199406    2.09185
1489059656      802   200208    2.10027
1489059657      792   201000    2.10857
1489059658      530   201546    2.1143
1489059660      584   202292    2.12213
1489059661      760   203052    2.1301
1489059662      781   203833    2.13829
1489059663      590   204432    2.14458
1489059664      768   205200    2.15263
1489059665      639   205839    2.15934
1489059666      799   206638    2.16772
1489059667      607   207318    2.17485
1489059668      801   208119    2.18326
1489059669      792   208911    2.19156
1489059670      576   209487    2.19761
1489059671      555   210042    2.20343
1489059672      620   210739    2.21074
1489059673      797   211536    2.2191
1489059674      791   212327    2.2274
1489059675      589   212916    2.23358
1489059676      626   213625    2.24102
1489059677      797   214422    2.24938
1489059678      796   215218    2.25773
1489059679      593   215811    2.26395
1489059680      797   216608    2.27231
1489059681      640   217370    2.2803
1489059682      676   218116    2.28813
1489059683      804   218920    2.29656
1489059684      791   219711    2.30486
1489059685      597   220308    2.31112
1489059686      795   221103    2.31946
1489059687      636   221739    2.32613
1489059688      795   222534    2.33447
1489059689      588   223142    2.34085
1489059690      806   223948    2.34931
1489059692      653   224747    2.35769
1489059693      673   225493    2.36552
1489059694      803   226296    2.37394
1489059695      662   227098    2.38235
1489059696      805   227903    2.3908
1489059697      794   228697    2.39913
1489059698      585   229282    2.40526
1489059699      654   229984    2.41263
1489059700      807   230791    2.42109
1489059701      796   231587    2.42944
1489059702      405   232124    2.43508
1489059703      799   232923    2.44346
1489059704      634   233557    2.45011
1489059705      798   234355    2.45848
1489059706      604   235010    2.46535
1489059707      801   235811    2.47376
1489059708      795   236606    2.4821
1489059709      590   237196    2.48829
1489059710      652   237896    2.49563
1489059711      809   238705    2.50412
1489059712      787   239492    2.51237
1489059713      599   240091    2.51865
1489059714      784   240875    2.52688
1489059715      644   241519    2.53364
1489059716      802   242321    2.54205
1489059717      596   242922    2.54835
1489059718      802   243724    2.55677
1489059719      795   244519    2.56511
1489059720      601   245120    2.57141
1489059722      656   245808    2.57863
1489059723      806   246614    2.58708
1489059724      664   247413    2.59547
1489059725      797   248210    2.60383
1489059726      789   248999    2.6121
1489059727      640   249639    2.61882
