1485798446      1425   1426    0.0108795
1485798447      1408   2835    0.0216293
1485798448      1415   4250    0.0324249
1485798449      1389   5639    0.0430222
1485798451      546   6476    0.049408
1485798452      1179   7655    0.058403
1485798453      808   8621    0.065773
1485798454      1175   9796    0.0747375
1485798455      896   10692    0.0815735
1485798456      775   11521    0.0878983
1485798457      1049   12570    0.0959015
1485798458      889   13666    0.104263
1485798459      1181   14847    0.113274
1485798460      894   15741    0.120094
1485798461      792   16566    0.126389
1485798462      1139   17705    0.135078
1485798463      885   18711    0.142754
1485798464      1068   19779    0.150902
1485798465      822   20601    0.157173
1485798467      842   21611    0.164879
1485798468      1169   22780    0.173798
1485798469      827   23756    0.181244
1485798470      1177   24933    0.190224
1485798471      755   25688    0.195984
1485798472      792   26656    0.203369
1485798473      1179   27835    0.212364
1485798474      876   28801    0.219734
1485798475      1166   29967    0.22863
1485798476      883   30850    0.235367
1485798477      786   31701    0.241859
1485798478      1078   32779    0.250084
1485798479      902   33846    0.258224
1485798480      1154   35000    0.267029
1485798481      654   35654    0.272018
1485798482      1045   36699    0.279991
1485798483      750   37461    0.285805
1485798484      1047   38508    0.293793
1485798485      936   39606    0.30217
1485798486      891   40497    0.308968
1485798487      1174   41671    0.317924
1485798489      793   42506    0.324295
1485798490      1177   43683    0.333275
1485798491      893   44651    0.34066
1485798492      904   45555    0.347557
1485798493      1067   46622    0.355698
1485798494      882   47551    0.362785
1485798495      1147   48698    0.371536
1485798496      837   49696    0.37915
1485798497      904   50600    0.386047
1485798498      1172   51772    0.394989
1485798499      729   52596    0.401276
1485798500      1177   53773    0.410255
1485798501      854   54741    0.417641
1485798502      793   55534    0.423691
1485798503      1063   56597    0.431801
1485798504      916   57641    0.439766
1485798505      1176   58817    0.448738
1485798506      835   59786    0.456131
1485798507      786   60572    0.462128
1485798508      1061   61633    0.470222
1485798510      847   62686    0.478256
1485798511      1052   63738    0.486282
1485798512      925   64831    0.494621
1485798513      746   65586    0.500381
1485798514      1170   66756    0.509308
1485798515      892   67731    0.516747
1485798516      1172   68903    0.525688
1485798517      842   69876    0.533112
1485798518      905   70781    0.540016
1485798519      1115   71896    0.548523
1485798520      853   72776    0.555237
1485798521      1171   73947    0.564171
1485798522      880   74921    0.571602
1485798523      798   75719    0.57769
1485798524      1148   76867    0.586449
1485798525      855   77821    0.593727
1485798526      1019   78840    0.601501
1485798527      1053   79893    0.609535
1485798528      737   80681    0.615547
1485798529      730   81436    0.621307
1485798530      1064   82500    0.629425
1485798531      894   83394    0.636246
1485798533      739   84296    0.643127
1485798534      1180   85476    0.65213
1485798535      360   85836    0.654877
1485798536      1133   86969    0.663521
1485798537      781   87911    0.670708
1485798538      1020   88931    0.67849
1485798539      855   90056    0.687073
1485798540      642   90811    0.692833
1485798541      1165   91976    0.701721
1485798543      851   92956    0.709198
1485798544      1165   94121    0.718086
1485798545      819   95101    0.725563
1485798546      833   95934    0.731918
1485798547      1098   97032    0.740295
1485798548      788   98001    0.747688
1485798549      1167   99168    0.756592
1485798550      898   100146    0.764053
1485798551      869   101015    0.770683
1485798552      1067   102082    0.778824
1485798553      861   103046    0.786179
1485798554      1174   104220    0.795135
1485798555      841   105191    0.802544
1485798556      792   105983    0.808586
1485798557      1170   107153    0.817513
1485798558      876   108091    0.824669
1485798559      1185   109276    0.83371
1485798560      874   110236    0.841034
1485798561      885   111121    0.847786
1485798562      1075   112196    0.855988
1485798564      850   113136    0.863159
1485798565      1156   114292    0.871979
1485798566      898   115281    0.879524
1485798567      819   116100    0.885773
1485798568      1135   117235    0.894432
1485798569      826   118181    0.901649
1485798570      1184   119365    0.910683
1485798571      856   120326    0.918015
1485798572      894   121220    0.924835
1485798573      1163   122383    0.933708
1485798574      729   123226    0.94014
1485798575      1179   124405    0.949135
1485798576      874   125371    0.956505
1485798577      906   126277    0.963417
1485798578      1130   127407    0.972038
1485798579      794   128271    0.97863
1485798580      1002   129273    0.986275
1485798581      1043   130316    0.994232
1485798582      777   131131    1.00045
1485798583      897   132028    1.00729
1485798584      1161   133189    1.01615
1485798585      783   134031    1.02258
1485798586      1183   135214    1.0316
1485798587      877   136176    1.03894
1485798588      836   137012    1.04532
1485798589      1164   138176    1.0542
1485798591      820   139076    1.06107
1485798592      1141   140217    1.06977
1485798593      839   141221    1.07743
1485798594      894   142115    1.08425
1485798595      1130   143245    1.09287
1485798596      750   144121    1.09956
1485798597      1153   145274    1.10835
1485798598      901   146266    1.11592
1485798599      834   147100    1.12228
1485798600      1139   148239    1.13097
1485798601      807   149166    1.13805
1485798602      1059   150225    1.14613
1485798603      935   151311    1.15441
1485798604      892   152203    1.16122
1485798605      1167   153370    1.17012
1485798606      794   154211    1.17654
1485798607      1139   155350    1.18523
1485798609      883   156356    1.1929
1485798610      906   157262    1.19981
1485798611      910   158172    1.20676
1485798612      864   159256    1.21503
1485798613      1177   160433    1.22401
1485798614      786   161401    1.23139
1485798615      564   162156    1.23715
1485798616      1185   163341    1.24619
1485798617      866   164301    1.25352
1485798618      1043   165344    1.26147
1485798619      1086   166430    1.26976
1485798621      627   167201    1.27564
1485798622      1163   168364    1.28452
1485798623      853   169346    1.29201
1485798624      1177   170523    1.30099
1485798625      804   171491    1.30837
1485798626      898   172389    1.31522
1485798627      1175   173564    1.32419
1485798628      842   174406    1.33061
1485798629      1081   175487    1.33886
1485798630      828   176536    1.34686
1485798631      859   177395    1.35342
1485798632      1174   178569    1.36237
1485798633      771   179436    1.36899
1485798634      1045   180481    1.37696
1485798636      882   181581    1.38535
1485798637      842   182423    1.39178
1485798638      1179   183602    1.40077
1485798639      827   184481    1.40748
1485798640      1180   185661    1.41648
1485798641      888   186626    1.42384
1485798642      907   187533    1.43076
1485798643      1170   188703    1.43969
1485798644      758   189526    1.44597
1485798645      1082   190608    1.45422
1485798646      336   190956    1.45688
1485798647      896   191852    1.46371
1485798648      1024   192876    1.47153
1485798649      913   193789    1.47849
1485798650      688   194571    1.48446
1485798651      1176   195747    1.49343
1485798652      788   196716    1.50082
1485798653      662   197471    1.50658
1485798654      1128   198599    1.51519
1485798656      855   199616    1.52295
1485798657      1106   200722    1.53139
1485798658      852   201761    1.53931
1485798659      896   202657    1.54615
1485798660      1067   203724    1.55429
1485798661      757   204661    1.56144
1485798662      949   205610    1.56868
1485798663      1160   206770    1.57753
1485798664      667   207561    1.58356
1485798665      1064   208625    1.59168
1485798667      908   209706    1.59993
1485798668      1084   210790    1.6082
1485798669      895   211851    1.61629
1485798670      888   212739    1.62307
1485798671      1134   213873    1.63172
1485798672      844   214751    1.63842
1485798673      1175   215926    1.64738
1485798674      882   216896    1.65479
1485798675      814   217710    1.661
1485798676      1092   218802    1.66933
1485798677      808   219796    1.67691
1485798678      1179   220975    1.68591
1485798679      841   221941    1.69328
1485798680      896   222837    1.70011
1485798681      1179   224016    1.70911
1485798682      840   224856    1.71552
1485798683      1185   226041    1.72456
1485798684      855   226986    1.73177
1485798685      789   227775    1.73779
1485798686      1098   228873    1.74616
1485798687      850   229886    1.75389
1485798688      1157   231043    1.76272
1485798690      898   232031    1.77026
1485798691      761   232792    1.77606
1485798692      1159   233951    1.7849
1485798693      890   234931    1.79238
1485798694      1172   236103    1.80132
1485798695      884   237076    1.80875
1485798696      876   237952    1.81543
1485798697      1156   239108    1.82425
1485798698      794   239976    1.83087
1485798699      1181   241157    1.83988
1485798700      868   242121    1.84724
1485798701      899   243020    1.8541
1485798702      1146   244166    1.86284
1485798703      816   245021    1.86936
1485798704      1179   246200    1.87836
1485798705      886   247166    1.88573
1485798706      885   248051    1.89248
1485798707      1116   249167    1.90099
1485798708      859   250066    1.90785
1485798709      1184   251250    1.91689
1485798710      836   252211    1.92422
1485798711      897   253108    1.93106
1485798712      1168   254276    1.93997
1485798714      617   255111    1.94634
1485798715      1167   256278    1.95525
1485798716      893   257256    1.96271
1485798717      896   258152    1.96954
1485798718      1174   259326    1.9785
1485798719      843   260169    1.98493
1485798720      1140   261309    1.99363
1485798721      896   262301    2.0012
1485798722      805   263106    2.00734
1485798723      1097   264203    2.01571
1485798724      898   265201    2.02332
1485798725      1173   266374    2.03227
1485798726      887   267346    2.03969
1485798727      900   268246    2.04655
1485798728      1168   269414    2.05547
1485798729      818   270246    2.06181
1485798730      1055   271301    2.06986
1485798731      932   272391    2.07818
1485798732      888   273279    2.08495
1485798733      1182   274461    2.09397
1485798734      815   275291    2.1003
1485798735      1184   276475    2.10934
1485798736      844   277436    2.11667
1485798737      909   278345    2.1236
1485798738      1174   279519    2.13256
1485798739      792   280336    2.13879
1485798740      1171   281507    2.14773
1485798742      888   282481    2.15516
1485798743      783   283264    2.16113
1485798744      1118   284382    2.16966
1485798745      812   285381    2.17728
1485798746      1141   286522    2.18599
1485798747      788   287526    2.19365
1485798748      891   288417    2.20045
1485798749      1046   289463    2.20843
1485798750      891   290426    2.21577
1485798751      1120   291546    2.22432
1485798752      877   292571    2.23214
1485798753      896   293467    2.23898
1485798754      1135   294602    2.24763
1485798755      836   295471    2.25426
1485798756      1054   296525    2.26231
1485798758      856   297616    2.27063
1485798759      747   298371    2.27639
1485798760      1059   299430    2.28447
1485798761      922   300516    2.29276
1485798762      1171   301687    2.30169
1485798763      889   302661    2.30912
1485798764      905   303566    2.31602
1485798765      1142   304708    2.32474
1485798766      771   305561    2.33125
1485798767      1096   306657    2.33961
1485798768      828   307706    2.34761
1485798769      774   308480    2.35352
1485798770      1124   309604    2.36209
1485798771      849   310606    2.36974
1485798772      1142   311748    2.37845
1485798774      871   312751    2.3861
1485798775      745   313506    2.39186
1485798776      1157   314663    2.40069
1485798777      869   315532    2.40732
1485798778      678   316366    2.41368
1485798779      1177   317543    2.42266
1485798780      428   317971    2.42593
1485798781      1176   319147    2.4349
1485798782      676   319981    2.44126
1485798783      1142   321123    2.44997
1485798784      874   321997    2.45664
1485798785      732   322841    2.46308
1485798786      620   323596    2.46884
1485798787      1045   324641    2.47681
1485798788      1054   325695    2.48486
1485798790      662   326456    2.49066
1485798791      1183   327639    2.49969
1485798792      884   328523    2.50643
1485798793      831   329356    2.51279
1485798794      1185   330541    2.52183
1485798795      887   331501    2.52915
1485798796      1168   332669    2.53806
1485798797      891   333560    2.54486
1485798798      817   334401    2.55128
1485798799      1155   335556    2.56009
1485798800      835   336546    2.56764
1485798801      1185   337731    2.57668
1485798802      861   338592    2.58325
1485798803      822   339446    2.58977
1485798804      1169   340615    2.59869
1485798805      814   341591    2.60613
1485798806      1177   342768    2.61511
1485798807      605   343373    2.61973
1485798808      1051   344424    2.62775
1485798809      811   345235    2.63393
1485798810      1068   346303    2.64208
1485798811      921   347351    2.65008
1485798812      894   348245    2.6569
1485798813      1172   349417    2.66584
1485798814      760   350251    2.6722
1485798815      1177   351428    2.68118
1485798816      891   352396    2.68857
1485798817      902   353298    2.69545
1485798818      1177   354475    2.70443
1485798819      787   355296    2.71069
1485798820      1153   356449    2.71949
1485798822      891   357441    2.72706
1485798823      866   358307    2.73367
1485798824      1145   359452    2.7424
1485798825      802   360341    2.74918
1485798826      1168   361509    2.75809
1485798827      892   362486    2.76555
1485798828      902   363388    2.77243
1485798829      1041   364429    2.78037
1485798830      874   365386    2.78767
1485798831      1123   366509    2.79624
1485798832      884   367531    2.80404
1485798833      902   368433    2.81092
1485798834      1160   369593    2.81977
1485798835      844   370437    2.82621
1485798836      1078   371515    2.83443
1485798837      907   372576    2.84253
1485798838      866   373442    2.84914
1485798839      1170   374612    2.85806
1485798840      845   375476    2.86465
1485798841      1175   376651    2.87362
1485798842      819   377621    2.88102
1485798843      865   378486    2.88762
1485798844      1054   379540    2.89566
1485798846      884   380521    2.90314
1485798847      1181   381702    2.91216
1485798848      889   382666    2.91951
1485798849      860   383526    2.92607
1485798850      1174   384700    2.93503
1485798851      844   385566    2.94164
1485798852      1185   386751    2.95068
1485798853      836   387711    2.958
1485798854      892   388603    2.96481
1485798855      1173   389776    2.97375
1485798856      796   390611    2.98013
1485798857      1172   391783    2.98907
1485798858      890   392756    2.99649
1485798859      887   393643    3.00326
1485798860      1122   394765    3.01182
1485798861      821   395656    3.01862
1485798862      1141   396797    3.02732
1485798863      860   397801    3.03498
1485798864      900   398701    3.04185
1485798865      1114   399815    3.05035
1485798866      833   400701    3.05711
1485798867      1181   401882    3.06612
1485798868      874   402846    3.07347
1485798869      896   403742    3.08031
1485798870      1172   404914    3.08925
1485798871      806   405746    3.0956
1485798872      1179   406925    3.10459
1485798873      592   407517    3.10911
1485798875      931   408606    3.11742
1485798876      897   409503    3.12426
1485798877      1120   410623    3.1328
1485798878      861   411506    3.13954
1485798879      1176   412682    3.14851
1485798880      875   413651    3.15591
1485798881      902   414553    3.16279
1485798882      1142   415695    3.1715
1485798883      829   416551    3.17803
1485798884      1145   417696    3.18677
1485798885      900   418696    3.1944
1485798886      905   419601    3.2013
1485798887      1161   420762    3.21016
1485798888      856   421618    3.21669
1485798889      1171   422789    3.22562
1485798890      891   423741    3.23289
1485798891      890   424631    3.23968
1485798892      1175   425806    3.24864
1485798893      834   426641    3.25501
1485798894      1184   427825    3.26405
1485798895      880   428786    3.27138
1485798896      897   429683    3.27822
1485798897      1168   430851    3.28713
1485798898      724   431686    3.2935
1485798899      1183   432869    3.30253
1485798900      825   433831    3.30987
1485798901      715   434586    3.31563
1485798902      1184   435770    3.32466
1485798904      819   436731    3.33199
1485798905      539   437446    3.33745
1485798906      1190   438636    3.34653
1485798907      749   439385    3.35224
1485798908      798   440346    3.35957
1485798909      1126   441472    3.36816
1485798910      881   442491    3.37594
1485798911      1061   443552    3.38403
1485798912      414   443966    3.38719
1485798913      1176   445142    3.39616
1485798914      884   446106    3.40352
1485798915      1160   447266    3.41237
1485798916      893   448251    3.41988
1485798917      897   449148    3.42673
1485798918      1171   450319    3.43566
1485798919      829   451151    3.44201
1485798920      1180   452331    3.45101
1485798921      881   453296    3.45837
1485798922      880   454176    3.46509
1485798923      1175   455351    3.47405
1485798925      830   456196    3.4805
1485798926      1180   457376    3.4895
1485798927      891   458341    3.49686
1485798928      899   459240    3.50372
1485798929      1169   460409    3.51264
1485798930      829   461241    3.51899
1485798931      1179   462420    3.52798
1485798932      885   463386    3.53535
1485798933      897   464283    3.5422
1485798934      1171   465454    3.55113
1485798935      835   466289    3.5575
1485798936      665   467001    3.56293
1485798937      1181   468182    3.57195
1485798938      889   469146    3.5793
1485798939      897   470043    3.58614
1485798940      1177   471220    3.59512
1485798941      849   472069    3.6016
1485798942      1169   473238    3.61052
1485798943      889   474191    3.61779
1485798944      893   475084    3.6246
1485798945      1171   476255    3.63354
1485798946      834   477091    3.63992
1485798947      1188   478279    3.64898
1485798948      891   479236    3.65628
1485798949      898   480134    3.66313
1485798950      1169   481303    3.67205
1485798951      846   482149    3.6785
1485798952      1177   483326    3.68748
1485798953      885   484281    3.69477
1485798954      900   485181    3.70164
1485798955      1168   486349    3.71055
1485798956      832   487181    3.7169
1485798957      1184   488365    3.72593
1485798958      889   489326    3.73326
1485798959      896   490222    3.7401
1485798960      1178   491400    3.74908
1485798961      846   492246    3.75554
1485798962      1171   493417    3.76447
1485798963      887   494371    3.77175
1485798964      898   495269    3.7786
1485798965      1174   496443    3.78756
1485798966      752   497271    3.79388
1485798967      1183   498454    3.8029
1485798968      891   499416    3.81024
