1485348827      81   81    0.000617981
1485348828      81   162    0.00123596
1485348829      79   242    0.00184631
1485348830      86   328    0.00250244
1485348831      86   415    0.0031662
1485348832      85   501    0.00382233
1485348833      88   590    0.00450134
1485348834      86   676    0.00515747
1485348835      89   765    0.00583649
1485348836      89   854    0.0065155
1485348837      88   942    0.00718689
1485348838      87   1029    0.00785065
1485348839      86   1116    0.0085144
1485348840      86   1203    0.00917816
1485348841      83   1287    0.00981903
1485348842      83   1371    0.0104599
1485348843      85   1457    0.011116
1485348844      83   1540    0.0117493
1485348845      78   1619    0.012352
1485348846      76   1695    0.0129318
1485348847      78   1773    0.0135269
1485348848      75   1848    0.0140991
1485348849      76   1925    0.0146866
1485348850      76   2002    0.015274
1485348851      73   2075    0.015831
1485348852      75   2150    0.0164032
1485348853      75   2225    0.0169754
1485348854      72   2297    0.0175247
1485348855      78   2376    0.0181274
1485348856      79   2455    0.0187302
1485348857      86   2542    0.0193939
1485348858      87   2629    0.0200577
1485348859      86   2715    0.0207138
1485348860      89   2804    0.0213928
1485348861      88   2892    0.0220642
1485348862      88   2981    0.0227432
1485348863      88   3070    0.0234222
1485348864      88   3158    0.0240936
1485348865      88   3247    0.0247726
1485348866      88   3336    0.0254517
1485348867      90   3426    0.0261383
1485348868      86   3512    0.0267944
1485348869      90   3602    0.0274811
1485348870      85   3688    0.0281372
1485348871      85   3773    0.0287857
1485348872      84   3858    0.0294342
1485348873      85   3944    0.0300903
1485348874      82   4026    0.0307159
1485348875      80   4106    0.0313263
1485348876      81   4187    0.0319443
1485348877      80   4268    0.0325623
1485348878      78   4346    0.0331573
1485348879      76   4423    0.0337448
1485348880      76   4499    0.0343246
1485348881      78   4577    0.0349197
1485348882      79   4657    0.0355301
1485348883      80   4737    0.0361404
1485348884      79   4816    0.0367432
1485348885      79   4896    0.0373535
1485348886      80   4977    0.0379715
1485348887      80   5058    0.0385895
1485348888      79   5138    0.0391998
1485348889      81   5219    0.0398178
1485348890      83   5302    0.040451
1485348891      85   5387    0.0410995
1485348892      85   5473    0.0417557
1485348893      81   5556    0.0423889
1485348894      90   5646    0.0430756
1485348895      90   5737    0.0437698
1485348896      90   5828    0.0444641
1485348897      90   5918    0.0451508
1485348898      90   6008    0.0458374
1485348899      90   6099    0.0465317
1485348900      90   6190    0.047226
1485348901      73   6271    0.0478439
1485348902      88   6360    0.0485229
1485348903      89   6450    0.0492096
1485348904      88   6538    0.049881
1485348905      85   6623    0.0505295
1485348906      85   6709    0.0511856
1485348907      84   6793    0.0518265
1485348908      83   6876    0.0524597
1485348909      82   6959    0.053093
1485348910      56   7015    0.0535202
1485348911      84   7099    0.0541611
1485348912      85   7185    0.0548172
1485348913      85   7270    0.0554657
1485348914      84   7354    0.0561066
1485348915      84   7438    0.0567474
1485348916      82   7521    0.0573807
1485348917      83   7604    0.0580139
1485348919      83   7688    0.0586548
1485348920      68   7757    0.0591812
1485348921      88   7846    0.0598602
1485348922      89   7935    0.0605392
1485348923      90   8026    0.0612335
1485348924      89   8116    0.0619202
1485348925      90   8207    0.0626144
1485348926      89   8297    0.0633011
1485348927      90   8387    0.0639877
1485348928      73   8460    0.0645447
1485348929      89   8549    0.0652237
1485348930      88   8638    0.0659027
1485348931      90   8728    0.0665894
1485348932      91   8819    0.0672836
1485348933      90   8909    0.0679703
1485348934      88   8998    0.0686493
1485348935      88   9086    0.0693207
1485348936      69   9155    0.0698471
1485348937      83   9239    0.070488
1485348938      84   9323    0.0711288
1485348939      86   9410    0.0717926
1485348940      85   9496    0.0724487
1485348941      83   9579    0.073082
1485348942      83   9663    0.0737228
1485348943      86   9749    0.074379
1485348944      85   9834    0.0750275
1485348945      68   9902    0.0755463
1485348946      83   9986    0.0761871
1485348947      84   10071    0.0768356
1485348948      85   10156    0.0774841
1485348949      86   10242    0.0781403
1485348950      85   10328    0.0787964
1485348951      88   10416    0.0794678
1485348952      88   10504    0.0801392
1485348953      69   10574    0.0806732
1485348954      89   10664    0.0813599
1485348955      90   10754    0.0820465
1485348956      92   10846    0.0827484
1485348957      90   10936    0.0834351
1485348958      90   11026    0.0841217
1485348959      60   11111    0.0847702
1485348960      89   11201    0.0854568
1485348961      89   11290    0.0861359
1485348962      90   11380    0.0868225
1485348963      91   11472    0.0875244
1485348964      88   11561    0.0882034
1485348965      89   11651    0.0888901
1485348966      86   11737    0.0895462
1485348967      79   11816    0.0901489
1485348968      66   11882    0.0906525
1485348969      85   11967    0.091301
1485348970      83   12051    0.0919418
1485348971      85   12136    0.0925903
1485348972      86   12222    0.0932465
1485348973      85   12308    0.0939026
1485348974      85   12394    0.0945587
1485348975      82   12476    0.0951843
1485348976      58   12541    0.0956802
1485348977      83   12625    0.0963211
1485348978      84   12709    0.096962
1485348979      84   12794    0.0976105
1485348980      85   12880    0.0982666
1485348981      80   12961    0.0988846
1485348982      90   13052    0.0995789
1485348983      90   13142    0.100266
1485348984      89   13231    0.100945
1485348985      75   13306    0.101517
1485348986      91   13397    0.102211
1485348987      90   13487    0.102898
1485348988      90   13577    0.103584
1485348989      89   13667    0.104271
1485348990      87   13754    0.104935
1485348991      91   13845    0.105629
1485348992      89   13935    0.106316
1485348993      61   13997    0.106789
1485348994      89   14087    0.107475
1485348995      89   14177    0.108162
1485348996      90   14268    0.108856
1485348997      89   14358    0.109543
1485348998      90   14449    0.110237
1485348999      90   14539    0.110924
1485349000      90   14630    0.111618
1485349001      73   14703    0.112175
1485349002      90   14793    0.112862
1485349003      90   14883    0.113548
1485349004      90   14973    0.114235
1485349005      90   15063    0.114922
1485349006      90   15153    0.115608
1485349007      89   15243    0.116295
1485349009      90   15333    0.116982
1485349010      72   15405    0.117531
1485349011      90   15495    0.118217
1485349012      90   15586    0.118912
1485349013      90   15676    0.119598
1485349014      90   15766    0.120285
1485349015      90   15857    0.120979
1485349016      89   15947    0.121666
1485349017      89   16037    0.122353
1485349018      74   16116    0.122955
1485349019      89   16206    0.123642
1485349020      90   16297    0.124336
1485349021      87   16385    0.125008
1485349022      89   16475    0.125694
1485349023      87   16563    0.126366
1485349024      87   16650    0.127029
1485349025      58   16708    0.127472
1485349026      85   16794    0.128128
1485349027      90   16884    0.128815
1485349028      87   16972    0.129486
1485349029      90   17063    0.13018
1485349030      90   17153    0.130867
1485349031      90   17244    0.131561
1485349032      87   17332    0.132233
1485349033      73   17405    0.13279
1485349034      89   17494    0.133469
1485349035      89   17584    0.134155
1485349036      90   17675    0.13485
1485349037      90   17765    0.135536
1485349038      90   17855    0.136223
1485349039      85   17941    0.136879
1485349040      90   18032    0.137573
1485349041      73   18105    0.13813
1485349042      90   18196    0.138824
1485349043      90   18286    0.139511
1485349044      90   18376    0.140198
1485349045      90   18466    0.140884
1485349046      90   18556    0.141571
1485349047      90   18646    0.142258
1485349048      90   18736    0.142944
1485349049      73   18811    0.143517
1485349050      90   18902    0.144211
1485349051      90   18993    0.144905
1485349052      90   19083    0.145592
1485349053      90   19174    0.146286
1485349054      90   19264    0.146973
1485349055      90   19354    0.147659
1485349056      89   19444    0.148346
1485349057      74   19526    0.148972
1485349058      90   19616    0.149658
1485349059      90   19706    0.150345
1485349060      90   19796    0.151031
1485349061      90   19886    0.151718
1485349062      90   19976    0.152405
1485349063      90   20066    0.153091
1485349064      90   20156    0.153778
1485349065      75   20241    0.154427
1485349066      89   20331    0.155113
1485349067      90   20421    0.1558
1485349068      86   20507    0.156456
1485349069      88   20596    0.157135
1485349070      87   20683    0.157799
1485349071      84   20767    0.15844
1485349072      86   20853    0.159096
1485349073      87   20941    0.159767
1485349074      74   21015    0.160332
1485349075      89   21104    0.161011
1485349076      88   21193    0.16169
1485349077      91   21284    0.162384
1485349078      90   21375    0.163078
1485349079      90   21465    0.163765
1485349080      90   21556    0.164459
1485349081      90   21647    0.165154
1485349082      72   21720    0.16571
1485349083      90   21810    0.166397
1485349084      90   21900    0.167084
1485349085      91   21991    0.167778
1485349086      89   22080    0.168457
1485349087      88   22169    0.169136
1485349088      61   22230    0.169601
1485349089      84   22315    0.17025
1485349090      84   22400    0.170898
1485349091      85   22485    0.171547
1485349092      85   22571    0.172203
1485349093      84   22655    0.172844
1485349094      85   22741    0.1735
1485349095      86   22827    0.174156
1485349096      84   22911    0.174797
1485349097      68   22980    0.175323
1485349098      84   23065    0.175972
1485349099      82   23148    0.176605
1485349100      84   23233    0.177254
1485349101      86   23319    0.17791
1485349102      84   23404    0.178558
1485349103      87   23491    0.179222
1485349104      90   23581    0.179909
1485349105      68   23651    0.180443
1485349106      91   23742    0.181137
1485349107      91   23833    0.181831
1485349108      90   23923    0.182518
1485349109      90   24013    0.183205
1485349110      90   24104    0.183899
1485349111      90   24195    0.184593
1485349112      90   24286    0.185287
1485349114      66   24366    0.185898
1485349115      89   24455    0.186577
1485349116      89   24545    0.187263
1485349117      91   24636    0.187958
1485349118      88   24725    0.188637
1485349119      85   24810    0.189285
1485349120      86   24897    0.189949
1485349121      85   24983    0.190605
1485349122      86   25069    0.191261
1485349123      68   25137    0.19178
1485349124      84   25221    0.192421
1485349125      85   25306    0.193069
1485349126      84   25391    0.193718
1485349127      83   25475    0.194359
1485349128      84   25560    0.195007
1485349129      86   25646    0.195663
1485349130      84   25731    0.196312
1485349131      59   25796    0.196808
1485349132      84   25880    0.197449
1485349133      86   25967    0.198112
1485349134      88   26055    0.198784
1485349135      89   26145    0.199471
1485349136      88   26233    0.200142
1485349137      85   26319    0.200798
1485349138      89   26409    0.201485
1485349139      87   26497    0.202156
1485349140      73   26570    0.202713
1485349141      90   26660    0.2034
1485349142      88   26748    0.204071
1485349143      90   26838    0.204758
1485349144      92   26930    0.20546
1485349145      92   27023    0.206169
1485349146      89   27113    0.206856
1485349147      90   27203    0.207542
1485349148      71   27274    0.208084
1485349149      85   27360    0.20874
1485349150      85   27446    0.209396
1485349151      86   27532    0.210052
1485349152      85   27618    0.210709
1485349153      83   27702    0.211349
1485349154      63   27776    0.211914
1485349155      83   27859    0.212547
1485349156      83   27942    0.213181
1485349157      86   28028    0.213837
1485349158      84   28113    0.214485
1485349159      86   28199    0.215141
1485349160      85   28285    0.215797
1485349161      85   28370    0.216446
1485349162      83   28454    0.217087
1485349163      42   28496    0.217407
1485349164      88   28585    0.218086
1485349165      88   28674    0.218765
1485349166      92   28767    0.219475
1485349167      89   28857    0.220161
1485349168      92   28949    0.220863
1485349169      91   29041    0.221565
1485349170      90   29132    0.22226
1485349171      73   29206    0.222824
1485349172      90   29296    0.223511
1485349173      90   29387    0.224205
1485349174      90   29477    0.224892
1485349175      90   29567    0.225578
1485349176      91   29659    0.22628
1485349177      91   29751    0.226982
1485349178      89   29841    0.227669
1485349179      63   29921    0.228279
1485349180      84   30005    0.22892
1485349182      85   30091    0.229576
1485349183      85   30177    0.230232
1485349184      86   30263    0.230888
1485349185      86   30349    0.231544
1485349186      85   30435    0.232201
1485349187      85   30520    0.232849
1485349188      85   30606    0.233505
1485349189      70   30677    0.234047
1485349190      85   30763    0.234703
1485349191      85   30848    0.235352
1485349192      84   30933    0.236
1485349193      84   31018    0.236649
1485349194      86   31104    0.237305
1485349195      87   31192    0.237976
1485349196      91   31283    0.23867
1485349197      73   31356    0.239227
1485349198      88   31445    0.239906
1485349199      90   31535    0.240593
1485349200      90   31625    0.24128
1485349201      90   31715    0.241966
1485349202      90   31806    0.242661
1485349203      90   31897    0.243355
1485349204      90   31987    0.244041
1485349205      71   32066    0.244644
1485349206      86   32152    0.2453
1485349207      88   32241    0.245979
1485349208      89   32331    0.246666
1485349209      88   32420    0.247345
1485349210      85   32506    0.248001
1485349211      82   32589    0.248634
1485349212      85   32674    0.249283
1485349213      84   32759    0.249931
1485349214      70   32829    0.250465
1485349215      85   32914    0.251114
1485349216      86   33000    0.25177
1485349217      80   33081    0.252388
1485349218      79   33160    0.252991
1485349219      83   33243    0.253624
1485349220      83   33326    0.254257
1485349221      57   33384    0.2547
1485349222      80   33464    0.25531
1485349223      80   33545    0.255928
1485349224      81   33626    0.256546
1485349225      85   33712    0.257202
1485349226      87   33800    0.257874
1485349227      89   33889    0.258553
1485349228      87   33977    0.259224
1485349229      70   34047    0.259758
1485349230      90   34137    0.260445
1485349231      90   34228    0.261139
1485349232      90   34318    0.261826
1485349233      90   34408    0.262512
1485349234      90   34499    0.263206
1485349235      89   34589    0.263893
1485349236      89   34679    0.26458
1485349237      74   34761    0.265205
1485349238      89   34850    0.265884
1485349239      87   34937    0.266548
1485349240      86   35023    0.267204
1485349241      84   35107    0.267845
1485349242      86   35193    0.268501
1485349243      85   35279    0.269157
1485349244      85   35364    0.269806
1485349245      85   35449    0.270454
1485349246      67   35517    0.270973
1485349247      85   35602    0.271622
1485349248      86   35688    0.272278
1485349249      77   35766    0.272873
1485349250      84   35851    0.273521
1485349251      83   35935    0.274162
1485349252      84   36020    0.274811
1485349253      84   36105    0.275459
1485349254      84   36190    0.276108
1485349255      69   36259    0.276634
1485349256      87   36346    0.277298
1485349257      89   36435    0.277977
1485349258      86   36521    0.278633
1485349259      88   36609    0.279305
1485349260      89   36698    0.279984
1485349261      89   36788    0.28067
1485349262      90   36879    0.281364
1485349263      73   36952    0.281921
1485349264      90   37043    0.282616
1485349265      90   37133    0.283302
1485349266      88   37221    0.283974
1485349267      88   37310    0.284653
1485349268      89   37400    0.285339
1485349269      89   37489    0.286018
1485349270      87   37577    0.28669
1485349271      56   37634    0.287125
1485349272      85   37719    0.287773
1485349273      85   37804    0.288422
1485349274      85   37889    0.28907
1485349275      85   37975    0.289726
1485349276      83   38058    0.290359
1485349277      66   38124    0.290863
1485349278      68   38192    0.291382
1485349279      76   38268    0.291962
1485349281      52   38336    0.29248
1485349282      68   38404    0.292999
1485349283      69   38473    0.293526
1485349284      76   38549    0.294106
1485349285      81   38630    0.294724
1485349286      87   38717    0.295387
1485349287      90   38807    0.296074
1485349288      67   38886    0.296677
1485349289      89   38976    0.297363
1485349290      88   39065    0.298042
1485349291      91   39156    0.298737
1485349292      90   39247    0.299431
1485349293      90   39337    0.300117
1485349294      90   39427    0.300804
1485349295      89   39516    0.301483
1485349296      76   39601    0.302132
1485349297      90   39691    0.302818
1485349298      91   39782    0.303513
1485349299      90   39872    0.304199
1485349300      90   39963    0.304893
1485349301      88   40051    0.305565
1485349302      85   40137    0.306221
1485349303      85   40222    0.30687
1485349304      84   40306    0.30751
1485349305      67   40373    0.308022
1485349306      83   40457    0.308662
1485349307      83   40540    0.309296
1485349308      84   40624    0.309937
1485349309      85   40709    0.310585
1485349310      84   40793    0.311226
1485349311      85   40878    0.311874
1485349312      84   40963    0.312523
1485349313      68   41031    0.313042
1485349314      84   41115    0.313683
1485349315      85   41200    0.314331
1485349316      86   41286    0.314987
1485349317      88   41374    0.315659
1485349318      90   41464    0.316345
1485349319      88   41552    0.317017
1485349320      89   41642    0.317703
1485349321      91   41733    0.318398
1485349322      74   41807    0.318962
1485349323      89   41897    0.319649
1485349324      90   41988    0.320343
1485349325      90   42078    0.32103
1485349326      91   42170    0.321732
1485349327      91   42262    0.322433
1485349328      90   42353    0.323128
1485349329      88   42442    0.323807
1485349330      72   42514    0.324356
1485349331      87   42601    0.32502
1485349332      83   42685    0.325661
1485349333      84   42770    0.326309
1485349334      84   42855    0.326958
1485349335      84   42940    0.327606
1485349336      85   43026    0.328262
1485349337      85   43111    0.328911
1485349338      67   43179    0.32943
1485349339      83   43262    0.330063
1485349340      84   43346    0.330704
1485349341      84   43430    0.331345
1485349342      84   43515    0.331993
1485349343      83   43599    0.332634
1485349344      83   43683    0.333275
1485349345      84   43768    0.333923
1485349346      85   43854    0.334579
1485349347      72   43926    0.335129
1485349348      91   44017    0.335823
1485349349      89   44106    0.336502
1485349350      88   44194    0.337173
1485349351      92   44286    0.337875
1485349352      90   44376    0.338562
1485349353      57   44441    0.339058
1485349354      89   44531    0.339745
1485349355      89   44621    0.340431
1485349356      90   44711    0.341118
1485349357      89   44800    0.341797
1485349358      90   44890    0.342484
1485349359      91   44982    0.343185
1485349360      83   45065    0.343819
1485349361      87   45153    0.34449
1485349362      60   45213    0.344948
1485349363      83   45297    0.345589
1485349364      83   45381    0.34623
1485349365      84   45465    0.34687
1485349366      84   45550    0.347519
1485349367      84   45634    0.34816
1485349368      83   45718    0.348801
1485349369      85   45803    0.349449
1485349370      69   45872    0.349976
1485349371      84   45957    0.350624
1485349372      85   46042    0.351273
1485349373      84   46127    0.351921
1485349374      85   46212    0.35257
1485349375      82   46294    0.353195
1485349376      84   46378    0.353836
1485349377      89   46467    0.354515
1485349378      88   46556    0.355194
1485349379      72   46628    0.355743
1485349380      91   46719    0.356438
1485349381      89   46809    0.357124
1485349382      89   46899    0.357811
1485349383      90   46989    0.358498
1485349384      90   47080    0.359192
1485349385      90   47170    0.359879
1485349386      90   47261    0.360573
1485349387      72   47333    0.361122
1485349388      90   47424    0.361816
1485349389      85   47509    0.362465
1485349390      89   47598    0.363144
1485349391      87   47686    0.363815
1485349392      86   47772    0.364471
1485349393      84   47856    0.365112
1485349394      84   47940    0.365753
1485349396      69   48016    0.366333
1485349397      84   48100    0.366974
1485349398      84   48185    0.367622
1485349399      83   48268    0.368256
1485349400      86   48354    0.368912
1485349401      83   48438    0.369553
1485349402      84   48522    0.370193
1485349403      84   48606    0.370834
1485349404      84   48691    0.371483
1485349405      66   48758    0.371994
1485349406      84   48843    0.372643
1485349407      86   48929    0.373299
1485349408      88   49017    0.37397
1485349409      89   49107    0.374657
1485349410      91   49198    0.375351
1485349411      89   49287    0.37603
1485349412      89   49377    0.376717
1485349413      73   49450    0.377274
1485349414      90   49540    0.37796
1485349415      90   49630    0.378647
1485349416      89   49720    0.379333
1485349417      91   49811    0.380028
1485349418      90   49901    0.380714
1485349419      90   49992    0.381409
1485349420      57   50049    0.381844
1485349421      90   50140    0.382538
1485349422      89   50229    0.383217
1485349423      87   50317    0.383888
1485349424      85   50402    0.384537
1485349425      85   50488    0.385193
1485349426      85   50574    0.385849
1485349427      85   50660    0.386505
1485349428      56   50716    0.386932
1485349429      84   50800    0.387573
1485349430      84   50885    0.388222
1485349431      84   50970    0.38887
1485349432      84   51055    0.389519
1485349433      84   51140    0.390167
1485349434      83   51223    0.3908
1485349435      82   51306    0.391434
1485349436      81   51388    0.392059
1485349437      63   51451    0.39254
1485349438      88   51539    0.393211
1485349439      87   51627    0.393883
1485349440      89   51717    0.394569
1485349441      91   51808    0.395264
1485349442      86   51894    0.39592
1485349443      90   51984    0.396606
1485349444      89   52074    0.397293
1485349445      71   52146    0.397842
1485349446      89   52235    0.398521
1485349447      90   52326    0.399216
1485349448      89   52416    0.399902
1485349449      90   52507    0.400597
1485349450      89   52597    0.401283
1485349451      90   52688    0.401978
1485349452      89   52778    0.402664
1485349453      72   52856    0.403259
1485349454      85   52942    0.403915
1485349455      85   53027    0.404564
1485349456      82   53109    0.40519
1485349457      84   53194    0.405838
1485349458      83   53277    0.406471
1485349459      85   53363    0.407127
1485349460      84   53447    0.407768
1485349461      83   53531    0.408409
1485349462      67   53598    0.40892
1485349463      84   53683    0.409569
1485349464      84   53768    0.410217
1485349465      84   53852    0.410858
1485349466      85   53937    0.411507
1485349467      84   54022    0.412155
1485349468      86   54108    0.412811
1485349469      89   54197    0.41349
1485349470      74   54286    0.414169
1485349471      87   54373    0.414833
1485349472      84   54457    0.415474
1485349473      89   54547    0.416161
1485349474      89   54636    0.41684
1485349475      87   54723    0.417503
1485349476      90   54813    0.41819
1485349477      90   54903    0.418877
1485349478      91   54994    0.419571
1485349479      72   55066    0.42012
1485349480      89   55156    0.420807
1485349481      89   55245    0.421486
1485349482      88   55333    0.422157
1485349483      87   55420    0.422821
1485349484      84   55504    0.423462
1485349485      57   55561    0.423897
1485349486      85   55646    0.424545
1485349487      84   55730    0.425186
1485349488      83   55814    0.425827
1485349489      84   55898    0.426468
1485349490      84   55982    0.427109
1485349491      84   56066    0.42775
1485349492      84   56151    0.428398
1485349493      83   56235    0.429039
1485349494      56   56291    0.429466
1485349495      84   56375    0.430107
1485349496      84   56460    0.430756
1485349497      83   56544    0.431396
1485349498      84   56628    0.432037
1485349499      90   56719    0.432732
1485349500      90   56809    0.433418
1485349501      90   56899    0.434105
1485349502      74   56981    0.434731
1485349503      89   57071    0.435417
1485349504      90   57162    0.436111
1485349505      90   57252    0.436798
1485349506      90   57342    0.437485
1485349507      90   57432    0.438171
1485349508      91   57523    0.438866
1485349509      92   57616    0.439575
1485349511      73   57696    0.440186
1485349512      89   57785    0.440865
1485349513      87   57873    0.441536
1485349514      86   57959    0.442192
1485349515      86   58045    0.442848
1485349516      84   58129    0.443489
1485349517      83   58213    0.44413
1485349518      85   58298    0.444778
1485349519      83   58382    0.445419
1485349520      57   58439    0.445854
1485349521      85   58524    0.446503
1485349522      85   58609    0.447151
1485349523      85   58694    0.4478
1485349524      83   58777    0.448433
1485349525      84   58861    0.449074
1485349526      84   58946    0.449722
1485349527      85   59031    0.450371
1485349528      84   59116    0.451019
1485349529      69   59185    0.451546
1485349530      88   59273    0.452217
1485349531      89   59363    0.452904
1485349532      90   59453    0.45359
1485349533      89   59543    0.454277
1485349534      93   59636    0.454987
1485349535      90   59726    0.455673
1485349536      90   59816    0.45636
1485349537      74   59890    0.456924
1485349538      90   59981    0.457619
1485349539      90   60071    0.458305
1485349540      90   60162    0.459
1485349541      88   60250    0.459671
1485349542      88   60338    0.460342
1485349543      89   60427    0.461021
1485349544      87   60515    0.461693
1485349545      67   60583    0.462212
1485349546      79   60663    0.462822
1485349547      84   60748    0.46347
1485349548      84   60832    0.464111
1485349549      84   60917    0.46476
1485349550      84   61001    0.465401
1485349551      86   61087    0.466057
1485349552      45   61132    0.4664
1485349553      83   61216    0.467041
1485349554      84   61301    0.46769
1485349555      84   61385    0.46833
1485349556      83   61468    0.468964
1485349557      84   61552    0.469604
1485349558      85   61638    0.470261
1485349559      85   61723    0.470909
1485349560      89   61812    0.471588
1485349561      71   61883    0.47213
1485349562      88   61971    0.472801
1485349563      89   62060    0.47348
1485349564      89   62149    0.474159
1485349565      90   62239    0.474846
1485349566      89   62329    0.475533
1485349567      90   62420    0.476227
1485349568      90   62511    0.476921
1485349569      58   62569    0.477364
1485349570      91   62661    0.478065
1485349571      90   62751    0.478752
1485349572      90   62842    0.479446
1485349573      89   62931    0.480125
1485349574      88   63020    0.480804
1485349575      87   63107    0.481468
1485349576      84   63191    0.482109
1485349577      58   63251    0.482567
1485349578      84   63335    0.483208
1485349579      84   63420    0.483856
1485349580      84   63505    0.484505
1485349581      84   63590    0.485153
1485349582      84   63675    0.485802
1485349583      79   63754    0.486404
1485349584      75   63829    0.486977
1485349585      83   63913    0.487617
1485349586      66   63980    0.488129
1485349587      81   64061    0.488747
