1485727724      1435   1436    0.0109558
1485727725      1399   2836    0.021637
1485727726      1433   4269    0.0325699
1485727727      1322   5591    0.0426559
1485727728      620   6521    0.0497513
1485727729      1139   7660    0.0584412
1485727730      831   8666    0.0661163
1485727731      1192   9858    0.0752106
1485727732      809   10667    0.0813828
1485727733      841   11611    0.0885849
1485727734      1061   12672    0.0966797
1485727736      930   13756    0.10495
1485727737      1182   14938    0.113968
1485727738      915   15853    0.120949
1485727739      795   16701    0.127419
1485727740      1196   17897    0.136543
1485727741      882   18846    0.143784
1485727742      1178   20024    0.152771
1485727743      780   20804    0.158722
1485727744      829   21791    0.166252
1485727745      1059   22850    0.174332
1485727746      925   23936    0.182617
1485727747      1176   25112    0.191589
1485727748      856   25968    0.19812
1485727749      869   26881    0.205086
1485727750      1119   28000    0.213623
1485727751      869   29026    0.221451
1485727752      1171   30197    0.230385
1485727753      801   30998    0.236496
1485727754      808   31971    0.243919
1485727755      1152   33123    0.252708
1485727757      849   34116    0.260284
1485727758      1182   35298    0.269302
1485727759      236   35546    0.271194
1485727760      1110   36656    0.279663
1485727761      933   37776    0.288208
1485727762      1086   38862    0.296494
1485727763      1047   39909    0.304482
1485727764      691   40721    0.310677
1485727765      1178   41899    0.319664
1485727766      817   42866    0.327042
1485727767      1120   43986    0.335587
1485727769      815   45011    0.343407
1485727770      914   45925    0.35038
1485727771      1070   46995    0.358543
1485727772      783   47956    0.365875
1485727773      1021   48977    0.373665
1485727774      1122   50099    0.382225
1485727775      716   50816    0.387695
1485727776      825   51641    0.39399
1485727777      1045   52686    0.401962
1485727778      931   53761    0.410164
1485727779      1089   54850    0.418472
1485727780      839   55906    0.426529
1485727781      810   56716    0.432709
1485727782      1179   57895    0.441704
1485727783      852   58851    0.448997
1485727784      1129   59980    0.457611
1485727785      898   60996    0.465363
1485727786      790   61796    0.471466
1485727787      1049   62845    0.479469
1485727788      1043   63888    0.487427
1485727789      742   64656    0.493286
1485727790      1172   65828    0.502228
1485727791      808   66636    0.508392
1485727793      834   67601    0.515755
1485727794      1080   68681    0.523994
1485727795      906   69587    0.530907
1485727796      734   70321    0.536507
1485727797      754   71176    0.54303
1485727798      790   71976    0.549133
1485727799      1186   73162    0.558182
1485727800      776   74121    0.565498
1485727801      1186   75307    0.574547
1485727802      889   76266    0.581863
1485727803      839   77105    0.588264
1485727804      1167   78272    0.597168
1485727805      829   79211    0.604332
1485727806      1046   80257    0.612312
1485727807      922   81356    0.620697
1485727808      904   82260    0.627594
1485727809      1169   83429    0.636513
1485727811      749   84301    0.643166
1485727812      1102   85403    0.651573
1485727813      856   86446    0.659531
1485727814      897   87343    0.666374
1485727815      1055   88398    0.674423
1485727816      843   89391    0.681999
1485727817      1055   90446    0.690048
1485727818      905   91536    0.698364
1485727819      801   92337    0.704475
1485727820      1055   93392    0.712524
1485727821      1044   94436    0.72049
1485727822      855   95291    0.727013
1485727823      1177   96468    0.735992
1485727824      908   97376    0.74292
1485727825      757   98141    0.748756
1485727826      557   98856    0.754211
1485727827      1055   99911    0.76226
1485727828      1077   100988    0.770477
1485727830      695   101801    0.77668
1485727831      1172   102973    0.785622
1485727832      805   103778    0.791763
1485727833      680   104661    0.7985
1485727834      1184   105845    0.807533
1485727835      819   106806    0.814865
1485727836      672   107606    0.820969
1485727837      917   108523    0.827965
1485727838      1136   109659    0.836632
1485727839      710   110466    0.842789
1485727840      1058   111524    0.850861
1485727841      875   112399    0.857536
1485727842      927   113326    0.864609
1485727843      787   114126    0.870712
1485727844      1162   115288    0.879578
1485727846      810   116271    0.887077
1485727847      789   117071    0.893181
1485727848      1075   118146    0.901382
1485727849      857   119216    0.909546
1485727850      1043   120259    0.917503
1485727851      1090   121349    0.925819
1485727852      695   122161    0.932014
1485727853      1188   123349    0.941078
1485727854      801   124306    0.94838
1485727855      1142   125448    0.957092
1485727856      844   126451    0.964745
1485727857      774   127251    0.970848
1485727858      1167   128418    0.979752
1485727860      898   129396    0.987213
1485727861      1130   130526    0.995834
1485727862      847   131541    1.00358
1485727863      915   132456    1.01056
1485727864      1180   133636    1.01956
1485727865      847   134486    1.02605
1485727866      1177   135663    1.03503
1485727867      902   136631    1.04241
1485727868      882   137513    1.04914
1485727869      1177   138690    1.05812
1485727870      791   139576    1.06488
1485727871      1054   140630    1.07292
1485727872      929   141721    1.08125
1485727873      920   142641    1.08826
1485727874      1068   143709    1.09641
1485727875      811   144666    1.10371
1485727876      1074   145740    1.11191
1485727877      939   146811    1.12008
1485727878      892   147703    1.12688
1485727879      1123   148826    1.13545
1485727881      822   149756    1.14255
1485727882      1157   150913    1.15137
1485727883      857   151901    1.15891
1485727884      916   152817    1.1659
1485727885      1144   153961    1.17463
1485727886      814   154846    1.18138
1485727887      1128   155974    1.18999
1485727888      512   156486    1.19389
1485727889      1176   157662    1.20287
1485727890      685   158506    1.2093
1485727891      1171   159677    1.21824
1485727892      834   160651    1.22567
1485727893      1128   161779    1.23428
1485727894      879   162796    1.24203
1485727895      795   163596    1.24814
1485727896      1140   164736    1.25684
1485727898      792   165741    1.2645
1485727899      1155   166896    1.27332
1485727900      829   167886    1.28087
1485727901      908   168794    1.2878
1485727902      1178   169972    1.29678
1485727903      793   170831    1.30334
1485727904      1182   172013    1.31236
1485727905      820   172976    1.3197
1485727906      805   173781    1.32584
1485727907      1128   174909    1.33445
1485727908      906   175921    1.34217
1485727909      1182   177103    1.35119
1485727910      885   178066    1.35854
1485727911      897   178963    1.36538
1485727912      1051   180014    1.3734
1485727913      846   181011    1.381
1485727914      1180   182191    1.39001
1485727916      887   183156    1.39737
1485727917      914   184070    1.40434
1485727918      1170   185240    1.41327
1485727919      847   186101    1.41984
1485727920      1180   187281    1.42884
1485727921      875   188246    1.4362
1485727922      899   189145    1.44306
1485727923      1060   190205    1.45115
1485727924      612   191191    1.45867
1485727925      1081   192272    1.46692
1485727926      1047   193319    1.47491
1485727927      778   194097    1.48084
1485727928      747   194851    1.4866
1485727929      1160   196011    1.49545
1485727930      816   196996    1.50296
1485727931      1174   198170    1.51192
1485727932      907   199077    1.51884
1485727934      774   199941    1.52543
1485727935      1187   201128    1.53448
1485727936      821   202086    1.54179
1485727937      1123   203209    1.55036
1485727938      899   204108    1.55722
1485727939      861   205031    1.56426
1485727940      1193   206224    1.57336
1485727941      831   207176    1.58063
1485727942      1186   208362    1.58968
1485727943      911   209273    1.59663
1485727944      782   210121    1.6031
1485727945      1095   211216    1.61145
1485727946      833   212266    1.61946
1485727947      1157   213423    1.62829
1485727948      909   214332    1.63522
1485727949      839   215211    1.64193
1485727950      1191   216402    1.65102
1485727951      910   217312    1.65796
1485727952      700   218071    1.66375
1485727953      901   218972    1.67062
1485727954      791   219763    1.67666
1485727955      1166   220929    1.68555
1485727957      654   221731    1.69167
1485727958      875   222606    1.69835
1485727959      1083   223689    1.70661
1485727960      204   223961    1.70869
1485727961      972   224933    1.7161
1485727962      1034   225967    1.72399
1485727963      812   226821    1.73051
1485727964      1177   227998    1.73949
1485727965      809   228966    1.74687
1485727966      904   229870    1.75377
1485727967      1170   231040    1.7627
1485727968      859   231911    1.76934
1485727969      1186   233097    1.77839
1485727970      856   234056    1.78571
1485727971      902   234958    1.79259
1485727972      1175   236133    1.80155
1485727973      827   237001    1.80817
1485727974      1187   238188    1.81723
1485727976      890   239146    1.82454
1485727977      818   239964    1.83078
1485727978      1161   241125    1.83964
1485727979      828   242091    1.84701
1485727980      1054   243145    1.85505
1485727981      893   244236    1.86337
1485727982      836   245072    1.86975
1485727983      1054   246126    1.87779
1485727984      865   247181    1.88584
1485727985      1126   248307    1.89443
1485727986      853   249326    1.90221
1485727987      866   250192    1.90881
1485727988      1178   251370    1.9178
1485727989      830   252271    1.92467
1485727990      1117   253388    1.9332
1485727992      877   254416    1.94104
1485727993      894   255310    1.94786
1485727994      1170   256480    1.95679
1485727995      756   257361    1.96351
1485727996      851   258212    1.97
1485727997      1067   259279    1.97814
1485727998      912   260191    1.9851
1485727999      757   261021    1.99143
1485728000      1057   262078    1.9995
1485728001      1036   263114    2.0074
1485728002      720   263881    2.01325
1485728003      827   264708    2.01956
1485728004      1039   265747    2.02749
1485728005      1044   266791    2.03545
1485728006      729   267541    2.04118
1485728007      1178   268719    2.05016
1485728008      817   269686    2.05754
1485728009      890   270576    2.06433
1485728010      1164   271740    2.07321
1485728011      786   272631    2.08001
1485728012      1183   273814    2.08904
1485728013      864   274776    2.09637
1485728014      791   275576    2.10248
1485728015      1166   276742    2.11137
1485728017      825   277721    2.11884
1485728018      1062   278783    2.12695
1485728019      1043   279826    2.1349
1485728020      708   280666    2.14131
1485728021      1127   281793    2.14991
1485728022      901   282811    2.15768
1485728023      1074   283885    2.16587
1485728024      1048   284933    2.17387
1485728025      684   285756    2.18015
1485728026      1183   286939    2.18917
1485728027      721   287901    2.19651
1485728028      1181   289082    2.20552
1485728030      800   290046    2.21288
1485728031      828   290874    2.21919
1485728032      1059   291933    2.22727
1485728033      873   292991    2.23534
1485728034      1175   294166    2.24431
1485728035      860   295136    2.25171
1485728036      797   295936    2.25781
1485728037      1027   296963    2.26565
1485728038      1046   298009    2.27363
1485728039      719   298796    2.27963
1485728040      1169   299965    2.28855
1485728041      725   300690    2.29408
1485728042      873   301741    2.3021
1485728043      1184   302925    2.31113
1485728044      801   303886    2.31847
1485728045      1138   305024    2.32715
1485728046      890   305914    2.33394
1485728048      800   306831    2.34093
1485728049      1177   308008    2.34991
1485728050      901   308976    2.3573
1485728051      1142   310118    2.36601
1485728052      908   311026    2.37294
1485728053      795   311921    2.37977
1485728054      1056   312977    2.38783
1485728055      922   314066    2.39613
1485728056      1122   315188    2.40469
1485728057      904   316092    2.41159
1485728058      805   317011    2.4186
1485728059      1178   318189    2.42759
1485728060      797   319156    2.43497
1485728061      1106   320262    2.44341
1485728062      910   321172    2.45035
1485728063      813   322101    2.45744
1485728064      1054   323155    2.46548
1485728065      1042   324197    2.47343
1485728067      737   324961    2.47926
1485728068      789   325761    2.48536
1485728069      1166   326927    2.49426
1485728070      879   327906    2.50172
1485728071      1145   329051    2.51046
1485728072      826   330051    2.51809
1485728073      793   330851    2.52419
1485728074      1065   331916    2.53232
1485728075      844   332996    2.54056
1485728076      1163   334159    2.54943
1485728077      809   335141    2.55692
1485728078      722   335941    2.56303
1485728079      1082   337023    2.57128
1485728080      1042   338065    2.57923
1485728081      726   338801    2.58485
1485728082      1180   339981    2.59385
1485728084      839   340946    2.60121
1485728085      688   341746    2.60732
1485728086      866   342612    2.61392
1485728087      983   343595    2.62142
1485728088      848   344606    2.62914
1485728089      752   345358    2.63487
1485728090      636   346036    2.64005
1485728091      1070   347106    2.64821
1485728092      1046   348152    2.65619
1485728093      791   348981    2.66251
1485728094      1049   350030    2.67052
1485728095      1006   351036    2.67819
1485728096      888   351924    2.68497
1485728097      664   352641    2.69044
1485728098      1054   353695    2.69848
1485728099      856   354786    2.7068
1485728100      1076   355862    2.71501
1485728101      871   356733    2.72166
1485728103      821   357731    2.72927
1485728104      1174   358905    2.73823
1485728105      888   359876    2.74564
1485728106      1076   360952    2.75385
1485728107      789   361741    2.75986
1485728108      842   362821    2.7681
1485728109      1052   363873    2.77613
1485728110      843   364966    2.78447
1485728111      1178   366144    2.79346
1485728112      911   367055    2.80041
1485728113      861   367916    2.80698
1485728114      1180   369096    2.81598
1485728115      861   370056    2.8233
1485728116      1097   371153    2.83167
1485728117      877   372030    2.83836
1485728119      804   373001    2.84577
1485728120      1176   374177    2.85474
1485728121      672   374849    2.85987
1485728122      846   375861    2.86759
1485728123      868   376729    2.87421
1485728124      1050   377779    2.88223
1485728125      894   378806    2.89006
1485728126      1054   379860    2.8981
1485728127      1062   380922    2.9062
1485728128      734   381666    2.91188
1485728129      827   382493    2.91819
1485728130      1144   383637    2.92692
1485728131      859   384611    2.93435
1485728132      1182   385793    2.94337
1485728133      888   386756    2.95071
1485728134      918   387674    2.95772
1485728135      1148   388822    2.96648
1485728136      847   389701    2.97318
1485728137      1179   390880    2.98218
1485728138      770   391846    2.98955
1485728139      890   392736    2.99634
1485728140      1122   393858    3.0049
1485728142      860   394791    3.01202
1485728143      1177   395968    3.021
1485728144      823   396936    3.02838
1485728145      797   397736    3.03448
1485728146      1170   398906    3.04341
1485728147      798   399881    3.05085
1485728148      1106   400987    3.05929
1485728149      834   402026    3.06721
1485728150      847   402873    3.07368
1485728151      1163   404036    3.08255
1485728152      802   404971    3.08968
1485728153      1146   406117    3.09843
1485728155      845   407116    3.10605
1485728156      914   408030    3.11302
1485728157      1180   409210    3.12202
1485728158      828   410061    3.12852
1485728159      1056   411117    3.13657
1485728160      1048   412165    3.14457
1485728161      677   413006    3.15099
1485728162      1186   414192    3.16003
1485728163      883   415151    3.16735
1485728164      1186   416337    3.1764
1485728165      895   417296    3.18372
1485728166      886   418182    3.19048
1485728167      1068   419250    3.19862
1485728168      838   420241    3.20618
1485728169      1173   421414    3.21513
1485728170      846   422386    3.22255
1485728171      911   423297    3.2295
1485728172      1177   424474    3.23848
1485728173      848   425331    3.24502
1485728174      1059   426390    3.2531
1485728176      903   427476    3.26138
1485728177      906   428382    3.2683
1485728178      1172   429554    3.27724
1485728179      776   430421    3.28385
1485728180      1067   431488    3.29199
1485728181      888   432566    3.30022
1485728182      781   433366    3.30632
1485728183      1125   434491    3.3149
1485728184      824   435511    3.32269
1485728185      1166   436677    3.33158
1485728187      558   437656    3.33905
1485728188      980   438636    3.34653
1485728189      1089   439725    3.35484
1485728190      855   440601    3.36152
1485728191      1055   441656    3.36957
1485728192      937   442746    3.37788
1485728193      915   443661    3.38486
1485728194      1073   444734    3.39305
1485728195      799   445691    3.40035
1485728196      1182   446873    3.40937
1485728197      862   447836    3.41672
1485728198      834   448670    3.42308
1485728199      960   449630    3.4304
1485728200      1130   450760    3.43903
1485728201      719   451496    3.44464
1485728202      987   452483    3.45217
1485728203      799   453282    3.45827
1485728204      877   454159    3.46496
1485728206      697   455156    3.47256
1485728207      1047   456203    3.48055
1485728208      980   457183    3.48803
1485728209      748   458016    3.49438
1485728210      839   458855    3.50079
1485728211      1126   459981    3.50938
1485728212      825   460961    3.51685
1485728213      1177   462138    3.52583
1485728214      856   463106    3.53322
1485728215      794   463906    3.53932
1485728216      1184   465090    3.54836
1485728217      874   466051    3.55569
1485728218      1081   467132    3.56393
1485728220      909   468196    3.57205
1485728221      867   469063    3.57867
1485728222      1182   470245    3.58768
1485728223      846   471141    3.59452
1485728224      1077   472218    3.60274
1485728225      894   473286    3.61089
1485728226      902   474188    3.61777
1485728227      1174   475362    3.62672
1485728228      845   476231    3.63335
1485728229      1177   477408    3.64233
1485728230      848   478376    3.64972
1485728231      906   479282    3.65663
1485728232      1049   480331    3.66463
1485728233      783   481321    3.67219
1485728234      1074   482395    3.68038
1485728235      868   483466    3.68855
1485728236      792   484266    3.69466
1485728237      1161   485427    3.70351
1485728239      840   486411    3.71102
1485728240      1105   487516    3.71945
1485728241      908   488556    3.72739
1485728242      789   489356    3.73349
1485728243      1188   490544    3.74255
1485728244      836   491501    3.74986
1485728245      1039   492540    3.75778
1485728246      942   493646    3.76622
1485728247      904   494550    3.77312
1485728248      1142   495692    3.78183
1485728249      862   496591    3.78869
1485728250      1177   497768    3.79767
1485728251      896   498736    3.80505
1485728252      799   499536    3.81116
