1481557525      1498   1498    0.0014286
1481557526      1499   2997    0.00285816
1481557527      1500   4497    0.00428867
1481557528      1499   5996    0.00571823
1481557529      1499   7495    0.00714779
1481557530      1497   8992    0.00857544
1481557531      1499   10491    0.010005
1481557532      1499   11990    0.0114346
1481557533      1500   13490    0.0128651
1481557534      1499   14989    0.0142946
1481557535      1499   16488    0.0157242
1481557536      1500   17988    0.0171547
1481557537      1499   19487    0.0185843
1481557538      1499   20986    0.0200138
1481557539      1500   22486    0.0214443
1481557540      1499   23985    0.0228739
1481557541      1461   25446    0.0242672
1481557542      1379   26825    0.0255823
1481557543      1386   28211    0.0269041
1481557544      1322   29597    0.0282259
1481557545      1507   31104    0.0296631
1481557546      1386   32490    0.0309849
1481557547      1382   33872    0.0323029
1481557548      1385   35257    0.0336237
1481557549      1317   36574    0.0348797
1481557550      1367   37941    0.0361834
1481557551      1385   39326    0.0375042
1481557552      1499   40825    0.0389338
1481557553      1384   42209    0.0402536
1481557554      1385   43594    0.0415745
1481557555      1368   44962    0.0428791
1481557556      1384   46346    0.044199
1481557557      1385   47731    0.0455198
1481557558      1384   49115    0.0468397
1481557559      1362   50477    0.0481386
1481557560      1387   51864    0.0494614
1481557561      1386   53250    0.0507832
1481557562      1386   54636    0.0521049
1481557563      1386   56022    0.0534267
1481557564      1499   57521    0.0548563
1481557565      1383   58904    0.0561752
1481557566      1385   60289    0.0574961
1481557567      1386   61675    0.0588179
1481557568      1385   63060    0.0601387
1481557569      1387   64447    0.0614614
1481557570      1346   65793    0.0627451
1481557571      1378   67253    0.0641375
1481557572      1506   68759    0.0655737
1481557573      1372   70131    0.0668821
1481557574      1373   71504    0.0681915
1481557575      1381   72885    0.0695086
1481557576      1372   74257    0.070817
1481557577      1359   75616    0.072113
1481557578      1381   76997    0.0734301
1481557579      1371   78368    0.0747375
1481557580      1362   79730    0.0760365
1481557581      1385   81115    0.0773573
1481557582      1378   82493    0.0786715
1481557583      1374   83953    0.0800638
1481557584      1507   85460    0.081501
1481557585      1359   86819    0.0827971
1481557586      1387   88206    0.0841198
1481557587      1386   89592    0.0854416
1481557588      1386   90978    0.0867634
1481557589      1386   92364    0.0880852
1481557590      1385   93749    0.089406
1481557591      1386   95237    0.0908251
1481557592      1507   96744    0.0922623
1481557593      1384   98128    0.0935822
1481557594      1252   99380    0.0947762
1481557595      1384   100764    0.096096
1481557596      1499   102263    0.0975256
1481557597      1383   103646    0.0988445
1481557598      1365   105011    0.100146
1481557599      1359   106370    0.101442
1481557600      1363   107733    0.102742
1481557601      1377   109110    0.104055
1481557602      1381   110491    0.105372
1481557603      1380   111937    0.106751
1481557604      1506   113443    0.108188
1481557605      1380   114823    0.109504
1481557606      1378   116201    0.110818
1481557607      1379   117580    0.112133
1481557608      1384   118964    0.113453
1481557609      1382   120346    0.114771
1481557610      1349   121695    0.116057
1481557611      1500   123195    0.117488
1481557612      1223   124418    0.118654
1481557613      1337   125755    0.119929
1481557614      1386   127141    0.121251
1481557615      1375   128637    0.122678
1481557616      1506   130143    0.124114
1481557617      1386   131529    0.125436
1481557618      1386   132915    0.126758
1481557619      1382   134297    0.128076
1481557620      1385   135682    0.129396
1481557621      1382   137064    0.130714
1481557622      1342   138406    0.131994
1481557623      1500   139906    0.133425
1481557624      1381   141287    0.134742
1481557625      1386   142673    0.136064
1481557626      1386   144059    0.137385
1481557627      1384   145443    0.138705
1481557628      1383   146826    0.140024
1481557629      1384   148210    0.141344
1481557630      1370   149580    0.142651
1481557631      1384   150964    0.14397
1481557632      1381   152345    0.145288
1481557633      1384   153729    0.146607
1481557634      1383   155112    0.147926
1481557635      1500   156612    0.149357
1481557636      1378   157990    0.150671
1481557637      1367   159357    0.151975
1481557638      1328   160685    0.153241
1481557639      1380   162065    0.154557
1481557640      1384   163449    0.155877
1481557641      1364   164813    0.157178
1481557642      1375   166293    0.158589
1481557643      1506   167799    0.160026
1481557644      1378   169177    0.16134
1481557645      1387   170564    0.162663
1481557646      1227   171791    0.163833
1481557647      1349   173140    0.165119
1481557648      1354   174494    0.16641
1481557649      1362   175856    0.167709
1481557650      1375   177231    0.169021
1481557651      1384   178615    0.170341
1481557652      1363   179978    0.17164
1481557653      1374   181381    0.172978
1481557654      1506   182887    0.174415
1481557655      1376   184263    0.175727
1481557656      1379   185642    0.177042
1481557657      1362   187004    0.178341
1481557658      1374   188378    0.179651
1481557659      1363   189741    0.180951
1481557660      1378   191119    0.182265
1481557661      1499   192618    0.183695
1481557662      1374   193992    0.185005
1481557663      1371   195363    0.186313
1481557664      1353   196716    0.187603
1481557665      1344   198060    0.188885
1481557666      1243   199303    0.19007
1481557667      1384   200687    0.19139
1481557668      1344   202031    0.192672
1481557669      1379   203410    0.193987
1481557670      1371   204781    0.195294
1481557671      1384   206165    0.196614
1481557672      1499   207664    0.198044
1481557673      1338   209002    0.19932
1481557674      1331   210333    0.200589
1481557675      1375   211708    0.2019
1481557676      1378   213086    0.203215
1481557677      1376   214462    0.204527
1481557678      1378   215840    0.205841
1481557679      1499   217339    0.207271
1481557680      1344   218683    0.208552
1481557681      1383   220066    0.209871
1481557682      1384   221450    0.211191
1481557683      1386   222836    0.212513
1481557684      1368   224204    0.213818
1481557685      1383   225587    0.215137
1481557686      1386   226973    0.216458
1481557687      1331   228304    0.217728
1481557688      1383   229687    0.219047
1481557689      1386   231073    0.220368
1481557690      1383   232513    0.221742
1481557691      1506   234019    0.223178
1481557692      1386   235405    0.2245
1481557693      1384   236789    0.22582
1481557694      1386   238175    0.227141
1481557695      1386   239561    0.228463
1481557696      1387   240948    0.229786
1481557697      1386   242334    0.231108
1481557698      1386   243797    0.232503
1481557699      1506   245303    0.233939
1481557700      1385   246688    0.23526
1481557701      1232   247920    0.236435
1481557702      1363   249283    0.237735
1481557703      1500   250783    0.239165
1481557704      1383   252166    0.240484
1481557705      1385   253551    0.241805
1481557706      1376   254927    0.243117
1481557707      1382   256309    0.244435
1481557708      1292   257601    0.245667
1481557709      1387   258988    0.24699
1481557710      1499   260487    0.24842
1481557711      1319   261806    0.249678
1481557712      1364   263170    0.250978
1481557713      1343   264513    0.252259
1481557714      1379   265892    0.253574
1481557715      1373   267265    0.254884
1481557716      1375   268640    0.256195
1481557717      1499   270139    0.257625
1481557718      1369   271508    0.25893
1481557719      1245   272753    0.260118
1481557720      1367   274120    0.261421
1481557721      1378   275585    0.262818
1481557722      1506   277091    0.264255
1481557723      1375   278466    0.265566
1481557724      1376   279842    0.266878
1481557725      1380   281222    0.268194
1481557726      1375   282597    0.269506
1481557727      1338   283935    0.270782
1481557728      1379   285314    0.272097
1481557729      1499   286813    0.273526
1481557730      1374   288187    0.274837
1481557731      1372   289559    0.276145
1481557732      1372   290931    0.277453
1481557733      1379   292310    0.278769
1481557734      1382   293692    0.280087
1481557735      1379   295071    0.281402
1481557736      1374   296541    0.282804
1481557737      1364   297905    0.284104
1481557738      1371   299276    0.285412
1481557739      1369   300645    0.286717
1481557740      1373   302018    0.288027
1481557741      1499   303517    0.289456
1481557742      1363   304880    0.290756
1481557743      1373   306253    0.292066
1481557744      1368   307621    0.29337
1481557745      1386   309007    0.294692
1481557746      1386   310393    0.296014
1481557747      1383   311776    0.297333
1481557748      1384   313241    0.29873
1481557749      1506   314747    0.300166
1481557750      1386   316133    0.301488
1481557751      1360   317493    0.302785
1481557752      1384   318877    0.304105
1481557753      1353   320230    0.305395
1481557754      1377   321607    0.306708
1481557755      1360   322967    0.308005
1481557756      1316   324283    0.30926
1481557757      1383   325666    0.310579
1481557758      1386   327052    0.311901
1481557759      1385   328437    0.313222
1481557760      1500   329937    0.314652
1481557761      1381   331318    0.315969
1481557762      1366   332684    0.317272
1481557763      1347   334031    0.318557
1481557764      1363   335394    0.319857
1481557765      1363   336757    0.321157
1481557766      1387   338144    0.322479
1481557767      1386   339613    0.32388
1481557768      1507   341120    0.325317
1481557769      1355   342475    0.32661
1481557770      1373   343848    0.327919
1481557771      1258   345106    0.329119
1481557772      1358   346464    0.330414
1481557773      1330   347794    0.331682
1481557774      1387   349181    0.333005
1481557775      1384   350565    0.334325
1481557776      1381   351946    0.335642
1481557777      1387   353333    0.336965
1481557778      1385   354718    0.338285
1481557779      1499   356217    0.339715
1481557780      1386   357603    0.341037
1481557781      1387   358990    0.34236
1481557782      1385   360375    0.34368
1481557783      1356   361731    0.344974
1481557784      1381   363112    0.346291
1481557785      1377   364489    0.347604
1481557786      1381   365985    0.34903
1481557787      1506   367491    0.350467
1481557788      1378   368869    0.351781
1481557789      1378   370247    0.353095
1481557790      1243   371490    0.35428
1481557791      1499   372989    0.35571
1481557792      1376   374365    0.357022
1481557793      1381   375746    0.358339
1481557794      1380   377126    0.359655
1481557795      1379   378505    0.36097
1481557796      1374   379879    0.362281
1481557797      1375   381254    0.363592
1481557798      1381   382685    0.364957
1481557799      1507   384192    0.366394
1481557800      1378   385570    0.367708
1481557801      1380   386950    0.369024
1481557802      1378   388328    0.370338
1481557803      1383   389711    0.371657
1481557804      1380   391091    0.372973
1481557805      1382   392473    0.374291
1481557806      1357   393969    0.375718
1481557807      1506   395475    0.377154
1481557808      1154   396629    0.378255
1481557809      1383   398012    0.379574
1481557810      1380   399392    0.38089
1481557811      1501   400893    0.382321
1481557812      1379   402272    0.383636
1481557813      1375   403647    0.384948
1481557814      1378   405025    0.386262
1481557815      1373   406398    0.387571
1481557816      1374   407772    0.388882
1481557817      1383   409155    0.390201
1481557818      1499   410654    0.39163
1481557819      1382   412036    0.392948
1481557820      1378   413414    0.394262
1481557821      1381   414795    0.395579
1481557822      1382   416177    0.396897
1481557823      1379   417556    0.398212
1481557824      1376   418932    0.399525
1481557826      1375   420341    0.400868
1481557827      1365   421706    0.40217
1481557828      1379   423085    0.403485
1481557828      1382   424467    0.404803
1481557829      1375   425842    0.406115
1481557830      1499   427341    0.407544
1481557831      1375   428716    0.408855
1481557832      1381   430097    0.410172
1481557833      1375   431472    0.411484
1481557834      1344   432816    0.412766
1481557835      1372   434188    0.414074
1481557836      1368   435556    0.415379
1481557838      1370   437041    0.416795
1481557839      1507   438548    0.418232
1481557840      1381   439929    0.419549
1481557841      1379   441308    0.420864
1481557842      1380   442688    0.42218
1481557843      1379   444067    0.423495
1481557844      1384   445451    0.424815
1481557845      1261   446712    0.426018
1481557846      1377   448089    0.427331
1481557847      1377   449466    0.428644
1481557848      1382   450848    0.429962
1481557849      1378   452226    0.431276
1481557850      1500   453726    0.432707
1481557851      1369   455095    0.434012
1481557852      1376   456471    0.435325
1481557853      1379   457850    0.43664
1481557854      1377   459227    0.437953
1481557855      1378   460605    0.439267
1481557856      1370   461975    0.440574
1481557857      1379   463413    0.441945
1481557858      1506   464919    0.443381
1481557859      1379   466298    0.444696
1481557860      1377   467675    0.44601
1481557861      1376   469051    0.447322
1481557862      1380   470431    0.448638
1481557863      1361   471792    0.449936
1481557864      1374   473166    0.451246
1481557865      1377   474543    0.452559
1481557866      1377   475920    0.453873
1481557867      1379   477299    0.455188
1481557868      1383   478682    0.456507
1481557869      1376   480113    0.457871
1481557870      1507   481620    0.459309
1481557871      1377   482997    0.460622
1481557872      1360   484357    0.461919
1481557873      1379   485736    0.463234
1481557874      1377   487113    0.464547
1481557875      1373   488486    0.465857
1481557876      1367   489853    0.46716
1481557877      1499   491352    0.46859
1481557878      1375   492727    0.469901
1481557879      1362   494089    0.4712
1481557880      1234   495323    0.472377
1481557881      1373   496813    0.473798
1481557882      1506   498319    0.475234
1481557883      1362   499681    0.476533
