1486466680      15   15    0.000414848
1486466681      12   27    0.000746727
1486466682      36   63    0.00174236
1486466683      16   79    0.00218487
1486466684      21   100    0.00276566
1486466685      19   119    0.00329113
1486466686      14   133    0.00367832
1486466687      15   148    0.00409317
1486466688      23   171    0.00472927
1486466689      15   186    0.00514412
1486466690      14   200    0.00553131
1486466691      9   209    0.00578022
1486466692      14   223    0.00616741
1486466693      20   243    0.00672054
1486466694      17   260    0.0071907
1486466695      18   278    0.00768852
1486466696      16   294    0.00813103
1486466697      18   312    0.00862885
1486466698      9   321    0.00887775
1486466699      14   335    0.00926495
1486466700      15   350    0.00967979
1486466701      15   365    0.0100946
1486466702      11   376    0.0103989
1486466703      18   394    0.0108967
1486466704      8   402    0.0111179
1486466705      11   413    0.0114222
1486466706      14   427    0.0118093
1486466707      13   440    0.0121689
1486466708      16   456    0.0126114
1486466709      36   492    0.013607
1486466710      15   507    0.0140219
1486466711      15   522    0.0144367
1486466712      21   543    0.0150175
1486466713      17   560    0.0154877
1486466714      9   569    0.0157366
1486466715      33   602    0.0166492
1486466716      12   614    0.0169811
1486466717      20   634    0.0175343
1486466718      16   650    0.0179768
1486466719      16   666    0.0184193
1486466720      17   683    0.0188894
1486466721      18   701    0.0193872
1486466722      14   715    0.0197744
1486466723      15   730    0.0201893
1486466724      16   746    0.0206318
1486466725      18   764    0.0211296
1486466726      15   779    0.0215445
1486466727      25   804    0.0222359
1486466728      18   822    0.0227337
1486466729      19   841    0.0232592
1486466730      13   854    0.0236187
1486466731      19   873    0.0241442
1486466732      21   894    0.024725
1486466733      14   908    0.0251122
1486466734      27   935    0.0258589
1486466735      12   947    0.0261908
1486466736      22   969    0.0267992
1486466737      14   983    0.0271864
1486466738      12   995    0.0275183
1486466739      22   1017    0.0281267
1486466740      17   1034    0.0285969
1486466741      10   1044    0.0288734
1486466742      11   1055    0.0291777
1486466743      24   1079    0.0298414
1486466744      13   1092    0.030201
1486466745      13   1105    0.0305605
1486466746      26   1131    0.0312796
1486466747      10   1141    0.0315561
1486466748      10   1151    0.0318327
1486466749      16   1167    0.0322752
1486466750      17   1184    0.0327454
1486466751      21   1205    0.0333261
1486466752      26   1231    0.0340452
1486466753      18   1249    0.034543
1486466754      10   1259    0.0348196
1486466755      21   1280    0.0354004
1486466756      14   1294    0.0357876
1486466757      19   1313    0.0363131
1486466758      23   1336    0.0369492
1486466759      12   1348    0.037281
1486466760      19   1367    0.0378065
1486466761      15   1382    0.0382214
1486466762      17   1399    0.0386915
1486466763      24   1423    0.0393553
1486466764      14   1437    0.0397425
1486466765      12   1449    0.0400743
1486466766      21   1470    0.0406551
1486466767      12   1482    0.040987
1486466768      6   1488    0.041153
1486466769      9   1497    0.0414019
1486466770      10   1507    0.0416784
1486466771      7   1514    0.041872
1486466772      10   1524    0.0421486
1486466773      15   1539    0.0425634
1486466774      7   1546    0.042757
1486466775      14   1560    0.0431442
1486466776      7   1567    0.0433378
1486466777      14   1581    0.043725
1486466778      13   1594    0.0440845
1486466779      14   1608    0.0444717
1486466780      12   1620    0.0448036
1486466781      12   1632    0.0451355
1486466782      12   1644    0.0454674
1486466783      18   1662    0.0459652
1486466784      14   1676    0.0463524
1486466785      15   1691    0.0467672
1486466786      16   1707    0.0472097
1486466787      11   1718    0.047514
1486466788      12   1730    0.0478458
1486466789      17   1747    0.048316
1486466790      13   1760    0.0486755
1486466791      12   1772    0.0490074
1486466792      10   1782    0.049284
1486466793      13   1795    0.0496435
1486466794      16   1811    0.050086
1486466795      42   1853    0.0512476
1486466796      19   1872    0.0517731
1486466797      21   1893    0.0523539
1486466798      20   1913    0.052907
1486466799      18   1931    0.0534048
1486466800      11   1942    0.053709
1486466801      15   1957    0.0541239
1486466802      12   1969    0.0544558
1486466803      18   1987    0.0549536
1486466804      18   2005    0.0554514
1486466805      13   2018    0.0558109
1486466806      14   2032    0.0561981
1486466807      10   2042    0.0564747
1486466808      12   2054    0.0568066
1486466809      9   2063    0.0570555
1486466810      11   2074    0.0573597
1486466811      7   2081    0.0575533
1486466812      7   2088    0.0577469
1486466813      17   2105    0.058217
1486466814      10   2115    0.0584936
1486466815      20   2135    0.0590467
1486466816      12   2147    0.0593786
1486466817      11   2158    0.0596828
1486466818      16   2174    0.0601254
1486466819      8   2182    0.0603466
1486466820      11   2193    0.0606508
1486466821      16   2209    0.0610933
1486466822      15   2224    0.0615082
1486466823      16   2240    0.0619507
1486466824      9   2249    0.0621996
1486466825      16   2265    0.0626421
1486466826      13   2278    0.0630016
1486466827      12   2290    0.0633335
1486466828      28   2318    0.0641079
1486466829      12   2330    0.0644398
1486466830      10   2340    0.0647163
1486466831      17   2357    0.0651865
1486466832      14   2371    0.0655737
1486466833      14   2385    0.0659609
1486466834      8   2393    0.0661821
1486466835      12   2405    0.066514
1486466836      11   2416    0.0668182
1486466837      14   2430    0.0672054
1486466838      12   2442    0.0675373
1486466839      7   2449    0.0677309
1486466840      41   2490    0.0688648
1486466841      17   2507    0.069335
1486466842      13   2520    0.0696945
1486466843      15   2535    0.0701094
1486466844      10   2545    0.0703859
1486466845      14   2559    0.0707731
1486466846      14   2573    0.0711603
1486466847      15   2588    0.0715752
1486466848      19   2607    0.0721006
1486466849      4   2611    0.0722113
1486466850      11   2622    0.0725155
1486466851      8   2630    0.0727367
1486466852      12   2642    0.0730686
1486466853      12   2654    0.0734005
1486466854      11   2665    0.0737047
1486466855      7   2672    0.0738983
1486466856      12   2684    0.0742302
1486466857      12   2696    0.0745621
1486466858      12   2708    0.074894
1486466859      11   2719    0.0751982
1486466860      16   2735    0.0756407
1486466861      9   2744    0.0758896
1486466862      10   2754    0.0761662
1486466863      12   2766    0.076498
1486466864      16   2782    0.0769405
1486466865      12   2794    0.0772724
1486466866      16   2810    0.0777149
1486466867      9   2819    0.0779638
1486466868      12   2831    0.0782957
1486466869      9   2840    0.0785446
1486466870      9   2849    0.0787935
1486466871      12   2861    0.0791254
1486466872      30   2891    0.0799551
1486466873      11   2902    0.0802593
1486466874      12   2914    0.0805912
1486466875      25   2942    0.0813656
1486466876      17   2959    0.0818357
1486466877      15   2974    0.0822506
1486466878      17   2991    0.0827208
1486466879      10   3001    0.0829973
1486466880      1   3002    0.083025
1486466881      13   3015    0.0833845
1486466882      14   3029    0.0837717
1486466883      23   3052    0.0844078
1486466884      8   3060    0.0846291
1486466885      9   3069    0.084878
1486466886      13   3082    0.0852375
1486466887      15   3097    0.0856524
1486466888      10   3107    0.0859289
1486466889      11   3118    0.0862331
1486466890      4   3122    0.0863438
1486466891      13   3135    0.0867033
1486466892      6   3141    0.0868692
1486466893      7   3148    0.0870628
1486466894      14   3162    0.08745
1486466895      13   3175    0.0878096
1486466896      7   3182    0.0880032
1486466897      13   3195    0.0883627
1486466898      12   3207    0.0886946
1486466899      11   3218    0.0889988
1486466900      8   3226    0.08922
1486466901      20   3246    0.0897732
1486466902      12   3258    0.0901051
1486466903      14   3272    0.0904922
1486466904      15   3287    0.0909071
1486466905      10   3297    0.0911837
1486466906      16   3313    0.0916262
1486466907      26   3339    0.0923452
1486466908      21   3360    0.092926
1486466909      14   3374    0.0933132
1486466910      10   3384    0.0935898
1486466911      15   3399    0.0940046
1486466912      13   3412    0.0943642
1486466913      7   3419    0.0945578
1486466914      6   3425    0.0947237
1486466915      10   3435    0.0950003
1486466916      10   3445    0.0952768
1486466917      15   3460    0.0956917
1486466918      15   3475    0.0961065
1486466919      12   3487    0.0964384
1486466920      8   3495    0.0966597
1486466921      16   3511    0.0971022
1486466922      20   3531    0.0976553
1486466923      5   3536    0.0977936
1486466924      8   3544    0.0980148
1486466925      17   3561    0.098485
1486466926      5   3566    0.0986233
1486466927      12   3578    0.0989552
1486466928      11   3589    0.0992594
1486466929      8   3597    0.0994806
1486466930      11   3608    0.0997849
1486466931      12   3620    0.100117
1486466932      10   3630    0.100393
1486466933      6   3636    0.100559
1486466934      8   3644    0.10078
1486466935      13   3657    0.10114
1486466936      8   3665    0.101361
1486466937      8   3673    0.101583
1486466938      6   3679    0.101748
1486466939      7   3686    0.101942
1486466940      7   3693    0.102136
1486466941      16   3709    0.102578
1486466942      8   3717    0.102799
1486466943      8   3725    0.103021
1486466944      10   3735    0.103297
1486466945      8   3743    0.103518
1486466946      9   3752    0.103767
1486466947      7   3759    0.103961
1486466948      13   3772    0.104321
1486466949      6   3778    0.104486
1486466950      12   3790    0.104818
1486466951      10   3800    0.105095
1486466952      14   3814    0.105482
1486466953      8   3822    0.105703
1486466954      12   3834    0.106035
1486466955      13   3847    0.106395
1486466956      7   3854    0.106588
1486466957      13   3867    0.106948
1486466958      8   3875    0.107169
1486466959      11   3886    0.107473
1486466960      6   3892    0.107639
1486466961      9   3901    0.107888
1486466962      6   3907    0.108054
1486466963      6   3913    0.10822
1486466964      5   3918    0.108358
1486466965      7   3925    0.108552
1486466966      1   3926    0.10858
1486466967      1   3927    0.108607
1486466968      7   3934    0.108801
1486466969      9   3943    0.10905
1486466970      4   3947    0.10916
1486466971      7   3954    0.109354
1486466972      8   3962    0.109575
1486466973      11   3973    0.109879
1486466974      8   3981    0.110101
1486466975      9   3990    0.11035
1486466976      9   3999    0.110599
1486466977      6   4005    0.110765
1486466978      7   4012    0.110958
1486466979      6   4018    0.111124
1486466980      10   4028    0.111401
1486466981      5   4033    0.111539
1486466982      5   4038    0.111677
1486466983      8   4046    0.111898
