1482484514      74   75    0.000143051
1482484515      66   142    0.000270844
1482484516      64   206    0.000392914
1482484517      60   267    0.000509262
1482484518      69   336    0.000640869
1482484519      73   410    0.000782013
1482484520      72   483    0.000921249
1482484521      73   557    0.00106239
1482484522      70   627    0.00119591
1482484523      70   698    0.00133133
1482484524      75   774    0.00147629
1482484525      77   852    0.00162506
1482484526      86   938    0.00178909
1482484527      83   1021    0.0019474
1482484528      79   1100    0.00209808
1482484529      77   1178    0.00224686
1482484530      82   1261    0.00240517
1482484531      83   1344    0.00256348
1482484532      84   1428    0.00272369
1482484533      85   1514    0.00288773
1482484534      82   1597    0.00304604
1482484535      86   1683    0.00321007
1482484536      84   1768    0.00337219
1482484537      84   1852    0.00353241
1482484538      79   1932    0.003685
1482484539      70   2003    0.00382042
1482484540      68   2072    0.00395203
1482484541      70   2143    0.00408745
1482484542      68   2212    0.00421906
1482484543      66   2279    0.00434685
1482484544      70   2349    0.00448036
1482484545      71   2420    0.00461578
1482484546      68   2488    0.00474548
1482484547      69   2557    0.00487709
1482484548      70   2627    0.0050106
1482484549      70   2697    0.00514412
1482484550      67   2764    0.00527191
1482484551      72   2836    0.00540924
1482484552      82   2918    0.00556564
1482484553      82   3000    0.00572205
1482484554      80   3081    0.00587654
1482484555      82   3164    0.00603485
1482484556      83   3248    0.00619507
1482484557      85   3333    0.00635719
1482484558      83   3417    0.00651741
1482484559      85   3502    0.00667953
1482484561      86   3589    0.00684547
1482484562      86   3675    0.00700951
1482484563      85   3760    0.00717163
1482484564      85   3846    0.00733566
1482484565      87   3933    0.0075016
1482484566      85   4019    0.00766563
1482484567      82   4102    0.00782394
1482484568      81   4184    0.00798035
1482484569      81   4266    0.00813675
1482484570      75   4342    0.00828171
1482484571      74   4416    0.00842285
1482484572      67   4483    0.00855064
1482484573      68   4551    0.00868034
1482484574      67   4618    0.00880814
1482484575      66   4685    0.00893593
1482484576      66   4752    0.00906372
1482484577      68   4820    0.00919342
1482484578      64   4884    0.00931549
1482484579      65   4950    0.00944138
1482484580      65   5016    0.00956726
1482484581      69   5086    0.00970078
1482484582      73   5159    0.00984001
1482484583      72   5231    0.00997734
1482484584      81   5313    0.0101337
1482484585      82   5396    0.0102921
1482484586      87   5484    0.0104599
1482484587      86   5571    0.0106258
1482484588      84   5655    0.0107861
1482484589      83   5739    0.0109463
1482484590      86   5825    0.0111103
1482484591      85   5911    0.0112743
1482484592      85   5997    0.0114384
1482484593      87   6084    0.0116043
1482484594      86   6170    0.0117683
1482484595      85   6256    0.0119324
1482484596      83   6340    0.0120926
1482484597      85   6425    0.0122547
1482484598      82   6508    0.012413
1482484599      82   6590    0.0125694
1482484600      77   6668    0.0127182
1482484601      72   6740    0.0128555
1482484602      71   6812    0.0129929
1482484603      69   6881    0.0131245
1482484604      67   6949    0.0132542
1482484605      68   7017    0.0133839
1482484606      73   7090    0.0135231
1482484607      71   7162    0.0136604
1482484608      71   7233    0.0137959
1482484609      71   7304    0.0139313
1482484610      69   7373    0.0140629
1482484611      64   7438    0.0141869
1482484612      66   7504    0.0143127
1482484613      72   7576    0.0144501
1482484614      80   7657    0.0146046
1482484615      84   7741    0.0147648
1482484616      82   7824    0.0149231
1482484617      82   7907    0.0150814
1482484618      83   7991    0.0152416
1482484619      82   8074    0.0153999
1482484620      86   8161    0.0155659
1482484621      85   8246    0.015728
1482484622      84   8331    0.0158901
1482484623      86   8417    0.0160542
1482484624      87   8504    0.0162201
1482484625      87   8591    0.016386
1482484626      88   8679    0.0165539
1482484627      80   8760    0.0167084
1482484628      79   8839    0.0168591
1482484629      79   8920    0.0170135
1482484630      87   9007    0.0171795
1482484631      84   9091    0.0173397
1482484632      82   9174    0.017498
1482484633      81   9255    0.0176525
1482484634      79   9335    0.0178051
1482484635      79   9414    0.0179558
1482484636      61   9475    0.0180721
1482484637      60   9535    0.0181866
1482484638      60   9595    0.018301
1482484639      74   9670    0.0184441
