1485433725      1457   1457    0.011116
1485433726      1413   2871    0.021904
1485433727      1454   4326    0.0330048
1485433728      1379   5705    0.0435257
1485433729      970   6675    0.0509262
1485433730      874   7549    0.0575943
1485433731      1014   8563    0.0653305
1485433732      929   9621    0.0734024
1485433733      933   10661    0.081337
1485433734      1059   11720    0.0894165
1485433735      849   12806    0.097702
1485433736      1099   13905    0.106087
1485433737      966   14871    0.113457
1485433738      713   15666    0.119522
1485433739      927   16706    0.127457
1485433740      1073   17779    0.135643
1485433742      842   18851    0.143822
1485433743      1133   19984    0.152466
1485433744      852   20996    0.160187
1485433745      998   21994    0.167801
1485433746      674   22751    0.173576
1485433747      1198   23949    0.182716
1485433748      830   24896    0.189941
1485433749      1188   26084    0.199005
1485433750      757   26841    0.204781
1485433751      946   27787    0.211998
1485433752      864   28796    0.219696
1485433753      1162   29958    0.228561
1485433755      832   30941    0.236061
1485433756      847   31981    0.243996
1485433757      638   32696    0.249451
1485433758      1110   33806    0.257919
1485433759      815   34841    0.265816
1485433760      1107   35948    0.274261
1485433761      861   36986    0.282181
1485433762      987   37973    0.289711
1485433764      653   38741    0.29557
1485433765      1209   39950    0.304794
1485433766      827   40886    0.311935
1485433767      1084   41970    0.320206
1485433768      776   42746    0.326126
1485433769      989   43735    0.333672
1485433770      909   44786    0.34169
1485433771      1096   45882    0.350052
1485433772      866   46931    0.358055
1485433773      772   47971    0.36599
1485433774      1203   49174    0.375168
1485433776      799   50116    0.382355
1485433777      1072   51188    0.390533
1485433778      887   52261    0.39872
1485433779      884   53301    0.406654
1485433780      969   54270    0.414047
1485433781      1044   55314    0.422012
1485433782      790   56161    0.428474
1485433783      1206   57367    0.437675
1485433784      786   58306    0.444839
1485433785      917   59223    0.451836
1485433786      760   60061    0.458229
1485433787      1207   61268    0.467438
1485433789      724   62206    0.474594
1485433790      1028   63234    0.482437
1485433791      829   64063    0.488762
1485433792      886   64949    0.495522
1485433793      785   66106    0.504349
1485433794      1047   67153    0.512337
1485433795      800   68251    0.520714
1485433797      964   69291    0.528648
1485433798      990   70281    0.536201
1485433799      869   71436    0.545013
1485433800      1181   72617    0.554024
1485433801      769   73581    0.561378
1485433802      979   74560    0.568848
1485433803      701   75336    0.574768
1485433804      1209   76545    0.583992
1485433805      813   77481    0.591133
1485433806      1207   78688    0.600342
1485433807      827   79626    0.607498
1485433808      1002   80628    0.615143
1485433810      653   81381    0.620888
1485433811      1210   82591    0.630119
1485433812      788   83526    0.637253
1485433813      1068   84594    0.645401
1485433814      790   85384    0.651428
1485433815      959   86343    0.658745
1485433816      859   87426    0.667007
1485433817      1118   88544    0.675537
1485433818      858   89571    0.683372
1485433820      796   90611    0.691307
1485433821      1208   91819    0.700523
1485433822      924   92743    0.707573
1485433823      690   93471    0.713127
1485433824      1157   94628    0.721954
1485433825      848   95616    0.729492
1485433826      802   96656    0.737427
1485433827      1179   97835    0.746422
1485433828      889   98724    0.753204
1485433829      773   99516    0.759247
1485433830      1069   100585    0.767403
1485433831      678   101271    0.772636
1485433832      1201   102472    0.781799
1485433833      850   103322    0.788284
1485433834      717   104131    0.794456
1485433835      1133   105264    0.803101
1485433836      996   106260    0.810699
1485433837      904   107164    0.817596
1485433838      758   108031    0.824211
1485433839      879   108910    0.830917
1485433840      1159   110069    0.83976
1485433842      726   110891    0.846031
1485433843      777   111931    0.853966
1485433844      1192   113123    0.86306
1485433845      777   114076    0.870331
1485433846      1086   115162    0.878616
1485433847      889   116221    0.886696
1485433849      770   117261    0.89463
1485433850      1209   118470    0.903854
1485433851      795   119406    0.910995
1485433852      1094   120500    0.919342
1485433853      889   121551    0.927361
1485433855      681   122591    0.935295
1485433856      1210   123801    0.944527
1485433857      837   124736    0.95166
1485433858      1093   125829    0.959999
1485433859      892   126881    0.968025
1485433860      820   127921    0.97596
1485433861      1198   129119    0.9851
1485433862      791   130066    0.992325
1485433863      971   131037    0.999733
1485433865      874   132211    1.00869
1485433866      863   133251    1.01662
1485433867      1214   134465    1.02589
1485433868      793   135396    1.03299
1485433869      1041   136437    1.04093
1485433870      961   137541    1.04935
1485433871      910   138581    1.05729
1485433872      987   139568    1.06482
1485433874      874   140726    1.07365
1485433875      1192   141918    1.08275
1485433876      850   142871    1.09002
1485433877      752   143911    1.09795
1485433878      1199   145110    1.1071
1485433879      836   146056    1.11432
1485433880      1093   147149    1.12266
1485433881      875   148201    1.13068
1485433883      828   149241    1.13862
1485433884      1213   150454    1.14787
1485433885      788   151386    1.15498
1485433886      978   152364    1.16245
1485433887      893   153531    1.17135
1485433888      972   154571    1.17928
1485433889      1009   155580    1.18698
1485433890      925   156505    1.19404
1485433891      689   157194    1.1993
1485433892      804   158146    1.20656
1485433893      989   159135    1.2141
1485433894      915   160050    1.22108
1485433895      1203   161253    1.23026
1485433896      781   162046    1.23631
1485433897      992   163038    1.24388
1485433899      979   164191    1.25268
1485433900      977   165231    1.26061
1485433901      1210   166441    1.26984
1485433902      915   167376    1.27698
1485433903      1204   168580    1.28616
1485433904      912   169521    1.29334
1485433905      977   170561    1.30128
1485433906      1206   171767    1.31048
1485433907      920   172706    1.31764
1485433908      1206   173912    1.32684
1485433909      914   174851    1.33401
1485433910      976   175891    1.34194
1485433911      1213   177104    1.3512
1485433912      915   178036    1.35831
1485433913      1209   179245    1.36753
1485433914      879   180181    1.37467
1485433915      969   181221    1.38261
1485433916      1214   182435    1.39187
1485433917      908   183366    1.39897
1485433918      1211   184577    1.40821
1485433919      915   185511    1.41534
1485433920      975   186551    1.42327
1485433921      637   187266    1.42873
1485433922      1206   188472    1.43793
1485433923      914   189411    1.44509
1485433924      1217   190628    1.45438
1485433925      916   191556    1.46146
1485433926      973   192596    1.46939
1485433927      1209   193805    1.47861
1485433929      798   194741    1.48576
1485433930      1215   195956    1.49503
1485433931      810   196886    1.50212
1485433932      850   197926    1.51006
1485433933      1210   199136    1.51929
1485433934      816   200071    1.52642
1485433935      1211   201282    1.53566
1485433936      793   202216    1.54279
1485433937      874   203256    1.55072
1485433938      1203   204459    1.5599
1485433940      822   205401    1.56709
1485433941      971   206372    1.57449
1485433942      874   207546    1.58345
1485433943      921   208586    1.59138
1485433944      1026   209612    1.59921
1485433945      859   210731    1.60775
1485433946      1217   211948    1.61703
1485433948      789   212876    1.62411
1485433949      969   213916    1.63205
1485433950      1211   215127    1.64129
1485433951      813   216061    1.64841
1485433952      976   217037    1.65586
1485433953      876   218206    1.66478
1485433954      919   219246    1.67271
1485433955      1027   220273    1.68055
1485433957      866   221391    1.68908
1485433958      1208   222599    1.6983
1485433959      798   223536    1.70544
1485433960      954   224576    1.71338
1485433961      1212   225788    1.72263
1485433962      809   226721    1.72974
1485433963      983   227704    1.73724
1485433964      877   228866    1.74611
1485433965      939   229906    1.75404
1485433966      1037   230943    1.76196
1485433968      856   232051    1.77041
1485433969      1214   233265    1.77967
1485433970      797   234196    1.78677
1485433971      936   235236    1.79471
1485433972      1206   236442    1.80391
1485433973      815   237381    1.81107
1485433974      985   238366    1.81859
1485433975      873   239526    1.82744
1485433976      1023   240549    1.83524
1485433977      732   241281    1.84083
1485433978      1189   242470    1.8499
1485433980      833   243426    1.85719
1485433981      1011   244437    1.86491
1485433982      718   245181    1.87058
1485433983      610   245896    1.87604
1485433984      1203   247099    1.88522
1485433985      825   248041    1.8924
1485433986      1216   249257    1.90168
1485433987      812   250186    1.90877
1485433988      1000   251186    1.9164
1485433989      716   251941    1.92216
1485433990      1210   253151    1.93139
1485433991      826   254086    1.93852
1485433992      1209   255295    1.94775
1485433993      704   255999    1.95312
1485433994      984   256983    1.96062
1485433995      941   257986    1.96828
1485433996      1045   259031    1.97625
1485433998      861   260131    1.98464
1485433999      890   261171    1.99258
1485434000      1211   262382    2.00182
1485434001      827   263316    2.00894
1485434002      1211   264527    2.01818
1485434003      826   265461    2.02531
1485434004      974   266435    2.03274
1485434005      790   267225    2.03876
1485434006      1183   268408    2.04779
1485434007      833   269361    2.05506
1485434008      1214   270575    2.06432
1485434009      825   271506    2.07143
1485434010      992   272498    2.07899
1485434011      731   273261    2.08482
1485434012      1210   274471    2.09405
1485434013      823   275406    2.10118
1485434014      1211   276617    2.11042
1485434015      763   277380    2.11624
1485434016      962   278342    2.12358
1485434018      927   279306    2.13094
1485434019      809   280115    2.13711
1485434020      1202   281317    2.14628
1485434021      785   282166    2.15276
1485434022      998   283164    2.16037
1485434023      709   283921    2.16615
1485434024      1215   285136    2.17542
1485434025      822   286066    2.18251
1485434026      1214   287280    2.19177
1485434027      737   288017    2.1974
1485434028      980   288997    2.20487
1485434029      932   289966    2.21227
1485434030      1025   290991    2.22009
1485434031      864   292111    2.22863
1485434032      854   293151    2.23656
1485434033      1205   294356    2.24576
1485434034      890   295296    2.25293
1485434035      1045   296341    2.2609
1485434037      884   297441    2.26929
1485434038      895   298481    2.27723
1485434039      1220   299701    2.28654
1485434040      825   300626    2.29359
1485434041      1208   301834    2.30281
1485434042      833   302771    2.30996
1485434043      1035   303806    2.31786
1485434044      709   304526    2.32335
1485434045      1215   305741    2.33262
1485434046      822   306671    2.33971
1485434047      1209   307880    2.34894
1485434048      830   308816    2.35608
1485434049      992   309808    2.36365
1485434050      687   310571    2.36947
1485434051      1215   311786    2.37874
1485434053      824   312716    2.38583
1485434054      1211   313927    2.39507
1485434055      776   314703    2.40099
1485434056      1017   315720    2.40875
1485434057      893   316616    2.41559
1485434058      1045   317661    2.42356
1485434059      888   318761    2.43195
1485434060      845   319801    2.43989
1485434061      1216   321017    2.44917
1485434062      799   321946    2.45625
1485434063      1219   323165    2.46555
1485434064      815   324091    2.47262
1485434066      882   325131    2.48055
1485434067      989   326120    2.4881
1485434068      991   327276    2.49692
1485434069      1051   328327    2.50494
1485434070      852   329421    2.51328
1485434071      892   330461    2.52122
1485434072      1214   331675    2.53048
1485434073      824   332606    2.53758
1485434074      1211   333817    2.54682
1485434075      827   334751    2.55395
1485434076      1034   335785    2.56184
1485434077      729   336514    2.5674
1485434078      1208   337722    2.57661
1485434080      828   338651    2.5837
1485434081      579   339366    2.58916
1485434082      1207   340573    2.59837
1485434083      704   341277    2.60374
1485434084      963   342240    2.61108
1485434085      890   343266    2.61891
1485434086      1201   344467    2.62807
1485434087      852   345411    2.63528
1485434088      810   346451    2.64321
1485434089      1211   347662    2.65245
1485434090      792   348596    2.65958
1485434091      988   349584    2.66711
1485434093      873   350741    2.67594
1485434094      974   351781    2.68388
1485434095      1066   352847    2.69201
1485434096      899   353926    2.70024
1485434097      1210   355136    2.70947
1485434098      849   356071    2.71661
1485434099      906   357111    2.72454
1485434100      978   358089    2.732
1485434102      837   359256    2.74091
1485434103      1090   360346    2.74922
1485434104      974   361320    2.75665
1485434105      781   362116    2.76273
1485434106      779   362895    2.76867
1485434107      810   363871    2.77612
1485434108      1170   365041    2.78504
1485434109      866   366016    2.79248
1485434110      1093   367109    2.80082
1485434111      663   367772    2.80588
1485434112      1168   368940    2.81479
1485434113      965   369905    2.82215
1485434114      683   370631    2.82769
1485434115      1211   371842    2.83693
1485434116      807   372776    2.84406
1485434117      862   373638    2.85063
1485434118      759   374531    2.85744
1485434119      1207   375738    2.86665
1485434121      818   376676    2.87381
1485434122      1094   377770    2.88216
1485434123      642   378431    2.8872
1485434124      1208   379639    2.89642
1485434125      792   380576    2.90356
1485434126      981   381557    2.91105
1485434127      859   382721    2.91993
1485434128      845   383761    2.92786
1485434129      1211   384972    2.9371
1485434131      794   385906    2.94423
1485434132      865   386771    2.95083
1485434133      1195   387966    2.95995
1485434134      732   388766    2.96605
1485434135      945   389806    2.97398
1485434136      1209   391015    2.98321
1485434137      916   391951    2.99035
1485434138      1102   393053    2.99876
1485434139      937   394096    3.00671
1485434140      954   395136    3.01465
1485434141      1119   396255    3.02319
1485434142      926   397281    3.03101
1485434143      1162   398443    3.03988
1485434144      933   399426    3.04738
1485434145      970   400466    3.05531
1485434146      1213   401679    3.06457
1485434148      669   402611    3.07168
1485434149      1193   403804    3.08078
1485434150      832   404756    3.08804
1485434151      918   405796    3.09598
1485434152      1216   407012    3.10526
1485434153      892   407941    3.11234
1485434154      1211   409152    3.12158
1485434155      904   410086    3.12871
1485434156      967   411126    3.13664
1485434157      1087   412213    3.14494
1485434158      882   413271    3.15301
1485434159      1176   414447    3.16198
1485434160      928   415416    3.16937
1485434161      924   416456    3.17731
1485434162      1155   417611    3.18612
1485434164      818   418601    3.19367
1485434165      1156   419757    3.20249
1485434166      866   420746    3.21004
1485434167      975   421786    3.21797
1485434168      1199   422985    3.22712
1485434169      923   423931    3.23434
1485434170      1098   425029    3.24271
1485434171      953   426076    3.2507
1485434172      971   427116    3.25864
1485434173      1213   428329    3.26789
1485434174      910   429261    3.275
1485434175      1127   430388    3.2836
1485434176      944   431406    3.29137
1485434177      958   432446    3.2993
1485434178      1211   433657    3.30854
1485434179      908   434591    3.31567
1485434180      1208   435799    3.32488
1485434181      913   436736    3.33203
1485434182      962   437776    3.33997
1485434183      1179   438955    3.34896
1485434184      919   439921    3.35633
1485434185      1215   441136    3.3656
1485434186      905   442066    3.3727
1485434187      975   443106    3.38063
1485434188      1127   444233    3.38923
1485434190      940   445251    3.397
1485434191      1176   446427    3.40597
1485434192      868   447396    3.41336
1485434193      973   448436    3.4213
1485434194      1208   449644    3.43051
1485434195      910   450581    3.43766
1485434196      1216   451797    3.44694
1485434197      855   452726    3.45403
1485434198      968   453766    3.46196
1485434199      1211   454977    3.4712
1485434200      899   455911    3.47832
1485434201      1216   457127    3.4876
1485434202      910   458056    3.49469
1485434203      968   459096    3.50262
1485434204      1193   460289    3.51173
1485434205      858   461241    3.51899
1485434206      1207   462448    3.5282
1485434207      908   463386    3.53535
1485434208      942   464426    3.54329
1485434209      1212   465638    3.55254
1485434210      867   466571    3.55965
1485434211      1085   467656    3.56793
1485434213      894   468716    3.57602
1485434214      916   469756    3.58395
1485434215      664   470471    3.58941
1485434216      1206   471678    3.59862
1485434217      917   472616    3.60577
1485434218      1165   473781    3.61466
1485434219      803   474584    3.62079
1485434220      1203   475787    3.62997
1485434221      901   476688    3.63684
1485434222      1073   477761    3.64503
1485434223      893   478661    3.65189
1485434224      975   479701    3.65983
1485434225      1102   480803    3.66824
1485434226      916   481846    3.67619
1485434227      1110   482956    3.68466
1485434228      938   483991    3.69256
1485434229      971   485031    3.70049
1485434230      1213   486244    3.70975
1485434231      856   487176    3.71686
1485434232      1209   488385    3.72608
1485434233      912   489321    3.73322
1485434234      898   490361    3.74116
1485434235      1086   491447    3.74944
1485434237      921   492506    3.75752
1485434238      1181   493687    3.76653
1485434239      920   494651    3.77389
1485434240      951   495691    3.78182
1485434241      1132   496823    3.79046
1485434242      936   497836    3.79819
1485434243      1171   499007    3.80712
1485434244      918   499981    3.81455
