1484060023      85   85    0.000648499
1484060024      88   173    0.00131989
1484060025      82   256    0.00195312
1484060026      85   342    0.00260925
1484060027      86   429    0.00327301
1484060028      87   516    0.00393677
1484060029      87   603    0.00460052
1484060030      87   691    0.00527191
1484060031      88   780    0.00595093
1484060032      90   870    0.00663757
1484060033      88   959    0.00731659
1484060034      88   1047    0.00798798
1484060035      86   1133    0.0086441
1484060036      87   1221    0.00931549
1484060037      87   1308    0.00997925
1484060038      86   1394    0.0106354
1484060039      85   1480    0.0112915
1484060040      85   1565    0.01194
1484060041      88   1653    0.0126114
1484060042      85   1739    0.0132675
1484060043      87   1826    0.0139313
1484060044      86   1912    0.0145874
1484060045      88   2000    0.0152588
1484060046      86   2087    0.0159225
1484060047      87   2174    0.0165863
1484060048      87   2262    0.0172577
1484060049      86   2348    0.0179138
1484060050      88   2436    0.0185852
1484060051      86   2522    0.0192413
1484060052      86   2608    0.0198975
1484060053      87   2695    0.0205612
1484060054      85   2780    0.0212097
1484060055      86   2866    0.0218658
1484060056      86   2952    0.022522
1484060057      86   3038    0.0231781
1484060058      87   3126    0.0238495
1484060059      86   3212    0.0245056
1484060060      88   3300    0.025177
1484060061      88   3389    0.025856
1484060062      89   3479    0.0265427
1484060063      89   3568    0.0272217
1484060064      90   3658    0.0279083
1484060065      86   3745    0.0285721
1484060066      87   3833    0.0292435
1484060067      87   3921    0.0299149
1484060068      86   4007    0.030571
1484060069      86   4093    0.0312271
1484060070      84   4178    0.0318756
1484060071      84   4263    0.0325241
1484060072      86   4350    0.0331879
1484060073      86   4436    0.033844
1484060074      86   4523    0.0345078
1484060075      85   4609    0.0351639
1484060076      86   4695    0.03582
1484060077      86   4782    0.0364838
1484060078      88   4871    0.0371628
1484060079      89   4961    0.0378494
1484060080      89   5051    0.0385361
1484060081      89   5141    0.0392227
1484060082      90   5231    0.0399094
1484060083      89   5320    0.0405884
1484060084      89   5410    0.041275
1484060085      49   5459    0.0416489
1484060086      88   5548    0.0423279
1484060087      89   5637    0.0430069
1484060088      89   5727    0.0436935
1484060089      88   5816    0.0443726
1484060090      90   5906    0.0450592
1484060091      90   5996    0.0457458
1484060092      90   6087    0.0464401
1484060093      69   6161    0.0470047
1484060094      92   6253    0.0477066
1484060095      90   6343    0.0483932
1484060096      89   6433    0.0490799
1484060097      90   6523    0.0497665
1484060098      90   6613    0.0504532
1484060099      90   6703    0.0511398
1484060100      89   6792    0.0518188
1484060102      71   6876    0.0524597
1484060103      89   6966    0.0531464
1484060104      90   7056    0.053833
1484060105      89   7146    0.0545197
1484060106      90   7236    0.0552063
1484060107      89   7326    0.0558929
1484060108      89   7416    0.0565796
1484060109      89   7505    0.0572586
1484060110      70   7591    0.0579147
1484060111      89   7680    0.0585938
1484060112      89   7770    0.0592804
1484060113      89   7860    0.059967
1484060114      88   7949    0.0606461
1484060115      89   8038    0.0613251
1484060116      90   8128    0.0620117
1484060117      89   8218    0.0626984
1484060118      72   8306    0.0633698
1484060119      89   8396    0.0640564
1484060120      90   8486    0.064743
1484060121      89   8575    0.0654221
1484060122      90   8666    0.0661163
1484060123      89   8756    0.066803
1484060124      92   8848    0.0675049
1484060125      91   8940    0.0682068
1484060126      71   9021    0.0688248
1484060127      88   9110    0.0695038
1484060128      90   9200    0.0701904
1484060129      89   9290    0.0708771
1484060130      89   9379    0.0715561
1484060132      67   9461    0.0721817
1484060133      89   9551    0.0728683
1484060134      88   9639    0.0735397
1484060135      88   9728    0.0742188
1484060136      90   9818    0.0749054
1484060137      90   9908    0.075592
1484060138      88   9996    0.0762634
1484060139      89   10085    0.0769424
1484060140      89   10175    0.0776291
1484060141      53   10228    0.0780334
1484060142      89   10317    0.0787125
1484060143      89   10407    0.0793991
1484060144      89   10497    0.0800858
1484060145      89   10587    0.0807724
1484060146      89   10677    0.081459
1484060147      88   10766    0.0821381
1484060148      90   10856    0.0828247
1484060149      51   10907    0.0832138
1484060150      89   10997    0.0839005
1484060151      89   11086    0.0845795
1484060152      90   11176    0.0852661
1484060153      89   11266    0.0859528
1484060154      89   11356    0.0866394
1484060155      90   11447    0.0873337
1484060156      90   11537    0.0880203
1484060157      68   11606    0.0885468
1484060158      89   11696    0.0892334
1484060159      89   11785    0.0899124
1484060160      89   11875    0.0905991
1484060161      89   11964    0.0912781
1484060162      90   12054    0.0919647
1484060163      89   12144    0.0926514
1484060164      90   12234    0.093338
1484060165      72   12321    0.0940018
1484060166      89   12411    0.0946884
1484060167      89   12501    0.0953751
1484060168      89   12591    0.0960617
1484060169      88   12679    0.0967331
1484060170      89   12769    0.0974197
1484060171      89   12858    0.0980988
1484060172      90   12948    0.0987854
1484060173      66   13036    0.0994568
1484060174      87   13124    0.100128
1484060175      89   13214    0.100815
1484060176      89   13304    0.101501
1484060177      89   13393    0.10218
1484060178      90   13483    0.102867
1484060179      89   13572    0.103546
1484060180      90   13662    0.104233
1484060182      72   13751    0.104912
1484060183      88   13839    0.105583
1484060184      90   13929    0.10627
1484060185      90   14020    0.106964
1484060186      89   14110    0.107651
1484060187      69   14191    0.108269
1484060188      90   14282    0.108963
1484060189      90   14372    0.10965
1484060190      89   14462    0.110336
1484060191      89   14552    0.111023
1484060192      90   14642    0.11171
1484060193      89   14732    0.112396
1484060194      89   14821    0.113075
1484060195      71   14906    0.113724
1484060196      88   14995    0.114403
1484060197      89   15084    0.115082
1484060198      89   15173    0.115761
1484060199      89   15262    0.11644
1484060200      90   15352    0.117126
1484060201      89   15442    0.117813
1484060202      87   15529    0.118477
1484060203      90   15619    0.119164
1484060204      68   15687    0.119682
1484060205      88   15776    0.120361
1484060206      90   15866    0.121048
1484060207      90   15956    0.121735
1484060208      88   16044    0.122406
1484060209      90   16134    0.123093
1484060210      90   16224    0.123779
1484060211      89   16314    0.124466
1484060212      68   16382    0.124985
1484060213      90   16473    0.125679
1484060214      90   16564    0.126373
1484060215      90   16654    0.12706
1484060216      90   16745    0.127754
1484060217      89   16835    0.128441
1484060218      90   16925    0.129128
1484060219      90   17016    0.129822
1484060220      68   17084    0.130341
1484060221      89   17174    0.131027
1484060222      89   17263    0.131706
1484060223      90   17353    0.132393
1484060224      89   17443    0.13308
1484060225      89   17533    0.133766
1484060226      89   17623    0.134453
1484060227      90   17713    0.135139
1484060228      68   17782    0.135666
1484060229      90   17872    0.136353
1484060230      89   17962    0.137039
1484060231      88   18051    0.137718
1484060232      89   18140    0.138397
1484060233      90   18230    0.139084
1484060234      90   18320    0.139771
1484060235      89   18409    0.14045
1484060236      69   18481    0.140999
1484060237      88   18570    0.141678
1484060238      88   18659    0.142357
1484060239      89   18749    0.143044
1484060240      89   18838    0.143723
1484060241      69   18921    0.144356
1484060242      90   19011    0.145042
1484060243      89   19101    0.145729
1484060244      90   19191    0.146416
1484060245      89   19281    0.147102
1484060246      90   19371    0.147789
1484060247      90   19461    0.148476
1484060248      89   19551    0.149162
1484060250      71   19636    0.149811
1484060251      90   19726    0.150497
1484060252      90   19816    0.151184
1484060253      89   19906    0.151871
1484060254      89   19995    0.15255
1484060255      89   20085    0.153236
1484060256      90   20175    0.153923
1484060257      89   20264    0.154602
1484060258      71   20351    0.155266
1484060259      90   20441    0.155952
1484060260      89   20531    0.156639
1484060261      89   20620    0.157318
1484060262      89   20710    0.158005
1484060263      89   20800    0.158691
1484060264      89   20890    0.159378
1484060265      90   20980    0.160065
1484060266      71   21066    0.160721
1484060267      89   21156    0.161407
1484060268      89   21245    0.162086
1484060269      89   21335    0.162773
1484060270      89   21425    0.16346
1484060271      89   21514    0.164139
1484060272      90   21604    0.164825
1484060273      90   21694    0.165512
1484060274      72   21781    0.166176
1484060275      89   21870    0.166855
1484060276      90   21960    0.167542
1484060277      88   22048    0.168213
1484060278      89   22137    0.168892
1484060279      90   22228    0.169586
1484060280      90   22319    0.17028
1484060281      90   22409    0.170967
1484060283      72   22496    0.171631
1484060284      89   22585    0.17231
1484060285      90   22675    0.172997
1484060286      89   22765    0.173683
1484060287      89   22854    0.174362
1484060288      89   22943    0.175041
1484060289      89   23033    0.175728
1484060290      87   23121    0.176399
1484060291      72   23211    0.177086
1484060292      89   23301    0.177773
1484060293      89   23390    0.178452
1484060294      88   23478    0.179123
1484060295      89   23567    0.179802
1484060296      69   23651    0.180443
1484060297      89   23740    0.181122
1484060298      89   23829    0.181801
1484060299      88   23918    0.18248
1484060300      89   24008    0.183167
1484060301      88   24097    0.183846
1484060302      90   24187    0.184532
1484060303      90   24277    0.185219
1484060304      73   24366    0.185898
1484060305      89   24456    0.186584
1484060306      90   24547    0.187279
1484060307      89   24637    0.187965
1484060308      90   24727    0.188652
1484060309      90   24817    0.189339
1484060310      90   24908    0.190033
1484060311      91   24999    0.190727
1484060313      70   25081    0.191353
1484060314      89   25170    0.192032
1484060315      90   25260    0.192719
1484060316      89   25349    0.193398
1484060317      89   25439    0.194084
1484060318      88   25528    0.194763
1484060319      90   25618    0.19545
1484060320      89   25708    0.196136
1484060321      62   25796    0.196808
1484060322      88   25885    0.197487
1484060323      89   25974    0.198166
1484060324      90   26064    0.198853
1484060325      89   26153    0.199532
1484060326      89   26243    0.200218
1484060327      89   26332    0.200897
1484060328      89   26422    0.201584
1484060329      71   26511    0.202263
1484060330      89   26600    0.202942
1484060331      89   26690    0.203629
1484060332      89   26779    0.204308
1484060333      89   26869    0.204994
1484060334      90   26959    0.205681
1484060335      90   27050    0.206375
1484060336      91   27141    0.207069
1484060338      72   27226    0.207718
1484060339      90   27316    0.208405
1484060340      89   27406    0.209091
1484060341      89   27495    0.20977
1484060342      90   27585    0.210457
1484060343      89   27675    0.211143
1484060344      89   27764    0.211823
1484060345      90   27854    0.212509
1484060346      72   27941    0.213173
1484060347      89   28030    0.213852
1484060348      90   28120    0.214539
1484060349      90   28210    0.215225
1484060350      89   28300    0.215912
1484060351      57   28381    0.21653
1484060352      87   28469    0.217201
1484060353      88   28558    0.21788
1484060354      89   28648    0.218567
1484060355      89   28737    0.219246
1484060356      90   28827    0.219933
1484060357      89   28916    0.220612
1484060358      89   29006    0.221298
1484060359      89   29095    0.221977
1484060360      59   29155    0.222435
1484060361      88   29244    0.223114
1484060362      89   29333    0.223793
1484060363      90   29423    0.22448
1484060364      89   29512    0.225159
1484060365      90   29602    0.225845
1484060366      89   29692    0.226532
1484060367      90   29783    0.227226
1484060368      69   29852    0.227753
1484060369      90   29943    0.228447
1484060370      89   30032    0.229126
1484060371      90   30122    0.229813
1484060372      89   30212    0.230499
1484060373      89   30302    0.231186
1484060374      90   30392    0.231873
1484060375      89   30482    0.232559
1484060376      68   30550    0.233078
1484060377      90   30640    0.233765
1484060378      88   30729    0.234444
1484060379      88   30817    0.235115
1484060380      89   30906    0.235794
1484060381      90   30996    0.236481
1484060382      87   31084    0.237152
1484060383      90   31174    0.237839
1484060384      67   31241    0.23835
1484060385      88   31330    0.239029
1484060386      88   31418    0.2397
1484060387      89   31507    0.240379
1484060388      89   31596    0.241058
1484060389      90   31686    0.241745
1484060390      90   31776    0.242432
1484060391      89   31865    0.243111
1484060392      89   31955    0.243797
1484060393      68   32023    0.244316
1484060394      89   32113    0.245003
1484060395      90   32203    0.245689
1484060396      90   32294    0.246384
1484060397      90   32384    0.24707
1484060398      91   32475    0.247765
1484060399      90   32566    0.248459
1484060400      90   32656    0.249146
1484060401      67   32723    0.249657
1484060402      89   32812    0.250336
1484060403      90   32903    0.25103
1484060404      90   32993    0.251717
1484060405      89   33083    0.252403
1484060407      41   33124    0.252716
1484060408      89   33214    0.253403
1484060409      89   33304    0.254089
1484060410      89   33394    0.254776
1484060411      90   33484    0.255463
1484060412      89   33573    0.256142
1484060413      90   33663    0.256828
1484060414      88   33752    0.257507
1484060415      63   33826    0.258072
1484060416      88   33914    0.258743
1484060417      89   34004    0.25943
1484060418      89   34093    0.260109
1484060419      90   34183    0.260796
1484060420      89   34273    0.261482
1484060421      90   34363    0.262169
1484060422      89   34453    0.262856
1484060423      71   34541    0.263527
1484060424      89   34630    0.264206
1484060425      90   34720    0.264893
1484060426      90   34810    0.265579
1484060427      90   34900    0.266266
1484060428      90   34990    0.266953
1484060429      89   35080    0.267639
1484060430      89   35170    0.268326
1484060431      62   35256    0.268982
1484060432      89   35345    0.269661
1484060433      90   35435    0.270348
1484060434      90   35525    0.271034
1484060435      89   35615    0.271721
1484060436      90   35705    0.272408
1484060437      88   35794    0.273087
1484060438      90   35884    0.273773
1484060440      72   35971    0.274437
1484060441      89   36060    0.275116
1484060442      90   36150    0.275803
1484060443      89   36240    0.276489
1484060444      90   36330    0.277176
1484060445      89   36420    0.277863
1484060446      89   36510    0.278549
1484060447      90   36600    0.279236
1484060448      72   36686    0.279892
1484060449      88   36775    0.280571
1484060450      89   36864    0.28125
1484060451      89   36954    0.281937
1484060452      89   37043    0.282616
1484060453      90   37133    0.283302
1484060454      90   37223    0.283989
1484060455      90   37313    0.284676
1484060456      72   37401    0.285347
1484060457      89   37491    0.286034
1484060458      90   37581    0.28672
1484060459      90   37672    0.287415
1484060460      90   37762    0.288101
1484060461      69   37841    0.288704
1484060462      89   37931    0.289391
1484060463      90   38021    0.290077
1484060464      88   38110    0.290756
1484060465      89   38200    0.291443
1484060466      90   38291    0.292137
1484060467      89   38381    0.292824
1484060468      89   38471    0.29351
1484060470      71   38556    0.294159
1484060471      89   38645    0.294838
1484060472      89   38735    0.295525
1484060473      90   38825    0.296211
1484060474      89   38914    0.29689
1484060475      88   39002    0.297562
1484060476      88   39090    0.298233
1484060477      89   39179    0.298912
1484060478      88   39268    0.299591
1484060479      67   39335    0.300102
1484060480      89   39424    0.300781
1484060481      88   39513    0.30146
1484060482      90   39603    0.302147
1484060483      89   39693    0.302834
1484060484      89   39783    0.30352
1484060485      89   39873    0.304207
1484060486      89   39962    0.304886
1484060487      67   40030    0.305405
1484060488      90   40121    0.306099
1484060489      90   40212    0.306793
1484060490      90   40303    0.307487
1484060491      90   40394    0.308182
1484060492      90   40484    0.308868
1484060493      91   40576    0.30957
1484060494      89   40665    0.310249
1484060495      67   40733    0.310768
1484060496      90   40823    0.311455
1484060497      89   40913    0.312141
1484060498      89   41003    0.312828
1484060499      89   41093    0.313515
1484060500      90   41183    0.314201
1484060501      89   41272    0.31488
1484060502      89   41361    0.315559
1484060503      68   41429    0.316078
1484060504      89   41519    0.316765
1484060505      90   41609    0.317451
1484060506      89   41699    0.318138
1484060507      89   41789    0.318825
1484060508      89   41878    0.319504
1484060509      90   41968    0.32019
1484060510      90   42058    0.320877
1484060511      69   42131    0.321434
1484060512      88   42220    0.322113
1484060513      90   42310    0.3228
1484060514      89   42400    0.323486
1484060515      89   42489    0.324165
1484060516      69   42571    0.324791
1484060517      90   42662    0.325485
1484060518      90   42753    0.32618
1484060519      89   42843    0.326866
1484060520      90   42933    0.327553
1484060521      91   43024    0.328247
1484060522      89   43114    0.328934
1484060523      90   43205    0.329628
1484060524      70   43286    0.330246
1484060525      89   43375    0.330925
1484060526      90   43465    0.331612
1484060527      88   43554    0.332291
1484060528      89   43643    0.33297
1484060529      90   43733    0.333656
1484060530      89   43823    0.334343
1484060531      89   43912    0.335022
1484060533      72   44001    0.335701
1484060534      88   44090    0.33638
1484060535      88   44179    0.337059
1484060536      89   44268    0.337738
1484060537      89   44358    0.338425
1484060538      90   44448    0.339111
1484060539      90   44538    0.339798
1484060540      89   44628    0.340485
1484060541      72   44716    0.341156
1484060542      88   44805    0.341835
1484060543      89   44894    0.342514
1484060544      89   44983    0.343193
1484060545      90   45073    0.34388
1484060546      90   45163    0.344566
1484060547      90   45253    0.345253
1484060548      90   45343    0.34594
1484060549      72   45431    0.346611
1484060550      90   45521    0.347298
1484060551      90   45612    0.347992
1484060552      89   45702    0.348679
1484060553      90   45793    0.349373
1484060554      88   45882    0.350052
1484060555      89   45971    0.350731
1484060556      89   46060    0.35141
1484060557      62   46146    0.352066
1484060558      88   46234    0.352737
1484060559      89   46323    0.353416
1484060560      89   46413    0.354103
1484060561      90   46503    0.35479
1484060562      89   46592    0.355469
1484060563      89   46681    0.356148
1484060564      89   46771    0.356834
1484060566      65   46861    0.357521
1484060567      88   46950    0.3582
1484060568      90   47040    0.358887
1484060569      89   47130    0.359573
1484060570      89   47219    0.360252
1484060571      69   47301    0.360878
1484060572      89   47391    0.361565
1484060573      89   47481    0.362251
1484060574      89   47571    0.362938
1484060575      89   47661    0.363625
1484060576      90   47751    0.364311
1484060577      90   47841    0.364998
1484060578      90   47931    0.365685
1484060579      62   48016    0.366333
1484060581      89   48106    0.36702
1484060582      90   48197    0.367714
1484060583      90   48288    0.368408
1484060584      89   48378    0.369095
1484060585      90   48469    0.369789
1484060586      88   48558    0.370468
1484060587      90   48649    0.371162
1484060588      69   48731    0.371788
1484060589      87   48819    0.372459
1484060590      89   48908    0.373138
1484060591      89   48998    0.373825
1484060592      89   49087    0.374504
1484060593      90   49177    0.375191
1484060594      89   49266    0.37587
1484060595      89   49355    0.376549
1484060596      89   49444    0.377228
1484060597      68   49513    0.377754
1484060598      89   49602    0.378433
1484060599      89   49692    0.37912
1484060600      90   49782    0.379807
1484060601      89   49872    0.380493
1484060602      89   49962    0.38118
1484060603      89   50052    0.381866
1484060604      89   50141    0.382545
1484060605      67   50209    0.383064
1484060606      89   50299    0.383751
1484060607      88   50388    0.38443
1484060608      90   50478    0.385117
1484060609      90   50568    0.385803
1484060610      91   50659    0.386497
1484060611      90   50750    0.387192
1484060612      91   50842    0.387894
1484060613      68   50911    0.38842
1484060614      90   51001    0.389107
1484060615      89   51090    0.389786
1484060616      90   51180    0.390472
1484060617      90   51270    0.391159
1484060618      87   51358    0.39183
1484060619      90   51448    0.392517
1484060620      89   51538    0.393204
1484060621      67   51605    0.393715
1484060622      90   51695    0.394402
1484060623      89   51785    0.395088
1484060624      89   51875    0.395775
1484060625      90   51965    0.396461
1484060626      53   52031    0.396965
1484060627      89   52121    0.397652
1484060628      89   52210    0.398331
1484060629      89   52299    0.39901
1484060630      89   52388    0.399689
1484060631      89   52478    0.400375
1484060632      89   52568    0.401062
1484060633      89   52657    0.401741
1484060634      72   52746    0.40242
1484060635      89   52835    0.403099
1484060636      89   52924    0.403778
1484060637      89   53014    0.404465
1484060638      90   53104    0.405151
1484060639      90   53194    0.405838
1484060640      90   53284    0.406525
1484060641      91   53375    0.407219
1484060643      70   53461    0.407875
1484060644      90   53551    0.408562
1484060645      89   53641    0.409248
1484060646      90   53731    0.409935
1484060647      90   53821    0.410622
1484060648      88   53910    0.411301
1484060649      89   53999    0.41198
1484060650      89   54089    0.412666
1484060651      70   54176    0.41333
1484060652      89   54266    0.414017
1484060653      89   54356    0.414703
1484060654      89   54446    0.41539
1484060655      90   54536    0.416077
1484060656      86   54623    0.41674
1484060657      90   54713    0.417427
1484060658      89   54802    0.418106
1484060659      67   54891    0.418785
1484060660      89   54980    0.419464
1484060661      90   55070    0.420151
1484060662      88   55158    0.420822
1484060663      89   55247    0.421501
1484060664      89   55337    0.422188
1484060665      90   55427    0.422874
1484060666      89   55517    0.423561
1484060668      63   55606    0.42424
1484060669      88   55695    0.424919
1484060670      89   55785    0.425606
1484060671      90   55876    0.4263
1484060672      90   55967    0.426994
1484060673      90   56058    0.427689
1484060674      90   56148    0.428375
1484060675      89   56238    0.429062
1484060676      71   56321    0.429695
1484060677      89   56411    0.430382
1484060678      89   56500    0.431061
1484060679      89   56590    0.431747
1484060680      90   56680    0.432434
1484060681      67   56761    0.433052
1484060682      89   56851    0.433739
1484060683      90   56941    0.434425
1484060684      89   57031    0.435112
1484060685      89   57121    0.435799
1484060686      89   57210    0.436478
1484060687      90   57300    0.437164
1484060688      89   57389    0.437843
1484060690      71   57476    0.438507
1484060691      88   57565    0.439186
1484060692      89   57655    0.439873
1484060693      89   57744    0.440552
1484060694      90   57834    0.441238
1484060695      90   57924    0.441925
1484060696      90   58014    0.442612
1484060697      89   58103    0.443291
1484060698      71   58191    0.443962
1484060699      88   58279    0.444633
1484060700      90   58369    0.44532
1484060701      90   58460    0.446014
1484060702      90   58551    0.446709
1484060703      91   58642    0.447403
1484060704      90   58733    0.448097
1484060705      91   58824    0.448792
1484060706      71   58906    0.449417
1484060707      89   58995    0.450096
1484060708      89   59085    0.450783
1484060709      89   59175    0.451469
1484060710      89   59264    0.452148
1484060711      90   59354    0.452835
1484060712      90   59444    0.453522
1484060713      89   59534    0.454208
1484060714      71   59621    0.454872
1484060715      90   59711    0.455559
1484060716      89   59801    0.456245
1484060717      90   59891    0.456932
1484060718      89   59981    0.457619
1484060719      89   60071    0.458305
1484060720      89   60161    0.458992
1484060721      89   60251    0.459679
1484060722      71   60336    0.460327
1484060723      88   60425    0.461006
1484060724      89   60514    0.461685
1484060725      89   60603    0.462364
1484060726      89   60692    0.463043
1484060727      89   60782    0.46373
1484060728      90   60872    0.464417
1484060729      89   60962    0.465103
1484060731      72   61051    0.465782
1484060732      89   61141    0.466469
1484060733      90   61232    0.467163
1484060734      90   61322    0.46785
1484060735      89   61412    0.468536
1484060736      69   61491    0.469139
1484060737      89   61581    0.469826
1484060738      90   61672    0.47052
1484060739      90   61763    0.471214
1484060740      90   61853    0.471901
1484060741      89   61943    0.472588
1484060742      90   62033    0.473274
1484060743      89   62123    0.473961
1484060744      70   62206    0.474594
1484060745      89   62296    0.475281
1484060746      88   62384    0.475952
1484060747      90   62474    0.476639
1484060748      89   62563    0.477318
1484060749      89   62653    0.478004
1484060750      89   62743    0.478691
1484060751      89   62833    0.479378
1484060752      71   62921    0.480049
1484060753      89   63010    0.480728
1484060754      89   63100    0.481415
1484060755      90   63190    0.482101
1484060756      89   63280    0.482788
1484060757      90   63370    0.483475
1484060758      89   63459    0.484154
1484060759      89   63548    0.484833
1484060761      71   63636    0.485504
1484060762      89   63726    0.486191
1484060763      90   63817    0.486885
1484060764      90   63907    0.487572
1484060765      90   63997    0.488258
1484060766      89   64086    0.488937
1484060767      88   64175    0.489616
1484060768      90   64265    0.490303
1484060769      71   64351    0.490959
1484060770      89   64441    0.491646
1484060771      90   64531    0.492332
1484060772      89   64621    0.493019
1484060773      89   64710    0.493698
1484060774      89   64799    0.494377
1484060775      89   64888    0.495056
1484060776      88   64977    0.495735
1484060777      71   65066    0.496414
1484060778      88   65154    0.497086
1484060779      90   65244    0.497772
1484060780      89   65334    0.498459
1484060781      89   65423    0.499138
1484060782      89   65513    0.499825
1484060783      89   65603    0.500511
1484060784      90   65693    0.501198
1484060785      72   65781    0.501869
1484060786      88   65870    0.502548
1484060787      88   65959    0.503227
1484060788      88   66048    0.503906
1484060789      90   66138    0.504593
1484060791      70   66221    0.505226
1484060792      89   66310    0.505905
1484060793      90   66400    0.506592
1484060794      90   66491    0.507286
1484060795      89   66581    0.507973
1484060796      90   66672    0.508667
1484060797      90   66763    0.509361
1484060798      89   66852    0.51004
1484060799      71   66936    0.510681
1484060800      89   67025    0.51136
1484060801      89   67115    0.512047
1484060802      90   67205    0.512733
1484060803      89   67295    0.51342
1484060804      89   67385    0.514107
1484060805      90   67475    0.514793
1484060806      89   67565    0.51548
1484060807      71   67651    0.516136
1484060808      89   67740    0.516815
1484060809      90   67830    0.517502
1484060810      89   67920    0.518188
1484060811      88   68008    0.51886
1484060812      88   68097    0.519539
1484060813      89   68187    0.520226
1484060814      89   68276    0.520905
1484060816      66   68366    0.521591
1484060817      89   68456    0.522278
1484060818      89   68546    0.522964
1484060819      88   68635    0.523643
1484060820      90   68725    0.52433
1484060821      90   68815    0.525017
1484060822      90   68905    0.525703
1484060823      90   68996    0.526398
1484060824      62   69081    0.527046
1484060825      91   69172    0.52774
1484060826      90   69262    0.528427
1484060827      90   69352    0.529114
1484060828      90   69442    0.5298
1484060829      89   69532    0.530487
1484060830      89   69622    0.531174
1484060831      89   69711    0.531853
1484060832      71   69796    0.532501
1484060833      87   69884    0.533173
1484060834      89   69973    0.533852
1484060835      88   70061    0.534523
1484060836      89   70150    0.535202
1484060837      89   70239    0.535881
1484060838      89   70328    0.53656
1484060839      89   70418    0.537247
1484060840      89   70508    0.537933
1484060841      67   70575    0.538445
1484060842      90   70665    0.539131
1484060843      89   70754    0.53981
1484060844      89   70844    0.540497
1484060845      89   70934    0.541183
1484060846      44   70978    0.541519
1484060847      89   71067    0.542198
1484060848      89   71156    0.542877
1484060849      90   71247    0.543571
1484060850      89   71337    0.544258
1484060851      89   71427    0.544945
1484060852      89   71517    0.545631
1484060853      91   71608    0.546326
1484060854      68   71676    0.546844
1484060855      90   71766    0.547531
1484060856      90   71857    0.548225
1484060857      90   71947    0.548912
1484060858      88   72035    0.549583
1484060859      89   72125    0.55027
1484060860      89   72215    0.550957
1484060861      89   72305    0.551643
1484060862      70   72381    0.552223
1484060863      89   72470    0.552902
1484060864      88   72559    0.553581
1484060865      89   72649    0.554268
1484060866      89   72738    0.554947
1484060867      88   72827    0.555626
1484060868      90   72917    0.556313
1484060869      89   73007    0.556999
1484060871      71   73096    0.557678
1484060872      89   73185    0.558357
1484060873      89   73275    0.559044
1484060874      89   73365    0.559731
1484060875      89   73454    0.56041
1484060876      90   73544    0.561096
1484060877      89   73633    0.561775
1484060878      89   73723    0.562462
1484060879      71   73811    0.563133
1484060880      87   73899    0.563805
1484060881      89   73988    0.564484
1484060882      89   74078    0.56517
1484060883      90   74169    0.565865
1484060884      90   74259    0.566551
1484060885      91   74350    0.567245
1484060886      91   74442    0.567947
1484060887      72   74526    0.568588
1484060888      89   74616    0.569275
1484060889      90   74706    0.569962
1484060890      88   74795    0.570641
1484060891      89   74885    0.571327
1484060892      89   74975    0.572014
1484060893      90   75065    0.572701
1484060894      89   75154    0.57338
1484060895      71   75241    0.574043
1484060896      90   75331    0.57473
1484060897      89   75420    0.575409
1484060898      89   75510    0.576096
1484060899      89   75600    0.576782
1484060901      69   75681    0.5774
1484060902      89   75771    0.578087
1484060903      90   75861    0.578773
1484060904      89   75950    0.579453
1484060905      89   76039    0.580132
1484060906      89   76129    0.580818
1484060907      89   76218    0.581497
1484060908      89   76307    0.582176
1484060909      72   76396    0.582855
1484060910      88   76485    0.583534
1484060911      90   76575    0.584221
1484060912      90   76665    0.584908
1484060913      89   76755    0.585594
1484060914      90   76845    0.586281
1484060915      90   76935    0.586967
1484060916      91   77027    0.587669
1484060917      70   77111    0.58831
1484060918      89   77201    0.588997
1484060919      90   77292    0.589691
1484060920      90   77382    0.590378
1484060921      89   77472    0.591064
1484060922      90   77562    0.591751
1484060923      90   77652    0.592438
1484060924      88   77741    0.593117
1484060925      71   77826    0.593765
1484060926      89   77916    0.594452
1484060927      89   78006    0.595139
1484060928      89   78095    0.595818
1484060929      89   78184    0.596497
1484060930      89   78273    0.597176
1484060931      88   78361    0.597847
1484060932      88   78450    0.598526
1484060933      89   78539    0.599205
1484060934      68   78607    0.599724
1484060935      90   78697    0.60041
1484060936      89   78786    0.601089
1484060937      89   78875    0.601768
1484060938      89   78965    0.602455
1484060939      90   79055    0.603142
1484060940      90   79146    0.603836
1484060941      90   79236    0.604523
1484060942      64   79301    0.605019
1484060943      90   79391    0.605705
1484060944      89   79481    0.606392
1484060945      90   79572    0.607086
1484060946      90   79662    0.607773
1484060947      90   79753    0.608467
1484060948      89   79842    0.609146
1484060950      90   79933    0.60984
1484060951      52   79985    0.610237
1484060952      89   80075    0.610924
1484060953      90   80165    0.61161
1484060954      90   80255    0.612297
1484060955      88   80344    0.612976
1484060956      57   80411    0.613487
1484060957      89   80501    0.614174
1484060958      89   80591    0.614861
1484060959      89   80680    0.61554
1484060960      89   80769    0.616219
1484060961      89   80858    0.616898
1484060962      89   80948    0.617584
1484060963      89   81037    0.618263
1484060964      72   81126    0.618942
1484060965      88   81214    0.619614
1484060966      89   81303    0.620293
1484060967      89   81393    0.620979
1484060968      88   81482    0.621658
1484060969      90   81572    0.622345
1484060970      89   81662    0.623032
1484060971      89   81752    0.623718
1484060972      72   81841    0.624397
1484060973      86   81927    0.625053
1484060974      90   82017    0.62574
1484060975      89   82106    0.626419
1484060976      90   82197    0.627113
1484060977      90   82288    0.627808
1484060978      90   82378    0.628494
1484060979      90   82469    0.629189
1484060980      72   82556    0.629852
1484060981      89   82645    0.630531
1484060982      90   82735    0.631218
1484060983      89   82824    0.631897
1484060984      89   82914    0.632584
1484060986      90   83004    0.63327
1484060987      90   83094    0.633957
1484060988      89   83183    0.634636
1484060989      72   83271    0.635307
1484060990      89   83360    0.635986
1484060991      90   83450    0.636673
1484060992      88   83539    0.637352
1484060993      89   83628    0.638031
1484060994      89   83718    0.638718
1484060995      89   83807    0.639397
1484060996      89   83897    0.640083
1484060997      71   83986    0.640762
1484060998      89   84076    0.641449
1484060999      89   84166    0.642136
1484061000      88   84255    0.642815
1484061001      90   84345    0.643501
1484061002      89   84435    0.644188
1484061003      89   84525    0.644875
1484061004      90   84615    0.645561
1484061005      72   84701    0.646217
1484061006      89   84791    0.646904
1484061007      90   84881    0.647591
1484061008      90   84971    0.648277
1484061009      90   85062    0.648972
1484061010      69   85141    0.649574
1484061011      89   85231    0.650261
1484061012      89   85320    0.65094
1484061013      90   85410    0.651627
1484061014      89   85499    0.652306
1484061015      89   85589    0.652992
1484061016      89   85679    0.653679
1484061017      89   85768    0.654358
1484061019      67   85856    0.655029
1484061020      89   85946    0.655716
1484061021      89   86036    0.656403
1484061022      89   86125    0.657082
1484061023      89   86214    0.657761
1484061024      90   86304    0.658447
1484061025      88   86393    0.659126
1484061026      88   86482    0.659805
1484061027      72   86571    0.660484
1484061028      89   86661    0.661171
1484061029      89   86751    0.661858
1484061030      89   86840    0.662537
1484061031      89   86930    0.663223
1484061032      88   87019    0.663902
1484061033      89   87108    0.664581
1484061034      90   87198    0.665268
1484061035      72   87286    0.665939
1484061036      90   87376    0.666626
1484061037      90   87466    0.667313
1484061038      90   87556    0.667999
1484061039      89   87646    0.668686
1484061040      90   87736    0.669373
1484061041      90   87826    0.670059
1484061042      89   87916    0.670746
1484061044      72   88001    0.671394
1484061045      90   88091    0.672081
1484061046      88   88180    0.67276
1484061047      90   88270    0.673447
1484061048      89   88359    0.674126
1484061049      90   88449    0.674812
1484061050      89   88539    0.675499
1484061051      89   88628    0.676178
1484061052      72   88716    0.676849
1484061053      89   88806    0.677536
1484061054      86   88893    0.6782
1484061055      90   88983    0.678886
