1482078040      1499   1499    0.00285912
1482078041      1499   2998    0.00571823
1482078042      1499   4497    0.00857735
1482078043      1500   5997    0.0114384
1482078044      1499   7496    0.0142975
1482078045      1499   8995    0.0171566
1482078046      1500   10495    0.0200176
1482078047      1499   11994    0.0228767
1482078048      1499   13493    0.0257359
1482078049      1500   14993    0.0285969
1482078050      1464   16457    0.0313892
1482078051      1383   17840    0.0340271
1482078052      1386   19226    0.0366707
1482078053      1384   20610    0.0393105
1482078054      1271   21881    0.0417347
1482078055      1385   23266    0.0443764
1482078056      1385   24651    0.0470181
1482078057      1279   26019    0.0496273
1482078058      1393   27412    0.0522842
1482078059      1385   28797    0.0549259
1482078060      1384   30181    0.0575657
1482078061      1224   31405    0.0599003
1482078063      1291   32741    0.0624485
1482078064      1393   34134    0.0651054
1482078065      1385   35519    0.0677471
1482078066      1386   36905    0.0703907
1482078067      1128   38101    0.0726719
1482078068      1255   39356    0.0750656
1482078069      1246   40602    0.0774422
1482078070      1224   41826    0.0797768
1482078071      1225   43051    0.0821133
1482078072      1386   44437    0.0847569
1482078073      1248   45685    0.0871372
1482078074      1385   47070    0.0897789
1482078075      1364   48434    0.0923805
1482078076      762   49196    0.0938339
1482078077      1305   50501    0.096323
1482078078      1270   51771    0.0987453
1482078079      1385   53156    0.101387
1482078080      1270   54471    0.103895
1482078081      1392   55863    0.10655
1482078082      1383   57246    0.109188
1482078083      1384   58630    0.111828
1482078084      1274   59904    0.114258
1482078085      1386   61290    0.116901
1482078086      1386   62676    0.119545
1482078087      1387   64063    0.12219
1482078088      1273   65336    0.124619
1482078089      1289   66625    0.127077
1482078090      1386   68011    0.129721
1482078091      1385   69396    0.132362
1482078092      1384   70780    0.135002
1482078093      1271   72051    0.137426
1482078094      1385   73436    0.140068
1482078095      1385   74821    0.14271
1482078096      1280   76201    0.145342
1482078097      1392   77593    0.147997
1482078098      1385   78978    0.150639
1482078099      1378   80356    0.153267
1482078100      1271   81627    0.155691
1482078101      1284   82923    0.158163
1482078102      1391   84314    0.160816
1482078103      1386   85700    0.16346
1482078104      1386   87086    0.166103
1482078105      1272   88358    0.16853
1482078106      1386   89744    0.171173
1482078107      1387   91131    0.173819
1482078108      1385   92516    0.17646
1482078109      1272   93788    0.178886
1482078110      1386   95174    0.18153
1482078111      1385   96559    0.184172
1482078112      1281   97931    0.186789
1482078113      1300   99293    0.189386
1482078114      1393   100686    0.192043
1482078115      1386   102072    0.194687
1482078116      1386   103458    0.19733
1482078117      1272   104730    0.199757
1482078118      1386   106116    0.2024
1482078119      1379   107495    0.20503
1482078120      1384   108879    0.20767
1482078121      1271   110150    0.210094
1482078122      1387   111537    0.21274
1482078123      1385   112922    0.215382
1482078124      1282   114301    0.218012
1482078125      1300   115663    0.22061
1482078126      1394   117057    0.223269
1482078127      1386   118443    0.225912
1482078128      1385   119828    0.228554
1482078129      1128   121023    0.230833
1482078130      1234   122257    0.233187
1482078131      1329   123586    0.235722
1482078132      1384   124970    0.238361
1482078133      1225   126195    0.240698
1482078134      1129   127455    0.243101
1482078135      1210   128665    0.245409
1482078136      1225   129890    0.247746
1482078137      945   130961    0.249788
1482078138      1372   132333    0.252405
1482078139      1387   133720    0.255051
1482078140      1385   135105    0.257692
1482078141      1273   136378    0.26012
1482078142      1387   137765    0.262766
1482078143      1385   139150    0.265408
1482078144      1386   140536    0.268051
1482078145      1274   141810    0.270481
1482078146      1386   143196    0.273125
1482078147      1385   144581    0.275766
1482078148      1386   145967    0.27841
1482078149      1270   147237    0.280832
1482078150      1160   148397    0.283045
1482078151      1271   149668    0.285469
1482078152      1385   151053    0.288111
1482078153      1336   152389    0.290659
1482078154      1280   153763    0.29328
1482078155      1393   155156    0.295937
1482078156      1385   156541    0.298578
1482078157      1385   157926    0.30122
1482078158      1271   159197    0.303644
1482078159      1385   160582    0.306286
1482078160      1385   161967    0.308928
1482078161      1337   163304    0.311478
1482078162      1028   164332    0.313438
1482078163      1385   165717    0.31608
1482078164      1273   166990    0.318508
1482078165      1383   168373    0.321146
1482078166      1385   169758    0.323788
1482078167      1386   171144    0.326431
1482078168      1273   172417    0.328859
1482078169      1386   173803    0.331503
1482078170      1387   175190    0.334148
1482078171      1281   176565    0.336771
1482078172      1394   177959    0.33943
1482078173      1385   179344    0.342072
1482078174      1021   180365    0.344019
1482078175      1387   181752    0.346664
1482078176      1386   183138    0.349308
1482078177      1271   184409    0.351732
1482078178      1387   185796    0.354378
1482078179      1386   187182    0.357021
1482078180      1386   188568    0.359665
1482078181      1225   189793    0.362001
1482078182      1386   191179    0.364645
1482078183      1385   192564    0.367287
1482078184      1387   193951    0.369932
1482078185      1270   195221    0.372355
1482078186      1290   196511    0.374815
1482078187      1386   197897    0.377459
1482078188      1385   199282    0.3801
1482078189      1386   200668    0.382744
1482078190      1273   201941    0.385172
1482078191      1385   203326    0.387814
1482078192      1337   204663    0.390364
1482078193      1363   206026    0.392963
1482078194      1009   207161    0.395128
1482078195      1272   208433    0.397554
1482078196      1235   209668    0.39991
1482078197      1354   211022    0.402493
1482078198      1158   212180    0.404701
1482078199      965   213145    0.406542
1482078200      1250   214395    0.408926
1482078201      1228   215623    0.411268
1482078202      1183   216806    0.413525
1482078203      1224   218030    0.415859
1482078204      1271   219301    0.418283
1482078205      1386   220687    0.420927
1482078206      1384   222071    0.423567
1482078207      1385   223456    0.426208
1482078208      1272   224728    0.428635
1482078209      1385   226113    0.431276
1482078210      1385   227498    0.433918
1482078211      1385   228883    0.43656
1482078212      1289   230172    0.439018
1482078213      1271   231443    0.441442
1482078214      1385   232828    0.444084
1482078215      1385   234213    0.446726
1482078216      1384   235597    0.449366
1482078217      1272   236869    0.451792
1482078218      1385   238254    0.454433
1482078219      1385   239639    0.457075
1482078221      1275   240973    0.45962
1482078221      1393   242366    0.462276
1482078222      1385   243751    0.464918
1482078223      1384   245135    0.467558
1482078224      1290   246425    0.470018
1482078226      1264   247695    0.472441
1482078227      1390   249085    0.475092
1482078228      1386   250471    0.477736
1482078229      1385   251856    0.480377
1482078230      1271   253127    0.482801
1482078231      1386   254513    0.485445
1482078231      1385   255898    0.488087
1482078232      1385   257283    0.490728
1482078233      1271   258554    0.493153
1482078234      1385   259939    0.495794
1482078235      1385   261324    0.498436
1482078236      1290   262614    0.500896
1482078237      1384   263998    0.503536
1482078238      1271   265269    0.50596
1482078239      1386   266655    0.508604
1482078240      1385   268040    0.511246
1482078242      1282   269425    0.513887
1482078243      1393   270818    0.516544
1482078244      1384   272202    0.519184
1482078245      1385   273587    0.521826
1482078246      1270   274857    0.524248
1482078247      1384   276241    0.526888
1482078248      1385   277626    0.52953
1482078249      1277   278903    0.531965
1482078250      1385   280288    0.534607
1482078251      1271   281559    0.537031
1482078252      1386   282945    0.539675
1482078253      1385   284330    0.542316
1482078254      1385   285715    0.544958
1482078255      1272   286987    0.547384
1482078256      1313   288300    0.549889
1482078257      1250   289550    0.552273
1482078258      1226   290776    0.554611
1482078259      1263   292039    0.55702
1482078260      1228   293267    0.559362
1482078261      1095   294371    0.561468
1482078262      1280   295733    0.564066
1482078263      1235   296968    0.566422
1482078264      1386   298354    0.569065
1482078265      1262   299616    0.571472
1482078266      1226   300842    0.573811
1482078267      1272   302165    0.576334
1482078268      1393   303558    0.578991
1482078269      1384   304942    0.581631
1482078270      1385   306327    0.584272
1482078271      1272   307599    0.586699
1482078272      1337   308936    0.589249
1482078273      1385   310321    0.59189
1482078274      1291   311612    0.594353
1482078275      1385   312997    0.596994
1482078276      1271   314268    0.599419
1482078277      1386   315654    0.602062
1482078278      1385   317039    0.604704
1482078279      1385   318424    0.607346
1482078280      1271   319695    0.60977
1482078281      1376   321071    0.612394
1482078282      1385   322456    0.615036
1482078283      1386   323842    0.61768
1482078284      1271   325113    0.620104
1482078285      1385   326498    0.622746
1482078286      1290   327788    0.625206
1482078287      1384   329172    0.627846
1482078288      1369   330541    0.630457
1482078289      1272   331813    0.632883
1482078290      1385   333198    0.635525
1482078291      1385   334583    0.638166
1482078292      1386   335969    0.64081
1482078293      1271   337240    0.643234
1482078294      1385   338625    0.645876
1482078295      1386   340011    0.64852
1482078296      1273   341337    0.651049
1482078297      1393   342730    0.653706
1482078298      802   343771    0.655691
1482078299      1392   345163    0.658346
1482078300      1385   346548    0.660988
1482078301      1385   347933    0.66363
1482078302      1272   349205    0.666056
1482078303      1385   350590    0.668697
1482078304      1385   351975    0.671339
1482078305      1386   353361    0.673983
1482078306      1271   354632    0.676407
1482078307      1385   356017    0.679049
1482078308      1386   357403    0.681692
1482078309      1254   358779    0.684317
1482078310      1278   360141    0.686914
1482078311      1393   361534    0.689571
1482078312      1385   362919    0.692213
1482078313      1385   364304    0.694855
1482078314      1272   365576    0.697281
1482078315      1385   366961    0.699923
1482078316      1385   368346    0.702564
1482078317      1385   369731    0.705206
1482078318      1271   371002    0.70763
1482078319      1385   372387    0.710272
1482078320      1386   373773    0.712915
1482078321      1224   374997    0.71525
1482078322      1133   376221    0.717585
1482078323      1275   377583    0.720182
1482078324      1359   378942    0.722775
1482078325      1381   380323    0.725409
1482078326      1336   381659    0.727957
1482078327      1268   382943    0.730406
1482078328      1392   384335    0.733061
1482078329      1384   385719    0.735701
1482078330      1336   387055    0.738249
1482078331      1272   388327    0.740675
1482078332      1385   389712    0.743317
1482078333      1384   391096    0.745956
1482078334      1386   392482    0.7486
1482078335      1289   393771    0.751059
1482078336      1271   395042    0.753483
1482078337      1339   396381    0.756037
1482078338      1385   397766    0.758678
1482078339      1384   399150    0.761318
1482078340      1272   400422    0.763744
1482078341      1385   401807    0.766386
1482078342      1384   403191    0.769026
1482078343      1386   404577    0.771669
1482078344      1269   405846    0.77409
1482078345      1385   407231    0.776731
1482078346      1386   408617    0.779375
1482078347      1289   409906    0.781834
1482078348      1385   411291    0.784475
1482078349      1272   412563    0.786901
1482078350      1385   413948    0.789543
1482078351      1385   415333    0.792185
1482078352      1386   416719    0.794828
1482078353      1271   417990    0.797253
1482078354      1385   419375    0.799894
1482078355      1386   420761    0.802538
1482078356      1277   422115    0.80512
1482078357      1393   423508    0.807777
1482078358      1385   424893    0.810419
1482078359      1290   426183    0.81288
1482078360      1383   427566    0.815517
1482078361      1264   428837    0.817942
1482078362      1393   430230    0.820599
1482078363      1385   431615    0.82324
1482078364      1385   433000    0.825882
1482078365      1272   434272    0.828308
1482078366      1384   435656    0.830948
1482078367      1385   437041    0.83359
1482078368      1386   438427    0.836233
1482078369      1270   439697    0.838655
1482078370      1385   441082    0.841297
1482078371      971   442053    0.843149
1482078372      1385   443438    0.845791
1482078373      1385   444823    0.848433
1482078374      1386   446209    0.851076
1482078375      1271   447480    0.8535
1482078376      1385   448865    0.856142
1482078377      1386   450251    0.858786
1482078378      1384   451635    0.861425
1482078379      1264   452899    0.863836
1482078380      1386   454285    0.86648
1482078381      1240   455525    0.868845
1482078382      1337   456862    0.871395
1482078383      1084   458071    0.873701
1482078385      1229   459433    0.876299
1482078386      1369   460802    0.87891
1482078387      1365   462167    0.881514
1482078388      1308   463475    0.884008
1482078389      1234   464709    0.886362
1482078390      1244   465953    0.888735
1482078391      1385   467338    0.891376
1482078392      1385   468723    0.894018
1482078393      1386   470109    0.896662
1482078394      1269   471378    0.899082
1482078395      1385   472763    0.901724
1482078396      1385   474148    0.904366
1482078397      1177   475325    0.90661
1482078398      1386   476711    0.909254
1482078399      1272   477983    0.91168
1482078400      1385   479368    0.914322
1482078401      1386   480754    0.916965
1482078402      1386   482140    0.919609
1482078403      1272   483412    0.922035
1482078404      1385   484797    0.924677
1482078405      1387   486184    0.927322
1482078406      1386   487570    0.929966
1482078407      1272   488842    0.932392
1482078408      1386   490228    0.935036
1482078409      1032   491260    0.937004
1482078410      1385   492645    0.939646
1482078411      1386   494031    0.942289
1482078412      1278   495389    0.94488
1482078413      1392   496781    0.947535
1482078414      1385   498166    0.950176
1482078415      1387   499553    0.952822
