1483409091      1498   1498    0.00285721
1483409092      1500   2998    0.00571823
1483409093      1499   4497    0.00857735
1483409094      1499   5996    0.0114365
1483409095      1500   7496    0.0142975
1483409096      1499   8995    0.0171566
1483409097      1499   10495    0.0200176
1483409098      1499   11995    0.0228786
1483409099      1500   13495    0.0257397
1483409100      1308   14803    0.0282345
1483409101      1352   16155    0.0308132
1483409102      1343   17498    0.0333748
1483409103      1346   18844    0.0359421
1483409104      1196   20040    0.0382233
1483409105      1349   21389    0.0407963
1483409106      1353   22742    0.0433769
1483409107      1343   24085    0.0459385
1483409108      1215   25373    0.0483952
1483409109      1354   26727    0.0509777
1483409110      1207   27934    0.0532799
1483409111      1343   29277    0.0558414
1483409112      1205   30482    0.0581398
1483409113      1346   31828    0.0607071
1483409114      1352   33180    0.0632858
1483409115      1342   34522    0.0658455
1483409116      1196   35737    0.0681629
1483409117      1356   37093    0.0707493
1483409118      1351   38444    0.0733261
1483409119      1356   39800    0.0759125
1483409120      1053   40853    0.0779209
1483409121      1349   42202    0.0804939
1483409122      1307   43509    0.0829868
1483409123      1202   44711    0.0852795
1483409124      1206   45917    0.0875797
1483409125      1175   47092    0.0898209
1483409126      995   48245    0.09202
1483409127      1341   49586    0.0945778
1483409128      1340   50926    0.0971336
1483409129      1185   52111    0.0993938
1483409130      1181   53292    0.101646
1483409131      1054   54346    0.103657
1483409132      1193   55539    0.105932
1483409133      1345   56884    0.108498
1483409134      1350   58234    0.111073
1483409135      1337   59571    0.113623
1483409136      1198   60769    0.115908
1483409137      1343   62112    0.118469
1483409138      1352   63464    0.121048
1483409139      1356   64820    0.123634
1483409140      1209   66113    0.126101
1483409141      1349   67462    0.128674
1483409142      1207   68669    0.130976
1483409143      1352   70021    0.133554
1483409144      1201   71222    0.135845
1483409145      1351   72573    0.138422
1483409146      1354   73927    0.141005
1483409147      1348   75275    0.143576
1483409148      1200   76477    0.145868
1483409149      1353   77830    0.148449
1483409150      1352   79182    0.151028
1483409151      1355   80537    0.153612
1483409152      905   81481    0.155413
1483409153      1350   82831    0.157988
1483409154      1352   84183    0.160566
1483409155      1356   85539    0.163153
1483409156      1201   86841    0.165636
1483409157      1362   88203    0.168234
1483409158      1323   89526    0.170757
1483409159      1354   90880    0.17334
1483409160      1195   92201    0.175859
1483409161      1348   93549    0.178431
1483409162      1357   94906    0.181019
1483409163      1208   96114    0.183323
1483409164      1179   97293    0.185572
1483409165      1342   98635    0.188131
1483409166      1337   99972    0.190681
1483409167      1343   101315    0.193243
1483409168      1199   102565    0.195627
1483409169      1331   103896    0.198166
1483409170      1353   105249    0.200747
1483409171      1317   106566    0.203259
1483409172      1350   107916    0.205833
1483409173      1047   108963    0.20783
1483409174      1326   110289    0.21036
1483409175      1354   111643    0.212942
1483409176      1203   112929    0.215395
1483409177      1344   114273    0.217958
1483409178      1343   115616    0.22052
1483409179      1330   116946    0.223057
1483409180      1205   118289    0.225618
1483409181      1337   119626    0.228168
1483409182      1240   120866    0.230534
1483409183      1219   122085    0.232859
1483409184      1039   123124    0.23484
1483409185      1065   124365    0.237207
1483409186      1336   125701    0.239756
1483409187      1249   126950    0.242138
1483409188      1144   128094    0.24432
1483409189      1255   129349    0.246714
1483409190      1307   130656    0.249207
1483409192      1108   131869    0.25152
1483409193      1322   133191    0.254042
1483409194      1341   134532    0.256599
1483409195      1095   135801    0.25902
1483409196      1341   137142    0.261578
1483409197      1343   138485    0.264139
1483409198      1335   139820    0.266685
1483409199      1204   141161    0.269243
1483409200      1352   142513    0.271822
1483409201      1338   143851    0.274374
1483409202      1343   145194    0.276936
1483409203      1205   146521    0.279467
1483409204      1327   147848    0.281998
1483409205      1349   149197    0.284571
1483409206      1060   150257    0.286592
1483409207      1211   151525    0.289011
1483409208      1328   152853    0.291544
1483409209      1352   154205    0.294123
1483409210      1344   155549    0.296686
1483409211      1209   156885    0.299234
1483409212      1351   158236    0.301811
1483409213      1331   159567    0.30435
1483409214      1351   160918    0.306927
1483409215      1208   162245    0.309458
1483409216      1078   163323    0.311514
1483409217      1342   164665    0.314074
1483409218      1329   165994    0.316608
1483409219      1190   167249    0.319002
1483409220      1359   168608    0.321594
1483409221      1355   169963    0.324179
1483409222      1238   171201    0.32654
1483409223      1349   172550    0.329113
1483409224      1183   173733    0.331369
1483409225      1323   175056    0.333893
1483409226      1352   176408    0.336472
1483409227      1068   177476    0.338509
1483409228      1176   178685    0.340815
1483409229      1355   180040    0.343399
1483409230      1354   181394    0.345982
1483409231      1344   182738    0.348545
1483409232      1207   184045    0.351038
1483409233      1351   185396    0.353615
1483409234      1337   186733    0.356165
1483409235      1355   188088    0.358749
1483409236      1199   189405    0.361261
1483409237      1054   190459    0.363272
1483409238      1349   191808    0.365845
1483409239      1341   193149    0.368402
1483409240      1202   194409    0.370806
1483409241      1347   195756    0.373375
1483409242      1344   197100    0.375938
1483409243      1270   198370    0.378361
1483409244      1164   199534    0.380581
1483409245      1176   200710    0.382824
1483409247      1187   201913    0.385118
1483409248      1248   203161    0.387499
1483409249      1059   204220    0.389519
1483409250      1166   205386    0.391743
1483409251      1207   206593    0.394045
1483409252      1316   207909    0.396555
1483409253      1125   209061    0.398752
1483409254      1362   210423    0.40135
1483409255      1346   211769    0.403917
1483409256      1351   213120    0.406494
1483409257      1207   214421    0.408976
1483409258      1358   215779    0.411566
1483409259      1341   217120    0.414124
1483409260      1205   218325    0.416422
1483409261      1192   219517    0.418695
1483409262      1340   220857    0.421251
1483409263      1355   222212    0.423836
1483409264      1325   223537    0.426363
1483409265      1200   224785    0.428743
1483409266      1333   226118    0.431286
1483409267      1351   227469    0.433863
1483409268      1346   228815    0.43643
1483409269      1207   230145    0.438967
1483409270      1214   231359    0.441282
1483409271      1336   232695    0.44383
1483409272      1356   234051    0.446417
1483409273      1175   235226    0.448658
1483409274      1352   236578    0.451237
1483409275      1344   237922    0.4538
1483409276      1343   239265    0.456362
1483409277      1199   240509    0.458735
1483409278      1350   241859    0.461309
1483409279      1333   243192    0.463852
1483409280      1102   244441    0.466234
1483409281      1352   245793    0.468813
1483409282      1354   247147    0.471395
1483409283      1345   248492    0.473961
1483409284      1214   249801    0.476458
1483409285      1359   251160    0.47905
1483409286      1342   252502    0.481609
1483409287      1351   253853    0.484186
1483409288      1215   255161    0.486681
1483409289      1358   256519    0.489271
1483409290      1356   257875    0.491858
1483409291      1205   259080    0.494156
1483409292      1210   260290    0.496464
1483409293      1337   261627    0.499014
1483409294      1352   262979    0.501593
1483409295      1340   264319    0.504148
1483409296      1194   265525    0.506449
1483409297      1354   266879    0.509031
1483409298      1346   268225    0.511599
1483409299      1351   269576    0.514175
1483409300      1218   270885    0.516672
1483409301      1177   272062    0.518917
1483409302      1304   273366    0.521404
1483409303      1187   274553    0.523668
1483409304      1177   275730    0.525913
1483409305      1179   276909    0.528162
1483409306      1110   278033    0.530306
1483409307      1284   279317    0.532755
1483409308      1229   280546    0.535099
1483409309      1184   281730    0.537357
1483409310      1352   283082    0.539936
1483409311      1346   284428    0.542503
1483409312      977   285405    0.544367
1483409313      1344   286749    0.54693
1483409314      1348   288097    0.549501
1483409315      1343   289440    0.552063
1483409316      1201   290641    0.554354
1483409317      1354   291995    0.556936
1483409318      1345   293340    0.559502
1483409319      1354   294694    0.562084
1483409320      1192   295901    0.564386
1483409321      1361   297262    0.566982
1483409322      1344   298606    0.569546
1483409323      1205   299811    0.571844
1483409324      1201   301012    0.574135
1483409325      1344   302356    0.576698
1483409326      1352   303708    0.579277
1483409327      1343   305051    0.581839
1483409328      1195   306265    0.584154
1483409329      1363   307628    0.586754
1483409330      1345   308973    0.589319
1483409331      1353   310326    0.5919
1483409332      1205   311625    0.594378
1483409333      1215   312840    0.596695
1483409334      1347   314187    0.599264
1483409335      1353   315540    0.601845
1483409336      1200   316740    0.604134
1483409337      1342   318082    0.606693
1483409338      1345   319427    0.609259
1483409339      1343   320770    0.61182
1483409340      1197   321989    0.614145
1483409341      1358   323347    0.616735
1483409342      1346   324693    0.619303
1483409343      1100   325921    0.621645
1483409344      1360   327281    0.624239
1483409345      1342   328623    0.626799
1483409346      1352   329975    0.629377
1483409347      1216   331281    0.631868
1483409348      1359   332640    0.63446
1483409349      1338   333978    0.637012
1483409350      1346   335324    0.63958
1483409352      1222   336641    0.642092
1483409353      1358   337999    0.644682
1483409354      1356   339355    0.647268
1483409355      1207   340562    0.64957
1483409356      1200   341762    0.651859
1483409357      1353   343115    0.65444
1483409358      1342   344457    0.657
1483409359      1351   345808    0.659576
1483409360      1194   347005    0.66186
1483409361      1212   348217    0.664171
1483409362      1357   349574    0.666759
1483409363      1254   350828    0.669151
1483409364      1346   352174    0.671719
1483409365      872   353081    0.673449
1483409366      1352   354433    0.676027
1483409367      1184   355617    0.678286
1483409368      1348   356965    0.680857
1483409369      1273   358238    0.683285
1483409370      1190   359513    0.685717
1483409371      1346   360859    0.688284
1483409372      1326   362185    0.690813
1483409373      1344   363529    0.693377
1483409374      1215   364873    0.69594
1483409375      1353   366226    0.698521
1483409376      1205   367431    0.700819
1483409377      1348   368779    0.70339
1483409378      1195   369974    0.705669
1483409379      1349   371323    0.708242
1483409380      1356   372679    0.710829
1483409381      1345   374024    0.713394
1483409382      1195   375237    0.715708
1483409383      1359   376596    0.7183
1483409384      1356   377952    0.720886
1483409385      1346   379298    0.723454
1483409386      1060   380358    0.725475
1483409387      1348   381706    0.728046
1483409388      1354   383060    0.730629
1483409389      1351   384411    0.733206
1483409390      1199   385610    0.735493
1483409391      1352   386962    0.738071
1483409392      1353   388315    0.740652
1483409393      1343   389658    0.743214
1483409394      1221   390961    0.745699
1483409395      1355   392316    0.748283
1483409396      1353   393669    0.750864
1483409397      1208   394877    0.753168
1483409398      1201   396078    0.755459
1483409399      1352   397430    0.758038
1483409400      1345   398775    0.760603
1483409401      1351   400126    0.76318
1483409402      1193   401325    0.765467
1483409403      1329   402654    0.768002
1483409404      1351   404005    0.770578
1483409405      1320   405325    0.773096
1483409406      1348   406673    0.775667
1483409407      1045   407718    0.77766
1483409408      1351   409069    0.780237
1483409409      1356   410425    0.782824
1483409410      1194   411689    0.785234
1483409411      1349   413038    0.787807
1483409412      1337   414375    0.790358
1483409413      1342   415717    0.792917
1483409414      1206   417049    0.795458
1483409415      1359   418408    0.79805
1483409416      1345   419753    0.800615
1483409417      1097   420981    0.802958
1483409418      1351   422332    0.805534
1483409419      1332   423664    0.808075
1483409420      1345   425009    0.81064
1483409421      1203   426212    0.812935
1483409422      1064   427413    0.815226
1483409423      1342   428755    0.817785
1483409424      1353   430108    0.820366
1483409425      1260   431368    0.822769
1483409426      1238   432606    0.82513
1483409427      1116   433845    0.827494
1483409428      1040   434885    0.829477
1483409429      1312   436197    0.83198
1483409430      1188   437385    0.834246
1483409431      1350   438735    0.836821
1483409432      1176   439921    0.839083
1483409433      1359   441280    0.841675
1483409434      1342   442622    0.844234
1483409435      1347   443969    0.846804
1483409436      1221   445281    0.849306
1483409437      1331   446612    0.851845
1483409438      1354   447966    0.854427
1483409439      1206   449172    0.856728
1483409440      1200   450372    0.859016
1483409441      1354   451726    0.861599
1483409442      1327   453053    0.86413
1483409443      1353   454406    0.866711
1483409444      1186   455645    0.869074
1483409445      1329   456974    0.871609
1483409446      1348   458322    0.87418
1483409447      1335   459657    0.876726
1483409449      1215   461005    0.879297
1483409450      1214   462219    0.881613
1483409451      1325   463544    0.88414
1483409452      1353   464897    0.886721
1483409453      1174   466071    0.88896
1483409454      1346   467417    0.891527
1483409455      1353   468770    0.894108
1483409456      1355   470125    0.896692
1483409457      1202   471369    0.899065
1483409458      1349   472718    0.901638
1483409459      1356   474074    0.904224
1483409460      1085   475301    0.906565
1483409461      1337   476638    0.909115
1483409462      1356   477994    0.911701
1483409463      1323   479317    0.914225
1483409464      1215   480661    0.916788
1483409465      1364   482025    0.91939
1483409466      1347   483372    0.921959
1483409467      1351   484723    0.924536
1483409468      1206   486021    0.927011
1483409469      1330   487351    0.929548
1483409470      1352   488703    0.932127
1483409471      1167   489870    0.934353
1483409472      1194   491064    0.93663
1483409473      1349   492413    0.939203
1483409474      1338   493751    0.941755
1483409475      1354   495105    0.944338
1483409476      1191   496385    0.946779
1483409477      1362   497747    0.949377
1483409478      1323   499070    0.9519
