1482705330      1498   1498    0.00285721
1482705331      1499   2997    0.00571632
1482705332      1499   4496    0.00857544
1482705333      1500   5996    0.0114365
1482705334      1499   7495    0.0142956
1482705335      1500   8996    0.0171585
1482705336      1499   10495    0.0200176
1482705337      1499   11995    0.0228786
1482705338      1499   13495    0.0257397
1482705339      1465   14960    0.0285339
1482705340      1217   16177    0.0308552
1482705341      1355   17532    0.0334396
1482705342      1356   18888    0.036026
1482705343      1355   20243    0.0386105
1482705344      1208   21451    0.0409145
1482705345      1354   22805    0.0434971
1482705346      1356   24161    0.0460835
1482705347      1177   25338    0.0483284
1482705348      1341   26679    0.0508862
1482705349      989   27841    0.0531025
1482705350      1219   29060    0.0554276
1482705351      1353   30413    0.0580082
1482705352      1363   31776    0.0606079
1482705353      1302   33078    0.0630913
1482705354      1197   34275    0.0653744
1482705355      1363   35638    0.0679741
1482705356      1354   36992    0.0705566
1482705357      1355   38347    0.0731411
1482705359      1220   39633    0.0755939
1482705360      1363   40996    0.0781937
1482705361      994   41990    0.0800896
1482705362      1351   43341    0.0826664
1482705363      1355   44696    0.0852509
1482705364      1230   46049    0.0878315
1482705365      1344   47393    0.090395
1482705366      1360   48753    0.092989
1482705367      1362   50115    0.0955868
1482705368      1232   51409    0.0980549
1482705369      1369   52778    0.100666
1482705370      1364   54142    0.103268
1482705371      1361   55503    0.105864
1482705372      1078   56581    0.10792
1482705373      1218   57825    0.110292
1482705374      1363   59188    0.112892
1482705375      1356   60544    0.115479
1482705376      1362   61906    0.118076
1482705377      1230   63185    0.120516
1482705378      1370   64555    0.123129
1482705379      1358   65913    0.125719
1482705380      1363   67276    0.128319
1482705381      1228   68545    0.130739
1482705382      1084   69629    0.132807
1482705383      1361   70990    0.135403
1482705384      1357   72347    0.137991
1482705385      1354   73701    0.140574
1482705386      1217   74961    0.142977
1482705387      1362   76323    0.145575
1482705388      1354   77677    0.148157
1482705389      1355   79032    0.150742
1482705390      1219   80321    0.1532
1482705391      1364   81685    0.155802
1482705392      1355   83040    0.158386
1482705393      1075   84115    0.160437
1482705394      1363   85478    0.163036
1482705395      1220   86737    0.165438
1482705396      1370   88107    0.168051
1482705397      1359   89466    0.170643
1482705398      1362   90828    0.173241
1482705399      1223   92097    0.175661
1482705400      1364   93461    0.178263
1482705401      1355   94816    0.180847
1482705402      1331   96147    0.183386
1482705403      1262   97409    0.185793
1482705404      1075   98484    0.187843
1482705405      1207   99691    0.190145
1482705406      1356   101047    0.192732
1482705407      1355   102402    0.195316
1482705408      1356   103758    0.197903
1482705409      1221   104979    0.200232
1482705410      1186   106165    0.202494
1482705411      1356   107521    0.20508
1482705412      1332   108853    0.207621
1482705413      1362   110215    0.210218
1482705414      1000   111361    0.212404
1482705415      1363   112724    0.215004
1482705416      1356   114080    0.21759
1482705417      1356   115436    0.220177
1482705418      1224   116721    0.222628
1482705419      1371   118092    0.225243
1482705420      1350   119442    0.227818
1482705421      1355   120797    0.230402
1482705422      1220   122081    0.232851
1482705423      1361   123442    0.235447
1482705424      1356   124798    0.238033
1482705425      1075   125873    0.240084
1482705426      1362   127235    0.242682
1482705427      1217   128497    0.245089
1482705428      1362   129859    0.247686
1482705429      1359   131218    0.250278
1482705430      1358   132576    0.252869
1482705431      1218   133857    0.255312
1482705432      1364   135221    0.257914
1482705433      1360   136581    0.260508
1482705434      1355   137936    0.263092
1482705435      1037   139201    0.265505
1482705436      1366   140567    0.26811
1482705437      1357   141924    0.270699
1482705438      1362   143286    0.273296
1482705439      1224   144561    0.275728
1482705440      1348   145909    0.278299
1482705441      1356   147265    0.280886
1482705442      1358   148623    0.283476
1482705444      1213   149921    0.285952
1482705445      1364   151285    0.288553
1482705446      1342   152627    0.291113
1482705447      1077   153704    0.293167
1482705448      1332   155036    0.295708
1482705449      1206   156337    0.298189
1482705450      1364   157701    0.300791
1482705451      1356   159057    0.303377
1482705452      1355   160412    0.305962
1482705453      1221   161697    0.308413
1482705454      1363   163060    0.311012
1482705455      1342   164402    0.313572
1482705456      1357   165759    0.31616
1482705457      1038   167041    0.318605
1482705458      1346   168387    0.321173
1482705459      1361   169748    0.323769
1482705460      1340   171088    0.326324
1482705461      1216   172401    0.328829
1482705462      1284   173685    0.331278
1482705463      1343   175028    0.333839
1482705464      1241   176269    0.336206
1482705465      1362   177631    0.338804
1482705466      1096   178833    0.341097
1482705467      1319   180152    0.343613
1482705468      921   181073    0.345369
1482705469      1344   182417    0.347933
1482705470      1363   183780    0.350533
1482705471      1320   185100    0.35305
1482705472      1216   186321    0.355379
1482705473      1363   187684    0.357979
1482705474      1355   189039    0.360563
1482705475      1355   190394    0.363148
1482705476      1220   191681    0.365602
1482705477      1364   193045    0.368204
1482705478      1342   194387    0.370764
1482705479      1079   195466    0.372822
1482705480      1340   196806    0.375378
1482705481      1210   198097    0.37784
1482705482      1365   199462    0.380444
1482705483      1342   200804    0.383003
1482705484      1355   202159    0.385588
1482705485      1214   203457    0.388063
1482705486      1348   204805    0.390635
1482705487      1357   206162    0.393223
1482705488      1338   207500    0.395775
1482705490      993   208801    0.398256
1482705491      1370   210171    0.400869
1482705492      1354   211525    0.403452
1482705493      1361   212886    0.406048
1482705494      1200   214161    0.40848
1482705495      1369   215530    0.411091
1482705496      1332   216862    0.413631
1482705497      1353   218215    0.416212
1482705498      1206   219521    0.418703
1482705499      1339   220860    0.421257
1482705500      1356   222216    0.423843
1482705501      879   223095    0.42552
1482705502      1355   224450    0.428104
1482705503      1357   225807    0.430693
1482705504      1189   227009    0.432985
1482705505      1345   228354    0.435551
1482705506      1357   229711    0.438139
1482705507      1336   231047    0.440687
1482705508      1223   232369    0.443209
1482705509      1365   233734    0.445812
1482705510      1342   235076    0.448372
1482705511      1356   236432    0.450958
1482705512      1005   237437    0.452875
1482705513      1340   238777    0.455431
1482705514      1197   239974    0.457714
1482705515      1355   241329    0.460299
1482705516      1333   242662    0.462841
1482705517      1355   244017    0.465425
1482705518      1211   245228    0.467735
1482705519      1362   246590    0.470333
1482705520      1355   247945    0.472918
1482705521      1338   249283    0.47547
1482705522      890   250561    0.477907
1482705523      1295   251856    0.480377
1482705524      1332   253188    0.482918
1482705525      1331   254519    0.485456
1482705526      1259   255778    0.487858
1482705527      1176   256993    0.490175
1482705528      1205   258198    0.492474
1482705529      1185   259383    0.494734
1482705530      1304   260687    0.497221
1482705531      1354   262041    0.499804
1482705532      1341   263382    0.502361
1482705533      947   264481    0.504457
1482705534      1369   265850    0.507069
1482705535      1362   267212    0.509666
1482705536      1357   268569    0.512255
1482705537      1225   269841    0.514681
1482705538      1336   271177    0.517229
1482705539      1354   272531    0.519812
1482705540      1359   273890    0.522404
1482705542      1234   275201    0.524904
1482705543      1368   276569    0.527514
1482705544      1341   277910    0.530071
1482705545      1072   278982    0.532116
1482705546      1363   280345    0.534716
1482705547      1224   281617    0.537142
1482705548      1363   282980    0.539742
1482705549      1355   284335    0.542326
1482705550      1356   285691    0.544912
1482705551      1231   286977    0.547365
1482705552      1360   288337    0.549959
1482705553      1361   289698    0.552555
1482705554      1356   291054    0.555141
1482705555      1033   292321    0.557558
1482705556      1369   293690    0.560169
1482705557      1356   295046    0.562756
1482705558      1358   296404    0.565346
1482705559      1229   297681    0.567781
1482705560      1361   299042    0.570377
1482705561      1354   300396    0.57296
1482705562      1357   301753    0.575548
1482705563      1224   303041    0.578005
1482705564      1363   304404    0.580605
1482705565      1355   305759    0.583189
1482705566      1077   306836    0.585243
1482705567      1356   308192    0.58783
1482705568      1216   309457    0.590242
1482705569      1363   310820    0.592842
1482705570      1357   312177    0.59543
1482705571      1338   313515    0.597982
1482705572      1227   314817    0.600466
1482705573      1370   316187    0.603079
1482705574      1364   317551    0.60568
1482705575      1363   318914    0.60828
1482705576      1030   320161    0.610659
1482705577      1367   321528    0.613266
1482705578      1360   322888    0.61586
1482705579      1356   324244    0.618446
1482705580      1216   325521    0.620882
1482705581      1357   326878    0.62347
1482705582      1353   328231    0.626051
1482705583      1353   329584    0.628632
1482705584      1223   330881    0.631105
1482705585      1359   332240    0.633698
1482705586      1309   333549    0.636194
1482705587      1078   334627    0.63825
1482705588      1355   335982    0.640835
1482705589      1280   337262    0.643276
1482705590      1027   338369    0.645388
1482705591      1208   339577    0.647692
1482705592      1201   340778    0.649982
1482705593      1355   342133    0.652567
1482705594      1356   343489    0.655153
1482705595      1225   344801    0.657656
1482705596      1363   346164    0.660255
1482705597      1325   347489    0.662783
1482705598      1078   348567    0.664839
1482705599      1355   349922    0.667423
1482705601      1225   351217    0.669893
1482705602      1360   352577    0.672487
1482705603      1353   353930    0.675068
1482705604      1355   355285    0.677652
1482705605      1227   356577    0.680117
1482705606      1368   357945    0.682726
1482705607      1360   359305    0.68532
1482705608      1354   360659    0.687902
1482705609      1029   361921    0.69031
1482705610      1361   363282    0.692905
1482705611      1355   364637    0.69549
1482705612      1356   365993    0.698076
1482705613      1221   367281    0.700533
1482705614      1369   368650    0.703144
1482705615      1354   370004    0.705727
1482705616      1355   371359    0.708311
1482705617      1228   372641    0.710756
1482705618      1369   374010    0.713367
1482705619      1362   375372    0.715965
1482705620      1077   376449    0.718019
1482705621      1361   377810    0.720615
1482705622      1224   379057    0.722994
1482705623      1368   380425    0.725603
1482705624      1363   381788    0.728203
1482705625      1355   383143    0.730787
1482705626      1217   384417    0.733217
1482705627      1362   385779    0.735815
1482705628      1353   387132    0.738396
1482705629      1356   388488    0.740982
1482705630      1034   389761    0.74341
1482705631      1370   391131    0.746023
1482705632      1354   392485    0.748606
1482705633      1354   393839    0.751188
1482705634      1216   395121    0.753633
1482705635      1362   396483    0.756231
1482705636      1362   397845    0.758829
1482705637      1357   399202    0.761417
1482705638      1220   400481    0.763857
1482705639      1361   401842    0.766453
1482705640      1361   403203    0.769049
1482705641      1066   404269    0.771082
1482705642      1361   405630    0.773678
1482705643      1105   406897    0.776094
1482705644      1241   408138    0.778461
1482705645      1360   409498    0.781055
1482705646      1362   410860    0.783653
1482705647      1361   412221    0.786249
1482705648      1220   413441    0.788576
1482705649      1359   414800    0.791168
1482705650      1309   416109    0.793665
1482705651      1354   417463    0.796247
1482705652      911   418374    0.797985
1482705653      1359   419733    0.800577
1482705654      1218   420951    0.8029
1482705655      1355   422306    0.805485
1482705656      1363   423669    0.808084
1482705657      1362   425031    0.810682
1482705658      1217   426248    0.813004
1482705659      1362   427610    0.815601
1482705660      1362   428972    0.818199
1482705661      1354   430326    0.820782
1482705663      1014   431521    0.823061
1482705664      1362   432883    0.825659
1482705665      1362   434245    0.828257
1482705666      1332   435577    0.830797
1482705667      1207   436881    0.833284
1482705668      1357   438238    0.835873
1482705669      1337   439575    0.838423
1482705670      1356   440931    0.841009
1482705671      1208   442241    0.843508
1482705672      1344   443585    0.846071
1482705673      1356   444941    0.848658
1482705674      776   445717    0.850138
1482705675      1357   447074    0.852726
1482705676      1362   448436    0.855324
1482705677      1218   449729    0.85779
1482705678      1349   451078    0.860363
1482705679      1354   452432    0.862946
1482705680      1354   453786    0.865528
1482705681      1229   455089    0.868013
1482705682      1369   456458    0.870625
1482705683      1362   457820    0.873222
1482705684      1363   459183    0.875822
1482705685      776   459959    0.877302
1482705686      1362   461321    0.8799
1482705687      1202   462577    0.882296
1482705688      1362   463939    0.884893
1482705689      1352   465291    0.887472
1482705690      1353   466644    0.890053
1482705691      1220   467937    0.892519
1482705692      1343   469280    0.895081
1482705693      1356   470636    0.897667
1482705694      1355   471991    0.900251
1482705695      897   473281    0.902712
1482705696      1363   474644    0.905312
1482705697      1336   475980    0.90786
1482705698      1361   477341    0.910456
1482705699      1227   478641    0.912935
1482705700      1370   480011    0.915548
1482705701      1358   481369    0.918139
1482705702      1362   482731    0.920736
1482705704      1172   484001    0.923159
1482705705      1364   485365    0.92576
1482705706      1255   486620    0.928154
1482705707      669   487289    0.92943
1482705708      1213   488502    0.931744
1482705709      1356   489858    0.93433
1482705710      1342   491200    0.93689
1482705711      1335   492535    0.939436
1482705712      1193   493728    0.941711
1482705713      1339   495067    0.944265
1482705714      1354   496421    0.946848
1482705715      1332   497753    0.949389
1482705716      1197   498993    0.951754
