1483239116      1498   1498    0.00285721
1483239117      1499   2997    0.00571632
1483239118      1499   4496    0.00857544
1483239119      1500   5996    0.0114365
1483239120      1499   7495    0.0142956
1483239121      1499   8995    0.0171566
1483239122      1499   10495    0.0200176
1483239123      1499   11995    0.0228786
1483239124      1499   13495    0.0257397
1483239125      1252   14747    0.0281277
1483239126      1350   16097    0.0307026
1483239127      1320   17417    0.0332203
1483239128      1351   18768    0.0357971
1483239130      1179   20003    0.0381527
1483239131      1348   21351    0.0407238
1483239132      1345   22696    0.0432892
1483239133      1317   24013    0.0458012
1483239134      1347   25360    0.0483704
1483239135      1183   26543    0.0506268
1483239136      1093   27636    0.0527115
1483239137      1344   28980    0.055275
1483239138      1335   30315    0.0578213
1483239139      1178   31493    0.0600681
1483239140      1342   32835    0.0626278
1483239141      1350   34185    0.0652027
1483239142      1344   35529    0.0677662
1483239143      1175   36789    0.0701694
1483239144      1358   38147    0.0727596
1483239145      1315   39462    0.0752678
1483239146      1099   40711    0.0776501
1483239147      1360   42071    0.0802441
1483239148      1326   43397    0.0827732
1483239149      1351   44748    0.08535
1483239150      1321   46069    0.0878696
1483239151      1176   47245    0.0901127
1483239152      1350   48595    0.0926876
1483239153      1195   49790    0.0949669
1483239154      1340   51130    0.0975227
1483239155      1324   52454    0.100048
1483239156      937   53575    0.102186
1483239157      1217   54792    0.104507
1483239158      1257   56049    0.106905
1483239159      1341   57390    0.109463
1483239160      1075   58569    0.111712
1483239161      1361   59930    0.114307
1483239162      1315   61245    0.116816
1483239163      1266   62511    0.11923
1483239164      1320   63831    0.121748
1483239165      1165   65001    0.12398
1483239166      1357   66358    0.126568
1483239167      1315   67673    0.129076
1483239168      1211   68884    0.131386
1483239169      1189   70073    0.133654
1483239170      1334   71407    0.136198
1483239171      1356   72763    0.138784
1483239172      1347   74110    0.141354
1483239173      1193   75355    0.143728
1483239174      1344   76699    0.146292
1483239175      1345   78044    0.148857
1483239176      1322   79366    0.151379
1483239177      1206   80715    0.153952
1483239178      1216   81931    0.156271
1483239179      1322   83253    0.158792
1483239180      1352   84605    0.161371
1483239181      1185   85790    0.163631
1483239182      1338   87128    0.166183
1483239183      1343   88471    0.168745
1483239184      1333   89804    0.171288
1483239185      1195   91069    0.1737
1483239186      1359   92428    0.176292
1483239187      1319   93747    0.178808
1483239188      988   94991    0.181181
1483239189      1364   96355    0.183783
1483239190      1324   97679    0.186308
1483239191      1351   99030    0.188885
1483239193      1203   100351    0.191404
1483239194      1364   101715    0.194006
1483239195      1331   103046    0.196545
1483239196      1350   104396    0.19912
1483239197      1208   105711    0.201628
1483239198      1344   107055    0.204191
1483239199      1346   108401    0.206758
1483239200      1160   109561    0.208971
1483239201      1174   110735    0.21121
1483239202      1349   112084    0.213783
1483239203      1337   113421    0.216333
1483239204      1343   114764    0.218895
1483239205      1197   116065    0.221376
1483239206      1354   117419    0.223959
1483239207      1342   118761    0.226519
1483239208      1346   120107    0.229086
1483239209      1204   121425    0.2316
1483239210      1014   122439    0.233534
1483239211      1343   123782    0.236095
1483239212      1165   124947    0.238317
1483239213      1193   126140    0.240593
1483239214      1185   127325    0.242853
1483239215      1202   128527    0.245146
1483239216      1081   129635    0.247259
1483239217      1349   130984    0.249832
1483239218      1255   132239    0.252226
1483239219      1280   133519    0.254667
1483239220      1347   134866    0.257236
1483239221      870   135736    0.258896
1483239222      1169   136905    0.261126
1483239223      1358   138263    0.263716
1483239224      1325   139588    0.266243
1483239225      1353   140941    0.268824
1483239226      1165   142133    0.271097
1483239227      1352   143485    0.273676
1483239228      1339   144824    0.27623
1483239229      1357   146181    0.278818
1483239230      1200   147493    0.281321
1483239231      1336   148829    0.283869
1483239232      1212   150041    0.28618
1483239233      1355   151396    0.288765
1483239234      1141   152537    0.290941
1483239235      1324   153861    0.293467
1483239236      1353   155214    0.296047
1483239237      1321   156535    0.298567
1483239238      1220   157847    0.301069
1483239239      1332   159179    0.30361
1483239240      1348   160527    0.306181
1483239241      1319   161846    0.308697
1483239242      951   162841    0.310595
1483239243      1336   164177    0.313143
1483239244      1351   165528    0.31572
1483239245      1343   166871    0.318281
1483239246      1220   168201    0.320818
1483239247      1355   169556    0.323402
1483239248      1352   170908    0.325981
1483239249      1355   172263    0.328566
1483239250      1212   173561    0.331041
1483239251      1355   174916    0.333626
1483239252      1355   176271    0.33621
1483239253      1099   177483    0.338522
1483239254      1359   178842    0.341114
1483239255      1344   180186    0.343678
1483239256      1349   181535    0.346251
1483239257      1219   182843    0.348745
1483239258      1352   184195    0.351324
1483239259      1351   185546    0.353901
1483239260      1355   186901    0.356485
1483239262      1212   188203    0.358969
1483239263      1352   189555    0.361547
1483239264      1210   190765    0.363855
1483239265      1350   192115    0.36643
1483239266      1195   193310    0.36871
1483239267      1343   194653    0.371271
1483239268      1351   196004    0.373848
1483239269      1355   197359    0.376432
1483239270      1191   198557    0.378717
1483239271      1362   199919    0.381315
1483239272      1328   201247    0.383848
1483239273      1183   202430    0.386105
1483239274      1007   203551    0.388243
1483239275      1337   204888    0.390793
1483239276      1199   206087    0.39308
1483239277      1204   207291    0.395376
1483239278      1244   208535    0.397749
1483239279      1176   209711    0.399992
1483239280      1227   210938    0.402332
1483239281      1173   212111    0.40457
1483239282      1044   213199    0.406645
1483239283      1305   214504    0.409134
1483239284      1354   215858    0.411716
1483239285      1105   217121    0.414125
1483239286      1351   218472    0.416702
1483239287      1352   219824    0.419281
1483239288      1343   221167    0.421843
1483239289      1219   222481    0.424349
1483239290      1354   223835    0.426931
1483239291      1352   225187    0.42951
1483239292      1343   226530    0.432072
1483239293      1209   227841    0.434572
1483239294      1358   229199    0.437162
1483239295      1354   230553    0.439745
1483239296      1093   231763    0.442053
1483239297      1349   233112    0.444626
1483239298      1349   234461    0.447199
1483239299      1354   235815    0.449781
1483239300      1215   237123    0.452276
1483239301      1350   238473    0.454851
1483239302      1352   239825    0.45743
1483239303      1355   241180    0.460014
1483239304      1211   242483    0.4625
1483239305      1318   243801    0.465014
1483239306      1207   245008    0.467316
1483239307      1350   246358    0.469891
1483239308      1192   247550    0.472164
1483239309      1353   248903    0.474745
1483239310      1347   250250    0.477314
1483239311      1352   251602    0.479893
1483239312      1202   252837    0.482248
1483239313      1351   254188    0.484825
1483239314      1351   255539    0.487402
1483239315      1356   256895    0.489988
1483239316      1046   257941    0.491983
1483239317      1342   259283    0.494543
1483239318      1348   260631    0.497114
1483239319      1352   261983    0.499693
1483239320      1196   263191    0.501997
1483239321      1352   264543    0.504576
1483239322      1353   265896    0.507156
1483239323      1353   267249    0.509737
1483239324      1213   268551    0.51222
1483239325      1364   269915    0.514822
1483239326      1350   271265    0.517397
1483239327      1094   272473    0.519701
1483239328      1360   273833    0.522295
1483239329      1345   275178    0.52486
1483239330      1351   276529    0.527437
1483239331      1219   277833    0.529924
1483239332      1347   279180    0.532494
1483239333      1345   280525    0.535059
1483239334      1244   281769    0.537432
1483239335      1353   283122    0.540012
1483239336      1187   284309    0.542276
1483239337      1159   285468    0.544487
1483239338      1202   286670    0.54678
1483239339      1182   287852    0.549034
1483239340      1353   289205    0.551615
1483239342      964   290331    0.553762
1483239343      1282   291613    0.556208
1483239344      1353   292966    0.558788
1483239345      1346   294312    0.561356
1483239346      1352   295664    0.563934
1483239347      1195   296859    0.566214
1483239348      1355   298214    0.568798
1483239349      1207   299421    0.5711
1483239350      1212   300685    0.573511
1483239351      1358   302043    0.576101
1483239352      1355   303398    0.578686
1483239353      1344   304742    0.581249
1483239354      1221   306045    0.583735
1483239355      1353   307398    0.586315
1483239356      1353   308751    0.588896
1483239357      1344   310095    0.591459
1483239358      1222   311405    0.593958
1483239359      1218   312623    0.596281
1483239360      1351   313974    0.598858
1483239361      1344   315318    0.601421
1483239362      1194   316512    0.603699
1483239363      1345   317857    0.606264
1483239364      1352   319209    0.608843
1483239365      1346   320555    0.61141
1483239366      1176   321759    0.613707
1483239367      1360   323119    0.616301
1483239368      1327   324446    0.618832
1483239369      985   325681    0.621187
1483239370      1352   327033    0.623766
1483239371      1335   328368    0.626312
1483239372      1356   329724    0.628899
1483239373      1200   331041    0.631411
1483239374      1362   332403    0.634008
1483239375      1346   333749    0.636576
1483239376      1353   335102    0.639156
1483239377      1193   336401    0.641634
1483239378      1352   337753    0.644213
1483239379      1348   339101    0.646784
1483239380      1211   340312    0.649094
1483239381      1183   341495    0.65135
1483239382      1353   342848    0.653931
1483239383      1319   344167    0.656446
1483239384      1348   345515    0.659018
1483239385      1189   346755    0.661383
1483239386      1341   348096    0.66394
1483239387      1356   349452    0.666527
1483239388      1334   350786    0.669071
1483239389      1205   352115    0.671606
1483239390      1218   353333    0.673929
1483239391      1328   354661    0.676462
1483239392      1207   355868    0.678764
1483239393      1150   357018    0.680958
1483239394      1103   358121    0.683062
1483239396      1042   359253    0.685221
1483239397      1355   360608    0.687805
1483239398      1164   361772    0.690025
1483239399      1177   362949    0.69227
1483239400      986   363935    0.694151
1483239401      1309   365244    0.696648
1483239402      1021   366391    0.698835
1483239403      1185   367576    0.701096
1483239404      1337   368913    0.703646
1483239405      1344   370257    0.706209
1483239406      1338   371595    0.708761
1483239407      1188   372823    0.711103
1483239408      1364   374187    0.713705
1483239409      1334   375521    0.716249
1483239410      1345   376866    0.718815
1483239411      1202   378183    0.721327
1483239412      1334   379517    0.723871
1483239413      1210   380727    0.726179
1483239414      1348   382075    0.72875
1483239415      1205   383280    0.731049
1483239416      1328   384608    0.733582
1483239417      1354   385962    0.736164
1483239418      1323   387285    0.738688
1483239419      1200   388537    0.741076
1483239420      1354   389891    0.743658
1483239421      1336   391227    0.746206
1483239422      1344   392571    0.74877
1483239423      1041   393612    0.750755
1483239424      1350   394962    0.75333
1483239425      1354   396316    0.755913
1483239426      1346   397662    0.75848
1483239427      1187   398891    0.760824
1483239428      1352   400243    0.763403
1483239429      1346   401589    0.76597
1483239430      1338   402927    0.768522
1483239431      1204   404251    0.771048
1483239432      1358   405609    0.773638
1483239433      1343   406952    0.776199
1483239434      1209   408161    0.778505
1483239435      1190   409351    0.780775
1483239436      1343   410694    0.783337
1483239437      1345   412039    0.785902
1483239438      1337   413376    0.788452
1483239439      1198   414605    0.790796
1483239440      1362   415967    0.793394
1483239441      1348   417315    0.795965
1483239442      1347   418662    0.798534
1483239443      1206   419965    0.80102
1483239444      1199   421164    0.803307
1483239445      1333   422497    0.805849
1483239446      1355   423852    0.808434
1483239447      1181   425033    0.810686
1483239448      1322   426355    0.813208
1483239449      1353   427708    0.815788
1483239450      1344   429052    0.818352
1483239451      1197   430319    0.820768
1483239452      1306   431625    0.823259
1483239453      1205   432830    0.825558
1483239454      1314   434144    0.828064
1483239455      1128   435272    0.830215
1483239456      962   436385    0.832338
1483239457      1310   437695    0.834837
1483239458      1326   439021    0.837366
1483239459      1334   440355    0.839911
1483239460      999   441354    0.841816
1483239461      1285   442639    0.844267
1483239462      1172   443811    0.846502
1483239463      1146   444961    0.848696
1483239464      1351   446312    0.851273
1483239465      1352   447664    0.853851
1483239466      1211   448875    0.856161
1483239467      1183   450058    0.858418
1483239468      1346   451404    0.860985
1483239469      1331   452735    0.863523
1483239470      1354   454089    0.866106
1483239471      1185   455315    0.868444
1483239472      1361   456676    0.87104
1483239473      1349   458025    0.873613
1483239474      1355   459380    0.876198
1483239475      1188   460675    0.878668
1483239476      1010   461685    0.880594
1483239477      1343   463028    0.883156
1483239478      1352   464380    0.885735
1483239479      1205   465669    0.888193
1483239480      1345   467014    0.890759
1483239481      1344   468358    0.893322
1483239482      1335   469693    0.895868
1483239484      1215   471029    0.898417
1483239485      1350   472379    0.900991
1483239486      1347   473726    0.903561
1483239487      1091   474951    0.905897
1483239488      1345   476296    0.908463
1483239489      1346   477642    0.91103
1483239490      1354   478996    0.913612
1483239491      1214   480311    0.916121
1483239492      1349   481660    0.918694
1483239493      1348   483008    0.921265
1483239494      1350   484358    0.92384
1483239495      1219   485671    0.926344
1483239496      1361   487032    0.92894
1483239497      1348   488380    0.931511
1483239498      1210   489590    0.933819
1483239499      1204   490794    0.936115
1483239500      1346   492140    0.938683
1483239501      1352   493492    0.941261
1483239502      1347   494839    0.94383
1483239503      1207   496046    0.946133
1483239504      1347   497393    0.948702
1483239505      1352   498745    0.951281
