1481281761      1498   1498    0.0014286
1481281762      1499   2997    0.00285816
1481281763      1500   4497    0.00428867
1481281764      1499   5996    0.00571823
1481281765      1499   7495    0.00714779
1481281766      1500   8995    0.0085783
1481281767      1499   10494    0.0100079
1481281768      1499   11993    0.0114374
1481281769      1500   13493    0.0128679
1481281770      1499   14992    0.0142975
1481281771      1500   16492    0.015728
1481281772      1499   17991    0.0171576
1481281773      1499   19490    0.0185871
1481281774      1500   20990    0.0200176
1481281775      1499   22489    0.0214472
1481281776      1499   23988    0.0228767
1481281777      1440   25428    0.02425
1481281778      1379   26807    0.0255651
1481281779      1383   28190    0.0268841
1481281780      1500   29690    0.0283146
1481281781      1380   31070    0.0296307
1481281782      1365   32435    0.0309324
1481281783      1385   33820    0.0322533
1481281784      1365   35185    0.033555
1481281785      1324   36509    0.0348177
1481281786      1377   37886    0.0361309
1481281787      1499   39385    0.0375605
1481281788      1379   40764    0.0388756
1481281789      1376   42140    0.0401878
1481281790      1322   43462    0.0414486
1481281791      1378   44840    0.0427628
1481281792      1223   46063    0.0439291
1481281794      1367   47457    0.0452585
1481281794      1506   48963    0.0466948
1481281795      1174   50137    0.0478144
1481281796      1368   51505    0.049119
1481281798      1382   53001    0.0505457
1481281799      1506   54507    0.0519819
1481281800      1367   55874    0.0532856
1481281801      1378   57252    0.0545998
1481281802      1384   58636    0.0559196
1481281803      1384   60020    0.0572395
1481281804      1385   61405    0.0585604
1481281805      1384   62789    0.0598803
1481281806      1386   64285    0.061307
1481281807      1507   65792    0.0627441
1481281808      1384   67176    0.064064
1481281809      1384   68560    0.0653839
1481281810      1383   69943    0.0667028
1481281811      1361   71304    0.0680008
1481281812      1383   72687    0.0693197
1481281813      1357   74044    0.0706139
1481281814      1327   75371    0.0718794
1481281815      1349   76720    0.0731659
1481281816      1381   78101    0.0744829
1481281817      1377   79501    0.0758181
1481281818      1507   81008    0.0772552
1481281819      1380   82388    0.0785713
1481281820      1383   83771    0.0798903
1481281821      1382   85153    0.0812082
1481281822      1383   86536    0.0825272
1481281823      1377   87913    0.0838404
1481281824      1379   89292    0.0851555
1481281825      1380   90785    0.0865793
1481281826      1507   92292    0.0880165
1481281827      1382   93674    0.0893345
1481281828      1384   95058    0.0906544
1481281829      1380   96438    0.0919704
1481281830      1371   97809    0.0932779
1481281831      1358   99167    0.094573
1481281832      1326   100493    0.0958376
1481281833      1383   101876    0.0971565
1481281834      1383   103259    0.0984755
1481281835      1385   104644    0.0997963
1481281836      1367   106011    0.1011
1481281837      1499   107510    0.10253
1481281838      1384   108894    0.103849
1481281839      1380   110274    0.105165
1481281840      1384   111658    0.106485
1481281841      1384   113042    0.107805
1481281842      1380   114422    0.109121
1481281843      1384   115806    0.110441
1481281844      1373   117285    0.111852
1481281845      1506   118791    0.113288
1481281846      1384   120175    0.114608
1481281847      1384   121559    0.115928
1481281848      1381   122940    0.117245
1481281849      1381   124321    0.118562
1481281850      1345   125666    0.119844
1481281851      1384   127050    0.121164
1481281852      1384   128434    0.122484
1481281853      1373   129807    0.123794
1481281854      1261   131068    0.124996
1481281855      1269   132501    0.126363
1481281856      1506   134007    0.127799
1481281857      1382   135389    0.129117
1481281858      1225   136614    0.130285
1481281859      1339   137953    0.131562
1481281860      1379   139332    0.132877
1481281861      1385   140717    0.134198
1481281862      1383   142173    0.135587
1481281863      1506   143679    0.137023
1481281864      1374   145053    0.138333
1481281865      1384   146437    0.139653
1481281866      1383   147820    0.140972
1481281867      1382   149202    0.14229
1481281868      1344   150546    0.143572
1481281869      1375   151921    0.144883
1481281870      1383   153304    0.146202
1481281871      1377   154681    0.147515
1481281872      1367   156048    0.148819
1481281873      1384   157432    0.150139
1481281874      1500   158932    0.151569
1481281875      1383   160315    0.152888
1481281876      1384   161699    0.154208
1481281877      1385   163084    0.155529
1481281878      1375   164459    0.15684
1481281879      1384   165843    0.15816
1481281880      1384   167227    0.15948
1481281881      1376   168673    0.160859
1481281882      1507   170180    0.162296
1481281883      1380   171560    0.163612
1481281884      1379   172939    0.164927
1481281885      1231   174217    0.166146
1481281886      1506   175723    0.167583
1481281887      1382   177105    0.1689
1481281888      1384   178489    0.17022
1481281889      1381   179870    0.171537
1481281890      1363   181233    0.172837
1481281891      1384   182617    0.174157
1481281892      1356   183973    0.17545
1481281893      1500   185473    0.176881
1481281894      1381   186854    0.178198
1481281895      1382   188236    0.179516
1481281896      1383   189619    0.180835
1481281897      1380   190999    0.182151
1481281898      1381   192380    0.183468
1481281899      1382   193762    0.184786
1481281900      1376   195173    0.186131
1481281901      1506   196679    0.187568
1481281902      1383   198062    0.188887
1481281903      1127   199189    0.189961
1481281904      1499   200688    0.191391
1481281905      1380   202068    0.192707
1481281906      1384   203452    0.194027
1481281907      1383   204835    0.195346
1481281908      1383   206218    0.196665
1481281909      1385   207603    0.197986
1481281910      1373   208976    0.199295
1481281911      1372   210389    0.200643
1481281912      1507   211896    0.20208
1481281913      1381   213277    0.203397
1481281914      1384   214661    0.204717
1481281915      1375   216036    0.206028
1481281916      1384   217420    0.207348
1481281917      1348   218768    0.208633
1481281918      1374   220142    0.209944
1481281919      1499   221641    0.211373
1481281920      1345   222986    0.212656
1481281921      1002   223993    0.213616
1481281922      1506   225499    0.215053
1481281923      1377   226876    0.216366
1481281924      1381   228257    0.217683
1481281925      1378   229635    0.218997
1481281926      1384   231019    0.220317
1481281927      1384   232403    0.221637
1481281928      1372   233775    0.222945
1481281929      1499   235274    0.224375
1481281930      1385   236659    0.225696
1481281931      1375   238034    0.227007
1481281932      1385   239419    0.228328
1481281933      1386   240805    0.22965
1481281934      1325   242130    0.230913
1481281935      1384   243514    0.232233
1481281936      1368   244949    0.233602
1481281937      1506   246455    0.235038
1481281938      1361   247816    0.236336
1481281939      1212   249028    0.237492
1481281940      1384   250493    0.238889
1481281941      1506   251999    0.240325
1481281942      1383   253382    0.241644
1481281943      1380   254762    0.24296
1481281944      1384   256146    0.24428
1481281945      1384   257530    0.2456
1481281946      1367   258897    0.246903
1481281947      1383   260280    0.248222
1481281948      1386   261777    0.24965
1481281949      1507   263284    0.251087
1481281950      1383   264667    0.252406
1481281951      1380   266047    0.253722
1481281952      1384   267431    0.255042
1481281953      1380   268811    0.256358
1481281954      1378   270189    0.257672
1481281955      1384   271573    0.258992
1481281956      1386   273061    0.260411
1481281957      1350   274411    0.261699
1481281958      1384   275795    0.263019
1481281959      1385   277180    0.264339
1481281960      1363   278605    0.265698
1481281961      1506   280111    0.267135
1481281962      1384   281495    0.268455
1481281963      1369   282864    0.26976
1481281964      1371   284235    0.271068
1481281965      1361   285596    0.272366
1481281966      1373   286969    0.273675
1481281967      1383   288352    0.274994
1481281968      1499   289851    0.276423
1481281969      1384   291235    0.277743
1481281970      1383   292618    0.279062
1481281971      1370   293988    0.280369
1481281972      1384   295372    0.281689
1481281973      1383   296755    0.283008
1481281974      1383   298138    0.284327
1481281975      1336   299474    0.285601
1481281976      1370   300844    0.286907
1481281977      1385   302229    0.288228
1481281978      1384   303613    0.289548
1481281979      1385   305105    0.290971
1481281980      1507   306612    0.292408
1481281981      1370   307982    0.293715
1481281982      1383   309365    0.295033
1481281983      1338   310703    0.296309
1481281984      1368   312071    0.297614
1481281985      1380   313451    0.29893
1481281986      1368   314819    0.300235
1481281987      1499   316318    0.301664
1481281988      1363   317681    0.302964
1481281989      1379   319060    0.304279
1481281990      1384   320444    0.305599
1481281991      1383   321827    0.306918
1481281992      1374   323201    0.308228
1481281993      1341   324542    0.309507
1481281994      1356   325898    0.310801
1481281995      1359   327257    0.312097
1481281996      1381   328638    0.313414
1481281997      1385   330023    0.314734
1481281998      1499   331522    0.316164
1481281999      1383   332905    0.317483
1481282000      1377   334282    0.318796
1481282001      1365   335647    0.320098
1481282002      1376   337023    0.32141
1481282003      1380   338403    0.322726
1481282004      1373   339776    0.324036
1481282005      1500   341276    0.325466
1481282006      1372   342648    0.326775
1481282007      1362   344010    0.328074
1481282008      1383   345393    0.329392
1481282009      1381   346774    0.330709
1481282010      1383   348157    0.332028
1481282011      1344   349501    0.33331
1481282012      1383   350884    0.334629
1481282013      1384   352268    0.335949
1481282014      1384   353652    0.337269
1481282015      1384   355036    0.338589
1481282017      1375   356493    0.339978
1481282018      1506   357999    0.341414
1481282019      1381   359380    0.342731
1481282020      1383   360763    0.34405
1481282021      1384   362147    0.34537
1481282022      1385   363532    0.346691
1481282023      1384   364916    0.348011
1481282024      1384   366300    0.349331
1481282025      1383   367777    0.350739
1481282026      1506   369283    0.352176
1481282027      1385   370668    0.353497
1481282028      1383   372051    0.354815
1481282029      1228   373321    0.356027
1481282030      1507   374828    0.357464
1481282031      1383   376211    0.358783
1481282032      1382   377593    0.360101
1481282033      1384   378977    0.361421
1481282034      1383   380360    0.36274
1481282035      1383   381743    0.364058
1481282036      1380   383123    0.365375
1481282037      1384   384605    0.366788
1481282038      1506   386111    0.368224
1481282039      1384   387495    0.369544
1481282040      1385   388880    0.370865
1481282041      1382   390262    0.372183
1481282042      1381   391643    0.3735
1481282043      1359   393002    0.374796
1481282044      1292   394294    0.376028
1481282045      1499   395793    0.377458
1481282046      1315   397108    0.378712
1481282047      1129   398237    0.379788
1481282048      1499   399736    0.381218
1481282049      1384   401120    0.382538
1481282050      1305   402425    0.383782
1481282051      1226   403651    0.384952
1481282052      1385   405036    0.386272
1481282053      1382   406418    0.38759
1481282054      1377   407881    0.388986
1481282055      1506   409387    0.390422
1481282056      1381   410768    0.391739
1481282057      1383   412151    0.393058
1481282058      1383   413534    0.394377
1481282059      1363   414897    0.395677
1481282060      1385   416282    0.396997
1481282061      1350   417632    0.398285
1481282062      1499   419131    0.399714
1481282063      1385   420516    0.401035
1481282064      1383   421899    0.402354
1481282065      1153   423097    0.403497
1481282066      1506   424603    0.404933
1481282067      1384   425987    0.406253
1481282068      1383   427370    0.407572
1481282069      1384   428754    0.408892
1481282070      1384   430138    0.410212
1481282071      1367   431505    0.411515
1481282072      1366   432871    0.412818
1481282073      1500   434371    0.414248
1481282074      1379   435750    0.415564
1481282075      1383   437133    0.416883
1481282076      1382   438515    0.4182
1481282077      1373   439888    0.41951
1481282078      1367   441255    0.420814
1481282079      1363   442618    0.422113
1481282080      1381   444053    0.423482
1481282081      1507   445560    0.424919
1481282082      1378   446938    0.426233
1481282083      1115   448053    0.427297
1481282084      1500   449553    0.428727
1481282085      1383   450936    0.430046
1481282086      1384   452320    0.431366
1481282087      1384   453704    0.432686
1481282088      1383   455087    0.434005
1481282089      1370   456457    0.435311
1481282090      1361   457818    0.436609
1481282091      1380   459269    0.437993
1481282092      1506   460775    0.439429
1481282093      1383   462158    0.440748
1481282094      1385   463543    0.442069
1481282095      1380   464923    0.443385
1481282096      1372   466295    0.444694
1481282097      1369   467664    0.445999
1481282098      1381   469045    0.447316
1481282099      1499   470544    0.448746
1481282100      1359   471903    0.450042
1481282101      1225   473128    0.45121
1481282102      1381   474509    0.452527
1481282103      1500   476009    0.453958
1481282104      1381   477390    0.455275
1481282105      1384   478774    0.456594
1481282106      1384   480158    0.457914
1481282107      1379   481537    0.459229
1481282108      1328   482865    0.460496
1481282109      1374   484239    0.461806
1481282110      1499   485738    0.463236
1481282111      1296   487034    0.464472
1481282112      1305   488339    0.465716
1481282113      1381   489720    0.467033
1481282114      1383   491103    0.468352
1481282115      1383   492486    0.469671
1481282116      1379   493865    0.470986
1481282117      1499   495364    0.472416
1481282118      1385   496749    0.473737
1481282119      1219   497968    0.474899
1481282120      1379   499373    0.476239
