1486824274      999   999    0.0104799
1486824275      1000   1999    0.0209703
1486824276      997   2997    0.0314398
1486824277      948   3989    0.0418463
1486824278      806   4795    0.0503016
1486824279      655   5450    0.0571728
1486824280      549   6129    0.0642958
1486824281      805   6934    0.0727406
1486824282      760   7694    0.0807133
1486824283      412   8106    0.0850353
1486824284      790   8896    0.0933228
1486824285      547   9582    0.100519
1486824286      756   10338    0.10845
1486824287      808   11146    0.116926
1486824288      557   11722    0.122969
1486824289      606   12328    0.129326
1486824290      594   13035    0.136743
1486824291      814   13849    0.145282
1486824292      758   14607    0.153234
1486824293      568   15175    0.159192
1486824295      550   15953    0.167354
1486824296      811   16764    0.175861
1486824297      746   17510    0.183687
1486824298      566   18093    0.189803
1486824299      796   18889    0.198153
1486824300      786   19675    0.206399
1486824301      501   20176    0.211655
1486824302      806   20982    0.22011
1486824303      558   21546    0.226027
1486824304      740   22286    0.233789
1486824305      803   23089    0.242213
1486824306      562   23686    0.248476
1486824307      677   24464    0.256638
1486824308      808   25272    0.265114
1486824309      567   25839    0.271062
1486824310      648   26604    0.279087
1486824311      809   27413    0.287574
1486824312      621   28034    0.294088
1486824313      798   28832    0.30246
1486824314      631   29522    0.309698
1486824315      805   30327    0.318143
1486824316      785   31112    0.326378
1486824317      608   31720    0.332756
1486824318      650   32440    0.340309
1486824319      804   33244    0.348743
1486824320      796   34040    0.357094
1486824321      599   34639    0.363378
1486824322      806   35445    0.371833
1486824323      629   36074    0.378431
1486824324      799   36873    0.386813
1486824325      610   37498    0.39337
1486824326      814   38312    0.401909
1486824328      657   39103    0.410207
1486824329      675   39881    0.418368
1486824330      807   40688    0.426834
1486824331      662   41486    0.435205
1486824332      804   42290    0.44364
1486824333      666   43091    0.452043
1486824334      673   43869    0.460204
1486824335      809   44678    0.468691
1486824336      661   45474    0.477041
1486824337      807   46281    0.485507
1486824339      665   47079    0.493878
1486824340      610   47689    0.500278
1486824341      163   47857    0.50204
1486824342      804   48661    0.510474
1486824343      790   49451    0.518762
1486824344      605   50056    0.525108
1486824345      799   50855    0.53349
1486824346      648   51602    0.541327
1486824347      675   52380    0.549488
1486824348      806   53186    0.557943
1486824349      664   53985    0.566325
1486824350      806   54791    0.57478
1486824351      670   55590    0.583162
1486824353      672   56368    0.591324
1486824354      802   57170    0.599737
1486824355      800   57970    0.60813
1486824356      550   58520    0.613899
1486824357      803   59323    0.622323
1486824358      609   59932    0.628712
1486824359      800   60732    0.637104
1486824360      625   61426    0.644384
1486824361      801   62227    0.652787
1486824362      800   63027    0.66118
1486824363      586   63613    0.667327
1486824364      655   64344    0.674995
1486824365      809   65153    0.683482
1486824366      656   65949    0.691833
1486824367      782   66731    0.700036
1486824368      800   67531    0.708428
1486824369      587   68118    0.714586
1486824370      625   68867    0.722444
1486824371      755   69622    0.730364
1486824372      719   70341    0.737906
1486824373      619   71007    0.744893
1486824374      662   71785    0.753055
1486824375      809   72594    0.761541
1486824376      731   73325    0.76921
1486824377      226   73551    0.771581
1486824378      795   74346    0.779921
1486824379      604   74995    0.786729
1486824381      675   75773    0.79489
1486824382      806   76579    0.803346
1486824383      662   77378    0.811728
1486824384      811   78189    0.820235
1486824385      657   78983    0.828565
1486824386      671   79761    0.836726
1486824387      736   80497    0.844447
1486824388      798   81295    0.852818
1486824389      583   81901    0.859176
1486824390      721   82622    0.866739
1486824391      800   83422    0.875132
1486824392      605   84027    0.881478
1486824394      623   84819    0.889787
1486824395      806   85625    0.898242
1486824396      640   86424    0.906624
1486824397      814   87238    0.915163
1486824398      562   87800    0.921059
1486824399      661   88461    0.927993
1486824400      781   89242    0.936186
1486824401      552   89877    0.942847
1486824402      753   90630    0.950747
1486824403      801   91431    0.959149
1486824404      571   92002    0.965139
1486824405      648   92650    0.971937
1486824406      544   93330    0.979071
1486824407      805   94135    0.987515
1486824408      264   94400    0.990295
1486824409      656   95056    0.997177
1486824410      630   95713    1.00407
1486824411      804   96517    1.0125
1486824412      778   97295    1.02067
1486824413      573   97868    1.02668
1486824414      729   98597    1.03432
1486824415      801   99398    1.04273
1486824416      561   99959    1.04861
1486824417      660   100619    1.05554
1486824418      553   101306    1.06274
1486824419      811   102117    1.07125
1486824420      647   102764    1.07804
1486824422      612   103446    1.08519
1486824423      602   104224    1.09335
1486824424      812   105036    1.10187
1486824425      637   105673    1.10855
1486824426      597   106364    1.1158
1486824427      808   107172    1.12428
1486824428      560   107732    1.13015
1486824429      633   108365    1.13679
1486824430      802   109167    1.14521
1486824431      587   109817    1.15203
1486824432      753   110570    1.15993
1486824433      799   111369    1.16831
1486824434      581   111950    1.1744
1486824435      652   112602    1.18124
1486824436      603   113270    1.18825
1486824437      808   114078    1.19673
1486824438      767   114845    1.20477
1486824439      377   115222    1.20873
1486824440      506   115728    1.21404
1486824441      800   116528    1.22243
1486824442      643   117171    1.22917
1486824443      526   117793    1.2357
1486824444      811   118604    1.24421
1486824445      775   119379    1.25234
1486824446      478   119857    1.25735
1486824447      807   120664    1.26582
1486824448      589   121253    1.27199
1486824449      809   122062    1.28048
1486824450      787   122849    1.28874
1486824451      589   123438    1.29492
1486824453      646   124164    1.30253
1486824454      803   124967    1.31096
1486824455      788   125755    1.31922
1486824456      602   126357    1.32554
1486824457      790   127147    1.33383
1486824458      527   127674    1.33935
1486824459      807   128481    1.34782
1486824460      646   129222    1.35559
1486824461      803   130025    1.36402
1486824462      794   130819    1.37235
1486824463      592   131411    1.37856
1486824464      646   132140    1.3862
1486824465      785   132925    1.39444
1486824466      716   133641    1.40195
1486824467      596   134280    1.40865
1486824468      811   135091    1.41716
1486824469      610   135701    1.42356
1486824470      725   136426    1.43117
1486824471      766   137192    1.4392
1486824472      603   137795    1.44553
1486824473      801   138596    1.45393
1486824474      647   139338    1.46171
1486824475      677   140116    1.46988
1486824476      799   140915    1.47826
1486824477      805   141720    1.4867
1486824478      590   142310    1.49289
1486824479      798   143108    1.50126
1486824480      585   143693    1.5074
1486824481      751   144444    1.51528
1486824482      626   145174    1.52294
1486824483      791   145965    1.53123
1486824484      778   146743    1.5394
1486824485      606   147349    1.54575
1486824486      659   148092    1.55355
1486824487      783   148875    1.56176
1486824488      734   149609    1.56946
1486824490      573   150232    1.576
1486824491      808   151040    1.58447
1486824492      629   151669    1.59107
1486824493      799   152468    1.59945
1486824494      620   153150    1.60661
1486824495      812   153962    1.61513
1486824496      664   154755    1.62344
1486824497      673   155533    1.63161
1486824498      813   156346    1.64013
1486824499      657   157138    1.64844
1486824500      809   157947    1.65693
1486824501      778   158725    1.66509
1486824502      600   159325    1.67139
1486824503      656   160056    1.67905
1486824504      810   160866    1.68755
1486824506      668   161661    1.69589
1486824507      801   162462    1.70429
1486824508      800   163262    1.71269
1486824509      626   163888    1.71925
1486824510      631   164579    1.7265
1486824511      812   165391    1.73502
1486824512      653   166184    1.74334
1486824513      807   166991    1.75181
1486824514      604   167595    1.75814
1486824515      807   168402    1.76661
1486824516      630   169102    1.77395
1486824517      810   169912    1.78245
1486824518      787   170699    1.7907
1486824519      603   171302    1.79703
1486824520      654   172020    1.80456
1486824521      800   172820    1.81295
1486824522      800   173620    1.82135
1486824523      607   174227    1.82771
1486824524      805   175032    1.83616
1486824525      623   175655    1.84269
1486824526      796   176451    1.85104
1486824527      609   177078    1.85762
1486824528      814   177892    1.86616
1486824529      662   178683    1.87446
1486824530      669   179461    1.88262
1486824531      807   180268    1.89109
1486824533      655   181066    1.89946
1486824534      808   181874    1.90793
1486824535      663   182671    1.9163
1486824536      679   183449    1.92446
1486824537      624   184073    1.931
1486824538      802   184875    1.93942
1486824539      608   185589    1.94691
1486824540      649   186238    1.95371
1486824541      804   187042    1.96215
1486824542      455   187497    1.96692
1486824543      650   188147    1.97374
1486824544      800   188947    1.98213
1486824545      524   189577    1.98874
1486824546      644   190221    1.9955
1486824547      806   191027    2.00395
1486824548      383   191425    2.00813
1486824549      812   192237    2.01665
1486824550      659   192896    2.02356
1486824552      593   193565    2.03058
1486824553      791   194356    2.03888
1486824554      745   195101    2.04669
1486824555      405   195506    2.05094
1486824556      768   196274    2.059
1486824557      660   196934    2.06592
1486824558      525   197553    2.07241
1486824559      743   198296    2.08021
1486824560      719   199015    2.08775
1486824561      443   199458    2.0924
1486824562      771   200229    2.10049
1486824563      635   201006    2.10864
1486824564      783   201789    2.11685
1486824565      799   202588    2.12523
1486824566      569   203157    2.1312
1486824567      545   203702    2.13692
1486824568      617   204459    2.14486
1486824569      811   205270    2.15337
1486824570      758   206028    2.16132
1486824571      560   206599    2.16731
1486824573      441   207377    2.17547
1486824574      614   207991    2.18191
1486824575      796   208787    2.19026
1486824576      568   209355    2.19622
1486824577      528   210052    2.20353
1486824578      810   210862    2.21203
1486824579      533   211395    2.21762
1486824580      761   212156    2.22561
1486824581      789   212945    2.23388
1486824582      548   213505    2.23976
1486824583      750   214255    2.24762
1486824584      682   214937    2.25478
1486824585      629   215566    2.26138
1486824586      734   216300    2.26908
1486824587      548   216958    2.27598
1486824588      796   217754    2.28433
1486824589      800   218554    2.29272
1486824590      600   219154    2.29902
1486824592      650   219876    2.30659
1486824593      803   220679    2.31501
1486824594      662   221481    2.32343
1486824595      811   222292    2.33194
1486824596      645   223086    2.34027
1486824597      630   223864    2.34843
1486824598      740   224604    2.35619
1486824599      802   225406    2.3646
1486824600      590   226004    2.37088
1486824601      808   226812    2.37935
1486824602      605   227417    2.3857
1486824603      797   228214    2.39406
1486824604      596   228810    2.40031
1486824605      611   229457    2.4071
1486824606      806   230263    2.41556
1486824607      793   231056    2.42387
1486824608      620   231676    2.43038
1486824609      635   232375    2.43771
1486824610      810   233185    2.44621
1486824611      783   233968    2.45442
1486824612      595   234563    2.46066
1486824614      648   235293    2.46832
1486824615      795   236088    2.47666
1486824616      800   236888    2.48505
1486824617      605   237493    2.4914
1486824618      800   238293    2.49979
1486824619      644   239038    2.50761
1486824620      678   239816    2.51577
1486824621      807   240623    2.52424
1486824622      663   241421    2.53261
1486824623      813   242234    2.54114
1486824624      652   243026    2.54944
1486824625      670   243804    2.55761
1486824626      808   244612    2.56608
1486824628      658   245409    2.57444
1486824629      792   246201    2.58275
1486824630      798   246999    2.59112
1486824631      611   247610    2.59753
1486824632      631   248327    2.60505
1486824633      804   249131    2.61349
1486824634      796   249927    2.62184
