1499847401      999   999    0
1499847402      999   1998    0
1499847403      1000   2998    0
1499847404      999   3997    0
1499847405      1000   4997    0
1499847406      999   5996    0
1499847407      1000   6996    0
1499847408      999   7995    0
1499847409      1000   8995    0
1499847410      999   9994    0
1499847411      1000   10994    0
1499847412      999   11993    0
1499847413      1000   12993    0
1499847414      1000   13993    0
1499847415      999   14992    0
1499847416      1000   15992    0
1499847417      999   16991    0
1499847418      1000   17991    0
1499847419      999   18990    0
1499847420      1000   19990    0
1499847421      999   20989    0
1499847422      994   21983    0
1499847423      999   22982    0
1499847424      1000   23982    0
1499847425      999   24981    0
1499847426      1000   25981    0
1499847427      999   26980    0
1499847428      1000   27980    0
1499847429      1000   28980    0
1499847430      999   29979    0
1499847431      1000   30979    0
1499847432      996   31975    0
1499847433      1000   32975    0
1499847434      999   33974    0
1499847435      997   34971    0
1499847436      999   35970    0
1499847437      1000   36970    0
1499847438      999   37969    0
1499847439      1000   38969    0
1499847440      999   39968    0
1499847441      1000   40968    0
1499847442      999   41967    0
1499847443      1000   42967    0
1499847444      1000   43967    0
1499847445      999   44966    0
1499847446      1000   45966    0
1499847447      999   46965    0
1499847448      1000   47965    0
1499847449      999   48964    0
1499847450      1000   49964    0
1499847451      999   50963    0
1499847452      1000   51963    0
1499847453      999   52962    0
1499847454      1000   53962    0
1499847455      999   54961    0
1499847456      1000   55961    0
1499847457      999   56960    0
1499847458      1000   57960    0
1499847459      1000   58960    0
1499847460      999   59959    0
1499847461      1000   60959    0
1499847462      999   61958    0
1499847463      1000   62958    0
1499847464      999   63957    0
1499847465      1000   64957    0
1499847466      999   65956    0
1499847467      1000   66956    0
1499847468      999   67955    0
1499847469      1000   68955    0
1499847470      997   69952    0
1499847471      1000   70952    0
1499847472      999   71951    0
1499847473      1000   72951    0
1499847474      980   73931    0
1499847475      999   74930    0
1499847476      1000   75930    0
1499847477      922   76852    0
1499847478      1000   77852    0
1499847479      999   78851    0
1499847480      1000   79851    0
1499847481      931   80782    0
1499847482      1000   81782    0
1499847483      999   82781    0
1499847484      936   83717    0
1499847485      999   84716    0
1499847486      1000   85716    0
1499847487      949   86665    0
1499847488      1000   87665    0
1499847489      998   88663    0
1499847490      999   89662    0
1499847491      936   90598    0
1499847492      999   91597    0
1499847493      1000   92597    0
1499847494      950   93547    0
1499847495      1000   94547    0
1499847496      999   95546    0
1499847497      950   96496    0
1499847498      999   97495    0
1499847499      1000   98495    0
1499847500      949   99444    0
1499847501      1000   100444    0
1499847502      1000   101444    0
1499847503      999   102443    0
1499847504      950   103393    0
1499847505      999   104392    0
1499847506      1000   105392    0
1499847507      950   106342    0
1499847508      1000   107342    0
1499847509      999   108341    0
1499847510      950   109291    0
1499847511      999   110290    0
1499847512      1000   111290    0
1499847513      999   112289    0
1499847514      951   113240    0
1499847515      1000   114240    0
1499847516      999   115239    0
1499847517      936   116175    0
1499847518      999   117174    0
1499847519      1000   118174    0
1499847520      950   119124    0
1499847521      1000   120124    0
1499847522      999   121123    0
1499847523      998   122121    0
1499847524      931   123052    0
1499847525      1000   124052    0
1499847526      999   125051    0
1499847527      937   125988    0
1499847528      1000   126988    0
1499847529      999   127987    0
1499847530      951   128938    0
1499847531      999   129937    0
1499847532      1000   130937    0
1499847533      999   131936    0
1499847534      937   132873    0
1499847535      999   133872    0
1499847536      1000   134872    0
1499847537      950   135822    0
1499847538      1000   136822    0
1499847539      999   137821    0
1499847540      926   138747    0
1499847541      999   139746    0
1499847542      1000   140746    0
1499847543      944   141696    0
1499847544      1007   142703    0
1499847545      999   143702    0
1499847546      1000   144702    0
1499847547      938   145640    0
1499847548      1000   146640    0
1499847549      901   147541    0
1499847550      1000   148541    0
1499847551      999   149540    0
1499847552      951   150491    0
1499847553      999   151490    0
1499847554      1000   152490    0
1499847555      944   153434    0
1499847556      999   154433    0
1499847557      1000   155433    0
1499847558      999   156432    0
1499847559      951   157383    0
1499847560      999   158382    0
1499847561      1000   159382    0
1499847562      950   160332    0
1499847563      1000   161332    0
1499847564      999   162331    0
1499847565      951   163282    0
1499847566      999   164281    0
1499847567      999   165280    0
1499847568      999   166279    0
1499847569      932   167211    0
1499847570      1000   168211    0
1499847571      999   169210    0
1499847572      927   170137    0
1499847573      999   171136    0
1499847574      1000   172136    0
1499847575      950   173086    0
1499847576      1000   174086    0
1499847577      999   175085    0
1499847578      1000   176085    0
1499847579      937   177022    0
1499847580      1000   178022    0
1499847581      999   179021    0
1499847582      951   179972    0
1499847583      999   180971    0
1499847584      1000   181971    0
1499847585      951   182922    0
1499847586      999   183921    0
1499847587      1000   184921    0
1499847588      950   185871    0
1499847589      1000   186871    0
1499847590      999   187870    0
1499847591      1000   188870    0
1499847592      950   189820    0
1499847593      1000   190820    0
1499847594      999   191819    0
1499847595      951   192770    0
1499847596      999   193769    0
1499847597      1000   194769    0
1499847598      950   195719    0
1499847599      1000   196719    0
1499847600      1000   197719    0
1499847601      999   198718    0
1499847602      948   199666    0
1499847603      999   200665    0
1499847604      1000   201665    0
1499847605      938   202603    0
1499847606      1000   203603    0
1499847607      999   204602    0
1499847608      951   205553    0
1499847609      999   206552    0
1499847610      1000   207552    0
1499847611      999   208551    0
1499847612      947   209498    0
1499847613      999   210497    0
1499847614      1000   211497    0
1499847615      951   212448    0
1499847616      999   213447    0
1499847617      1000   214447    0
1499847618      950   215397    0
1499847619      1000   216397    0
1499847620      999   217396    0
1499847621      945   218371    0
1499847622      1007   219378    0
1499847623      836   220273    0
1499847624      1006   221279    0
1499847625      998   222277    0
1499847626      1000   223277    0
1499847627      950   224227    0
1499847628      1000   225227    0
1499847629      999   226226    0
1499847630      949   227175    0
1499847631      999   228174    0
1499847632      1000   229174    0
1499847633      950   230124    0
1499847634      1000   231124    0
1499847635      999   232123    0
1499847636      1000   233123    0
1499847637      950   234073    0
1499847638      1000   235073    0
1499847639      999   236072    0
1499847640      951   237023    0
1499847641      1000   238023    0
1499847642      999   239022    0
1499847643      951   239973    0
1499847644      999   240972    0
1499847645      1000   241972    0
1499847646      999   242971    0
1499847647      920   243891    0
1499847648      999   244890    0
1499847649      1000   245890    0
1499847650      950   246840    0
1499847651      1000   247840    0
1499847652      999   248839    0
1499847653      951   249790    0
1499847654      1000   250790    0
1499847655      999   251789    0
1499847656      946   252783    0
1499847657      1007   253790    0
1499847658      999   254789    0
1499847659      1000   255789    0
1499847660      951   256740    0
1499847661      999   257739    0
1499847662      1000   258739    0
1499847663      949   259688    0
1499847664      1000   260688    0
1499847665      999   261687    0
1499847666      951   262638    0
1499847667      999   263637    0
1499847668      1000   264637    0
1499847669      999   265636    0
1499847670      941   266577    0
1499847671      999   267576    0
1499847672      1000   268576    0
1499847673      950   269526    0
1499847674      999   270525    0
1499847675      1000   271525    0
1499847676      950   272475    0
1499847677      1000   273475    0
1499847678      999   274474    0
1499847679      1000   275474    0
1499847680      924   276398    0
1499847681      1000   277398    0
1499847682      999   278397    0
1499847683      950   279347    0
1499847684      999   280346    0
1499847685      1000   281346    0
1499847686      949   282295    0
1499847687      1000   283295    0
1499847688      1000   284295    0
1499847689      946   285293    0
1499847690      1007   286300    0
1499847691      999   287299    0
1499847692      997   288296    0
1499847693      949   289245    0
1499847694      1000   290245    0
1499847695      1000   291245    0
1499847696      950   292195    0
1499847697      1000   293195    0
1499847698      831   294026    0
1499847699      999   295025    0
1499847700      999   296024    0
1499847701      951   296975    0
1499847702      999   297974    0
1499847703      1000   298974    0
1499847704      999   299973    0
1499847705      950   300923    0
1499847706      999   301922    0
1499847707      1000   302922    0
1499847708      949   303871    0
1499847709      1000   304871    0
1499847710      1000   305871    0
1499847711      950   306821    0
1499847712      1000   307821    0
1499847713      999   308820    0
1499847714      1000   309820    0
1499847715      947   310767    0
1499847716      1000   311767    0
1499847717      999   312766    0
1499847718      929   313695    0
1499847719      999   314694    0
1499847720      1000   315694    0
1499847721      950   316644    0
1499847722      1000   317644    0
1499847723      1000   318644    0
1499847724      999   319643    0
1499847725      923   320566    0
1499847726      999   321565    0
1499847727      1000   322565    0
1499847728      949   323514    0
1499847729      1000   324514    0
1499847730      999   325513    0
1499847731      951   326464    0
1499847732      999   327463    0
1499847733      1000   328463    0
1499847734      946   329458    0
1499847735      1006   330464    0
1499847736      1000   331464    0
1499847737      999   332463    0
1499847738      950   333413    0
1499847739      999   334412    0
1499847740      1000   335412    0
1499847741      949   336361    0
1499847742      1000   337361    0
1499847743      1000   338361    0
1499847744      950   339311    0
1499847745      1000   340311    0
1499847746      999   341310    0
1499847747      1000   342310    0
1499847748      949   343259    0
1499847749      1000   344259    0
1499847750      999   345258    0
1499847751      942   346200    0
1499847752      999   347199    0
1499847753      1000   348199    0
1499847754      949   349148    0
1499847755      1000   350148    0
1499847756      999   351147    0
1499847757      1000   352147    0
1499847758      935   353082    0
1499847759      999   354081    0
1499847760      1000   355081    0
1499847761      950   356031    0
1499847762      1000   357031    0
1499847763      999   358030    0
1499847764      950   358980    0
1499847765      999   359979    0
1499847766      1000   360979    0
1499847767      945   361968    0
1499847768      1006   362974    0
1499847769      1000   363974    0
1499847770      999   364973    0
1499847771      950   365923    0
1499847772      999   366922    0
1499847773      907   367829    0
1499847774      999   368828    0
1499847775      1000   369828    0
1499847776      950   370778    0
1499847777      999   371777    0
1499847778      1000   372777    0
1499847779      949   373726    0
1499847780      1000   374726    0
1499847781      999   375725    0
1499847782      1000   376725    0
1499847783      949   377674    0
1499847784      1000   378674    0
1499847785      999   379673    0
1499847786      951   380624    0
1499847787      999   381623    0
1499847788      1000   382623    0
1499847789      950   383573    0
1499847790      999   384572    0
1499847791      1000   385572    0
1499847792      999   386571    0
1499847793      927   387498    0
1499847794      999   388497    0
1499847795      1000   389497    0
1499847796      950   390447    0
1499847797      1000   391447    0
1499847798      999   392446    0
1499847799      948   393394    0
1499847800      999   394393    0
1499847801      1000   395393    0
1499847802      945   396380    0
1499847803      1006   397386    0
1499847804      1000   398386    0
1499847805      999   399385    0
1499847806      946   400331    0
1499847807      995   401326    0
1499847808      1000   402326    0
1499847809      950   403276    0
1499847810      1000   404276    0
1499847811      1000   405276    0
1499847812      949   406225    0
1499847813      1000   407225    0
1499847814      999   408224    0
1499847815      1000   409224    0
1499847816      949   410173    0
1499847817      1000   411173    0
1499847818      999   412172    0
1499847819      951   413123    0
1499847820      999   414122    0
1499847821      1000   415122    0
1499847822      949   416071    0
1499847823      1000   417071    0
1499847824      1000   418071    0
1499847825      999   419070    0
1499847826      927   419997    0
1499847827      999   420996    0
1499847828      1000   421996    0
1499847829      949   422945    0
1499847830      999   423944    0
1499847831      999   424943    0
1499847832      947   425890    0
1499847833      999   426889    0
1499847834      1000   427889    0
1499847835      999   428888    0
1499847836      934   429822    0
1499847837      999   430821    0
1499847838      1000   431821    0
1499847839      950   432771    0
1499847840      999   433770    0
1499847841      1000   434770    0
1499847842      949   435719    0
1499847843      1000   436719    0
1499847844      999   437718    0
1499847845      950   438668    0
1499847846      999   439667    0
1499847847      907   440574    0
1499847848      999   441573    0
1499847849      1000   442573    0
1499847850      999   443572    0
1499847851      950   444522    0
1499847852      1000   445522    0
1499847853      999   446521    0
1499847854      949   447470    0
1499847855      999   448469    0
1499847856      1000   449469    0
1499847857      937   450406    0
1499847858      1000   451406    0
1499847859      999   452405    0
1499847860      1000   453405    0
1499847861      949   454354    0
1499847862      1000   455354    0
1499847863      999   456353    0
1499847864      938   457291    0
1499847865      1000   458291    0
1499847866      998   459289    0
1499847867      950   460239    0
1499847868      999   461238    0
1499847869      1000   462238    0
1499847870      999   463237    0
1499847871      924   464161    0
1499847872      999   465160    0
1499847873      1000   466160    0
1499847874      949   467109    0
1499847875      1000   468109    0
1499847876      999   469108    0
1499847877      951   470059    0
1499847878      1000   471059    0
1499847879      999   472058    0
1499847880      926   473055    0
1499847881      1006   474061    0
1499847882      997   475058    0
1499847883      999   476057    0
1499847884      951   477008    0
1499847885      1000   478008    0
1499847886      999   479007    0
1499847887      938   479945    0
1499847888      999   480944    0
1499847889      1000   481944    0
1499847890      948   482892    0
1499847891      1000   483892    0
1499847892      999   484891    0
1499847893      1000   485891    0
1499847894      939   486830    0
1499847895      1000   487830    0
1499847896      999   488829    0
1499847897      950   489779    0
1499847898      1000   490779    0
1499847899      999   491778    0
1499847900      950   492728    0
1499847901      999   493727    0
1499847902      1000   494727    0
1499847903      999   495726    0
1499847904      929   496655    0
1499847905      999   497654    0
1499847906      1000   498654    0
1499847907      950   499604    0
