1487712542      998   998    0.0104694
1487712543      1000   1998    0.0209599
1487712544      1000   2998    0.0314503
1487712545      970   3968    0.041626
1487712546      800   4768    0.0500183
1487712547      641   5510    0.0578022
1487712548      799   6309    0.066184
1487712549      778   7087    0.0743456
1487712550      594   7681    0.0805769
1487712551      658   8344    0.087532
1487712552      804   9148    0.0959663
1487712553      794   9942    0.104296
1487712554      601   10543    0.1106
1487712555      800   11343    0.118993
1487712556      666   12009    0.125979
1487712557      649   12783    0.134099
1487712558      808   13591    0.142575
1487712559      796   14387    0.150926
1487712560      592   14979    0.157136
1487712561      664   15643    0.164102
1487712562      803   16446    0.172525
1487712564      654   17222    0.180666
1487712565      797   18019    0.189027
1487712566      793   18812    0.197346
1487712567      587   19399    0.203504
1487712568      642   20056    0.210396
1487712569      802   20858    0.218809
1487712570      782   21640    0.227013
1487712571      590   22230    0.233202
1487712572      790   23020    0.241489
1487712573      659   23679    0.248403
1487712574      797   24476    0.256763
1487712575      545   25030    0.262575
1487712576      800   25830    0.270967
1487712577      752   26582    0.278856
1487712578      51   26635    0.279412
1487712579      650   27329    0.286693
1487712580      792   28121    0.295001
1487712581      797   28918    0.303362
1487712582      531   29469    0.309142
1487712583      800   30269    0.317534
1487712584      791   31060    0.325832
1487712585      657   31717    0.332725
1487712586      590   32307    0.338914
1487712587      803   33110    0.347338
1487712588      795   33905    0.355678
1487712589      583   34488    0.361794
1487712590      632   35137    0.368602
1487712591      706   35843    0.376008
1487712592      786   36629    0.384254
1487712593      576   37277    0.391051
1487712594      729   38006    0.398699
1487712595      760   38766    0.406672
1487712596      600   39366    0.412966
1487712597      618   40111    0.420781
1487712598      811   40922    0.429289
1487712599      728   41650    0.436926
1487712600      568   42251    0.443231
1487712601      672   42945    0.450511
1487712602      809   43754    0.458998
1487712603      794   44548    0.467327
1487712604      602   45150    0.473642
1487712605      688   45838    0.48086
1487712606      805   46643    0.489305
1487712607      620   47263    0.495809
1487712608      495   47758    0.501001
1487712609      612   48454    0.508303
1487712610      790   49244    0.51659
1487712611      716   49960    0.524101
1487712613      523   50594    0.530752
1487712614      671   51288    0.538033
1487712615      803   52091    0.546456
1487712616      755   52846    0.554377
1487712617      538   53428    0.560482
1487712618      813   54241    0.569011
1487712619      648   54889    0.575809
1487712620      798   55687    0.58418
1487712621      599   56286    0.590464
1487712622      801   57087    0.598866
1487712623      657   57867    0.607049
1487712624      671   58561    0.614329
1487712625      797   59358    0.62269
1487712626      796   60154    0.631041
1487712627      552   60706    0.636831
1487712628      801   61507    0.645234
1487712629      794   62301    0.653563
1487712630      646   62947    0.66034
1487712631      592   63539    0.666551
1487712632      803   64342    0.674974
1487712633      795   65137    0.683314
1487712634      585   65722    0.689451
1487712635      640   66369    0.696239
1487712636      803   67172    0.704662
1487712637      785   67957    0.712897
1487712638      552   68509    0.718688
1487712639      627   69136    0.725266
1487712640      712   69848    0.732735
1487712641      653   70501    0.739585
1487712642      788   71289    0.747851
1487712643      580   71878    0.75403
1487712644      800   72678    0.762423
1487712645      798   73476    0.770794
1487712646      562   74038    0.77669
1487712647      657   74712    0.78376
1487712648      802   75514    0.792173
1487712649      794   76308    0.800503
1487712650      576   76884    0.806545
1487712651      790   77674    0.814833
1487712652      659   78333    0.821746
1487712653      796   79129    0.830096
1487712654      574   79703    0.836118
1487712655      795   80498    0.844458
1487712656      773   81271    0.852567
1487712657      592   81863    0.858777
1487712658      647   82520    0.865669
1487712659      785   83305    0.873904
1487712660      786   84091    0.88215
1487712661      583   84674    0.888266
1487712662      797   85471    0.896626
1487712663      655   86126    0.903498
1487712664      790   86916    0.911785
1487712665      590   87506    0.917974
1487712666      797   88303    0.926335
1487712667      657   89099    0.934686
1487712668      668   89793    0.941966
1487712669      806   90599    0.950421
1487712670      683   91282    0.957586
1487712671      541   91933    0.964416
1487712672      785   92718    0.972651
1487712673      795   93513    0.98099
1487712674      655   94168    0.987862
1487712676      581   94767    0.994145
1487712677      799   95566    1.00253
1487712678      796   96362    1.01088
1487712679      566   96928    1.01682
1487712680      651   97601    1.02388
1487712681      720   98321    1.03143
1487712682      741   99062    1.0392
1487712683      619   99741    1.04632
1487712684      769   100510    1.05439
1487712685      797   101307    1.06275
1487712686      564   101871    1.06867
1487712687      593   102575    1.07605
1487712688      783   103358    1.08427
1487712689      743   104101    1.09206
1487712690      606   104715    1.0985
1487712691      663   105409    1.10578
1487712692      813   106222    1.11431
1487712693      657   107014    1.12262
1487712694      808   107822    1.1311
1487712695      659   108619    1.13946
1487712696      639   109313    1.14674
1487712697      806   110119    1.15519
1487712698      715   110834    1.16269
1487712699      582   111453    1.16919
1487712700      790   112243    1.17748
1487712701      774   113017    1.1856
1487712702      577   113594    1.19165
1487712704      624   114287    1.19892
1487712705      807   115094    1.20738
1487712706      712   115806    1.21485
1487712707      590   116427    1.22137
1487712708      671   117121    1.22865
1487712709      802   117923    1.23706
1487712710      791   118714    1.24536
1487712711      595   119309    1.2516
1487712712      802   120111    1.26001
1487712713      647   120866    1.26793
1487712714      649   121560    1.27522
1487712715      800   122360    1.28361
1487712716      795   123155    1.29195
1487712717      562   123717    1.29784
1487712718      795   124512    1.30618
1487712719      659   125171    1.3131
1487712720      795   125966    1.32144
1487712721      573   126539    1.32745
1487712722      804   127343    1.33588
1487712723      777   128120    1.34403
1487712724      586   128706    1.35018
1487712725      652   129368    1.35712
1487712726      789   130157    1.3654
1487712727      793   130950    1.37372
1487712728      507   131508    1.37957
1487712729      760   132268    1.38755
1487712730      401   132737    1.39247
1487712731      797   133534    1.40083
1487712732      783   134317    1.40904
1487712733      418   134735    1.41343
1487712734      585   135412    1.42053
1487712735      799   136211    1.42891
1487712736      647   136858    1.4357
1487712737      797   137655    1.44406
1487712738      581   138246    1.45026
1487712739      803   139049    1.45868
1487712740      797   139846    1.46704
1487712741      592   140438    1.47325
1487712742      618   141080    1.47999
1487712743      802   141882    1.4884
1487712744      785   142667    1.49664
1487712745      595   143262    1.50288
1487712746      790   144052    1.51117
1487712747      657   144709    1.51806
1487712748      801   145510    1.52646
1487712749      591   146101    1.53266
1487712750      799   146900    1.54104
1487712752      648   147659    1.549
1487712753      676   148353    1.55628
1487712754      803   149156    1.56471
1487712755      794   149950    1.57304
1487712756      587   150537    1.5792
1487712757      792   151329    1.5875
1487712758      656   152098    1.59557
1487712759      680   152792    1.60285
1487712760      798   153590    1.61122
1487712761      805   154395    1.61967
1487712762      603   154998    1.62599
1487712763      806   155804    1.63445
1487712764      211   156161    1.63819
1487712765      789   156950    1.64647
1487712766      802   157752    1.65488
1487712767      593   158345    1.66111
1487712768      806   159151    1.66956
1487712770      645   159906    1.67748
1487712771      672   160600    1.68476
1487712772      805   161405    1.69321
1487712773      741   162146    1.70098
1487712774      501   162740    1.70721
1487712775      798   163538    1.71558
1487712776      554   164092    1.72139
1487712777      782   164874    1.7296
1487712778      631   165574    1.73694
1487712779      791   166365    1.74524
1487712780      794   167159    1.75357
1487712781      576   167735    1.75961
1487712782      654   168408    1.76667
1487712783      802   169210    1.77508
1487712784      774   169984    1.7832
1487712785      507   170548    1.78912
1487712786      754   171302    1.79703
1487712787      569   171871    1.803
1487712788      752   172623    1.81089
1487712789      730   173353    1.81855
1487712790      558   173917    1.82446
1487712791      711   174628    1.83192
1487712792      765   175393    1.83995
1487712793      583   175976    1.84606
1487712794      647   176751    1.85419
1487712795      805   177556    1.86264
1487712796      790   178346    1.87092
1487712797      576   178922    1.87697
1487712798      652   179585    1.88392
1487712799      798   180383    1.89229
1487712800      796   181179    1.90064
1487712801      560   181739    1.90652
1487712802      797   182536    1.91488
1487712803      698   183234    1.9222
1487712804      651   183885    1.92903
1487712806      566   184559    1.9361
1487712807      787   185346    1.94436
1487712808      706   186052    1.95176
1487712809      596   186699    1.95855
1487712810      666   187393    1.96583
1487712811      708   188101    1.97326
1487712812      792   188893    1.98157
1487712813      604   189533    1.98828
1487712814      796   190329    1.99663
1487712815      791   191120    2.00493
1487712816      655   191775    2.0118
1487712817      583   192367    2.01801
1487712818      801   193168    2.02641
1487712819      797   193965    2.03477
1487712820      585   194550    2.04091
1487712821      640   195201    2.04774
1487712822      805   196006    2.05618
1487712823      796   196802    2.06454
1487712824      600   197402    2.07083
1487712825      806   198208    2.07928
1487712826      644   198946    2.08703
1487712827      679   199640    2.09431
1487712828      809   200449    2.10279
1487712829      667   201245    2.11114
1487712830      807   202052    2.11961
1487712831      670   202850    2.12798
1487712832      670   203544    2.13526
1487712833      806   204350    2.14372
1487712835      668   205149    2.1521
1487712836      815   205964    2.16065
1487712837      662   206754    2.16894
1487712838      677   207448    2.17622
1487712839      810   208258    2.18471
1487712840      662   209053    2.19305
1487712841      806   209859    2.20151
1487712842      665   210658    2.20989
1487712843      679   211352    2.21717
1487712844      809   212161    2.22566
1487712845      742   212903    2.23344
1487712846      581   213492    2.23962
1487712847      781   214273    2.24781
1487712848      398   214721    2.25251
1487712849      805   215526    2.26096
1487712850      779   216305    2.26913
1487712851      594   216899    2.27536
1487712852      794   217693    2.28369
1487712853      649   218466    2.2918
1487712855      671   219160    2.29908
1487712856      806   219966    2.30754
1487712857      662   220765    2.31592
1487712858      804   221569    2.32435
1487712859      797   222366    2.33271
1487712860      660   223026    2.33964
1487712861      587   223613    2.34579
1487712862      802   224415    2.35421
1487712863      197   224669    2.35687
1487712864      804   225473    2.36531
1487712865      792   226265    2.37361
1487712866      654   226919    2.38048
1487712867      580   227503    2.3866
1487712868      803   228306    2.39503
1487712869      797   229103    2.40339
1487712870      584   229687    2.40951
1487712871      648   230337    2.41633
1487712872      805   231142    2.42478
1487712873      714   231856    2.43227
1487712874      548   232477    2.43878
1487712875      770   233247    2.44686
1487712876      782   234029    2.45506
1487712877      652   234681    2.4619
1487712878      518   235311    2.46851
1487712879      715   236026    2.47601
1487712880      782   236808    2.48421
1487712881      569   237451    2.49096
1487712883      660   238145    2.49824
1487712884      805   238950    2.50669
1487712885      796   239746    2.51504
1487712886      593   240339    2.52126
1487712887      797   241136    2.52962
1487712888      647   241890    2.53753
1487712889      669   242584    2.54481
1487712890      795   243379    2.55315
1487712891      712   244091    2.56062
1487712892      542   244724    2.56726
1487712893      809   245533    2.57574
1487712894      419   245952    2.58014
1487712895      677   246629    2.58724
1487712896      790   247419    2.59553
1487712897      543   248093    2.6026
1487712898      718   248811    2.61013
1487712899      723   249534    2.61772
