1484557864      1454   1456    0.0111084
1484557865      1459   2916    0.0222473
1484557866      1409   4326    0.0330048
1484557867      1438   5764    0.0439758
1484557868      973   6871    0.0524216
1484557869      1070   7941    0.060585
1484557870      882   9016    0.0687866
1484557871      1220   10236    0.0780945
1484557872      606   10881    0.0830154
1484557873      1224   12105    0.0923538
1484557874      818   13026    0.0993805
1484557875      1224   14250    0.108719
1484557877      811   15171    0.115746
1484557878      838   16321    0.124519
1484557879      1223   17544    0.13385
1484557880      804   18466    0.140884
1484557881      1225   19691    0.15023
1484557882      834   20611    0.157249
1484557884      869   21761    0.166023
1484557885      1220   22981    0.175331
1484557886      828   23906    0.182388
1484557887      1230   25136    0.191772
1484557888      828   26051    0.198753
1484557889      827   27201    0.207527
1484557890      1224   28425    0.216866
1484557891      931   29356    0.223969
1484557892      1046   30402    0.231949
1484557893      882   31491    0.240257
1484557895      866   32641    0.249031
1484557896      1230   33871    0.258415
1484557897      803   34786    0.265396
1484557898      1026   35812    0.273224
1484557899      949   36931    0.281761
1484557900      1144   38075    0.290489
1484557901      690   38796    0.29599
1484557902      1231   40027    0.305382
1484557903      826   40941    0.312355
1484557904      1214   42155    0.321617
1484557905      821   43086    0.32872
1484557906      927   44013    0.335793
1484557907      937   44951    0.342949
1484557908      1016   45967    0.3507
1484557909      996   47096    0.359314
1484557910      1227   48323    0.368675
1484557912      602   48961    0.373543
1484557913      1226   50187    0.382896
1484557914      810   51106    0.389908
1484557915      1210   52317    0.399147
1484557916      815   53251    0.406273
1484557917      1006   54257    0.413948
1484557918      870   55127    0.420586
1484557919      1223   56350    0.429916
1484557920      932   57282    0.437027
1484557921      993   58275    0.444603
1484557922      987   59406    0.453232
1484557923      703   60109    0.458595
1484557924      895   61271    0.467461
1484557925      1230   62501    0.476845
1484557926      815   63416    0.483826
1484557927      1028   64444    0.491669
1484557928      873   65317    0.498329
1484557929      1012   66329    0.50605
1484557931      869   67426    0.51442
1484557932      1227   68653    0.523781
1484557933      802   69571    0.530785
1484557934      1110   70681    0.539253
1484557935      649   71436    0.545013
1484557936      1036   72472    0.552917
1484557937      988   73581    0.561378
1484557938      1019   74600    0.569153
1484557939      894   75726    0.577744
1484557940      955   76681    0.58503
1484557941      831   77591    0.591972
1484557942      1218   78809    0.601265
1484557944      828   79736    0.608337
1484557945      1027   80763    0.616173
1484557946      801   81601    0.622566
1484557947      1229   82830    0.631943
1484557948      828   83746    0.638931
1484557949      1229   84975    0.648308
1484557950      831   85891    0.655296
1484557951      1110   87001    0.663765
1484557952      709   87756    0.669525
1484557953      1221   88977    0.678841
1484557954      819   89901    0.68589
1484557955      1230   91131    0.695274
1484557956      845   92046    0.702255
1484557957      867   93196    0.711029
1484557958      1224   94420    0.720367
1484557959      844   95341    0.727394
1484557960      1210   96551    0.736626
1484557962      864   97486    0.743759
1484557963      970   98636    0.752533
1484557964      1103   99739    0.760948
1484557965      904   100781    0.768898
1484557966      1231   102012    0.77829
1484557967      846   102926    0.785263
1484557968      1131   104057    0.793892
1484557969      945   105002    0.801102
1484557970      1104   106106    0.809525
1484557971      936   107042    0.816666
1484557972      1103   108145    0.825081
1484557973      612   108801    0.830086
1484557974      1225   110026    0.839432
1484557975      820   110946    0.846451
1484557976      1142   112088    0.855164
1484557977      931   113091    0.862816
1484557978      1096   114187    0.871178
1484557979      853   115040    0.877686
1484557980      1008   116048    0.885376
1484557981      921   117101    0.89341
1484557982      1177   118278    0.90239
1484557983      945   119246    0.909775
1484557984      848   120094    0.916245
1484557986      853   121111    0.924004
1484557987      1210   122321    0.933235
1484557988      819   123256    0.940369
1484557989      1232   124488    0.949768
1484557990      601   125121    0.954597
1484557991      1225   126346    0.963943
1484557992      856   127266    0.970963
1484557993      1232   128498    0.980362
1484557994      856   129411    0.987328
1484557995      664   130126    0.992783
1484557996      899   131025    0.999641
1484557997      943   131991    1.00701
1484557998      1229   133220    1.01639
1484557999      951   134171    1.02364
1484558000      1222   135393    1.03297
1484558001      879   136272    1.03967
1484558002      1010   137431    1.04852
1484558003      1232   138663    1.05791
1484558004      935   139598    1.06505
1484558005      1216   140814    1.07433
1484558006      874   141688    1.08099
1484558007      1016   142871    1.09002
1484558008      1233   144104    1.09943
1484558009      944   145048    1.10663
1484558010      1227   146275    1.11599
1484558011      876   147151    1.12267
1484558012      1012   148311    1.13152
1484558013      1228   149539    1.14089
1484558014      942   150481    1.14808
1484558015      1220   151701    1.15739
1484558016      862   152563    1.16396
1484558018      1015   153751    1.17303
1484558019      1229   154980    1.1824
1484558020      941   155921    1.18958
1484558021      1216   157137    1.19886
1484558022      878   158015    1.20556
1484558023      1009   159191    1.21453
1484558024      1230   160421    1.22392
1484558025      943   161364    1.23111
1484558026      1216   162580    1.24039
1484558027      520   163100    1.24435
1484558028      877   163977    1.25105
1484558029      1226   165203    1.2604
1484558030      940   166143    1.26757
1484558031      1222   167365    1.27689
1484558032      947   168312    1.28412
1484558033      935   169356    1.29208
1484558034      1223   170579    1.30141
1484558035      941   171520    1.30859
1484558036      1227   172747    1.31796
1484558037      935   173682    1.32509
1484558038      958   174796    1.33359
1484558039      1230   176026    1.34297
1484558040      944   176970    1.35017
1484558041      1223   178193    1.3595
1484558042      939   179132    1.36667
1484558043      956   180236    1.37509
1484558044      1225   181461    1.38444
1484558045      941   182402    1.39162
1484558046      1226   183628    1.40097
1484558047      939   184567    1.40813
1484558048      955   185676    1.4166
1484558049      1221   186897    1.42591
1484558050      937   187834    1.43306
1484558051      1218   189052    1.44235
1484558053      822   189966    1.44933
1484558054      857   191116    1.4581
1484558055      1228   192344    1.46747
1484558056      812   193261    1.47446
1484558057      1230   194491    1.48385
1484558058      823   195406    1.49083
1484558059      964   196556    1.4996
1484558060      1027   197583    1.50744
1484558062      888   198701    1.51597
1484558063      1225   199926    1.52531
1484558064      732   200846    1.53233
1484558065      1052   201898    1.54036
1484558066      777   202711    1.54656
1484558067      1220   203931    1.55587
1484558068      827   204856    1.56293
1484558069      1230   206087    1.57232
1484558070      664   206751    1.57738
1484558071      1218   207969    1.58668
1484558072      798   208866    1.59352
1484558073      1228   210094    1.60289
1484558074      816   211011    1.60989
1484558076      825   212161    1.61866
1484558077      1231   213392    1.62805
1484558078      814   214306    1.63503
1484558079      1228   215534    1.64439
1484558080      815   216451    1.65139
1484558081      1095   217546    1.65974
1484558082      651   218316    1.66562
1484558083      1228   219544    1.67499
1484558084      824   220461    1.68198
1484558085      1010   221471    1.68969
1484558086      894   222606    1.69835
1484558087      927   223533    1.70542
1484558089      832   224471    1.71258
1484558090      1232   225704    1.72198
1484558091      803   226616    1.72894
1484558092      1230   227846    1.73833
1484558093      653   228499    1.74331
1484558094      1149   229648    1.75208
1484558095      879   230626    1.75954
1484558096      1228   231854    1.76891
1484558097      818   232771    1.7759
1484558098      777   233921    1.78468
1484558099      1214   235135    1.79394
1484558101      827   236066    1.80104
1484558102      1231   237297    1.81043
1484558103      808   238211    1.81741
1484558104      827   239361    1.82618
1484558105      1230   240591    1.83556
1484558106      809   241506    1.84254
1484558107      1227   242733    1.85191
1484558108      827   243651    1.85891
1484558110      808   244801    1.86768
1484558111      1225   246026    1.87703
1484558112      804   246946    1.88405
1484558113      1229   248175    1.89342
1484558114      832   249091    1.90041
1484558115      960   250241    1.90919
1484558116      1001   251242    1.91682
1484558117      892   252386    1.92555
1484558118      1216   253602    1.93483
1484558120      821   254531    1.94192
1484558121      957   255681    1.95069
1484558122      1051   256732    1.95871
1484558123      881   257826    1.96706
1484558124      570   258541    1.97251
1484558125      1206   259747    1.98171
1484558126      841   260686    1.98888
1484558128      964   261836    1.99765
1484558129      1050   262886    2.00566
1484558130      890   263981    2.01402
1484558131      1223   265204    2.02335
1484558132      813   266126    2.03038
1484558133      868   267276    2.03915
1484558134      1225   268501    2.0485
1484558135      908   269421    2.05552
1484558136      1084   270505    2.06379
1484558137      863   271566    2.07188
1484558139      964   272716    2.08066
1484558140      1027   273743    2.08849
1484558141      890   274861    2.09702
1484558142      1226   276087    2.10638
1484558143      829   277006    2.11339
1484558144      865   278156    2.12216
1484558145      1229   279385    2.13154
1484558146      832   280301    2.13853
1484558147      1214   281515    2.14779
1484558149      841   282446    2.15489
1484558150      868   283596    2.16367
1484558151      1225   284821    2.17301
1484558152      810   285741    2.18003
1484558153      1220   286961    2.18934
1484558154      838   287886    2.1964
1484558155      966   288852    2.20377
1484558156      826   289751    2.21062
1484558157      1109   290860    2.21909
1484558158      857   291896    2.22699
1484558159      1230   293126    2.23637
1484558160      598   293761    2.24122
1484558161      1230   294991    2.2506
1484558163      804   295906    2.25758
1484558164      1224   297130    2.26692
1484558165      817   298051    2.27395
1484558166      812   299201    2.28272
1484558167      1220   300421    2.29203
1484558168      810   301346    2.29909
1484558169      1227   302573    2.30845
1484558170      834   303491    2.31545
1484558172      957   304641    2.32423
1484558173      1223   305864    2.33356
1484558174      831   306786    2.34059
1484558175      1224   308010    2.34993
1484558176      812   308931    2.35696
1484558177      826   310081    2.36573
1484558178      1231   311312    2.37512
1484558179      823   312226    2.3821
1484558180      1231   313457    2.39149
1484558181      831   314371    2.39846
1484558182      1002   315373    2.40611
1484558183      867   316240    2.41272
1484558184      1017   317257    2.42048
1484558186      890   318381    2.42905
1484558187      1225   319606    2.4384
1484558188      809   320526    2.44542
1484558189      921   321447    2.45245
1484558190      843   322391    2.45965
1484558191      1227   323618    2.46901
1484558192      835   324536    2.47601
1484558193      1219   325755    2.48531
1484558194      659   326414    2.49034
1484558195      1223   327637    2.49967
1484558196      805   328546    2.50661
1484558197      993   329539    2.51418
1484558198      902   330691    2.52297
1484558200      969   331841    2.53175
1484558201      1017   332858    2.53951
1484558202      879   333986    2.54811
1484558203      1216   335202    2.55739
1484558204      813   336131    2.56448
1484558205      958   337281    2.57325
1484558206      1050   338331    2.58126
1484558207      981   339426    2.58961
1484558208      1021   340447    2.5974
1484558210      872   341571    2.60598
1484558211      962   342721    2.61475
1484558212      990   343711    2.62231
1484558213      879   344866    2.63112
1484558214      1211   346077    2.64036
1484558215      809   347011    2.64748
1484558216      1120   348131    2.65603
1484558218      642   348876    2.66171
1484558219      987   349863    2.66924
1484558220      996   351021    2.67808
1484558221      999   352020    2.6857
1484558222      960   353166    2.69444
1484558223      744   353910    2.70012
1484558224      866   355031    2.70867
1484558225      1218   356249    2.71796
1484558226      795   357176    2.72504
1484558227      1218   358394    2.73433
1484558228      564   359041    2.73927
1484558229      1219   360260    2.74857
1484558231      843   361186    2.75563
1484558232      1225   362411    2.76498
1484558233      833   363331    2.772
1484558234      1074   364405    2.78019
1484558235      713   365196    2.78622
1484558236      1205   366401    2.79542
1484558237      803   367341    2.80259
1484558238      1212   368553    2.81184
1484558239      846   369486    2.81895
1484558240      962   370636    2.82773
1484558241      1138   371774    2.83641
1484558242      910   372781    2.84409
1484558243      1087   373868    2.85239
1484558245      841   374926    2.86046
1484558246      1146   376072    2.8692
1484558247      575   376791    2.87469
1484558248      1212   378003    2.88393
1484558249      801   378936    2.89105
1484558250      1092   380028    2.89938
1484558251      812   380840    2.90558
1484558252      1203   382043    2.91476
1484558253      932   382975    2.92187
1484558254      940   383915    2.92904
1484558255      998   385091    2.93801
1484558257      785   386241    2.94678
1484558258      1216   387457    2.95606
1484558259      815   388386    2.96315
1484558260      1182   389568    2.97217
1484558261      941   390531    2.97952
1484558262      951   391681    2.98829
1484558263      1208   392889    2.99751
1484558264      925   393826    3.00465
1484558265      1217   395043    3.01394
1484558266      925   395971    3.02102
1484558267      959   397121    3.02979
1484558268      1214   398335    3.03905
1484558269      918   399266    3.04616
1484558270      1190   400456    3.05524
1484558271      924   401411    3.06252
1484558273      950   402561    3.0713
1484558274      1222   403783    3.08062
1484558275      926   404709    3.08768
1484558276      1221   405930    3.097
1484558277      916   406851    3.10403
1484558278      944   408001    3.1128
1484558279      1222   409223    3.12212
1484558280      932   410155    3.12923
1484558281      1216   411371    3.13851
1484558282      924   412295    3.14556
1484558283      767   413441    3.1543
1484558284      1213   414654    3.16356
1484558285      924   415586    3.17067
1484558286      1210   416796    3.1799
1484558287      929   417731    3.18703
1484558288      962   418881    3.19581
1484558289      1217   420098    3.20509
1484558290      916   421026    3.21217
1484558291      1223   422249    3.2215
1484558292      919   423171    3.22854
1484558294      960   424321    3.23731
1484558295      1225   425546    3.24666
1484558296      906   426466    3.25368
1484558297      1223   427689    3.26301
1484558298      908   428611    3.27004
1484558299      955   429761    3.27882
1484558300      1222   430983    3.28814
1484558301      912   431906    3.29518
1484558302      1219   433125    3.30448
1484558303      924   434051    3.31155
1484558304      962   435201    3.32032
1484558305      1150   436351    3.32909
1484558306      947   437346    3.33669
1484558307      1204   438550    3.34587
1484558308      924   439491    3.35305
1484558309      957   440641    3.36182
1484558310      1222   441863    3.37115
1484558311      901   442786    3.37819
1484558312      1208   443994    3.38741
1484558313      909   444931    3.39455
1484558314      1080   446011    3.40279
1484558315      859   446870    3.40935
1484558316      1216   448086    3.41862
1484558317      922   449008    3.42566
1484558318      1210   450218    3.43489
1484558319      917   451135    3.44189
1484558321      947   452236    3.45029
1484558322      1225   453461    3.45963
1484558323      898   454381    3.46665
1484558324      1229   455610    3.47603
1484558325      916   456526    3.48302
1484558326      1145   457671    3.49175
1484558327      927   458598    3.49883
1484558328      1201   459799    3.50799
1484558329      869   460668    3.51462
1484558330      1223   461891    3.52395
1484558331      785   462676    3.52994
1484558332      1006   463831    3.53875
1484558333      1224   465055    3.54809
1484558334      870   465976    3.55511
1484558335      1221   467197    3.56443
1484558336      834   468031    3.57079
1484558337      1130   469161    3.57941
1484558338      819   469986    3.58571
1484558339      1232   471218    3.59511
1484558340      857   472131    3.60207
1484558341      947   473281    3.61085
1484558342      1207   474488    3.62006
1484558343      928   475426    3.62721
1484558344      1204   476630    3.6364
1484558345      866   477571    3.64358
1484558346      970   478721    3.65235
1484558347      1093   479814    3.66069
1484558349      844   480866    3.66872
1484558350      1216   482082    3.67799
1484558351      820   483011    3.68508
1484558352      1096   484107    3.69344
1484558353      722   484876    3.69931
1484558354      1230   486106    3.70869
1484558355      760   487021    3.71568
1484558356      1129   488150    3.72429
1484558357      835   489166    3.73204
1484558358      836   490002    3.73842
1484558359      944   491031    3.74627
1484558360      1015   492046    3.75401
1484558361      961   493176    3.76263
1484558362      1042   494218    3.77058
1484558363      813   495041    3.77686
1484558364      908   495949    3.78379
1484558365      1099   497048    3.79218
1484558367      736   497901    3.79868
1484558368      1142   499043    3.8074
1484558369      908   499951    3.81432
