1484746995      1461   1461    0.0111465
1484746996      1334   2795    0.0213242
1484746997      1462   4257    0.0324783
1484746998      1404   5661    0.04319
1484746999      855   6516    0.0497131
1484747001      806   7496    0.0571899
1484747002      989   8485    0.0647354
1484747003      865   9641    0.073555
1484747004      931   10701    0.0816422
1484747005      956   11657    0.0889359
1484747006      1154   12811    0.0977402
1484747007      689   13561    0.103462
1484747008      1177   14738    0.112442
1484747009      959   15697    0.119759
1484747010      702   16399    0.125114
1484747011      906   17481    0.133369
1484747012      1036   18517    0.141273
1484747014      810   19626    0.149734
1484747015      1209   20835    0.158958
1484747016      641   21476    0.163849
1484747017      936   22412    0.17099
1484747018      893   23546    0.179642
1484747019      1038   24584    0.187561
1484747020      912   25496    0.194519
1484747021      704   26406    0.201462
1484747022      782   27188    0.207428
1484747023      819   28181    0.215004
1484747025      620   28896    0.220459
1484747026      1169   30065    0.229378
1484747027      798   31041    0.236824
1484747028      975   32016    0.244263
1484747029      837   32853    0.250648
1484747030      1002   33855    0.258293
1484747031      1012   34867    0.266014
1484747032      726   35676    0.272186
1484747033      1200   36876    0.281342
1484747034      665   37541    0.286415
1484747035      973   38514    0.293839
1484747036      942   39596    0.302094
1484747037      985   40581    0.309608
1484747038      902   41741    0.318459
1484747040      832   42801    0.326546
1484747041      1177   43978    0.335526
1484747042      804   44946    0.342911
1484747043      1139   46085    0.351601
1484747044      864   47091    0.359276
1484747045      1002   48093    0.36692
1484747046      720   48866    0.372818
1484747047      1173   50039    0.381767
1484747048      829   51011    0.389183
1484747049      1200   52211    0.398338
1484747050      813   53156    0.405548
1484747051      938   54094    0.412704
1484747053      718   54931    0.41909
1484747054      1116   56047    0.427605
1484747055      823   57076    0.435455
1484747056      843   57919    0.441887
1484747057      831   58851    0.448997
1484747058      988   59839    0.456535
1484747059      997   60836    0.464142
1484747060      671   61711    0.470818
1484747061      989   62700    0.478363
1484747062      1125   63825    0.486946
1484747063      692   64517    0.492226
1484747064      1003   65520    0.499878
1484747065      683   66346    0.50618
1484747066      1073   67419    0.514366
1484747067      1046   68465    0.522346
1484747069      650   69206    0.528
1484747070      826   70266    0.536087
1484747071      961   71227    0.543419
1484747072      1102   72329    0.551826
1484747073      764   73126    0.557907
1484747074      983   74109    0.565407
1484747075      421   74556    0.568817
1484747076      331   74901    0.571449
1484747077      748   75649    0.577156
1484747078      915   76564    0.584137
1484747079      1048   77612    0.592133
1484747080      670   78476    0.598724
1484747081      1043   79519    0.606682
1484747083      611   80251    0.612267
1484747084      1077   81328    0.620483
1484747085      836   82396    0.628632
1484747086      1076   83472    0.636841
1484747087      1059   84531    0.64492
1484747088      667   85256    0.650452
1484747089      815   86316    0.658539
1484747090      1091   87407    0.666862
1484747091      983   88390    0.674362
1484747092      641   89176    0.680359
1484747093      1146   90322    0.689102
1484747095      511   90951    0.693901
1484747096      1036   91987    0.701805
1484747097      1041   93028    0.709747
1484747098      679   93811    0.715721
1484747099      1130   94941    0.724342
1484747100      789   95956    0.732086
1484747101      790   97016    0.740173
1484747102      1010   98026    0.747879
1484747104      864   99161    0.756538
1484747105      1090   100251    0.764854
1484747106      844   101306    0.772903
1484747107      812   102366    0.780991
1484747108      1008   103374    0.788681
1484747109      1083   104457    0.796944
1484747110      692   105226    0.802811
1484747111      986   106212    0.810333
1484747113      612   107001    0.816353
1484747114      1155   108156    0.825165
1484747115      897   109146    0.832718
1484747116      1094   110240    0.841064
1484747117      811   111291    0.849083
1484747118      849   112351    0.85717
1484747119      1011   113362    0.864883
1484747120      1086   114448    0.873169
1484747121      657   115211    0.87899
1484747122      1082   116293    0.887245
1484747124      907   117356    0.895355
1484747125      801   118416    0.903442
1484747126      1064   119480    0.91156
1484747127      1058   120538    0.919632
1484747128      692   121276    0.925262
1484747129      1005   122281    0.93293
1484747130      766   123051    0.938805
1484747131      1116   124167    0.947319
1484747132      963   125130    0.954666
1484747133      748   125911    0.960625
1484747134      1169   127080    0.969543
1484747135      883   128056    0.97699
1484747136      826   129116    0.985077
1484747137      1074   130190    0.993271
1484747139      889   131261    1.00144
1484747140      1143   132404    1.01016
1484747141      794   133406    1.01781
1484747142      886   134466    1.02589
1484747143      1168   135634    1.03481
1484747144      782   136611    1.04226
1484747145      1060   137671    1.05035
1484747147      892   138756    1.05862
1484747148      531   139287    1.06268
1484747149      987   140274    1.07021
1484747150      789   141246    1.07762
1484747151      1158   142404    1.08646
1484747152      835   143391    1.09399
1484747153      856   144451    1.10207
1484747154      1128   145579    1.11068
1484747155      873   146596    1.11844
1484747156      1074   147670    1.12663
1484747158      793   148741    1.1348
1484747159      878   149801    1.14289
1484747160      1053   150854    1.15092
1484747161      897   151946    1.15926
1484747162      1165   153111    1.16814
1484747163      833   154091    1.17562
1484747164      1053   155144    1.18365
1484747165      716   155866    1.18916
1484747166      1103   156969    1.19758
1484747168      852   158011    1.20553
1484747169      1081   159092    1.21378
1484747170      898   160156    1.22189
1484747171      890   161216    1.22998
1484747172      996   162212    1.23758
1484747173      1064   163276    1.2457
1484747174      701   164076    1.2518
1484747175      1121   165197    1.26035
1484747176      687   165884    1.26559
1484747177      977   166861    1.27305
1484747178      540   167401    1.27717
1484747179      1143   168544    1.28589
1484747180      776   169426    1.29262
1484747181      1096   170522    1.30098
1484747182      750   171272    1.3067
1484747183      988   172260    1.31424
1484747185      808   173346    1.32253
1484747186      956   174302    1.32982
1484747187      871   175491    1.33889
1484747188      876   176551    1.34698
1484747189      1057   177608    1.35504
1484747191      804   178696    1.36334
1484747192      1190   179886    1.37242
1484747193      761   180841    1.37971
1484747194      1047   181888    1.3877
1484747195      680   182616    1.39325
1484747196      1076   183692    1.40146
1484747197      1064   184756    1.40958
1484747198      708   185476    1.41507
1484747199      1012   186488    1.42279
1484747200      664   187251    1.42861
1484747201      983   188234    1.43611
1484747202      966   189200    1.44348
1484747204      541   190111    1.45043
1484747205      980   191091    1.45791
1484747206      864   192256    1.4668
1484747207      983   193239    1.4743
1484747208      629   194031    1.48034
1484747209      594   194746    1.48579
1484747210      970   195716    1.49319
1484747211      1088   196804    1.5015
1484747213      659   197606    1.50761
1484747214      844   198666    1.5157
1484747215      885   199551    1.52245
1484747216      1173   200724    1.5314
1484747217      607   201526    1.53752
1484747218      977   202503    1.54498
1484747219      678   203301    1.55106
1484747220      1059   204360    1.55914
1484747222      808   205446    1.56743
1484747223      933   206379    1.57455
1484747224      1075   207454    1.58275
1484747225      709   208306    1.58925
1484747226      810   209366    1.59734
1484747227      1051   210417    1.60535
1484747228      1010   211427    1.61306
1484747229      683   212226    1.61916
1484747230      1074   213300    1.62735
1484747232      684   214001    1.6327
1484747233      995   214996    1.64029
1484747234      1126   216122    1.64888
1484747234      295   216417    1.65113
1484747235      1078   217495    1.65936
1484747237      668   218291    1.66543
1484747238      1041   219332    1.67337
1484747239      709   220066    1.67897
1484747240      1027   221093    1.68681
1484747241      958   222051    1.69411
1484747242      738   222926    1.70079
1484747243      1145   224071    1.70953
1484747244      759   224830    1.71532
1484747245      955   225785    1.7226
1484747246      894   226679    1.72942
1484747247      803   227561    1.73615
1484747248      1128   228689    1.74476
1484747249      771   229706    1.75252
1484747251      826   230766    1.7606
1484747252      1060   231826    1.76869
1484747253      968   232794    1.77608
1484747254      743   233626    1.78242
1484747255      1045   234671    1.7904
1484747256      710   235401    1.79597
1484747257      1007   236408    1.80365
1484747258      1021   237429    1.81144
1484747259      685   238261    1.81779
1484747260      1008   239269    1.82548
1484747261      1100   240369    1.83387
1484747262      796   241165    1.83994
1484747263      809   242181    1.84769
1484747264      1110   243291    1.85616
1484747265      920   244211    1.86318
1484747266      753   245041    1.86951
1484747267      1052   246093    1.87754
1484747268      677   246816    1.88306
1484747269      1035   247851    1.89095
1484747270      947   248798    1.89818
1484747272      769   249676    1.90488
1484747273      703   250391    1.91033
1484747274      952   251343    1.91759
1484747275      743   252086    1.92326
1484747276      641   252881    1.92933
1484747277      961   253842    1.93666
1484747278      975   254817    1.9441
1484747279      683   255741    1.95115
1484747280      858   256801    1.95924
1484747281      1050   257851    1.96725
1484747282      929   258780    1.97433
1484747283      789   259661    1.98106
1484747284      1106   260767    1.98949
1484747286      818   261806    1.99742
1484747287      908   262714    2.00435
1484747288      783   263581    2.01096
1484747289      1151   264732    2.01974
1484747290      850   265726    2.02733
1484747291      938   266664    2.03448
1484747292      785   267501    2.04087
1484747293      1075   268576    2.04907
1484747294      883   269646    2.05724
1484747295      1108   270754    2.06569
1484747296      924   271678    2.07274
1484747297      749   272506    2.07906
1484747299      888   273566    2.08714
1484747300      971   274537    2.09455
1484747301      986   275523    2.10207
1484747302      733   276426    2.10896
1484747303      1172   277598    2.1179
1484747304      588   278201    2.12251
1484747305      960   279161    2.12983
1484747306      434   279631    2.13342
1484747307      1043   280674    2.14137
1484747308      1040   281714    2.14931
1484747309      720   282491    2.15524
1484747310      971   283462    2.16264
1484747311      675   284266    2.16878
1484747312      1118   285384    2.17731
1484747313      1017   286401    2.18507
1484747314      657   287126    2.1906
1484747315      1063   288189    2.19871
1484747316      738   288927    2.20434
1484747317      1012   289939    2.21206
1484747318      1079   291018    2.22029
1484747320      626   291761    2.22596
1484747321      1151   292912    2.23474
1484747322      837   293906    2.24232
1484747323      827   294966    2.25041
1484747324      925   295891    2.25747
1484747325      1056   296947    2.26553
1484747326      770   297826    2.27223
1484747327      1153   298979    2.28103
1484747328      664   299643    2.28609
1484747329      794   300437    2.29215
1484747330      1147   301584    2.3009
1484747331      813   302461    2.30759
1484747332      996   303457    2.31519
1484747333      1067   304524    2.32333
1484747334      716   305240    2.3288
1484747335      1066   306306    2.33693
1484747336      686   307096    2.34296
1484747337      980   308076    2.35043
1484747338      1085   309161    2.35871
1484747339      770   309956    2.36478
1484747341      875   311016    2.37286
1484747342      1095   312111    2.38122
1484747343      864   313161    2.38923
1484747344      987   314148    2.39676
1484747345      1040   315188    2.40469
1484747346      718   315906    2.41017
1484747347      1017   316923    2.41793
1484747348      790   317796    2.42459
1484747349      1140   318936    2.43329
1484747350      825   319941    2.44096
1484747351      823   321001    2.44904
1484747352      967   321968    2.45642
1484747353      1050   323018    2.46443
1484747355      732   323861    2.47086
1484747356      1094   324955    2.47921
1484747357      799   326006    2.48723
1484747358      983   326989    2.49473
1484747359      639   327781    2.50077
1484747360      994   328775    2.50835
1484747361      981   329756    2.51584
1484747362      698   330641    2.52259
1484747363      985   331626    2.53011
1484747365      582   332416    2.53613
1484747366      968   333384    2.54352
1484747367      932   334316    2.55063
1484747368      747   335276    2.55795
1484747369      1044   336320    2.56592
1484747370      693   337051    2.5715
1484747371      931   337982    2.5786
1484747372      1015   338997    2.58634
1484747373      753   339911    2.59332
1484747374      1170   341081    2.60224
1484747376      795   342056    2.60968
1484747377      792   343116    2.61777
1484747378      904   344020    2.62466
1484747379      1085   345105    2.63294
1484747380      754   345976    2.63959
1484747381      1046   347022    2.64757
1484747382      695   347751    2.65313
1484747383      1015   348766    2.66087
1484747384      990   349756    2.66843
1484747385      733   350611    2.67495
1484747386      1067   351678    2.68309
1484747387      1035   352713    2.69099
1484747388      655   353368    2.69598
1484747389      1008   354376    2.70367
1484747390      687   355246    2.71031
1484747391      1039   356285    2.71824
1484747392      1056   357341    2.7263
1484747393      786   358127    2.73229
1484747395      892   359166    2.74022
1484747396      945   360111    2.74743
1484747397      1107   361218    2.75587
1484747398      717   362026    2.76204
1484747399      1029   363055    2.76989
1484747400      652   363801    2.77558
1484747401      900   364701    2.78245
1484747402      995   365696    2.79004
1484747403      750   366661    2.7974
1484747404      1002   367663    2.80505
1484747405      1130   368793    2.81367
1484747406      340   369151    2.8164
1484747407      1004   370155    2.82406
1484747408      1125   371280    2.83264
1484747409      661   372011    2.83822
1484747410      1036   373047    2.84612
1484747411      1009   374056    2.85382
1484747412      400   374501    2.85722
1484747413      894   375395    2.86404
1484747414      1058   376453    2.87211
1484747416      715   377361    2.87904
1484747417      1001   378362    2.88667
1484747418      923   379285    2.89371
1484747419      555   379851    2.89803
1484747420      985   380836    2.90555
1484747421      1018   381854    2.91331
1484747422      737   382711    2.91985
1484747423      996   383707    2.92745
1484747424      975   384682    2.93489
1484747425      445   385201    2.93885
1484747426      840   386041    2.94526
1484747427      1006   387047    2.95293
1484747428      955   388002    2.96022
1484747429      593   388776    2.96613
1484747430      889   389665    2.97291
1484747431      882   390547    2.97964
1484747433      618   391266    2.98512
1484747434      1054   392320    2.99316
1484747435      995   393315    3.00076
1484747436      702   394126    3.00694
1484747437      979   395105    3.01441
1484747438      691   395901    3.02048
1484747439      1018   396919    3.02825
1484747440      1025   397944    3.03607
1484747441      678   398761    3.0423
1484747442      849   399610    3.04878
1484747443      943   400553    3.05598
1484747444      651   401251    3.0613
1484747445      936   402187    3.06844
1484747446      1016   403203    3.07619
1484747447      733   404111    3.08312
1484747448      1060   405171    3.09121
1484747449      980   406151    3.09869
1484747450      624   406775    3.10345
1484747451      897   407672    3.11029
1484747452      995   408667    3.11788
1484747454      665   409461    3.12394
1484747455      1066   410527    3.13207
1484747456      893   411420    3.13889
1484747457      575   411995    3.14327
1484747458      914   412909    3.15025
1484747459      1032   413941    3.15812
1484747460      696   414811    3.16476
1484747461      1002   415813    3.1724
1484747462      892   416705    3.17921
1484747463      564   417301    3.18375
1484747464      812   418113    3.18995
1484747465      966   419079    3.19732
1484747466      987   420066    3.20485
1484747467      658   420876    3.21103
1484747468      1172   422048    3.21997
1484747469      577   422651    3.22457
1484747470      969   423620    3.23196
1484747471      1021   424641    3.23975
1484747472      669   425511    3.24639
1484747473      781   426292    3.25235
1484747474      850   427142    3.25883
1484747475      800   427942    3.26494
1484747477      579   428716    3.27084
1484747478      1022   429738    3.27864
1484747479      1036   430774    3.28654
1484747480      693   431576    3.29266
1484747481      782   432358    3.29863
1484747482      749   433351    3.30621
1484747483      858   434209    3.31275
1484747484      1074   435283    3.32095
1484747485      763   436211    3.32803
1484747486      1019   437230    3.3358
1484747487      867   438097    3.34241
1484747488      592   438701    3.34702
1484747489      978   439679    3.35448
1484747490      1035   440714    3.36238
1484747492      645   441561    3.36884
1484747493      1060   442621    3.37693
1484747494      903   443524    3.38382
1484747495      497   444051    3.38784
1484747496      1030   445081    3.3957
1484747497      1010   446091    3.4034
1484747498      638   446911    3.40966
1484747499      1068   447979    3.41781
1484747500      1040   449019    3.42574
1484747501      316   449401    3.42866
1484747502      746   450147    3.43435
1484747503      876   451023    3.44103
1484747504      1024   452047    3.44884
1484747506      669   452976    3.45593
1484747507      903   453879    3.46282
1484747508      690   454751    3.46947
1484747509      887   455638    3.47624
1484747510      1004   456642    3.4839
1484747511      707   457611    3.49129
1484747512      930   458541    3.49839
1484747513      846   459387    3.50484
1484747515      613   460101    3.51029
1484747516      906   461007    3.5172
1484747517      1078   462085    3.52543
1484747518      796   462881    3.5315
1484747519      706   463676    3.53757
1484747520      1113   464789    3.54606
1484747521      636   465451    3.55111
1484747522      930   466381    3.5582
1484747523      1112   467493    3.56669
1484747524      682   468311    3.57293
1484747525      1052   469363    3.58096
1484747526      1059   470422    3.58904
1484747527      461   470883    3.59255
1484747528      1013   471896    3.60028
1484747529      976   472872    3.60773
1484747530      718   473661    3.61375
1484747531      930   474591    3.62084
1484747532      1030   475621    3.6287
1484747533      529   476151    3.63274
1484747534      1081   477232    3.64099
1484747535      968   478200    3.64838
1484747536      602   479011    3.65456
1484747537      1094   480105    3.66291
1484747539      753   481156    3.67093
1484747540      952   482108    3.67819
1484747541      688   482931    3.68447
1484747542      1113   484044    3.69296
1484747543      898   484942    3.69981
1484747544      670   485791    3.70629
1484747545      813   486851    3.71438
1484747546      711   487566    3.71983
1484747547      982   488548    3.72733
1484747548      976   489524    3.73477
1484747550      771   490426    3.74165
1484747551      912   491338    3.74861
1484747552      772   492201    3.7552
1484747553      822   493023    3.76147
1484747554      901   493924    3.76834
1484747555      1048   494972    3.77634
1484747556      625   495776    3.78247
1484747557      1051   496827    3.79049
1484747558      523   497551    3.79601
1484747559      1118   498669    3.80454
1484747560      844   499513    3.81098
