1482402735      1498   1498    0.00285721
1482402736      1477   2975    0.00567436
1482402737      1500   4475    0.00853539
1482402738      1499   5974    0.0113945
1482402739      1499   7473    0.0142536
1482402740      1500   8973    0.0171146
1482402741      1499   10472    0.0199738
1482402742      1499   11971    0.0228329
1482402743      1500   13471    0.0256939
1482402744      1499   14970    0.028553
1482402745      1460   16430    0.0313377
1482402746      1372   17802    0.0339546
1482402747      1378   19180    0.0365829
1482402748      1139   20384    0.0388794
1482402749      1243   21627    0.0412502
1482402750      1244   22871    0.043623
1482402751      1378   24249    0.0462513
1482402752      1379   25628    0.0488815
1482402753      1252   26880    0.0512695
1482402754      1262   28142    0.0536766
1482402755      1324   29466    0.0562019
1482402756      1371   30837    0.0588169
1482402757      1261   32176    0.0613708
1482402758      990   33166    0.0632591
1482402759      1259   34425    0.0656605
1482402760      1381   35806    0.0682945
1482402761      1382   37188    0.0709305
1482402762      1381   38569    0.0735645
1482402763      1257   39826    0.0759621
1482402764      1381   41207    0.0785961
1482402765      1381   42588    0.0812302
1482402766      1378   43966    0.0838585
1482402767      1259   45225    0.0862598
1482402768      1381   46606    0.0888939
1482402769      1378   47984    0.0915222
1482402770      1134   49118    0.0936852
1482402771      1263   50430    0.0961876
1482402772      1388   51818    0.098835
1482402773      1377   53195    0.101461
1482402774      1368   54563    0.104071
1482402775      1262   55825    0.106478
1482402776      1381   57206    0.109112
1482402777      1382   58588    0.111748
1482402778      1381   59969    0.114382
1482402779      1261   61230    0.116787
1482402780      1383   62613    0.119425
1482402781      1381   63994    0.122059
1482402782      1142   65136    0.124237
1482402783      1383   66519    0.126875
1482402784      1263   67782    0.129284
1482402785      1375   69157    0.131907
1482402786      1381   70538    0.134541
1482402787      1267   71885    0.13711
1482402788      1383   73268    0.139748
1482402789      1372   74640    0.142365
1482402790      1382   76022    0.145
1482402791      1259   77281    0.147402
1482402792      1379   78660    0.150032
1482402793      1381   80041    0.152666
1482402794      1143   81184    0.154846
1482402795      1383   82567    0.157484
1482402796      1262   83829    0.159891
1482402797      1381   85210    0.162525
1482402798      1382   86592    0.165161
1482402799      1382   87974    0.167797
1482402800      1262   89236    0.170204
1482402801      1373   90609    0.172823
1482402802      1381   91990    0.175457
1482402803      1270   93340    0.178032
1482402804      1384   94724    0.180672
1482402805      1373   96097    0.18329
1482402806      1142   97239    0.185469
1482402807      1381   98620    0.188103
1482402809      1113   99787    0.190329
1482402810      1342   101129    0.192888
1482402811      1276   102405    0.195322
1482402812      1236   103641    0.19768
1482402813      1366   105007    0.200285
1482402814      1161   106219    0.202597
1482402815      1366   107585    0.205202
1482402816      1377   108962    0.207829
1482402817      1353   110315    0.210409
1482402818      1248   111579    0.21282
1482402819      1137   112716    0.214989
1482402820      1378   114094    0.217617
1482402821      1377   115471    0.220243
1482402822      1379   116850    0.222874
1482402823      1265   118115    0.225286
1482402824      1381   119496    0.227921
1482402825      1374   120870    0.230541
1482402826      1382   122252    0.233177
1482402827      1264   123516    0.235588
1482402828      1382   124898    0.238224
1482402829      1383   126281    0.240862
1482402830      1381   127662    0.243496
1482402831      1037   128761    0.245592
1482402832      1387   130148    0.248238
1482402833      1377   131525    0.250864
1482402834      1383   132908    0.253502
1482402835      1266   134174    0.255917
1482402836      1375   135549    0.258539
1482402837      1380   136929    0.261171
1482402838      1381   138310    0.263805
1482402839      1265   139575    0.266218
1482402840      1376   140951    0.268843
1482402841      1382   142333    0.271479
1482402842      1381   143714    0.274113
1482402843      1054   144856    0.276291
1482402844      1384   146240    0.278931
1482402845      1380   147620    0.281563
1482402846      1382   149002    0.284199
1482402847      1262   150264    0.286606
1482402848      1378   151642    0.289234
1482402849      1375   153017    0.291857
1482402850      1383   154400    0.294495
1482402851      1264   155664    0.296906
1482402852      1373   157037    0.299524
1482402853      1377   158414    0.302151
1482402854      1381   159795    0.304785
1482402855      1058   160951    0.30699
1482402856      1388   162339    0.309637
1482402857      1370   163709    0.31225
1482402858      1380   165089    0.314882
1482402859      1257   166346    0.31728
1482402860      1382   167728    0.319916
1482402861      1382   169110    0.322552
1482402862      1375   170485    0.325174
1482402863      1264   171749    0.327585
1482402864      1381   173130    0.330219
1482402865      1380   174510    0.332851
1482402866      1382   175892    0.335487
1482402867      1058   177046    0.337688
1482402868      1295   178341    0.340158
1482402869      1382   179723    0.342794
1482402870      1369   181092    0.345406
1482402871      1158   182406    0.347912
1482402872      1388   183794    0.350559
1482402873      1383   185177    0.353197
1482402874      1378   186555    0.355825
1482402875      1097   187766    0.358135
1482402876      1229   188995    0.360479
1482402877      1381   190376    0.363113
1482402878      1381   191757    0.365747
1482402879      1267   193126    0.368359
1482402880      1146   194272    0.370544
1482402881      1382   195654    0.37318
1482402882      1382   197036    0.375816
1482402883      1382   198418    0.378452
1482402884      1264   199682    0.380863
1482402885      1381   201063    0.383497
1482402886      1382   202445    0.386133
1482402887      1382   203827    0.388769
1482402888      1253   205080    0.391159
1482402889      1382   206462    0.393795
1482402890      1381   207843    0.396429
1482402891      1371   209214    0.399044
1482402892      1028   210308    0.401131
1482402893      1388   211696    0.403778
1482402894      1378   213074    0.406406
1482402895      1382   214456    0.409042
1482402896      1250   215706    0.411427
1482402897      1383   217089    0.414064
1482402898      1381   218470    0.416698
1482402899      1382   219852    0.419334
1482402900      1261   221113    0.42174
1482402901      1379   222492    0.42437
1482402902      1370   223862    0.426983
1482402903      1383   225245    0.429621
1482402904      1141   226386    0.431797
1482402905      1256   227642    0.434193
1482402906      1382   229024    0.436829
1482402907      1380   230404    0.439461
1482402908      1267   231763    0.442053
1482402909      1389   233152    0.444702
1482402910      1382   234534    0.447338
1482402911      1382   235916    0.449974
1482402912      1253   237169    0.452364
1482402913      1376   238545    0.454988
1482402914      1383   239928    0.457626
1482402915      1382   241310    0.460262
1482402916      877   242187    0.461935
1482402917      1382   243569    0.464571
1482402918      1250   244819    0.466955
1482402919      1380   246199    0.469587
1482402920      1381   247580    0.472221
1482402921      1269   248930    0.474796
1482402922      1387   250317    0.477442
1482402923      1382   251699    0.480078
1482402924      1382   253081    0.482714
1482402925      1256   254337    0.485109
1482402926      1378   255715    0.487738
1482402927      1382   257097    0.490374
1482402928      865   257962    0.492023
1482402929      1366   259328    0.494629
1482402930      1252   260580    0.497017
1482402931      1243   261823    0.499388
1482402932      1381   263204    0.502022
1482402933      1381   264585    0.504656
1482402934      1376   265961    0.50728
1482402935      1253   267214    0.50967
1482402936      1381   268595    0.512304
1482402937      1382   269977    0.51494
1482402938      1382   271359    0.517576
1482402939      1263   272622    0.519985
1482402940      1136   273758    0.522152
1482402941      1377   275135    0.524778
1482402942      1377   276512    0.527405
1482402943      1383   277895    0.530043
1482402944      1258   279153    0.532442
1482402945      1378   280531    0.53507
1482402946      1377   281908    0.537697
1482402947      1271   283264    0.540283
1482402948      1383   284647    0.542921
1482402949      1382   286029    0.545557
1482402950      1380   287409    0.548189
1482402951      1264   288673    0.5506
1482402952      1136   289809    0.552767
1482402953      1380   291189    0.555399
1482402954      1383   292572    0.558037
1482402955      1380   293952    0.560669
1482402956      1261   295213    0.563074
1482402957      1383   296596    0.565712
1482402958      1373   297969    0.568331
1482402959      1378   299347    0.570959
1482402960      1260   300607    0.573362
1482402961      1375   301982    0.575985
1482402962      1378   303360    0.578613
1482402963      1269   304719    0.581205
1482402964      1138   305857    0.583376
1482402965      1377   307234    0.586002
1482402966      1383   308617    0.58864
1482402967      1382   309999    0.591276
1482402968      1238   311237    0.593637
1482402969      1376   312613    0.596262
1482402970      1376   313989    0.598886
1482402971      1382   315371    0.601522
1482402972      1263   316634    0.603931
1482402973      1380   318014    0.606564
1482402974      1382   319396    0.6092
1482402975      1383   320779    0.611837
1482402977      1048   321901    0.613977
1482402978      1381   323282    0.616611
1482402979      1375   324657    0.619234
1482402980      1383   326040    0.621872
1482402981      1263   327303    0.624281
1482402982      1379   328682    0.626911
1482402983      1380   330062    0.629543
1482402984      1380   331442    0.632175
1482402985      1265   332707    0.634588
1482402986      1381   334088    0.637222
1482402987      1245   335333    0.639597
1482402988      1227   336560    0.641937
1482402989      1344   337904    0.644501
1482402990      1139   339043    0.646673
1482402991      1111   340154    0.648792
1482402992      1375   341529    0.651415
1482402993      1348   342877    0.653986
1482402994      1380   344257    0.656618
1482402995      1232   345489    0.658968
1482402996      1262   346751    0.661375
1482402997      1376   348127    0.664
1482402998      1382   349509    0.666636
1482402999      1272   350860    0.669212
1482403000      1385   352245    0.671854
1482403001      1379   353624    0.674484
1482403002      1122   354746    0.676624
1482403003      1381   356127    0.679258
1482403004      1260   357387    0.681662
1482403005      1377   358764    0.684288
1482403006      1382   360146    0.686924
1482403007      1379   361525    0.689554
1482403008      1258   362783    0.691954
1482403009      1370   364153    0.694567
1482403010      1382   365535    0.697203
1482403011      1382   366917    0.699839
1482403012      1263   368180    0.702248
1482403013      1376   369556    0.704872
1482403014      1143   370699    0.707052
1482403015      1381   372080    0.709686
1482403016      1268   373402    0.712208
1482403017      1389   374791    0.714857
1482403018      1381   376172    0.717491
1482403019      1381   377553    0.720125
1482403020      1265   378818    0.722538
1482403021      1378   380196    0.725166
1482403022      1381   381577    0.7278
1482403023      1383   382960    0.730438
1482403024      1260   384220    0.732841
1482403025      1378   385598    0.73547
1482403026      1130   386728    0.737625
1482403027      1380   388108    0.740257
1482403028      1376   389484    0.742882
1482403029      1254   390738    0.745274
1482403030      1379   392117    0.747904
1482403031      1382   393499    0.75054
1482403032      1270   394857    0.75313
1482403033      1387   396244    0.755775
1482403034      1375   397619    0.758398
1482403035      1382   399001    0.761034
1482403036      1256   400257    0.76343
1482403037      1381   401638    0.766064
1482403038      1143   402781    0.768244
1482403039      1375   404156    0.770866
1482403040      1382   405538    0.773502
1482403041      1264   406802    0.775913
1482403042      1375   408177    0.778536
1482403043      1379   409556    0.781166
1482403044      1381   410937    0.7838
1482403045      1263   412200    0.786209
1482403046      1367   413567    0.788816
1482403047      1316   414883    0.791327
1482403048      1382   416265    0.793962
1482403049      1262   417527    0.79637
1482403050      988   418515    0.798254
1482403051      1276   419791    0.800688
1482403052      1365   421156    0.803291
1482403053      1268   422424    0.80571
1482403054      1382   423806    0.808346
1482403055      1179   424985    0.810595
1482403056      1379   426364    0.813225
1482403057      1379   427743    0.815855
1482403058      1378   429121    0.818483
1482403059      1261   430382    0.820889
1482403060      1379   431761    0.823519
1482403061      1378   433139    0.826147
1482403062      1382   434521    0.828783
1482403063      1045   435638    0.830914
1482403064      1374   437012    0.833534
1482403065      1382   438394    0.83617
1482403066      1380   439774    0.838802
1482403067      1261   441035    0.841208
1482403068      1382   442417    0.843843
1482403069      1382   443799    0.846479
1482403070      1381   445180    0.849113
1482403071      1265   446445    0.851526
1482403072      1381   447826    0.85416
1482403073      1381   449207    0.856794
1482403074      1383   450590    0.859432
1482403075      1140   451730    0.861607
1482403076      1263   452993    0.864016
1482403077      1374   454367    0.866636
1482403078      1373   455740    0.869255
1482403079      1267   457093    0.871836
1482403080      1385   458478    0.874477
1482403081      1377   459855    0.877104
1482403082      1375   461230    0.879726
1482403083      1257   462487    0.882124
1482403084      1370   463857    0.884737
1482403085      1378   465235    0.887365
1482403086      1383   466618    0.890003
1482403087      1140   467758    0.892178
1482403088      1264   469022    0.894588
1482403089      1383   470405    0.897226
1482403090      1380   471785    0.899858
1482403091      1382   473167    0.902494
1482403092      1264   474431    0.904905
1482403093      1381   475812    0.907539
1482403094      1380   477192    0.910172
1482403095      1272   478548    0.912758
1482403096      1386   479934    0.915401
1482403097      1375   481309    0.918024
1482403098      1382   482691    0.92066
1482403099      1141   483832    0.922836
1482403100      1265   485097    0.925249
1482403101      1382   486479    0.927885
1482403102      1379   487858    0.930515
1482403103      1379   489237    0.933146
1482403104      1260   490497    0.935549
1482403105      1381   491878    0.938183
1482403106      1372   493250    0.9408
1482403107      1380   494630    0.943432
1482403108      1254   495884    0.945824
1482403109      1378   497262    0.948452
1482403110      1366   498628    0.951057
1482403111      1141   499769    0.953234
