1485352200      1459   1461    0.0111465
1485352201      1461   2923    0.0223007
1485352202      1457   4381    0.0334244
1485352203      1420   5801    0.0442581
1485352204      825   6781    0.0517349
1485352205      1213   7994    0.0609894
1485352207      846   8926    0.0681
1485352208      1207   10133    0.0773087
1485352209      785   10918    0.0832977
1485352210      963   11881    0.0906448
1485352211      802   12846    0.0980072
1485352212      1203   14049    0.107185
1485352213      939   14988    0.114349
1485352214      899   15887    0.121208
1485352215      712   16599    0.12664
1485352216      798   17481    0.133369
1485352217      989   18470    0.140915
1485352218      965   19626    0.149734
1485352219      1211   20837    0.158974
1485352220      913   21750    0.165939
1485352221      955   22831    0.174187
1485352222      1216   24047    0.183464
1485352223      906   24976    0.190552
1485352224      1215   26191    0.199821
1485352225      919   27110    0.206833
1485352226      959   28181    0.215004
1485352227      1218   29399    0.224297
1485352228      910   30326    0.231369
1485352229      1204   31530    0.240555
1485352230      925   32455    0.247612
1485352231      956   33531    0.255821
1485352232      1210   34741    0.265053
1485352233      908   35676    0.272186
1485352234      1211   36887    0.281425
1485352235      674   37561    0.286568
1485352236      1140   38701    0.295265
1485352238      825   39596    0.302094
1485352239      976   40572    0.30954
1485352240      987   41741    0.318459
1485352241      966   42801    0.326546
1485352242      1208   44009    0.335762
1485352243      917   44946    0.342911
1485352244      1011   45957    0.350624
1485352245      976   47091    0.359276
1485352246      1012   48103    0.366997
1485352247      715   48866    0.372818
1485352248      1224   50090    0.382156
1485352249      800   51011    0.389183
1485352250      1203   52214    0.398361
1485352251      782   53156    0.405548
1485352252      1050   54206    0.413559
1485352253      840   55046    0.419968
1485352254      1066   56112    0.428101
1485352256      919   57076    0.435455
1485352257      1217   58293    0.44474
1485352258      918   59211    0.451744
1485352259      843   60281    0.459908
1485352260      1212   61493    0.469154
1485352261      915   62426    0.476273
1485352262      1207   63633    0.485481
1485352263      918   64551    0.492485
1485352264      968   65519    0.49987
1485352265      889   66408    0.506653
1485352266      997   67405    0.514259
1485352267      847   68491    0.522545
1485352268      978   69551    0.530632
1485352269      1211   70763    0.539879
1485352270      804   71696    0.546997
1485352271      1213   72909    0.556252
1485352272      788   73841    0.563362
1485352273      973   74814    0.570786
1485352274      852   75666    0.577286
1485352276      657   76331    0.582359
1485352277      618   77046    0.587814
1485352278      1216   78262    0.597092
1485352279      782   79191    0.604179
1485352280      703   80251    0.612267
1485352281      1221   81472    0.621582
1485352283      783   82396    0.628632
1485352284      991   83387    0.636192
1485352285      959   84541    0.644997
1485352286      886   85601    0.653084
1485352287      1203   86804    0.662262
1485352288      921   87746    0.669449
1485352289      978   88724    0.67691
1485352290      989   89891    0.685814
1485352291      935   90951    0.693901
1485352292      1205   92156    0.703094
1485352293      813   93096    0.710266
1485352294      1201   94297    0.719429
1485352296      800   95241    0.726631
1485352297      951   96192    0.733887
1485352298      774   97016    0.740173
1485352299      1016   98032    0.747925
1485352300      979   99161    0.756538
1485352301      1213   100374    0.765793
1485352302      914   101306    0.772903
1485352303      957   102366    0.780991
1485352304      1025   103391    0.788811
1485352305      866   104511    0.797356
1485352306      1202   105713    0.806526
1485352307      780   106656    0.813721
1485352309      934   107716    0.821808
1485352310      1215   108931    0.831078
1485352311      816   109861    0.838173
1485352312      1008   110869    0.845863
1485352313      867   112006    0.854538
1485352314      847   113066    0.862625
1485352315      1214   114280    0.871887
1485352316      810   115211    0.87899
1485352317      1195   116406    0.888107
1485352318      940   117346    0.895279
1485352319      639   117985    0.900154
1485352321      914   119131    0.908897
1485352322      1162   120293    0.917763
1485352323      930   121276    0.925262
1485352324      1207   122483    0.934471
1485352325      920   123403    0.94149
1485352326      950   124353    0.948738
1485352327      899   125252    0.955597
1485352328      1013   126265    0.963326
1485352329      867   127341    0.971535
1485352330      826   128401    0.979622
1485352331      1213   129614    0.988876
1485352332      792   130546    0.995987
1485352333      1219   131765    1.00529
1485352335      807   132691    1.01235
1485352336      1018   133709    1.02012
1485352337      716   134466    1.02589
1485352338      1221   135687    1.03521
1485352339      810   136611    1.04226
1485352340      1213   137824    1.05151
1485352341      780   138756    1.05862
1485352342      955   139711    1.06591
1485352343      851   140562    1.0724
1485352344      1070   141632    1.08057
1485352345      854   142676    1.08853
1485352346      1208   143884    1.09775
1485352347      727   144611    1.10329
1485352348      1010   145621    1.111
1485352349      926   146596    1.11844
1485352350      1017   147613    1.1262
1485352352      870   148741    1.1348
1485352353      964   149801    1.14289
1485352354      1209   151010    1.15211
1485352355      802   151946    1.15926
1485352356      1207   153153    1.16846
1485352357      919   154091    1.17562
1485352358      973   155151    1.18371
1485352359      1223   156374    1.19304
1485352360      775   157296    1.20007
1485352361      948   158244    1.20731
1485352362      878   159441    1.21644
1485352364      902   160501    1.22453
1485352365      1209   161710    1.23375
1485352366      820   162646    1.24089
1485352367      951   163597    1.24815
1485352368      880   164791    1.25726
1485352369      845   165851    1.26534
1485352370      1216   167067    1.27462
1485352372      811   167996    1.28171
1485352373      1217   169213    1.29099
1485352374      810   170141    1.29807
1485352375      1038   171179    1.30599
1485352376      721   171916    1.31161
1485352377      1215   173131    1.32088
1485352378      817   174061    1.32798
1485352379      1212   175273    1.33723
1485352380      803   176206    1.34435
1485352381      1018   177224    1.35211
1485352382      723   177981    1.35789
1485352383      1212   179193    1.36713
1485352384      915   180126    1.37425
1485352385      1209   181335    1.38348
1485352386      914   182249    1.39045
1485352387      869   183331    1.3987
1485352388      1216   184547    1.40798
1485352389      805   185476    1.41507
1485352390      978   186454    1.42253
1485352392      726   187251    1.42861
1485352393      1213   188464    1.43787
1485352394      797   189396    1.44498
1485352395      1219   190615    1.45428
1485352396      811   191541    1.46134
1485352397      988   192529    1.46888
1485352398      744   193316    1.47488
1485352399      1203   194519    1.48406
1485352400      816   195461    1.49125
1485352401      1209   196671    1.50048
1485352402      817   197606    1.50761
1485352403      954   198666    1.5157
1485352404      1210   199876    1.52493
1485352405      807   200811    1.53207
1485352406      1217   202028    1.54135
1485352408      812   202956    1.54843
1485352409      1000   203956    1.55606
1485352410      723   204731    1.56197
1485352411      1212   205943    1.57122
1485352412      812   206876    1.57834
1485352413      1206   208082    1.58754
1485352414      664   208746    1.59261
1485352415      944   209690    1.59981
1485352416      970   210796    1.60825
1485352417      1013   211809    1.61597
1485352418      885   212941    1.62461
1485352420      823   214001    1.6327
1485352421      1218   215219    1.64199
1485352422      915   216146    1.64906
1485352423      1085   217231    1.65734
1485352424      959   218291    1.66543
1485352425      967   219351    1.67352
1485352426      1215   220566    1.68279
1485352427      834   221496    1.68988
1485352428      1208   222704    1.6991
1485352429      840   223641    1.70625
1485352430      1059   224700    1.71432
1485352431      636   225416    1.71979
1485352432      1209   226625    1.72901
1485352433      827   227561    1.73615
1485352434      1060   228621    1.74424
1485352435      877   229706    1.75252
1485352437      843   230766    1.7606
1485352438      1207   231973    1.76981
1485352439      798   232911    1.77697
1485352440      1151   234062    1.78575
1485352441      880   235056    1.79333
1485352442      819   235875    1.79958
1485352443      787   236831    1.80688
1485352444      1207   238038    1.81609
1485352445      785   238976    1.82324
1485352446      948   239924    1.83047
1485352448      739   240751    1.83678
1485352449      1209   241960    1.84601
1485352450      787   242896    1.85315
1485352451      970   243866    1.86055
1485352452      892   245041    1.86951
1485352453      964   246101    1.8776
1485352454      988   247089    1.88514
1485352455      979   248246    1.89397
1485352456      1198   249444    1.90311
1485352458      799   250391    1.91033
1485352459      727   251451    1.91842
1485352460      1214   252665    1.92768
1485352461      790   253596    1.93478
1485352462      1161   254757    1.94364
1485352463      858   255741    1.95115
1485352465      785   256801    1.95924
1485352466      1211   258012    1.96848
1485352467      815   258946    1.9756
1485352468      1000   259946    1.98323
1485352469      884   261091    1.99197
1485352470      979   262151    2.00005
1485352471      1223   263374    2.00938
1485352472      838   264296    2.01642
1485352473      1222   265518    2.02574
1485352474      917   266441    2.03278
1485352475      980   267501    2.04087
1485352476      1224   268725    2.05021
1485352477      845   269646    2.05724
1485352478      1224   270870    2.06657
1485352480      737   271791    2.0736
1485352481      975   272851    2.08169
1485352482      1220   274071    2.091
1485352483      917   274996    2.09805
1485352484      1215   276211    2.10732
1485352485      922   277141    2.11442
1485352486      977   278201    2.12251
1485352487      1218   279419    2.1318
1485352488      913   280346    2.13887
1485352489      1214   281560    2.14813
1485352490      923   282491    2.15524
1485352491      971   283551    2.16332
1485352492      701   284266    2.16878
1485352493      1217   285483    2.17806
1485352494      915   286411    2.18514
1485352495      1211   287622    2.19438
1485352496      925   288556    2.20151
1485352497      981   289616    2.20959
1485352498      1216   290832    2.21887
1485352499      920   291761    2.22596
1485352500      1210   292971    2.23519
1485352501      923   293906    2.24232
1485352502      972   294966    2.25041
1485352503      1227   296193    2.25977
1485352504      917   297111    2.26678
1485352505      1225   298336    2.27612
1485352506      917   299256    2.28314
1485352507      976   300316    2.29123
1485352508      1212   301528    2.30048
1485352509      914   302461    2.30759
1485352510      1224   303685    2.31693
1485352511      916   304606    2.32396
1485352512      973   305666    2.33205
1485352513      1209   306875    2.34127
1485352514      930   307811    2.34841
1485352515      1225   309036    2.35776
1485352516      926   309962    2.36482
1485352518      970   311016    2.37286
1485352519      1187   312203    2.38192
1485352520      931   313161    2.38923
1485352521      1212   314373    2.39848
1485352522      928   315306    2.40559
1485352523      975   316366    2.41368
1485352524      1222   317588    2.423
1485352525      922   318511    2.43005
1485352526      1202   319713    2.43922
1485352527      927   320656    2.44641
1485352528      982   321716    2.4545
1485352529      1219   322935    2.4638
1485352530      921   323861    2.47086
1485352531      1217   325078    2.48015
1485352532      916   326006    2.48723
1485352533      975   327066    2.49532
1485352534      1217   328283    2.5046
1485352535      909   329211    2.51168
1485352536      1226   330437    2.52103
1485352537      934   331371    2.52816
1485352538      971   332416    2.53613
1485352539      1209   333625    2.54536
1485352540      924   334561    2.5525
1485352541      1226   335787    2.56185
1485352542      938   336725    2.56901
1485352543      963   337766    2.57695
1485352544      1226   338992    2.5863
1485352545      936   339928    2.59344
1485352546      1217   341145    2.60273
1485352547      936   342081    2.60987
1485352548      961   343116    2.61777
1485352549      1214   344330    2.62703
1485352550      918   345261    2.63413
1485352551      1212   346473    2.64338
1485352552      932   347406    2.6505
1485352553      975   348466    2.65858
1485352554      1224   349690    2.66792
1485352555      910   350611    2.67495
1485352556      1216   351827    2.68423
1485352557      916   352756    2.69131
1485352559      852   353816    2.6994
1485352560      1222   355038    2.70872
1485352561      919   355961    2.71577
1485352562      1226   357187    2.72512
1485352563      933   358120    2.73224
1485352564      971   359166    2.74022
1485352565      1216   360382    2.7495
1485352566      912   361311    2.75658
1485352567      1210   362521    2.76582
1485352568      931   363456    2.77295
1485352569      965   364516    2.78104
1485352570      1211   365727    2.79028
1485352571      926   366661    2.7974
1485352572      1209   367870    2.80663
1485352573      809   368806    2.81377
1485352574      865   369671    2.82037
1485352575      790   370581    2.82731
1485352576      1211   371792    2.83655
1485352577      792   372726    2.84367
1485352578      1126   373852    2.85226
1485352579      830   374682    2.8586
1485352580      1005   375687    2.86626
1485352581      940   376646    2.87358
1485352582      1007   377653    2.88126
1485352583      890   378791    2.88995
1485352585      888   379851    2.89803
1485352586      1221   381072    2.90735
1485352587      816   381996    2.9144
1485352588      1213   383209    2.92365
1485352589      808   384141    2.93076
1485352590      1015   385156    2.93851
1485352591      738   385916    2.94431
1485352592      1044   386960    2.95227
1485352593      862   388061    2.96067
1485352594      628   388776    2.96613
1485352595      1132   389908    2.97476
1485352596      927   390835    2.98183
1485352598      999   391981    2.99058
1485352599      1223   393204    2.99991
1485352600      912   394126    3.00694
1485352601      1211   395337    3.01618
1485352602      507   395901    3.02048
1485352603      1225   397126    3.02983
1485352604      918   398046    3.03685
1485352605      1223   399269    3.04618
1485352606      796   400191    3.05322
1485352607      973   401251    3.0613
1485352608      1039   402290    3.06923
1485352609      866   403396    3.07767
1485352610      1223   404619    3.087
1485352611      804   405541    3.09403
1485352613      839   406601    3.10212
1485352614      1227   407828    3.11148
1485352615      802   408746    3.11848
1485352616      1216   409962    3.12776
1485352617      821   410891    3.13485
1485352618      1001   411892    3.14249
1485352619      900   412792    3.14935
1485352620      980   413772    3.15683
1485352621      851   414811    3.16476
1485352622      1220   416031    3.17406
1485352623      796   416956    3.18112
1485352624      869   418016    3.18921
1485352625      1214   419230    3.19847
1485352627      914   420161    3.20557
1485352628      981   421142    3.21306
1485352629      944   422306    3.22194
1485352630      776   423082    3.22786
1485352631      822   424081    3.23548
1485352632      1225   425306    3.24483
1485352633      798   426226    3.25185
1485352634      1163   427389    3.26072
1485352635      828   428217    3.26704
1485352636      997   429214    3.27464
1485352637      928   430146    3.28175
1485352638      1046   431192    3.28973
1485352639      885   432291    3.29812
1485352641      881   433351    3.30621
1485352642      1210   434561    3.31544
1485352643      835   435496    3.32257
1485352644      1222   436718    3.33189
1485352645      823   437641    3.33894
1485352646      1017   438658    3.34669
1485352647      847   439505    3.35316
1485352648      1128   440633    3.36176
1485352649      824   441561    3.36884
1485352650      1202   442763    3.37801
1485352651      808   443706    3.38521
1485352652      903   444609    3.3921
1485352653      915   445524    3.39908
1485352654      1209   446733    3.4083
1485352655      926   447659    3.41537
1485352656      987   448646    3.4229
1485352657      716   449401    3.42866
1485352658      1223   450624    3.43799
1485352659      795   451546    3.44502
1485352660      1219   452765    3.45432
1485352661      829   453691    3.46139
1485352662      1029   454720    3.46924
1485352663      727   455466    3.47493
1485352664      1221   456687    3.48425
1485352666      825   457611    3.49129
1485352667      1225   458836    3.50064
1485352668      821   459756    3.50766
1485352669      969   460725    3.51505
1485352670      755   461531    3.5212
1485352671      1215   462746    3.53047
1485352672      823   463676    3.53757
1485352673      1223   464899    3.5469
1485352674      922   465821    3.55393
1485352675      955   466881    3.56202
1485352676      1223   468104    3.57135
1485352677      802   469026    3.57838
1485352678      1223   470249    3.58772
1485352679      680   470929    3.5929
1485352680      1209   472138    3.60213
1485352681      774   472946    3.60829
1485352682      1226   474172    3.61765
1485352683      819   475091    3.62466
1485352684      1042   476133    3.63261
1485352685      725   476866    3.6382
1485352686      1217   478083    3.64748
1485352687      827   479011    3.65456
1485352688      1226   480238    3.66393
1485352690      809   481156    3.67093
1485352691      903   482216    3.67902
1485352692      1225   483441    3.68836
1485352693      797   484361    3.69538
1485352694      1058   485419    3.70345
1485352695      966   486506    3.71175
1485352696      964   487566    3.71983
1485352697      984   488550    3.72734
1485352698      994   489711    3.7362
1485352699      1223   490934    3.74553
1485352700      914   491856    3.75256
1485352702      867   492916    3.76065
1485352703      1214   494130    3.76991
1485352704      928   495061    3.77702
1485352705      1219   496280    3.78632
1485352706      916   497206    3.79338
1485352707      877   498266    3.80147
1485352708      1212   499478    3.81071
