1489503374      199   199    0.000569344
1489503375      200   399    0.00114155
1489503376      200   599    0.00171375
1489503377      200   799    0.00228596
1489503378      200   999    0.00285816
1489503379      200   1199    0.00343037
1489503380      200   1399    0.00400257
1489503381      200   1599    0.00457478
1489503382      200   1799    0.00514698
1489503383      200   1999    0.00571918
1489503384      200   2199    0.00629139
1489503385      199   2398    0.00686073
1489503386      200   2598    0.00743294
1489503387      200   2798    0.00800514
1489503388      200   2998    0.00857735
1489503389      200   3198    0.00914955
1489503390      200   3398    0.00972176
1489503391      200   3598    0.010294
1489503392      200   3798    0.0108662
1489503393      200   3998    0.0114384
1489503394      200   4198    0.0120106
1489503395      200   4398    0.0125828
1489503396      199   4597    0.0131521
1489503397      200   4797    0.0137243
1489503398      200   4997    0.0142965
1489503399      200   5197    0.0148687
1489503400      200   5397    0.0154409
1489503401      200   5597    0.0160131
1489503402      200   5797    0.0165854
1489503403      200   5997    0.0171576
1489503404      200   6197    0.0177298
1489503405      200   6397    0.018302
1489503406      200   6597    0.0188742
1489503407      199   6796    0.0194435
1489503408      200   6996    0.0200157
1489503409      200   7196    0.0205879
1489503410      200   7396    0.0211601
1489503411      200   7596    0.0217323
1489503412      200   7796    0.0223045
1489503413      200   7996    0.0228767
1489503414      200   8196    0.0234489
1489503415      200   8396    0.0240211
1489503416      200   8596    0.0245934
1489503417      200   8796    0.0251656
1489503418      199   8995    0.0257349
1489503419      200   9195    0.0263071
1489503420      200   9395    0.0268793
1489503421      200   9595    0.0274515
1489503422      200   9795    0.0280237
1489503423      200   9995    0.0285959
