1489458905      999   999    0.0104799
1489458906      993   1993    0.0209074
1489458907      1000   2993    0.0313978
1489458908      931   3957    0.0415106
1489458909      706   4663    0.0489168
1489458910      772   5435    0.0570154
1489458911      611   6097    0.0639601
1489458912      789   6886    0.072237
1489458913      781   7667    0.08043
1489458914      640   8307    0.0871439
1489458915      626   8983    0.0942354
1489458916      815   9798    0.102785
1489458918      663   10588    0.111073
1489458919      810   11398    0.11957
1489458920      657   12055    0.126462
1489458921      792   12847    0.13477
1489458922      589   13474    0.141348
1489458923      803   14277    0.149772
1489458924      665   15079    0.158185
1489458925      674   15825    0.166011
1489458926      796   16621    0.174361
1489458927      808   17429    0.182837
1489458928      590   18019    0.189027
1489458929      744   18763    0.196832
1489458930      713   19476    0.204311
1489458931      628   20104    0.210899
1489458932      646   20851    0.218736
1489458933      806   21657    0.227191
1489458934      656   22456    0.235573
1489458935      804   23260    0.244007
1489458936      227   23526    0.246798
1489458938      669   24272    0.254623
1489458939      777   25049    0.262774
1489458940      796   25845    0.271125
1489458941      532   26412    0.277073
1489458942      791   27203    0.285371
1489458943      590   27793    0.29156
1489458944      794   28587    0.29989
1489458945      624   29298    0.307348
1489458946      793   30091    0.315667
1489458947      802   30893    0.32408
1489458948      586   31479    0.330228
1489458949      651   32184    0.337624
1489458950      799   32983    0.346005
1489458951      795   33778    0.354345
1489458952      589   34367    0.360524
1489458953      801   35168    0.368927
1489458954      644   35812    0.375683
1489458955      798   36610    0.384054
1489458956      595   37210    0.390348
1489458957      806   38016    0.398804
1489458958      796   38812    0.407154
1489458959      589   39401    0.413333
1489458960      657   40096    0.420624
1489458961      797   40893    0.428985
1489458962      799   41692    0.437366
1489458963      591   42283    0.443566
1489458964      801   43084    0.451969
1489458965      638   43722    0.458662
1489458966      791   44513    0.46696
1489458967      587   45122    0.473349
1489458968      468   45657    0.478961
1489458969      804   46461    0.487395
1489458970      780   47241    0.495578
1489458971      625   47866    0.502134
1489458972      619   48543    0.509236
1489458973      793   49336    0.517555
1489458974      796   50132    0.525906
1489458975      589   50721    0.532084
1489458976      661   51429    0.539512
1489458977      805   52234    0.547956
1489458978      792   53026    0.556265
1489458979      511   53569    0.561961
1489458980      805   54374    0.570406
1489458981      777   55151    0.578557
1489458982      619   55770    0.585051
1489458983      619   56455    0.592237
1489458984      786   57241    0.600482
1489458985      795   58036    0.608822
1489458986      585   58621    0.614959
1489458988      661   59341    0.622512
1489458989      807   60148    0.630978
1489458990      658   60946    0.639349
1489458991      813   61759    0.647878
1489458992      667   62551    0.656186
1489458993      682   63297    0.664012
1489458994      810   64107    0.672509
1489458995      661   64902    0.680849
1489458996      808   65710    0.689325
1489458997      792   66502    0.697634
1489458998      570   67072    0.703613
1489458999      145   67253    0.705512
1489459000      811   68064    0.71402
1489459002      665   68858    0.722349
1489459003      814   69672    0.730888
1489459004      660   70463    0.739186
1489459005      685   71209    0.747012
1489459006      812   72021    0.75553
1489459007      751   72772    0.763409
1489459008      597   73369    0.769671
1489459009      804   74173    0.778106
1489459010      622   74954    0.786299
1489459011      685   75700    0.794125
1489459012      814   76514    0.802664
1489459014      636   77305    0.810962
1489459015      816   78121    0.819522
1489459016      657   78910    0.827799
1489459017      683   79656    0.835625
1489459018      809   80465    0.844111
1489459019      668   81261    0.852462
1489459020      811   82072    0.86097
1489459021      663   82866    0.869299
1489459022      671   83612    0.877125
1489459023      811   84423    0.885633
1489459025      652   85217    0.893962
1489459026      807   86024    0.902428
1489459027      661   86822    0.910799
1489459028      664   87568    0.918625
1489459029      784   88352    0.926849
1489459030      794   89146    0.935179
1489459031      609   89755    0.941567
1489459032      790   90545    0.949855
1489459033      635   91180    0.956516
1489459034      795   91975    0.964856
1489459035      466   92594    0.97135
1489459036      805   93399    0.979795
1489459037      670   94199    0.988187
1489459038      679   94945    0.996013
1489459039      810   95755    1.00451
1489459041      659   96550    1.01285
1489459042      775   97325    1.02098
1489459043      799   98124    1.02936
1489459044      596   98720    1.03561
1489459045      660   99436    1.04313
1489459046      814   100250    1.05166
1489459047      662   101041    1.05996
1489459048      806   101847    1.06842
1489459049      795   102642    1.07676
1489459050      652   103294    1.0836
1489459051      610   103927    1.09024
1489459052      812   104739    1.09876
1489459053      662   105532    1.10707
1489459054      804   106336    1.11551
1489459055      652   106988    1.12235
1489459056      801   107789    1.13075
1489459057      601   108418    1.13735
1489459058      810   109228    1.14585
1489459059      782   110010    1.15405
1489459060      598   110608    1.16032
1489459061      662   111304    1.16763
1489459062      790   112094    1.17591
1489459063      795   112889    1.18425
1489459064      593   113482    1.19047
1489459065      799   114281    1.19886
1489459066      643   114924    1.2056
1489459067      333   115260    1.20913
1489459068      799   116059    1.21751
1489459069      788   116847    1.22577
1489459070      590   117437    1.23196
1489459071      793   118230    1.24028
1489459072      637   118867    1.24696
1489459073      800   119667    1.25536
1489459074      601   120286    1.26185
1489459075      807   121093    1.27032
1489459076      794   121887    1.27865
1489459077      602   122489    1.28496
1489459078      650   123172    1.29213
1489459079      799   123971    1.30051
1489459080      792   124763    1.30882
1489459081      588   125351    1.31498
1489459082      794   126145    1.32331
1489459083      642   126787    1.33005
1489459084      791   127578    1.33835
1489459085      590   128198    1.34485
1489459086      794   128992    1.35318
1489459087      796   129788    1.36153
1489459088      580   130368    1.36761
1489459090      658   131084    1.37513
1489459091      804   131888    1.38356
1489459092      656   132689    1.39196
1489459093      806   133495    1.40042
1489459094      654   134294    1.4088
1489459095      642   135040    1.41663
1489459096      811   135851    1.42513
1489459097      591   136645    1.43346
1489459099      355   137180    1.43908
1489459100      792   137972    1.44738
1489459101      634   138606    1.45403
1489459102      806   139412    1.46249
1489459103      594   140066    1.46935
1489459104      804   140870    1.47779
1489459105      666   141671    1.48619
1489459106      682   142417    1.49401
1489459107      812   143229    1.50253
1489459109      668   144022    1.51085
1489459110      816   144838    1.51941
1489459111      661   145627    1.52769
1489459112      731   146358    1.53536
1489459113      600   146958    1.54165
1489459114      789   147747    1.54993
1489459115      722   148469    1.5575
1489459116      571   149048    1.56358
1489459117      729   149777    1.57122
1489459118      621   150398    1.57774
1489459119      801   151199    1.58614
1489459120      619   151934    1.59385
1489459121      799   152733    1.60223
1489459122      663   153539    1.61069
1489459123      679   154285    1.61851
1489459124      809   155094    1.627
1489459125      795   155889    1.63534
1489459126      585   156474    1.64148
1489459127      801   157275    1.64988
1489459128      648   158030    1.6578
1489459130      412   158776    1.66563
1489459131      756   159532    1.67356
1489459132      783   160315    1.68177
1489459133      590   160916    1.68808
1489459134      764   161680    1.69609
1489459135      581   162261    1.70219
1489459136      761   163022    1.71017
1489459137      649   163802    1.71835
1489459138      797   164599    1.72671
1489459139      803   165402    1.73514
1489459140      602   166004    1.74145
1489459142      651   166688    1.74863
1489459143      805   167493    1.75707
1489459144      658   168293    1.76546
1489459145      807   169100    1.77393
1489459146      788   169888    1.7822
1489459147      650   170538    1.78901
1489459148      617   171179    1.79574
1489459149      809   171988    1.80423
1489459150      658   172784    1.81258
1489459151      811   173595    1.82108
1489459152      654   174249    1.82794
1489459153      801   175050    1.83635
1489459154      597   175670    1.84285
1489459155      812   176482    1.85137
1489459156      661   177275    1.85969
1489459157      674   178021    1.86751
1489459158      805   178826    1.87596
1489459159      794   179620    1.88429
1489459160      465   180161    1.88996
1489459161      806   180967    1.89842
1489459163      664   181766    1.9068
1489459164      680   182512    1.91463
1489459165      805   183317    1.92307
1489459166      659   184117    1.93146
1489459167      806   184923    1.93992
1489459168      661   185722    1.9483
1489459169      681   186468    1.95613
1489459170      798   187266    1.9645
1489459171      796   188062    1.97285
1489459172      576   188638    1.97889
1489459173      794   189432    1.98722
1489459174      636   190068    1.99389
1489459175      754   190822    2.0018
1489459176      617   191494    2.00885
1489459177      804   192298    2.01729
1489459178      790   193088    2.02557
1489459179      595   193683    2.03182
1489459180      658   194380    2.03913
1489459181      796   195176    2.04748
1489459182      795   195971    2.05582
1489459183      585   196556    2.06195
1489459184      794   197350    2.07028
1489459185      643   197993    2.07703
1489459186      793   198786    2.08535
1489459187      596   199406    2.09185
1489459188      804   200210    2.10029
1489459189      786   200996    2.10853
1489459190      589   201585    2.11471
1489459192      506   202292    2.12213
1489459193      790   203082    2.13041
1489459194      788   203870    2.13868
1489459195      597   204467    2.14494
1489459196      795   205262    2.15328
1489459197      627   205889    2.15986
1489459198      804   206693    2.1683
1489459199      600   207318    2.17485
1489459200      778   208096    2.18301
1489459201      769   208865    2.19108
1489459202      602   209467    2.1974
1489459203      671   210204    2.20513
1489459204      811   211015    2.21364
1489459205      650   211809    2.22196
1489459206      743   212552    2.22976
1489459207      761   213313    2.23774
1489459208      640   213953    2.24446
1489459209      644   214695    2.25224
1489459210      811   215506    2.26075
1489459212      661   216300    2.26908
1489459213      811   217111    2.27759
1489459214      652   217763    2.28442
1489459215      804   218567    2.29286
1489459216      473   219186    2.29935
1489459217      732   219918    2.30703
1489459218      801   220719    2.31543
1489459219      597   221326    2.3218
1489459220      656   222072    2.32963
1489459221      795   222867    2.33797
1489459222      714   223581    2.34546
1489459223      606   224212    2.35208
1489459224      784   224996    2.3603
1489459225      641   225637    2.36703
1489459226      803   226440    2.37545
1489459227      615   227098    2.38235
1489459228      793   227891    2.39067
1489459229      800   228691    2.39906
1489459230      587   229278    2.40522
1489459231      655   229984    2.41263
1489459232      803   230787    2.42105
1489459233      710   231497    2.4285
1489459234      582   232124    2.43508
1489459235      757   232881    2.44302
1489459236      617   233498    2.44949
1489459237      786   234284    2.45774
1489459238      637   235010    2.46535
1489459239      798   235808    2.47372
1489459240      802   236610    2.48214
1489459241      591   237201    2.48834
1489459243      650   237896    2.49563
1489459244      806   238702    2.50408
1489459245      659   239501    2.51247
1489459246      811   240312    2.52097
1489459247      659   241106    2.5293
1489459248      674   241852    2.53713
1489459249      809   242661    2.54562
1489459250      661   243457    2.55397
1489459251      809   244266    2.56245
1489459252      668   245062    2.5708
1489459254      681   245808    2.57863
1489459255      812   246620    2.58715
1489459256      670   247413    2.59547
1489459257      816   248229    2.60403
1489459258      661   249018    2.6123
1489459259      680   249764    2.62013
