1486010812      1370   1371    0.0104599
1486010813      1392   2763    0.02108
1486010814      1321   4084    0.0311584
1486010815      1400   5484    0.0418396
1486010817      676   6496    0.0495605
1486010818      1078   7574    0.057785
1486010819      874   8641    0.0659256
1486010820      1177   9818    0.0749054
1486010821      853   10671    0.0814133
1486010822      683   11561    0.0882034
1486010823      1102   12663    0.096611
1486010824      959   13622    0.103928
1486010825      751   14421    0.110023
1486010826      845   15266    0.11647
1486010827      1172   16438    0.125412
1486010828      816   17254    0.131638
1486010829      724   18056    0.137756
1486010830      1095   19151    0.146111
1486010832      843   20201    0.154121
1486010833      842   21043    0.160545
1486010834      907   21950    0.167465
1486010835      1047   22997    0.175453
1486010836      768   23836    0.181854
1486010837      1046   24882    0.189835
1486010838      623   25505    0.194588
1486010839      1175   26680    0.203552
1486010840      631   27471    0.209587
1486010841      945   28416    0.216797
1486010842      1072   29488    0.224976
1486010843      780   30331    0.231407
1486010844      846   31177    0.237862
1486010845      1052   32229    0.245888
1486010846      892   33251    0.253685
1486010847      1186   34437    0.262733
1486010848      866   35396    0.27005
1486010849      857   36253    0.276588
1486010850      1039   37292    0.284515
1486010851      872   38316    0.292328
1486010852      1193   39509    0.30143
1486010854      860   40461    0.308693
1486010855      856   41317    0.315224
1486010856      1164   42481    0.324104
1486010857      801   43381    0.330971
1486010858      1181   44562    0.339981
1486010859      836   45526    0.347336
1486010860      799   46325    0.353432
1486010861      1091   47416    0.361755
1486010862      897   48446    0.369614
1486010863      1161   49607    0.378471
1486010864      859   50591    0.385979
1486010865      853   51444    0.392487
1486010866      1161   52605    0.401344
1486010867      789   53511    0.408257
1486010868      1090   54601    0.416573
1486010869      913   55656    0.424622
1486010870      914   56570    0.431595
1486010871      1176   57746    0.440567
1486010872      818   58576    0.446899
1486010873      1091   59667    0.455223
1486010875      836   60721    0.463264
1486010876      856   61577    0.469795
1486010877      1057   62634    0.477859
1486010878      831   63641    0.485542
1486010879      901   64542    0.492416
1486010880      1044   65586    0.500381
1486010881      845   66431    0.506828
1486010882      767   67276    0.513275
1486010883      1171   68447    0.522209
1486010884      863   69421    0.52964
1486010885      1184   70605    0.538673
1486010886      905   71510    0.545578
1486010887      724   72341    0.551918
1486010888      1177   73518    0.560898
1486010889      888   74486    0.568283
1486010890      1165   75651    0.577171
1486010891      846   76497    0.583626
1486010892      853   77406    0.590561
1486010893      1105   78511    0.598991
1486010895      912   79551    0.606926
1486010896      1160   80711    0.615776
1486010897      847   81558    0.622238
1486010898      868   82471    0.629204
1486010899      1176   83647    0.638176
1486010900      779   84616    0.645569
1486010901      1149   85765    0.654335
1486010902      774   86539    0.66024
1486010903      840   87536    0.667847
1486010904      1069   88605    0.676003
1486010905      903   89681    0.684212
1486010906      1061   90742    0.692307
1486010907      903   91645    0.699196
1486010908      885   92601    0.70649
1486010910      546   93316    0.711945
1486010911      1176   94492    0.720917
1486010912      799   95461    0.72831
1486010913      899   96360    0.735168
1486010914      1112   97472    0.743652
1486010915      832   98381    0.750587
1486010916      1181   99562    0.759598
1486010917      824   100526    0.766953
1486010918      893   101419    0.773766
1486010919      1086   102505    0.782051
1486010920      883   103446    0.78923
1486010921      1184   104630    0.798264
1486010922      847   105591    0.805595
1486010923      809   106400    0.811768
1486010924      1070   107470    0.819931
1486010925      918   108511    0.827873
1486010926      1169   109680    0.836792
1486010928      899   110656    0.844238
1486010929      899   111555    0.851097
1486010930      1167   112722    0.860001
1486010931      840   113576    0.866516
1486010932      1072   114648    0.874695
1486010933      884   115721    0.882881
1486010934      848   116569    0.889351
1486010935      1049   117618    0.897354
1486010936      908   118641    0.905159
1486010937      1097   119738    0.913528
1486010938      864   120786    0.921524
1486010939      893   121679    0.928337
1486010940      1106   122785    0.936775
1486010941      754   123539    0.942528
1486010942      806   124421    0.949257
1486010943      1161   125582    0.958115
1486010944      868   126566    0.965622
1486010945      908   127474    0.972549
1486010946      1184   128658    0.981583
1486010947      772   129486    0.9879
1486010948      1177   130663    0.99688
1486010950      726   131631    1.00426
1486010951      631   132406    1.01018
1486010952      1056   133462    1.01823
1486010953      848   134551    1.02654
1486010954      1185   135736    1.03558
1486010955      816   136696    1.04291
1486010956      739   137471    1.04882
1486010957      946   138417    1.05604
1486010958      1049   139466    1.06404
1486010959      803   140269    1.07017
1486010960      814   141083    1.07638
1486010962      626   141821    1.08201
1486010963      978   142799    1.08947
1486010964      1134   143933    1.09812
1486010965      735   144681    1.10383
1486010966      1102   145783    1.11224
1486010967      805   146826    1.12019
1486010968      650   147601    1.12611
1486010969      891   148492    1.1329
1486010970      1049   149541    1.14091
1486010971      793   150461    1.14793
1486010972      1154   151615    1.15673
1486010973      793   152408    1.16278
1486010975      808   153381    1.1702
1486010976      1183   154564    1.17923
1486010977      859   155526    1.18657
1486010978      1167   156693    1.19547
1486010979      772   157465    1.20136
1486010980      882   158446    1.20885
1486010981      1053   159499    1.21688
1486010982      917   160591    1.22521
1486010983      1102   161693    1.23362
1486010984      861   162554    1.24019
1486010985      812   163511    1.24749
1486010986      1179   164690    1.25648
1486010987      887   165656    1.26385
1486010988      1181   166837    1.27287
1486010989      903   167740    1.27975
1486010990      798   168576    1.28613
1486010991      1178   169754    1.29512
1486010992      874   170721    1.3025
1486010993      1048   171769    1.31049
1486010994      872   172641    1.31715
1486010996      850   173641    1.32478
1486010997      1129   174770    1.33339
1486010998      850   175786    1.34114
1486010999      1070   176856    1.3493
1486011000      769   177625    1.35517
1486011001      926   178706    1.36342
1486011002      1156   179862    1.37224
1486011003      821   180851    1.37978
1486011004      1154   182005    1.38859
1486011005      785   182790    1.39458
1486011006      790   183771    1.40206
1486011007      1175   184946    1.41103
1486011008      892   185916    1.41843
1486011009      1104   187020    1.42685
1486011010      790   187810    1.43288
1486011012      917   188836    1.4407
1486011013      1190   190026    1.44978
1486011014      841   190981    1.45707
1486011015      1184   192165    1.4661
1486011016      863   193028    1.47269
1486011017      779   193901    1.47935
1486011018      1182   195083    1.48837
1486011019      846   196046    1.49571
1486011020      1168   197214    1.50462
1486011021      816   198030    1.51085
1486011022      805   198966    1.51799
1486011023      1144   200110    1.52672
1486011024      886   201111    1.53436
1486011025      1189   202300    1.54343
1486011026      868   203168    1.55005
1486011027      773   204031    1.55663
1486011028      1178   205209    1.56562
1486011030      838   206176    1.573
1486011031      1178   207354    1.58199
1486011032      852   208206    1.58849
1486011033      788   209096    1.59528
1486011034      778   209874    1.60121
1486011035      1173   211047    1.61016
1486011036      857   211956    1.6171
1486011037      877   212833    1.62379
1486011038      1179   214012    1.63278
1486011039      733   214876    1.63937
1486011040      1183   216059    1.6484
1486011041      842   217021    1.65574
1486011042      901   217922    1.66261
1486011043      1164   219086    1.67149
1486011044      750   219941    1.67802
1486011045      1143   221084    1.68674
1486011046      839   222086    1.69438
1486011047      900   222986    1.70125
1486011048      1175   224161    1.71021
1486011049      781   225006    1.71666
1486011050      1117   226123    1.72518
1486011052      914   227151    1.73302
1486011053      866   228017    1.73963
1486011054      1072   229089    1.74781
1486011055      856   230071    1.7553
1486011056      1182   231253    1.76432
1486011057      818   232216    1.77167
1486011058      825   233041    1.77796
1486011059      1170   234211    1.78689
1486011060      872   235136    1.79395
1486011061      1173   236309    1.80289
1486011062      779   237281    1.81031
1486011063      820   238101    1.81657
1486011064      1171   239272    1.8255
1486011065      853   240201    1.83259
1486011066      1169   241370    1.84151
1486011067      892   242346    1.84895
1486011068      825   243171    1.85525
1486011069      1171   244342    1.86418
1486011070      829   245266    1.87123
1486011071      1183   246449    1.88026
1486011073      819   247411    1.8876
1486011074      912   248323    1.89455
1486011075      1181   249504    1.90356
1486011076      800   250331    1.90987
1486011077      1025   251356    1.91769
1486011078      928   252476    1.92624
1486011079      715   253251    1.93215
1486011080      910   254161    1.93909
1486011081      1136   255297    1.94776
1486011082      759   256111    1.95397
1486011083      1138   257249    1.96265
1486011084      789   258256    1.97034
1486011085      692   259031    1.97625
1486011086      919   259950    1.98326
1486011087      1177   261127    1.99224
1486011089      703   261891    1.99807
1486011090      1181   263072    2.00708
1486011091      298   263381    2.00944
1486011092      1177   264558    2.01842
1486011093      810   265526    2.0258
1486011094      1060   266586    2.03389
1486011095      664   267671    2.04217
1486011097      649   268446    2.04808
1486011098      1157   269603    2.05691
1486011099      809   270591    2.06445
1486011100      1051   271642    2.07246
1486011101      943   272736    2.08081
1486011102      899   273635    2.08767
1486011103      1165   274800    2.09656
1486011104      783   275656    2.10309
1486011105      1176   276832    2.11206
1486011106      793   277801    2.11945
1486011107      905   278706    2.12636
1486011108      1068   279774    2.13451
1486011109      814   280721    2.14173
1486011110      1170   281891    2.15066
1486011112      841   282866    2.1581
1486011113      770   283641    2.16401
1486011114      1176   284817    2.17298
1486011115      893   285786    2.18037
1486011116      1026   286812    2.1882
1486011117      904   287931    2.19674
1486011118      904   288835    2.20364
1486011119      1163   289998    2.21251
1486011120      757   290851    2.21902
1486011121      1068   291919    2.22717
1486011122      881   292996    2.23538
1486011123      892   293888    2.24219
1486011124      1056   294944    2.25024
1486011126      770   295916    2.25766
1486011127      967   296883    2.26504
1486011128      1163   298046    2.27391
1486011129      689   298776    2.27948
1486011130      911   299687    2.28643
1486011131      1170   300857    2.29536
1486011132      844   301701    2.3018
1486011133      1166   302867    2.31069
1486011134      772   303841    2.31812
1486011135      840   304681    2.32453
1486011136      1111   305792    2.33301
1486011137      827   306761    2.3404
1486011138      1123   307884    2.34897
1486011139      826   308906    2.35677
1486011140      919   309825    2.36378
1486011141      1066   310891    2.37191
1486011142      825   311826    2.37904
1486011143      1174   313000    2.388
1486011145      822   313971    2.39541
1486011146      895   314866    2.40224
1486011147      1177   316043    2.41122
1486011148      757   316891    2.41769
1486011149      1089   317980    2.42599
1486011150      885   319036    2.43405
1486011151      895   319931    2.44088
1486011152      1067   320998    2.44902
1486011153      853   321956    2.45633
1486011154      1168   323124    2.46524
1486011155      905   324101    2.47269
1486011156      799   324900    2.47879
1486011157      1135   326035    2.48745
1486011158      821   327021    2.49497
1486011159      1048   328069    2.50297
1486011160      937   329166    2.51134
1486011161      785   329951    2.51733
1486011162      1070   331021    2.52549
1486011164      921   332086    2.53362
1486011165      1181   333267    2.54263
1486011166      776   334231    2.54998
1486011167      793   335024    2.55603
1486011168      1071   336095    2.5642
1486011169      895   337151    2.57226
1486011170      1186   338337    2.58131
1486011171      821   339296    2.58862
1486011172      788   340084    2.59464
1486011173      1051   341135    2.60265
1486011174      1064   342199    2.61077
1486011175      841   343040    2.61719
1486011176      1113   344153    2.62568
1486011177      880   345033    2.63239
1486011178      758   345851    2.63863
1486011179      1067   346918    2.64677
1486011180      939   347996    2.655
1486011181      1165   349161    2.66389
1486011182      838   349999    2.67028
1486011184      749   350916    2.67728
1486011185      1132   352048    2.68591
1486011186      859   353061    2.69364
1486011187      1081   354142    2.70189
1486011188      877   355019    2.70858
1486011189      872   355891    2.71523
1486011190      761   356696    2.72137
1486011191      1159   357855    2.73022
1486011192      868   358841    2.73774
1486011193      771   359616    2.74365
1486011194      1177   360793    2.75263
1486011195      901   361761    2.76002
1486011196      1056   362817    2.76807
1486011197      870   363906    2.77638
1486011198      771   364681    2.7823
1486011199      1137   365818    2.79097
1486011201      862   366826    2.79866
1486011202      1070   367896    2.80682
1486011203      1051   368947    2.81484
1486011204      709   369686    2.82048
1486011205      851   370537    2.82697
1486011206      1040   371577    2.83491
1486011207      793   372606    2.84276
1486011208      1165   373771    2.85165
1486011209      763   374751    2.85912
1486011210      688   375526    2.86504
1486011211      1177   376703    2.87402
1486011212      808   377511    2.88018
1486011213      729   378386    2.88686
1486011214      1055   379441    2.89491
1486011215      745   380186    2.90059
1486011216      915   381101    2.90757
1486011218      808   382021    2.91459
1486011219      818   382839    2.92083
1486011220      1096   383935    2.92919
1486011221      905   384840    2.9361
1486011222      586   385656    2.94232
1486011223      1170   386826    2.95125
1486011224      837   387801    2.95869
1486011225      856   388657    2.96522
1486011226      995   389652    2.97281
1486011227      720   390372    2.9783
1486011228      882   391254    2.98503
1486011229      747   392151    2.99187
1486011230      1164   393315    3.00076
1486011232      846   394296    3.00824
1486011233      904   395200    3.01514
1486011234      1115   396315    3.02364
1486011235      796   397216    3.03052
1486011236      1140   398356    3.03922
1486011237      862   399361    3.04688
1486011238      882   400243    3.05361
1486011239      1050   401293    3.06162
1486011240      872   402281    3.06916
1486011241      1162   403443    3.07803
1486011242      879   404426    3.08553
1486011243      896   405322    3.09236
1486011244      1072   406394    3.10054
1486011245      879   407346    3.1078
1486011246      1073   408419    3.11599
1486011247      923   409491    3.12417
1486011248      903   410394    3.13106
1486011249      1115   411509    3.13956
1486011250      821   412411    3.14645
1486011251      1153   413564    3.15524
1486011253      813   414556    3.16281
1486011254      895   415451    3.16964
1486011255      1177   416628    3.17862
1486011256      638   417476    3.18509
1486011257      1182   418658    3.19411
1486011258      815   419621    3.20145
1486011259      907   420528    3.20837
1486011260      1170   421698    3.2173
1486011261      734   422541    3.22373
1486011262      1187   423728    3.23279
1486011263      837   424686    3.2401
1486011264      898   425584    3.24695
1486011265      1096   426680    3.25531
1486011266      863   427606    3.26237
1486011267      1167   428773    3.27128
1486011269      864   429751    3.27874
1486011270      910   430661    3.28568
1486011271      1154   431815    3.29449
1486011272      785   432671    3.30102
1486011273      1130   433801    3.30964
1486011274      911   434816    3.31738
1486011275      900   435716    3.32425
1486011276      1109   436825    3.33271
1486011277      862   437736    3.33966
1486011278      1128   438864    3.34827
1486011279      875   439881    3.35603
1486011280      910   440791    3.36297
1486011281      1183   441974    3.37199
1486011282      808   442801    3.3783
1486011283      1178   443979    3.38729
1486011284      787   444946    3.39467
1486011285      910   445856    3.40161
1486011286      1125   446981    3.41019
1486011287      805   447786    3.41634
1486011288      810   448596    3.42252
1486011289      1180   449776    3.43152
1486011290      874   450726    3.43877
1486011291      791   451517    3.4448
1486011292      1167   452684    3.4537
1486011294      809   453646    3.46104
1486011295      1015   454661    3.46879
1486011296      958   455791    3.47741
1486011297      813   456604    3.48361
1486011298      1125   457729    3.4922
1486011299      776   458711    3.49969
1486011300      1083   459794    3.50795
1486011301      1017   460811    3.51571
1486011302      671   461631    3.52197
1486011303      1142   462773    3.53068
1486011304      888   463776    3.53833
1486011305      1178   464954    3.54732
1486011307      838   465921    3.5547
1486011308      893   466814    3.56151
1486011309      1166   467980    3.5704
1486011310      813   468841    3.57697
1486011311      1076   469917    3.58518
1486011312      1063   470980    3.59329
1486011313      673   471761    3.59925
1486011314      1126   472887    3.60784
1486011315      912   473906    3.61562
1486011316      1180   475086    3.62462
1486011318      562   476051    3.63198
1486011319      564   476615    3.63628
1486011320      827   477541    3.64335
1486011321      1018   478559    3.65112
1486011322      946   479686    3.65971
1486011323      1093   480779    3.66805
1486011324      900   481679    3.67492
1486011325      828   482606    3.68199
1486011326      1183   483789    3.69102
1486011327      888   484751    3.69836
1486011328      1186   485937    3.70741
1486011329      894   486831    3.71423
1486011330      854   487685    3.72074
1486011331      1089   488774    3.72905
1486011332      866   489816    3.737
1486011333      1176   490992    3.74597
1486011334      858   491850    3.75252
1486011336      654   492736    3.75928
1486011337      1159   493895    3.76812
1486011338      827   494881    3.77564
1486011339      1178   496059    3.78463
1486011340      773   496832    3.79053
1486011341      861   497693    3.7971
1486011342      737   498516    3.80338
1486011343      1075   499591    3.81158
