1485352746      1469   1470    0.0112152
1485352747      1465   2936    0.0223999
1485352748      1439   4376    0.0333862
1485352749      1431   5807    0.0443039
1485352750      822   6791    0.0518112
1485352751      1211   8002    0.0610504
1485352752      835   8936    0.0681763
1485352753      1222   10158    0.0774994
1485352754      732   10890    0.0830841
1485352755      985   11875    0.0905991
1485352756      883   12866    0.0981598
1485352757      1220   14086    0.107468
1485352759      834   15011    0.114525
1485352760      964   16081    0.122688
1485352761      1192   17273    0.131783
1485352762      843   18226    0.139053
1485352763      1205   19431    0.148247
1485352764      841   20371    0.155418
1485352765      927   21441    0.163582
1485352766      1214   22655    0.172844
1485352767      916   23586    0.179947
1485352768      1203   24789    0.189125
1485352769      913   25731    0.196312
1485352770      963   26801    0.204475
1485352771      1082   27883    0.21273
1485352772      964   28946    0.22084
1485352773      967   29913    0.228218
1485352775      950   31091    0.237206
1485352776      931   32161    0.245369
1485352777      957   33118    0.25267
1485352778      864   34306    0.261734
1485352779      827   35133    0.268044
1485352780      1196   36329    0.277168
1485352781      797   37166    0.283554
1485352782      840   38236    0.291718
1485352783      1178   39414    0.300705
1485352785      812   40381    0.308083
1485352786      1131   41512    0.316711
1485352787      902   42526    0.324448
1485352788      967   43596    0.332611
1485352789      1211   44807    0.34185
1485352790      905   45741    0.348976
1485352791      1210   46951    0.358208
1485352792      797   47886    0.365341
1485352793      953   48956    0.373505
1485352794      1205   50161    0.382698
1485352795      822   51101    0.38987
1485352796      1061   52162    0.397964
1485352798      878   53246    0.406235
1485352799      842   54316    0.414398
1485352800      1213   55529    0.423653
1485352801      804   56461    0.430763
1485352802      1178   57639    0.439751
1485352803      866   58606    0.447128
1485352804      924   59530    0.454178
1485352805      744   60391    0.460747
1485352806      1207   61598    0.469955
1485352807      789   62536    0.477112
1485352808      1205   63741    0.486305
1485352809      562   64303    0.490593
1485352810      813   65116    0.496796
1485352811      1204   66320    0.505981
1485352812      808   67181    0.51255
1485352813      1214   68395    0.521812
1485352815      820   69326    0.528915
1485352816      881   70207    0.535637
1485352817      782   71111    0.542534
1485352818      1206   72317    0.551735
1485352819      785   73256    0.558899
1485352820      977   74233    0.566353
1485352821      716   75041    0.572517
1485352822      1198   76239    0.581657
1485352823      790   77186    0.588882
1485352824      981   78167    0.596367
1485352826      934   79331    0.605247
1485352827      972   80401    0.613411
1485352828      1200   81601    0.622566
1485352829      905   82546    0.629776
1485352830      1197   83743    0.638908
1485352831      890   84691    0.646141
1485352832      967   85761    0.654305
1485352833      1208   86969    0.663521
1485352834      802   87906    0.67067
1485352835      1195   89101    0.679787
1485352836      790   90051    0.687035
1485352837      992   91043    0.694603
1485352838      725   91836    0.700653
1485352839      1005   92841    0.708321
1485352841      545   93981    0.717018
1485352842      947   94928    0.724243
1485352844      885   96126    0.733383
1485352845      1011   97137    0.741096
1485352846      724   97911    0.747002
1485352847      1199   99110    0.756149
1485352848      798   100056    0.763367
1485352849      973   101029    0.77079
1485352850      901   101930    0.777664
1485352851      1211   103141    0.786903
1485352852      917   104058    0.7939
1485352853      996   105054    0.801498
1485352854      965   106131    0.809715
1485352855      965   107201    0.817879
1485352856      958   108159    0.825188
1485352858      891   109346    0.834244
1485352859      1218   110564    0.843536
1485352860      802   111491    0.850609
1485352861      824   112561    0.858772
1485352862      1211   113772    0.868011
1485352863      798   114706    0.875137
1485352864      1210   115916    0.884369
1485352865      782   116851    0.891502
1485352866      931   117782    0.898605
1485352868      759   118636    0.905121
1485352869      1219   119855    0.914421
1485352870      806   120781    0.921486
1485352871      1208   121989    0.930702
1485352872      778   122926    0.937851
1485352873      350   123281    0.940559
1485352874      1198   124479    0.949699
1485352875      805   125426    0.956924
1485352876      1101   126527    0.965324
1485352877      910   127571    0.973289
1485352878      1000   128571    0.980919
1485352879      916   129487    0.987907
1485352880      1197   130684    0.99704
1485352881      903   131587    1.00393
1485352882      1205   132792    1.01312
1485352883      911   133703    1.02007
1485352884      943   134716    1.0278
1485352885      1161   135877    1.03666
1485352886      930   136861    1.04417
1485352887      1223   138084    1.0535
1485352889      794   139006    1.06053
1485352890      910   140076    1.0687
1485352891      1033   141109    1.07658
1485352892      858   142221    1.08506
1485352893      1219   143440    1.09436
1485352894      788   144366    1.10143
1485352895      938   145436    1.10959
1485352896      1200   146636    1.11874
1485352897      829   147581    1.12595
1485352898      999   148580    1.13358
1485352900      860   149726    1.14232
1485352901      890   150796    1.15048
1485352902      1175   151971    1.15945
1485352903      817   152941    1.16685
1485352904      1161   154102    1.1757
1485352905      816   155086    1.18321
1485352906      964   156156    1.19138
1485352907      1227   157383    1.20074
1485352908      898   158301    1.20774
1485352909      1134   159435    1.21639
1485352911      835   160446    1.22411
1485352912      888   161334    1.23088
1485352913      778   162231    1.23772
1485352914      1207   163438    1.24693
1485352915      813   164376    1.25409
1485352916      1205   165581    1.26328
1485352917      735   166316    1.26889
1485352918      969   167285    1.27628
1485352919      947   168306    1.28407
1485352920      1014   169320    1.29181
1485352921      863   170451    1.30044
1485352923      829   171521    1.3086
1485352924      1191   172712    1.31769
1485352925      816   173666    1.32497
1485352926      1204   174870    1.33415
1485352927      819   175811    1.34133
1485352928      969   176881    1.34949
1485352929      1183   178064    1.35852
1485352930      915   179026    1.36586
1485352931      1160   180186    1.37471
1485352932      857   181171    1.38223
1485352933      1016   182187    1.38998
1485352934      660   182956    1.39584
1485352935      1214   184170    1.40511
1485352937      816   185101    1.41221
1485352938      1201   186302    1.42137
1485352939      817   187246    1.42857
1485352940      927   188173    1.43565
1485352941      765   189031    1.44219
1485352942      1206   190237    1.45139
1485352943      810   191176    1.45856
1485352944      1214   192391    1.46783
1485352945      697   193088    1.47314
1485352946      1211   194299    1.48238
1485352947      759   195106    1.48854
1485352948      1007   196113    1.49622
1485352949      857   197251    1.50491
1485352951      847   198321    1.51307
1485352952      1211   199532    1.52231
1485352953      816   200466    1.52943
1485352954      1214   201680    1.5387
1485352955      902   202611    1.5458
1485352956      958   203681    1.55396
1485352957      1199   204880    1.56311
1485352958      916   205826    1.57033
1485352959      1215   207041    1.5796
1485352960      858   207971    1.58669
1485352961      911   209041    1.59486
1485352962      987   210028    1.60239
1485352964      879   211186    1.61122
1485352965      877   212063    1.61791
1485352966      468   212616    1.62213
1485352967      1033   213649    1.63001
1485352968      733   214401    1.63575
1485352969      1217   215618    1.64503
1485352970      788   216546    1.65211
1485352971      1170   217716    1.66104
1485352972      832   218691    1.66848
1485352973      981   219672    1.67596
1485352974      783   220476    1.6821
1485352975      1158   221634    1.69093
1485352976      839   222621    1.69846
1485352977      1215   223836    1.70773
1485352978      810   224766    1.71483
1485352980      968   225836    1.72299
1485352981      1193   227029    1.73209
1485352982      787   227981    1.73936
1485352983      1201   229182    1.74852
1485352984      814   230126    1.75572
1485352985      843   231196    1.76389
1485352986      1206   232402    1.77309
1485352987      786   233341    1.78025
1485352988      1195   234536    1.78937
1485352990      820   235486    1.79662
1485352991      941   236427    1.80379
1485352992      774   237271    1.81023
1485352993      1217   238488    1.81952
1485352994      816   239416    1.8266
1485352995      1204   240620    1.83578
1485352996      651   241271    1.84075
1485352997      988   242259    1.84829
1485352998      960   243346    1.85658
1485352999      1019   244365    1.86436
1485353000      858   245491    1.87295
1485353001      968   246561    1.88111
1485353002      1199   247760    1.89026
1485353003      896   248706    1.89748
1485353004      1213   249919    1.90673
1485353006      801   250851    1.91384
1485353007      965   251921    1.922
1485353008      1187   253108    1.93106
1485353009      817   254066    1.93837
1485353010      1222   255288    1.94769
1485353011      805   256211    1.95473
1485353012      919   257130    1.96175
1485353013      764   257996    1.96835
1485353014      1130   259126    1.97697
1485353015      861   260141    1.98472
1485353016      1208   261349    1.99393
1485353017      813   262286    2.00108
1485353018      954   263240    2.00836
1485353020      770   264071    2.0147
1485353021      1118   265189    2.02323
1485353022      963   266152    2.03058
1485353023      702   266931    2.03652
1485353024      976   268001    2.04469
1485353025      1030   269031    2.05254
1485353026      896   270146    2.06105
1485353027      1215   271361    2.07032
1485353028      860   272221    2.07688
1485353029      803   273024    2.08301
1485353030      831   274076    2.09103
1485353031      1209   275285    2.10026
1485353032      854   276221    2.1074
1485353033      1095   277316    2.11575
1485353035      902   278366    2.12376
1485353036      867   279436    2.13193
1485353037      1115   280551    2.14043
1485353038      911   281581    2.14829
1485353039      1225   282806    2.15764
1485353040      910   283726    2.16466
1485353041      919   284796    2.17282
1485353042      1224   286020    2.18216
1485353043      844   286941    2.18919
1485353044      1097   288038    2.19756
1485353045      865   289086    2.20555
1485353047      865   290156    2.21371
1485353048      1103   291259    2.22213
1485353049      998   292257    2.22974
1485353050      778   293035    2.23568
1485353051      1197   294232    2.24481
1485353052      543   294801    2.24915
1485353053      1160   295961    2.258
1485353054      841   296946    2.26552
1485353055      1090   298036    2.27383
1485353056      900   299091    2.28188
1485353057      795   300161    2.29005
1485353058      1152   301313    2.29884
1485353059      953   302266    2.30611
1485353060      733   303021    2.31187
1485353061      1103   304124    2.32028
1485353063      888   305166    2.32823
1485353064      953   306119    2.3355
1485353065      719   306951    2.34185
1485353066      1206   308157    2.35105
1485353067      781   309096    2.35822
1485353068      1054   310150    2.36626
1485353069      919   311069    2.37327
1485353070      1214   312283    2.38253
1485353071      681   313026    2.3882
1485353072      1142   314168    2.39691
1485353073      949   315171    2.40456
1485353074      976   316241    2.41273
1485353075      986   317227    2.42025
1485353076      857   318386    2.42909
1485353077      1226   319612    2.43845
1485353079      845   320531    2.44546
1485353080      988   321519    2.453
1485353081      865   322384    2.45959
1485353082      1168   323552    2.46851
1485353083      906   324461    2.47544
1485353084      1220   325681    2.48475
1485353085      911   326606    2.49181
1485353086      963   327676    2.49997
1485353087      1224   328900    2.50931
1485353088      875   329821    2.51633
1485353089      1210   331031    2.52557
1485353090      913   331966    2.5327
1485353091      957   333036    2.54086
1485353092      1212   334248    2.55011
1485353093      859   335181    2.55723
1485353094      1204   336385    2.56641
1485353095      919   337326    2.57359
1485353096      943   338396    2.58176
1485353097      1205   339601    2.59095
1485353098      859   340541    2.59812
1485353099      1208   341749    2.60734
1485353100      924   342686    2.61449
1485353101      960   343756    2.62265
1485353102      1189   344945    2.63172
1485353103      927   345901    2.63902
1485353104      1209   347110    2.64824
1485353105      926   348046    2.65538
1485353107      908   349116    2.66354
1485353108      1220   350336    2.67285
1485353109      904   351261    2.67991
1485353110      1222   352483    2.68923
1485353111      868   353406    2.69627
1485353112      965   354476    2.70444
1485353113      1094   355570    2.71278
1485353114      966   356621    2.7208
1485353115      1151   357772    2.72958
1485353116      938   358766    2.73717
1485353117      975   359836    2.74533
1485353118      1208   361044    2.75455
1485353119      926   361981    2.7617
1485353120      1199   363180    2.77084
1485353121      921   364126    2.77806
1485353122      975   365196    2.78622
1485353123      1150   366346    2.795
1485353124      904   367341    2.80259
1485353125      1146   368487    2.81133
1485353126      879   369486    2.81895
1485353127      943   370556    2.82712
1485353128      1217   371773    2.8364
1485353130      872   372701    2.84348
1485353131      1217   373918    2.85277
1485353132      933   374851    2.85989
1485353133      924   375916    2.86801
1485353134      1225   377141    2.87736
1485353135      885   378061    2.88438
1485353136      1212   379273    2.89362
1485353137      880   380206    2.90074
1485353138      975   381276    2.90891
1485353139      1070   382346    2.91707
1485353140      903   383421    2.92527
1485353141      1218   384639    2.93456
1485353142      884   385566    2.94164
1485353143      956   386636    2.9498
1485353144      1091   387727    2.95812
1485353145      904   388781    2.96616
1485353146      1221   390002    2.97548
1485353147      893   390926    2.98253
1485353149      903   391996    2.99069
1485353150      1228   393224    3.00006
1485353151      863   394141    3.00706
1485353152      1105   395246    3.01549
1485353153      915   396286    3.02342
1485353154      962   397356    3.03159
1485353155      1120   398476    3.04013
1485353156      924   399501    3.04795
1485353157      1193   400694    3.05705
1485353158      922   401646    3.06432
1485353159      946   402716    3.07248
1485353160      1216   403932    3.08176
1485353162      713   404861    3.08884
1485353163      1220   406081    3.09815
1485353164      914   407006    3.10521
1485353165      975   408076    3.11337
1485353166      1226   409302    3.12273
1485353167      923   410225    3.12977
1485353168      1224   411449    3.13911
1485353169      917   412366    3.1461
1485353170      964   413436    3.15427
1485353171      1226   414662    3.16362
1485353172      928   415590    3.1707
1485353173      1093   416683    3.17904
1485353174      957   417726    3.187
1485353175      941   418796    3.19516
1485353176      1225   420021    3.20451
1485353177      908   420941    3.21152
1485353178      1097   422038    3.21989
1485353179      891   423086    3.22789
1485353180      851   424156    3.23605
1485353181      1209   425365    3.24528
1485353183      818   426301    3.25242
1485353184      1226   427527    3.26177
1485353185      797   428446    3.26878
1485353186      968   429516    3.27695
1485353187      1125   430641    3.28553
1485353188      945   431661    3.29331
1485353189      1028   432689    3.30116
1485353190      821   433806    3.30968
1485353192      855   434876    3.31784
1485353193      1212   436088    3.32709
1485353194      717   437021    3.33421
1485353195      1021   438042    3.342
1485353196      1101   439143    3.3504
1485353197      594   439737    3.35493
1485353198      1206   440943    3.36413
1485353199      706   441666    3.36964
1485353200      1214   442881    3.37891
1485353201      814   443811    3.38601
1485353202      1007   444818    3.39369
1485353203      916   445734    3.40068
1485353204      1219   446953    3.40998
1485353205      925   447878    3.41704
1485353206      1205   449083    3.42623
1485353207      928   450011    3.43331
1485353208      912   450956    3.44052
1485353209      1217   452173    3.44981
1485353210      819   453101    3.45689
1485353211      977   454078    3.46434
1485353212      958   455246    3.47325
1485353213      957   456316    3.48141
1485353214      1210   457526    3.49065
1485353216      821   458461    3.49778
1485353217      1138   459599    3.50646
1485353218      791   460606    3.51414
1485353219      870   461476    3.52078
1485353220      746   462391    3.52776
1485353221      1106   463497    3.5362
1485353222      978   464475    3.54366
1485353223      892   465367    3.55047
1485353224      823   466321    3.55775
1485353225      1015   467336    3.56549
1485353226      923   468466    3.57411
1485353227      1026   469492    3.58194
1485353229      891   470611    3.59048
1485353230      803   471681    3.59864
1485353231      1209   472890    3.60786
1485353232      794   473826    3.61501
1485353233      1187   475013    3.62406
1485353234      796   475971    3.63137
1485353235      1034   477005    3.63926
1485353236      809   477814    3.64543
1485353237      1172   478986    3.65437
1485353239      874   479901    3.66135
1485353240      1211   481112    3.67059
1485353241      735   482046    3.67772
1485353242      877   482923    3.68441
1485353243      782   483831    3.69134
1485353244      1223   485054    3.70067
1485353245      798   485976    3.7077
1485353246      1040   487016    3.71564
1485353247      700   487761    3.72132
1485353248      1216   488977    3.7306
1485353249      905   489882    3.7375
1485353250      770   490652    3.74338
1485353251      1156   491808    3.7522
1485353252      840   492766    3.75951
1485353254      843   493836    3.76767
1485353255      1213   495049    3.77692
1485353256      830   495981    3.78403
1485353257      1153   497134    3.79283
1485353258      852   498126    3.8004
1485353259      949   499075    3.80764
