1486115057      1366   1366    0.0104218
1486115058      1353   2720    0.020752
1486115059      1289   4011    0.0306015
1486115060      1274   5285    0.0403214
1486115061      957   6451    0.0492172
1486115062      1174   7625    0.0581741
1486115063      865   8596    0.0655823
1486115064      1166   9762    0.0744781
1486115065      884   10646    0.0812225
1486115066      839   11485    0.0876236
1486115067      1132   12617    0.0962601
1486115068      899   13616    0.103882
1486115069      1185   14801    0.112923
1486115070      888   15689    0.119698
1486115071      845   16534    0.126144
1486115072      1173   17707    0.135094
1486115073      876   18636    0.142181
1486115074      1181   19817    0.151192
1486115075      888   20705    0.157967
1486115076      850   21555    0.164452
1486115077      1169   22724    0.17337
1486115078      770   23656    0.180481
1486115079      1069   24725    0.188637
1486115080      692   25417    0.193916
1486115082      816   26531    0.202415
1486115083      1184   27715    0.211449
1486115084      807   28676    0.218781
1486115085      1189   29865    0.227852
1486115086      730   30595    0.233421
1486115087      805   31551    0.240715
1486115088      1173   32724    0.249664
1486115089      810   33696    0.25708
1486115090      1166   34862    0.265976
1486115092      221   35126    0.26799
1486115093      1061   36187    0.276085
1486115094      1018   37205    0.283852
1486115095      795   38001    0.289925
1486115096      1093   39094    0.298264
1486115097      857   40146    0.30629
1486115098      720   40876    0.311859
1486115099      1181   42057    0.320869
1486115100      824   43021    0.328224
1486115101      1178   44199    0.337212
1486115102      782   45166    0.344589
1486115103      873   46039    0.35125
1486115104      1178   47217    0.360237
1486115105      792   48041    0.366524
1486115106      1177   49218    0.375504
1486115107      894   50186    0.382889
1486115108      882   51068    0.389618
1486115109      1169   52237    0.398537
1486115110      833   53070    0.404892
1486115111      1179   54249    0.413887
1486115112      887   55206    0.421188
1486115113      896   56102    0.428024
1486115114      1172   57274    0.436966
1486115115      844   58118    0.443405
1486115116      1172   59290    0.452347
1486115118      878   60226    0.459488
1486115119      899   61125    0.466347
1486115120      1175   62300    0.475311
1486115121      847   63147    0.481773
1486115122      1170   64317    0.4907
1486115123      875   65246    0.497787
1486115124      894   66140    0.504608
1486115125      1165   67305    0.513496
1486115126      854   68159    0.520012
1486115127      1172   69331    0.528954
1486115128      878   70266    0.536087
1486115129      896   71162    0.542923
1486115130      1170   72332    0.551849
1486115131      843   73175    0.558281
1486115132      1169   74344    0.5672
1486115133      878   75286    0.574387
1486115134      898   76184    0.581238
1486115135      1172   77356    0.590179
1486115136      838   78194    0.596573
1486115137      1172   79366    0.605515
1486115138      877   80306    0.612686
1486115139      890   81196    0.619476
1486115140      1168   82364    0.628387
1486115141      846   83210    0.634842
1486115142      1170   84380    0.643768
1486115143      880   85326    0.650986
1486115144      901   86227    0.65786
1486115145      1172   87399    0.666801
1486115146      846   88245    0.673256
1486115147      1167   89412    0.682159
1486115148      874   90346    0.689285
1486115149      894   91240    0.696106
1486115150      1177   92417    0.705086
1486115151      846   93263    0.71154
1486115152      1170   94433    0.720467
1486115153      759   95366    0.727585
1486115154      595   96096    0.733154
1486115155      776   96872    0.739075
1486115156      1176   98048    0.748047
1486115157      870   98956    0.754974
1486115158      1179   100135    0.763969
1486115159      886   101021    0.770729
1486115160      845   101866    0.777176
1486115161      1178   103044    0.786163
1486115162      883   103976    0.793274
1486115163      770   104746    0.799149
1486115164      888   105634    0.805923
1486115165      1174   106808    0.81488
1486115166      833   107641    0.821236
1486115167      1174   108815    0.830193
1486115169      861   109711    0.837029
1486115170      742   110453    0.84269
1486115171      1006   111459    0.850365
1486115172      930   112586    0.858963
1486115173      1069   113655    0.867119
1486115174      857   114731    0.875328
1486115175      727   115461    0.880898
1486115176      1174   116635    0.889854
1486115177      908   117543    0.896782
1486115178      766   118321    0.902718
1486115179      1101   119422    0.911118
1486115180      822   120466    0.919083
1486115181      893   121359    0.925896
1486115182      1053   122412    0.933929
1486115183      863   123341    0.941017
1486115184      1046   124387    0.948997
1486115186      871   125486    0.957382
1486115187      713   126216    0.962952
1486115188      1175   127391    0.971916
1486115189      830   128361    0.979317
1486115190      1178   129539    0.988304
1486115191      814   130506    0.995682
1486115192      782   131288    1.00165
1486115193      1155   132443    1.01046
1486115194      830   133381    1.01762
1486115195      1180   134561    1.02662
1486115196      886   135526    1.03398
1486115197      896   136422    1.04082
1486115198      1174   137596    1.04977
1486115199      852   138448    1.05627
1486115200      1170   139618    1.0652
1486115201      877   140546    1.07228
1486115202      887   141433    1.07905
1486115203      1170   142603    1.08797
1486115204      841   143444    1.09439
1486115205      1175   144619    1.10336
1486115206      880   145566    1.11058
1486115207      894   146460    1.1174
1486115208      1166   147626    1.1263
1486115209      857   148483    1.13284
1486115210      1174   149657    1.14179
1486115211      878   150586    1.14888
1486115212      884   151470    1.15562
1486115213      1171   152641    1.16456
1486115214      845   153486    1.17101
1486115215      1171   154657    1.17994
1486115216      886   155606    1.18718
1486115217      782   156388    1.19315
1486115218      1122   157510    1.20171
1486115220      896   158481    1.20911
1486115221      1179   159660    1.21811
1486115222      796   160626    1.22548
1486115223      894   161520    1.2323
1486115224      1062   162582    1.2404
1486115225      858   163501    1.24741
1486115226      1030   164531    1.25527
1486115227      852   165646    1.26378
1486115228      902   166548    1.27066
1486115229      1014   167562    1.2784
1486115230      772   168521    1.28571
1486115231      1184   169705    1.29475
1486115233      788   170666    1.30208
1486115234      686   171396    1.30765
1486115235      1181   172577    1.31666
1486115236      826   173541    1.32401
1486115237      1179   174720    1.33301
1486115238      821   175686    1.34038
1486115239      824   176510    1.34666
1486115240      904   177414    1.35356
1486115241      873   178561    1.36231
1486115242      1182   179743    1.37133
1486115243      820   180706    1.37868
1486115244      790   181496    1.3847
1486115245      1155   182651    1.39352
1486115247      873   183581    1.40061
1486115248      1171   184752    1.40955
1486115249      898   185726    1.41698
1486115250      885   186611    1.42373
1486115251      1169   187780    1.43265
1486115252      842   188622    1.43907
1486115253      1174   189796    1.44803
1486115254      885   190746    1.45528
1486115255      892   191638    1.46208
1486115256      1177   192815    1.47106
1486115257      847   193662    1.47752
1486115258      1173   194835    1.48647
1486115259      873   195766    1.49358
1486115260      892   196658    1.50038
1486115261      1169   197827    1.5093
1486115262      412   198239    1.51244
1486115263      941   199356    1.52097
1486115264      1177   200533    1.52995
1486115265      884   201417    1.53669
1486115266      847   202264    1.54315
1486115267      1172   203436    1.55209
1486115268      879   204376    1.55927
1486115269      1178   205554    1.56825
1486115270      880   206434    1.57497
1486115271      849   207283    1.58144
1486115272      1172   208455    1.59039
1486115273      880   209396    1.59756
1486115274      1179   210575    1.60656
1486115275      882   211457    1.61329
1486115276      843   212300    1.61972
1486115277      1171   213471    1.62865
1486115278      884   214416    1.63586
1486115279      1171   215587    1.6448
1486115280      887   216474    1.65157
1486115281      848   217322    1.65804
1486115282      1166   218488    1.66693
1486115283      883   219436    1.67416
1486115284      1179   220615    1.68316
1486115285      885   221500    1.68991
1486115286      849   222349    1.69639
1486115287      1174   223523    1.70535
1486115288      877   224456    1.71246
1486115289      1181   225637    1.72147
1486115290      888   226525    1.72825
1486115291      850   227375    1.73473
1486115292      1174   228549    1.74369
1486115293      879   229476    1.75076
1486115294      1182   230658    1.75978
1486115295      884   231542    1.76653
1486115296      850   232392    1.77301
1486115297      1175   233567    1.78197
1486115298      878   234496    1.78906
1486115299      1180   235676    1.79807
1486115300      886   236562    1.80482
1486115301      844   237406    1.81126
1486115302      1169   238575    1.82018
1486115303      884   239516    1.82736
1486115304      1185   240701    1.8364
1486115305      887   241588    1.84317
1486115306      852   242440    1.84967
1486115307      1175   243615    1.85863
1486115308      876   244536    1.86566
1486115309      1179   245715    1.87466
1486115310      883   246598    1.88139
1486115311      832   247430    1.88774
1486115312      1112   248542    1.89622
1486115314      855   249556    1.90396
1486115315      1030   250586    1.91182
1486115316      825   251411    1.91811
1486115317      809   252431    1.9259
1486115318      1178   253609    1.93488
1486115319      815   254576    1.94226
1486115320      1180   255756    1.95126
1486115321      726   256482    1.9568
1486115322      802   257451    1.9642
1486115323      1181   258632    1.97321
1486115325      759   259596    1.98056
1486115326      1177   260773    1.98954
1486115327      711   261484    1.99496
1486115328      813   262471    2.00249
1486115329      527   263186    2.00795
1486115330      1181   264367    2.01696
1486115331      820   265331    2.02431
1486115332      767   266098    2.03017
1486115333      1000   267098    2.0378
1486115335      939   268206    2.04625
1486115336      1044   269250    2.05421
1486115337      875   270351    2.06261
1486115338      834   271185    2.06898
1486115339      1170   272355    2.0779
1486115340      856   273226    2.08455
1486115341      1173   274399    2.0935
1486115342      891   275371    2.10091
1486115343      889   276260    2.1077
1486115344      1174   277434    2.11665
1486115345      844   278278    2.12309
1486115346      1174   279452    2.13205
1486115347      842   280391    2.13921
1486115348      893   281284    2.14603
1486115349      1174   282458    2.15498
1486115350      846   283304    2.16144
1486115351      1170   284474    2.17036
1486115352      876   285411    2.17751
1486115353      893   286304    2.18433
1486115354      1170   287474    2.19325
1486115355      848   288322    2.19972
1486115356      1173   289495    2.20867
1486115357      876   290431    2.21581
1486115358      894   291325    2.22263
1486115359      1174   292499    2.23159
1486115360      755   293306    2.23775
1486115361      1176   294482    2.24672
1486115362      891   295451    2.25411
1486115363      889   296340    2.26089
1486115364      1175   297515    2.26986
1486115365      743   298326    2.27605
1486115366      1031   299357    2.28391
1486115368      869   300471    2.29241
1486115369      725   301201    2.29798
1486115370      1183   302384    2.30701
1486115371      795   303346    2.31435
1486115372      1181   304527    2.32336
1486115373      810   305491    2.33071
1486115374      728   306221    2.33628
1486115375      1174   307395    2.34524
1486115376      791   308366    2.35265
1486115377      1178   309544    2.36163
1486115378      818   310511    2.36901
1486115379      766   311277    2.37486
1486115380      1126   312403    2.38345
1486115382      852   313386    2.39095
1486115383      1061   314447    2.39904
1486115384      853   315531    2.40731
1486115385      733   316264    2.4129
1486115386      1181   317445    2.42191
1486115387      794   318406    2.42924
1486115388      1090   319496    2.43756
1486115389      895   320551    2.44561
1486115390      786   321337    2.45161
1486115391      1098   322435    2.45998
1486115392      892   323426    2.46754
1486115393      1169   324595    2.47646
1486115395      887   325571    2.48391
1486115395      891   326462    2.49071
1486115396      1172   327634    2.49965
1486115397      847   328481    2.50611
1486115398      1177   329658    2.51509
1486115400      879   330591    2.52221
1486115401      892   331483    2.52901
1486115402      1171   332654    2.53795
1486115403      846   333500    2.5444
1486115404      1170   334670    2.55333
1486115405      874   335611    2.56051
1486115406      889   336500    2.56729
1486115407      1174   337674    2.57625
1486115408      850   338524    2.58273
1486115409      1169   339693    2.59165
1486115410      880   340631    2.59881
1486115411      887   341518    2.60558
1486115412      1177   342695    2.61456
1486115413      763   343506    2.62074
1486115414      1176   344682    2.62971
1486115415      888   345651    2.63711
1486115416      889   346540    2.64389
1486115417      1168   347708    2.6528
1486115418      842   348550    2.65923
1486115419      1170   349720    2.66815
1486115420      781   350671    2.67541
1486115421      890   351561    2.6822
1486115422      728   352289    2.68775
1486115423      1169   353458    2.69667
1486115424      829   354287    2.703
1486115425      1177   355464    2.71198
1486115426      880   356406    2.71916
1486115427      890   357296    2.72595
1486115428      1167   358463    2.73486
1486115429      846   359309    2.74131
1486115430      1168   360477    2.75022
1486115431      880   361426    2.75746
1486115432      897   362323    2.76431
1486115433      1164   363487    2.77319
1486115434      841   364328    2.7796
1486115435      1172   365500    2.78854
1486115436      882   366446    2.79576
1486115437      888   367334    2.80254
1486115438      1171   368505    2.81147
1486115439      846   369351    2.81792
1486115440      1172   370523    2.82687
1486115441      881   371466    2.83406
1486115442      888   372354    2.84084
1486115443      1175   373529    2.8498
1486115444      843   374372    2.85623
1486115445      1172   375544    2.86517
1486115446      873   376486    2.87236
1486115447      885   377371    2.87911
1486115448      1169   378540    2.88803
1486115449      802   379361    2.89429
1486115450      1171   380532    2.90323
1486115452      892   381506    2.91066
1486115453      605   382236    2.91623
1486115454      1173   383409    2.92518
1486115455      882   384381    2.93259
1486115456      1175   385556    2.94156
1486115457      810   386526    2.94896
1486115458      781   387307    2.95492
1486115459      933   388240    2.96204
1486115460      907   389401    2.97089
1486115461      1135   390536    2.97955
1486115463      835   391546    2.98726
1486115464      890   392436    2.99405
1486115465      1017   393453    3.00181
1486115466      808   394421    3.00919
1486115467      1170   395591    3.01812
1486115468      779   396566    3.02556
1486115469      686   397296    3.03113
1486115470      1171   398467    3.04006
1486115471      819   399441    3.04749
1486115472      1148   400589    3.05625
1486115473      849   401586    3.06386
1486115474      765   402351    3.06969
1486115475      915   403266    3.07668
1486115476      1172   404438    3.08562
1486115477      720   405176    3.09125
1486115478      1179   406355    3.10024
1486115479      755   407110    3.106
1486115481      813   408051    3.11318
1486115482      1176   409227    3.12215
1486115483      890   410196    3.12955
1486115484      1178   411374    3.13853
1486115485      881   412255    3.14526
1486115486      832   413087    3.1516
1486115487      1169   414256    3.16052
1486115488      870   415216    3.16785
1486115489      1180   416396    3.17685
1486115490      882   417278    3.18358
1486115491      850   418128    3.19006
1486115492      1176   419304    3.19904
1486115493      877   420236    3.20615
1486115494      1175   421411    3.21511
1486115495      881   422292    3.22183
1486115496      846   423138    3.22829
1486115497      1173   424311    3.23724
1486115498      882   425256    3.24445
1486115499      1179   426435    3.25344
1486115500      883   427318    3.26018
1486115501      847   428165    3.26664
1486115502      1166   429331    3.27554
1486115503      883   430276    3.28275
1486115504      1180   431456    3.29175
1486115505      878   432334    3.29845
1486115506      840   433174    3.30486
1486115507      1163   434337    3.31373
1486115508      805   435296    3.32104
1486115509      1176   436472    3.33002
1486115510      752   437224    3.33575
1486115511      796   438171    3.34298
1486115512      1146   439317    3.35172
1486115514      843   440316    3.35934
1486115515      1039   441355    3.36727
1486115516      742   442097    3.37293
1486115517      817   443191    3.38128
1486115518      1176   444367    3.39025
1486115519      807   445336    3.39764
1486115520      1169   446505    3.40656
1486115521      661   447166    3.41161
1486115522      799   448211    3.41958
1486115523      1180   449391    3.42858
1486115525      806   450356    3.43594
1486115526      1181   451537    3.44495
1486115527      730   452267    3.45052
1486115528      960   453227    3.45785
1486115529      702   453946    3.46333
1486115530      1137   455083    3.47201
1486115531      840   456091    3.4797
1486115532      717   456821    3.48527
1486115533      1183   458004    3.49429
1486115534      891   458966    3.50163
1486115535      1177   460143    3.51061
1486115536      890   461111    3.518
1486115537      889   462000    3.52478
1486115538      1174   463174    3.53374
1486115539      848   464022    3.54021
1486115540      1176   465198    3.54918
1486115541      879   466131    3.5563
1486115542      891   467022    3.5631
1486115543      1175   468197    3.57206
1486115544      841   469038    3.57848
1486115545      1168   470206    3.58739
1486115546      884   471151    3.5946
1486115547      890   472041    3.60139
1486115548      1175   473216    3.61035
1486115549      851   474067    3.61684
1486115550      1176   475243    3.62582
1486115551      876   476171    3.6329
1486115552      891   477062    3.63969
1486115553      1173   478235    3.64864
1486115554      840   479075    3.65505
1486115555      1176   480251    3.66402
1486115556      648   480899    3.66897
1486115557      905   481906    3.67665
1486115558      892   482798    3.68346
1486115559      1174   483972    3.69241
1486115560      837   484809    3.6988
1486115561      1176   485985    3.70777
1486115562      880   486926    3.71495
1486115563      891   487817    3.72175
1486115564      1157   488974    3.73058
1486115565      840   489814    3.73698
1486115566      1177   490991    3.74596
1486115567      886   491946    3.75325
1486115568      865   492811    3.75985
1486115569      1176   493987    3.76882
1486115570      823   494821    3.77518
1486115571      1178   495999    3.78417
1486115573      886   496966    3.79155
1486115574      882   497848    3.79828
1486115575      1164   499012    3.80716
1486115576      824   499841    3.81348
