1500387853      999   999    0
1500387854      999   1998    0
1500387855      1000   2998    0
1500387856      996   3994    0
1500387857      1000   4994    0
1500387858      999   5993    0
1500387859      1000   6993    0
1500387860      999   7992    0
1500387861      1000   8992    0
1500387862      999   9991    0
1500387863      1000   10991    0
1500387864      999   11990    0
1500387865      1000   12990    0
1500387866      1000   13990    0
1500387867      999   14989    0
1500387868      1000   15989    0
1500387869      999   16988    0
1500387870      1000   17988    0
1500387871      999   18987    0
1500387872      1000   19987    0
1500387873      999   20986    0
1500387874      1000   21986    0
1500387875      999   22985    0
1500387876      1000   23985    0
1500387877      999   24984    0
1500387878      1000   25984    0
1500387879      1000   26984    0
1500387880      999   27983    0
1500387881      1000   28983    0
1500387882      999   29982    0
1500387883      1000   30982    0
1500387884      999   31981    0
1500387885      1000   32981    0
1500387886      999   33980    0
1500387887      1000   34980    0
1500387888      999   35979    0
1500387889      1000   36979    0
1500387890      999   37978    0
1500387891      1000   38978    0
1500387892      1000   39978    0
1500387893      999   40977    0
1500387894      1000   41977    0
1500387895      999   42976    0
1500387896      1000   43976    0
1500387897      999   44975    0
1500387898      1000   45975    0
1500387899      999   46974    0
1500387900      1000   47974    0
1500387901      999   48973    0
1500387902      1000   49973    0
1500387903      999   50972    0
1500387904      1000   51972    0
1500387905      999   52971    0
1500387906      1000   53971    0
1500387907      1000   54971    0
1500387908      999   55970    0
1500387909      1000   56970    0
1500387910      999   57969    0
1500387911      1000   58969    0
1500387912      999   59968    0
1500387913      1000   60968    0
1500387914      999   61967    0
1500387915      1000   62967    0
1500387916      999   63966    0
1500387917      1000   64966    0
1500387918      998   65964    0
1500387919      1000   66964    0
1500387920      1000   67964    0
1500387921      999   68963    0
1500387922      1000   69963    0
1500387923      999   70962    0
1500387924      1000   71962    0
1500387925      999   72961    0
1500387926      1000   73961    0
1500387927      999   74960    0
1500387928      1000   75960    0
1500387929      999   76959    0
1500387930      1000   77959    0
1500387931      1000   78959    0
1500387932      976   79935    0
1500387933      1000   80935    0
1500387934      999   81934    0
1500387935      950   82884    0
1500387936      999   83883    0
1500387937      1000   84883    0
1500387938      951   85834    0
1500387939      1000   86834    0
1500387940      999   87833    0
1500387941      1000   88833    0
1500387942      952   89785    0
1500387943      999   90784    0
1500387944      1000   91784    0
1500387945      951   92735    0
1500387946      1000   93735    0
1500387947      999   94734    0
1500387948      952   95686    0
1500387949      999   96685    0
1500387950      1000   97685    0
1500387951      999   98684    0
1500387952      938   99622    0
1500387953      999   100621    0
1500387954      1000   101621    0
1500387955      952   102573    0
1500387956      999   103572    0
1500387957      1000   104572    0
1500387958      951   105523    0
1500387959      1000   106523    0
1500387960      999   107522    0
1500387961      1000   108522    0
1500387962      921   109443    0
1500387963      1000   110443    0
1500387964      999   111442    0
1500387965      952   112394    0
1500387966      999   113393    0
1500387967      1000   114393    0
1500387968      952   115345    0
1500387969      999   116344    0
1500387970      1000   117344    0
1500387971      946   118325    0
1500387972      1007   119332    0
1500387973      999   120331    0
1500387974      1000   121331    0
1500387975      951   122282    0
1500387976      1000   123282    0
1500387977      999   124281    0
1500387978      952   125233    0
1500387979      1000   126233    0
1500387980      999   127232    0
1500387981      952   128184    0
1500387982      999   129183    0
1500387983      1000   130183    0
1500387984      999   131182    0
1500387985      952   132134    0
1500387986      999   133133    0
1500387987      1000   134133    0
1500387988      951   135084    0
1500387989      1000   136084    0
1500387990      1000   137084    0
1500387991      951   138035    0
1500387992      1000   139035    0
1500387993      999   140034    0
1500387994      1000   141034    0
1500387995      926   141960    0
1500387996      1000   142960    0
1500387997      999   143959    0
1500387998      952   144911    0
1500387999      999   145910    0
1500388000      1000   146910    0
1500388001      951   147861    0
1500388002      1000   148861    0
1500388003      1000   149861    0
1500388004      945   150835    0
1500388005      1007   151842    0
1500388006      999   152841    0
1500388007      1000   153841    0
1500388008      951   154792    0
1500388009      1000   155792    0
1500388010      999   156791    0
1500388011      952   157743    0
1500388012      942   158685    0
1500388013      999   159684    0
1500388014      1000   160684    0
1500388015      999   161683    0
1500388016      952   162635    0
1500388017      999   163634    0
1500388018      1000   164634    0
1500388019      951   165585    0
1500388020      1000   166585    0
1500388021      999   167584    0
1500388022      952   168536    0
1500388023      1000   169536    0
1500388024      999   170535    0
1500388025      1000   171535    0
1500388026      934   172469    0
1500388027      1000   173469    0
1500388028      999   174468    0
1500388029      952   175420    0
1500388030      999   176419    0
1500388031      1000   177419    0
1500388032      951   178370    0
1500388033      1000   179370    0
1500388034      999   180369    0
1500388035      1000   181369    0
1500388036      939   182308    0
1500388037      999   183307    0
1500388038      1000   184307    0
1500388039      951   185258    0
1500388040      1000   186258    0
1500388041      999   187257    0
1500388042      952   188209    0
1500388043      999   189208    0
1500388044      1000   190208    0
1500388045      865   191135    0
1500388046      1006   192141    0
1500388047      1000   193141    0
1500388048      999   194140    0
1500388049      952   195092    0
1500388050      999   196091    0
1500388051      996   197087    0
1500388052      948   198035    0
1500388053      1000   199035    0
1500388054      1000   200035    0
1500388055      951   200986    0
1500388056      1000   201986    0
1500388057      999   202985    0
1500388058      1000   203985    0
1500388059      937   204922    0
1500388060      1000   205922    0
1500388061      999   206921    0
1500388062      952   207873    0
1500388063      999   208872    0
1500388064      1000   209872    0
1500388065      951   210823    0
1500388066      1000   211823    0
1500388067      1000   212823    0
1500388068      999   213822    0
1500388069      930   214752    0
1500388070      999   215751    0
1500388071      1000   216751    0
1500388072      951   217702    0
1500388073      1000   218702    0
1500388074      999   219701    0
1500388075      952   220653    0
1500388076      999   221652    0
1500388077      1000   222652    0
1500388078      947   223645    0
1500388079      1007   224652    0
1500388080      999   225651    0
1500388081      1000   226651    0
1500388082      951   227602    0
1500388083      1000   228602    0
1500388084      999   229601    0
1500388085      952   230553    0
1500388086      999   231552    0
1500388087      1000   232552    0
1500388088      951   233503    0
1500388089      1000   234503    0
1500388090      999   235502    0
1500388091      1000   236502    0
1500388092      952   237454    0
1500388093      941   238395    0
1500388094      1000   239395    0
1500388095      999   240394    0
1500388096      952   241346    0
1500388097      999   242345    0
1500388098      1000   243345    0
1500388099      999   244344    0
1500388100      951   245295    0
1500388101      999   246294    0
1500388102      1000   247294    0
1500388103      951   248245    0
1500388104      1000   249245    0
1500388105      1000   250245    0
1500388106      951   251196    0
1500388107      1000   252196    0
1500388108      999   253195    0
1500388109      947   254192    0
1500388110      1007   255199    0
1500388111      999   256198    0
1500388112      1000   257198    0
1500388113      951   258149    0
1500388114      1000   259149    0
1500388115      999   260148    0
1500388116      952   261100    0
1500388117      999   262099    0
1500388118      1000   263099    0
1500388119      951   264050    0
1500388120      1000   265050    0
1500388121      1000   266050    0
1500388122      999   267049    0
1500388123      952   268001    0
1500388124      999   269000    0
1500388125      1000   270000    0
1500388126      951   270951    0
1500388127      1000   271951    0
1500388128      999   272950    0
1500388129      952   273902    0
1500388130      999   274901    0
1500388131      1000   275901    0
1500388132      1000   276901    0
1500388133      928   277829    0
1500388134      1000   278829    0
1500388135      999   279828    0
1500388136      952   280780    0
1500388137      999   281779    0
1500388138      1000   282779    0
1500388139      951   283730    0
1500388140      1000   284730    0
1500388141      999   285729    0
1500388142      946   286702    0
1500388143      1007   287709    0
1500388144      999   288708    0
1500388145      1000   289708    0
1500388146      951   290659    0
1500388147      1000   291659    0
1500388148      999   292658    0
1500388149      952   293610    0
1500388150      999   294609    0
1500388151      1000   295609    0
1500388152      919   296528    0
1500388153      999   297527    0
1500388154      1000   298527    0
1500388155      999   299526    0
1500388156      952   300478    0
1500388157      999   301477    0
1500388158      1000   302477    0
1500388159      951   303428    0
1500388160      1000   304428    0
1500388161      999   305427    0
1500388162      952   306379    0
1500388163      999   307378    0
1500388164      1000   308378    0
1500388165      1000   309378    0
1500388166      919   310297    0
1500388167      1000   311297    0
1500388168      999   312296    0
1500388169      952   313248    0
1500388170      999   314247    0
1500388171      1000   315247    0
1500388172      947   316194    0
1500388173      997   317191    0
1500388174      935   318126    0
1500388175      999   319125    0
1500388176      996   320121    0
1500388177      951   321072    0
1500388178      1000   322072    0
1500388179      999   323071    0
1500388180      952   324023    0
1500388181      999   325022    0
1500388182      1000   326022    0
1500388183      946   327002    0
1500388184      1007   328009    0
1500388185      999   329008    0
1500388186      1000   330008    0
1500388187      951   330959    0
1500388188      1000   331959    0
1500388189      999   332958    0
1500388190      952   333910    0
1500388191      999   334909    0
1500388192      1000   335909    0
1500388193      951   336860    0
1500388194      1000   337860    0
1500388195      1000   338860    0
1500388196      999   339859    0
1500388197      952   340811    0
1500388198      999   341810    0
1500388199      1000   342810    0
1500388200      951   343761    0
1500388201      1000   344761    0
1500388202      999   345760    0
1500388203      952   346712    0
1500388204      999   347711    0
1500388205      1000   348711    0
1500388206      999   349710    0
1500388207      927   350637    0
1500388208      1000   351637    0
1500388209      999   352636    0
1500388210      952   353588    0
1500388211      999   354587    0
1500388212      1000   355587    0
1500388213      951   356538    0
1500388214      1000   357538    0
1500388215      999   358537    0
1500388216      947   359512    0
1500388217      1007   360519    0
1500388218      999   361518    0
1500388219      1000   362518    0
1500388220      951   363469    0
1500388221      1000   364469    0
1500388222      999   365468    0
1500388223      952   366420    0
1500388224      999   367419    0
1500388225      1000   368419    0
1500388226      951   369370    0
1500388227      1000   370370    0
1500388228      999   371369    0
1500388229      1000   372369    0
1500388230      952   373321    0
1500388231      999   374320    0
1500388232      1000   375320    0
1500388233      951   376271    0
1500388234      1000   377271    0
1500388235      999   378270    0
1500388236      952   379222    0
1500388237      999   380221    0
1500388238      1000   381221    0
1500388239      999   382220    0
1500388240      934   383154    0
1500388241      999   384153    0
1500388242      1000   385153    0
1500388243      952   386105    0
1500388244      999   387104    0
1500388245      1000   388104    0
1500388246      951   389055    0
1500388247      1000   390055    0
1500388248      999   391054    0
1500388249      946   392022    0
1500388250      1007   393029    0
1500388251      999   394028    0
1500388252      1000   395028    0
1500388253      951   395979    0
1500388254      942   396921    0
1500388255      999   397920    0
1500388256      1000   398920    0
1500388257      951   399871    0
1500388258      1000   400871    0
1500388259      999   401870    0
1500388260      1000   402870    0
1500388261      952   403822    0
1500388262      999   404821    0
1500388263      1000   405821    0
1500388264      951   406772    0
1500388265      1000   407772    0
1500388266      999   408771    0
1500388267      937   409708    0
1500388268      999   410707    0
1500388269      1000   411707    0
1500388270      999   412706    0
1500388271      940   413646    0
1500388272      1000   414646    0
1500388273      999   415645    0
1500388274      952   416597    0
1500388275      999   417596    0
1500388276      1000   418596    0
1500388277      951   419547    0
1500388278      1000   420547    0
1500388279      999   421546    0
1500388280      1000   422546    0
1500388281      936   423482    0
1500388282      1000   424482    0
1500388283      999   425481    0
1500388284      952   426433    0
1500388285      1000   427433    0
1500388286      999   428432    0
1500388287      952   429384    0
1500388288      999   430383    0
1500388289      1000   431383    0
1500388290      951   432334    0
1500388291      1000   433334    0
1500388292      999   434333    0
1500388293      1000   435333    0
1500388294      951   436284    0
1500388295      1000   437284    0
1500388296      999   438283    0
1500388297      952   439235    0
1500388298      1000   440235    0
1500388299      999   441234    0
1500388300      950   442184    0
1500388301      999   443183    0
1500388302      1000   444183    0
1500388303      999   445182    0
1500388304      950   446132    0
1500388305      999   447131    0
1500388306      1000   448131    0
1500388307      951   449082    0
1500388308      1000   450082    0
1500388309      999   451081    0
1500388310      952   452033    0
1500388311      1000   453033    0
1500388312      999   454032    0
1500388313      1000   455032    0
1500388314      934   455966    0
1500388315      1000   456966    0
1500388316      999   457965    0
1500388317      952   458917    0
1500388318      999   459916    0
1500388319      1000   460916    0
1500388320      951   461867    0
1500388321      1000   462867    0
1500388322      999   463866    0
1500388323      946   464832    0
1500388324      1006   465838    0
1500388325      1000   466838    0
1500388326      999   467837    0
1500388327      952   468789    0
1500388328      999   469788    0
1500388329      1000   470788    0
1500388330      951   471739    0
1500388331      1000   472739    0
1500388332      999   473738    0
1500388333      952   474690    0
1500388334      1000   475690    0
1500388335      941   476631    0
1500388336      1000   477631    0
1500388337      999   478630    0
1500388338      952   479582    0
1500388339      999   480581    0
1500388340      1000   481581    0
1500388341      951   482532    0
1500388342      1000   483532    0
1500388343      999   484531    0
1500388344      1000   485531    0
1500388345      931   486462    0
1500388346      1000   487462    0
1500388347      1000   488462    0
1500388348      951   489413    0
1500388349      1000   490413    0
1500388350      999   491412    0
1500388351      952   492364    0
1500388352      999   493363    0
1500388353      1000   494363    0
1500388354      999   495362    0
1500388355      939   496301    0
1500388356      999   497300    0
1500388357      1000   498300    0
1500388358      951   499251    0
