1485440655      1461   1461    0.0111465
1485440656      1441   2902    0.0221405
1485440657      1409   4311    0.0328903
1485440658      1373   5684    0.0433655
1485440659      864   6796    0.0518494
1485440660      1212   8008    0.0610962
1485440661      835   8941    0.0682144
1485440662      1226   10167    0.0775681
1485440663      736   10903    0.0831833
1485440664      891   11794    0.0899811
1485440666      852   12876    0.0982361
1485440667      1215   14091    0.107506
1485440668      828   15021    0.114601
1485440669      971   16096    0.122803
1485440670      1204   17300    0.131989
1485440671      832   18241    0.139168
1485440672      1213   19454    0.148422
1485440673      832   20386    0.155533
1485440674      992   21378    0.163101
1485440675      751   22176    0.169189
1485440676      1224   23400    0.178528
1485440677      828   24321    0.185555
1485440678      1188   25509    0.194618
1485440680      825   26466    0.20192
1485440681      955   27541    0.210121
1485440682      1082   28623    0.218376
1485440683      877   29686    0.226486
1485440684      1228   30914    0.235855
1485440685      796   31831    0.242851
1485440686      923   32906    0.251053
1485440687      1120   34026    0.259598
1485440688      387   34413    0.26255
1485440689      977   35390    0.270004
1485440690      860   36481    0.278328
1485440692      970   37556    0.28653
1485440693      979   38535    0.293999
1485440694      882   39701    0.302895
1485440695      1218   40919    0.312187
1485440696      764   41846    0.31926
1485440697      1074   42920    0.327454
1485440698      626   43636    0.332916
1485440699      1023   44659    0.340721
1485440701      865   45781    0.349281
1485440702      1225   47006    0.358627
1485440703      875   47926    0.365646
1485440704      957   48883    0.372948
1485440705      754   49716    0.379303
1485440706      1225   50942    0.388657
1485440707      826   51861    0.395668
1485440708      1219   53080    0.404968
1485440709      915   53995    0.411949
1485440710      950   55081    0.420235
1485440711      1052   56133    0.428261
1485440712      855   57226    0.4366
1485440713      1210   58436    0.445831
1485440714      682   59118    0.451035
1485440715      1127   60245    0.459633
1485440716      868   61161    0.466621
1485440717      1048   62209    0.474617
1485440719      880   63306    0.482986
1485440720      838   64381    0.491188
1485440721      1210   65591    0.50042
1485440722      794   66526    0.507553
1485440723      1200   67726    0.516708
1485440724      844   68671    0.523918
1485440725      1018   69689    0.531685
1485440726      672   70461    0.537575
1485440727      1045   71506    0.545547
1485440729      892   72606    0.55394
1485440730      1220   73826    0.563248
1485440731      794   74751    0.570305
1485440732      1062   75813    0.578407
1485440733      744   76557    0.584084
1485440734      1205   77762    0.593277
1485440735      823   78686    0.600327
1485440736      1199   79885    0.609474
1485440737      744   80629    0.61515
1485440738      985   81614    0.622665
1485440739      940   82621    0.630348
1485440740      1049   83670    0.638351
1485440741      847   84766    0.646713
1485440742      833   85841    0.654915
1485440743      1217   87058    0.6642
1485440745      797   87986    0.67128
1485440746      1213   89199    0.680534
1485440747      821   90131    0.687645
1485440748      1037   91168    0.695557
1485440749      921   92089    0.702583
1485440750      1005   93094    0.710251
1485440751      842   94066    0.717667
1485440752      1225   95291    0.727013
1485440753      835   96211    0.734032
1485440754      917   97128    0.741028
1485440755      784   98001    0.747688
1485440756      1221   99222    0.757004
1485440757      784   100146    0.764053
1485440758      987   101133    0.771584
1485440759      918   102051    0.778587
1485440760      1114   103165    0.787086
1485440761      823   104081    0.794075
1485440762      1213   105294    0.803329
1485440763      859   106226    0.81044
1485440765      897   107301    0.818642
1485440766      978   108279    0.826103
1485440767      873   109446    0.835007
1485440768      1210   110657    0.844246
1485440769      812   111591    0.851372
1485440771      743   112666    0.859573
1485440772      1207   113873    0.868782
1485440773      852   114811    0.875938
1485440774      1075   115886    0.88414
1485440775      902   116956    0.892303
1485440776      814   118031    0.900505
1485440777      1221   119252    0.909821
1485440778      777   120176    0.91687
1485440779      991   121167    0.924431
1485440781      874   122321    0.933235
1485440782      839   123396    0.941437
1485440783      1205   124601    0.95063
1485440784      807   125541    0.957802
1485440785      1115   126656    0.966309
1485440786      941   127686    0.974167
1485440787      900   128761    0.982368
1485440788      981   129742    0.989853
1485440790      886   130906    0.998734
1485440791      1222   132128    1.00806
1485440792      800   133051    1.0151
1485440793      994   134045    1.02268
1485440794      746   134841    1.02876
1485440795      1108   135949    1.03721
1485440796      895   136986    1.04512
1485440797      1194   138181    1.05424
1485440798      853   139131    1.06149
1485440799      915   140206    1.06969
1485440800      1093   141299    1.07803
1485440802      960   142351    1.08605
1485440803      1085   143436    1.09433
1485440804      898   144496    1.10242
1485440805      854   145571    1.11062
1485440806      1214   146785    1.11988
1485440807      904   147716    1.12698
1485440808      1221   148937    1.1363
1485440809      912   149861    1.14335
1485440810      971   150936    1.15155
1485440811      1197   152133    1.16068
1485440812      916   153081    1.16792
1485440813      1216   154297    1.17719
1485440814      890   155226    1.18428
1485440815      911   156301    1.19248
1485440816      1211   157512    1.20172
1485440817      922   158446    1.20885
1485440818      1223   159669    1.21818
1485440819      911   160591    1.22521
1485440821      973   161666    1.23341
1485440822      1216   162883    1.2427
1485440823      763   163811    1.24978
1485440824      1146   164957    1.25852
1485440825      942   165956    1.26614
1485440826      972   167031    1.27435
1485440827      1225   168256    1.28369
1485440828      913   169176    1.29071
1485440829      1213   170389    1.29996
1485440830      908   171321    1.30708
1485440831      969   172396    1.31528
1485440832      1202   173598    1.32445
1485440833      900   174541    1.33164
1485440834      1213   175754    1.3409
1485440835      892   176686    1.34801
1485440836      949   177761    1.35621
1485440837      1211   178972    1.36545
1485440838      924   179906    1.37257
1485440839      1212   181118    1.38182
1485440840      926   182051    1.38894
1485440841      969   183126    1.39714
1485440842      1210   184336    1.40637
1485440843      927   185271    1.41351
1485440844      1216   186487    1.42278
1485440845      918   187416    1.42987
1485440847      973   188491    1.43807
1485440848      1215   189706    1.44734
1485440849      917   190636    1.45444
1485440850      1209   191845    1.46366
1485440851      925   192781    1.4708
1485440852      969   193856    1.479
1485440853      1181   195037    1.48801
1485440854      924   196001    1.49537
1485440855      1209   197210    1.50459
1485440856      912   198146    1.51173
1485440857      960   199221    1.51994
1485440858      1211   200432    1.52917
1485440859      913   201366    1.5363
1485440860      1207   202573    1.54551
1485440861      920   203511    1.55267
1485440862      968   204586    1.56087
1485440863      1206   205792    1.57007
1485440864      922   206731    1.57723
1485440865      1214   207945    1.58649
1485440866      925   208876    1.5936
1485440867      967   209951    1.6018
1485440868      1207   211158    1.61101
1485440869      917   212096    1.61816
1485440870      1216   213312    1.62744
1485440871      929   214241    1.63453
1485440872      969   215316    1.64273
1485440873      1213   216529    1.65199
1485440874      917   217461    1.6591
1485440875      1215   218676    1.66837
1485440876      922   219606    1.67546
1485440877      973   220681    1.68366
1485440878      1221   221902    1.69298
1485440879      921   222826    1.70003
1485440880      1215   224041    1.7093
1485440881      917   224971    1.71639
1485440882      973   226046    1.72459
1485440883      1218   227264    1.73389
1485440885      915   228191    1.74096
1485440886      1211   229402    1.7502
1485440887      919   230336    1.75732
1485440888      969   231411    1.76553
1485440889      1210   232621    1.77476
1485440890      908   233556    1.78189
1485440891      1216   234772    1.79117
1485440892      922   235701    1.79826
1485440893      973   236776    1.80646
1485440894      1219   237995    1.81576
1485440895      920   238921    1.82282
1485440896      1211   240132    1.83206
1485440897      914   241066    1.83919
1485440898      970   242141    1.84739
1485440899      1208   243349    1.85661
1485440900      912   244286    1.86375
1485440901      1210   245496    1.87299
1485440902      768   246431    1.88012
1485440903      845   247506    1.88832
1485440904      1214   248720    1.89758
1485440906      818   249651    1.90469
1485440907      1215   250866    1.91396
1485440908      779   251796    1.92105
1485440909      925   252721    1.92811
1485440910      726   253586    1.93471
1485440911      1177   254763    1.94369
1485440912      814   255731    1.95107
1485440913      1168   256899    1.95998
1485440914      479   257521    1.96473
1485440915      962   258483    1.97207
1485440916      1109   259592    1.98053
1485440918      709   260381    1.98655
1485440919      1023   261404    1.99435
1485440920      861   262526    2.00291
1485440921      943   263601    2.01112
1485440922      1092   264693    2.01945
1485440923      847   265746    2.02748
1485440924      1215   266961    2.03675
1485440925      796   267891    2.04385
1485440926      971   268966    2.05205
1485440927      1210   270176    2.06128
1485440929      825   271111    2.06841
1485440930      983   272094    2.07591
1485440931      900   273256    2.08478
1485440932      817   274073    2.09101
1485440933      814   275046    2.09843
1485440934      1212   276258    2.10768
1485440935      812   277191    2.1148
1485440936      990   278181    2.12235
1485440937      912   279093    2.12931
1485440938      987   280080    2.13684
1485440939      849   281126    2.14482
1485440940      1222   282348    2.15414
1485440942      815   283271    2.16119
1485440943      836   284346    2.16939
1485440944      1212   285558    2.17863
1485440945      798   286491    2.18575
1485440946      1210   287701    2.19498
1485440947      817   288636    2.20212
1485440948      975   289611    2.20956
1485440949      777   290426    2.21577
1485440950      978   291404    2.22324
1485440951      1162   292566    2.2321
1485440952      790   293356    2.23813
1485440953      1009   294365    2.24583
1485440954      682   295076    2.25125
1485440955      1206   296282    2.26045
1485440956      795   297221    2.26762
1485440957      1216   298437    2.27689
1485440959      817   299366    2.28398
1485440960      1051   300417    2.292
1485440961      704   301156    2.29764
1485440962      1164   302320    2.30652
1485440963      840   303301    2.314
1485440964      1210   304511    2.32323
1485440965      832   305446    2.33037
1485440966      915   306361    2.33735
1485440967      769   307236    2.34402
1485440968      1215   308451    2.35329
1485440969      814   309381    2.36039
1485440970      1211   310592    2.36963
1485440971      746   311338    2.37532
1485440972      968   312306    2.38271
1485440973      939   313316    2.39041
1485440974      1057   314373    2.39848
1485440976      884   315461    2.40678
1485440977      835   316536    2.41498
1485440978      1215   317751    2.42425
1485440979      793   318681    2.43134
1485440980      1213   319894    2.4406
1485440982      533   320826    2.44771
1485440983      889   321901    2.45591
1485440984      1224   323125    2.46525
1485440985      821   324046    2.47227
1485440986      1207   325253    2.48148
1485440987      831   326191    2.48864
1485440988      1060   327251    2.49673
1485440989      703   327981    2.5023
1485440990      1211   329192    2.51154
1485440991      833   330126    2.51866
1485440992      1217   331343    2.52795
1485440994      799   332271    2.53503
1485440995      1023   333294    2.54283
1485440996      751   334061    2.54868
1485440997      1209   335270    2.55791
1485440998      827   336206    2.56505
1485440999      1209   337415    2.57427
1485441000      728   338143    2.57983
1485441001      975   339118    2.58727
1485441002      944   340141    2.59507
1485441003      1050   341191    2.60308
1485441004      877   342286    2.61143
1485441005      835   343361    2.61964
1485441006      1220   344581    2.62894
1485441007      796   345506    2.636
1485441008      1014   346520    2.64374
1485441010      873   347651    2.65237
1485441011      969   348726    2.66057
1485441012      1106   349832    2.66901
1485441013      672   350504    2.67413
1485441014      886   351586    2.68239
1485441015      1187   352773    2.69144
1485441016      834   353731    2.69875
1485441017      853   354806    2.70695
1485441018      1210   356016    2.71619
1485441020      827   356951    2.72332
1485441021      1214   358165    2.73258
1485441022      801   359096    2.73969
1485441023      949   360045    2.74693
1485441024      736   360886    2.75334
1485441025      1212   362098    2.76259
1485441026      813   363031    2.76971
1485441027      1206   364237    2.77891
1485441028      748   364985    2.78461
1485441029      974   365959    2.79205
1485441030      920   366966    2.79973
1485441031      1074   368040    2.80792
1485441032      876   369111    2.81609
1485441034      836   370186    2.8243
1485441035      1214   371400    2.83356
1485441036      782   372331    2.84066
1485441037      974   373305    2.84809
1485441038      979   374476    2.85703
1485441039      1046   375522    2.86501
1485441040      719   376266    2.87068
1485441041      1222   377488    2.88
1485441042      823   378411    2.88705
1485441043      713   379126    2.8925
1485441044      1205   380331    2.9017
1485441045      615   380946    2.90639
1485441046      1215   382161    2.91566
1485441047      795   383061    2.92252
1485441048      1132   384193    2.93116
1485441049      905   385206    2.93889
1485441050      1046   386252    2.94687
1485441052      708   386996    2.95255
1485441053      1213   388209    2.9618
1485441054      823   389141    2.96891
1485441055      1216   390357    2.97819
1485441056      816   391286    2.98528
1485441057      957   392243    2.99258
1485441058      756   393076    2.99893
1485441059      1183   394259    3.00796
1485441060      799   395221    3.0153
1485441061      1052   396273    3.02332
1485441062      900   397173    3.03019
1485441063      1037   398210    3.0381
1485441064      861   399156    3.04532
1485441065      1214   400370    3.05458
1485441066      800   401301    3.06168
1485441067      938   402376    3.06989
1485441068      975   403351    3.07732
1485441070      895   404521    3.08625
1485441071      1171   405692    3.09518
1485441072      871   406666    3.10262
1485441073      996   407662    3.11021
1485441074      689   408456    3.11627
1485441075      1212   409668    3.12552
1485441076      788   410601    3.13264
1485441077      1031   411632    3.1405
1485441078      981   412746    3.149
1485441079      769   413515    3.15487
1485441081      862   414536    3.16266
1485441082      1215   415751    3.17193
1485441083      827   416681    3.17902
1485441084      1089   417770    3.18733
1485441085      674   418471    3.19268
1485441086      1217   419688    3.20197
1485441087      799   420616    3.20905
1485441088      972   421588    3.21646
1485441089      888   422761    3.22541
1485441090      911   423836    3.23361
1485441091      1185   425021    3.24265
1485441093      863   425981    3.24998
1485441094      1221   427202    3.25929
1485441095      845   428126    3.26634
1485441096      903   429201    3.27454
1485441097      989   430190    3.28209
1485441098      886   431346    3.29091
1485441099      1211   432557    3.30015
1485441100      797   433491    3.30727
1485441101      981   434472    3.31476
1485441102      732   435281    3.32093
1485441103      1103   436384    3.32935
1485441105      897   437426    3.3373
1485441106      1222   438648    3.34662
1485441107      846   439571    3.35366
1485441108      944   440515    3.36086
1485441109      761   441361    3.36732
1485441110      1212   442573    3.37656
1485441111      787   443506    3.38368
1485441112      1217   444723    3.39297
1485441113      918   445641    3.39997
1485441114      973   446726    3.40825
1485441115      1221   447947    3.41756
1485441116      921   448871    3.42461
1485441117      1215   450086    3.43388
1485441118      905   450991    3.44079
1485441119      970   452091    3.44918
1485441120      1194   453285    3.45829
1485441121      925   454236    3.46555
1485441122      1224   455460    3.47488
1485441123      903   456363    3.48177
1485441124      962   457456    3.49011
1485441125      1214   458670    3.49937
1485441126      907   459601    3.50648
1485441127      1210   460811    3.51571
1485441128      892   461703    3.52251
1485441130      970   462821    3.53104
1485441131      1214   464035    3.54031
1485441132      914   464966    3.54741
1485441133      1209   466175    3.55663
1485441134      877   467052    3.56332
1485441135      982   468186    3.57198
1485441136      1210   469396    3.58121
1485441137      923   470331    3.58834
1485441138      1219   471550    3.59764
1485441139      916   472466    3.60463
1485441140      979   473551    3.61291
1485441141      1221   474772    3.62222
1485441142      918   475696    3.62927
1485441143      1214   476910    3.63853
1485441144      905   477815    3.64544
1485441145      976   478916    3.65384
1485441146      893   479809    3.66065
1485441147      1215   481024    3.66992
1485441148      923   481947    3.67696
1485441149      908   482855    3.68389
1485441150      1210   484065    3.69312
1485441151      927   484996    3.70023
1485441152      1210   486206    3.70946
1485441153      915   487141    3.71659
1485441154      973   488216    3.72479
1485441155      1212   489428    3.73404
1485441156      922   490361    3.74116
1485441157      1216   491577    3.75043
1485441158      918   492506    3.75752
1485441159      977   493581    3.76572
1485441160      1215   494796    3.77499
1485441161      797   495726    3.78209
1485441162      1222   496949    3.79142
1485441163      813   497871    3.79845
1485441164      973   498844    3.80588
1485441166      785   499661    3.81211
