1483840020      1433   1433    0.00273323
1483840021      1499   2932    0.00559235
1483840022      1499   4431    0.00845146
1483840023      1500   5931    0.0113125
1483840024      1499   7430    0.0141716
1483840025      1499   8930    0.0170326
1483840026      1499   10430    0.0198936
1483840027      1499   11930    0.0227547
1483840028      1499   13430    0.0256157
1483840029      1164   14668    0.027977
1483840030      1174   15842    0.0302162
1483840031      1312   17154    0.0327187
1483840032      1324   18478    0.035244
1483840033      1346   19824    0.0378113
1483840034      1200   21100    0.0402451
1483840035      1347   22447    0.0428143
1483840036      1345   23792    0.0453796
1483840037      1310   25102    0.0478783
1483840038      1209   26460    0.0504684
1483840039      1196   27656    0.0527496
1483840040      1345   29001    0.055315
1483840041      1345   30346    0.0578804
1483840042      1184   31530    0.0601387
1483840043      1300   32830    0.0626183
1483840044      1354   34184    0.0652008
1483840045      1318   35502    0.0677147
1483840046      1212   36839    0.0702648
1483840047      1354   38193    0.0728474
1483840048      1338   39531    0.0753994
1483840049      973   40786    0.0777931
1483840050      1360   42146    0.0803871
1483840051      1330   43476    0.0829239
1483840052      1187   44663    0.0851879
1483840053      1344   46007    0.0877514
1483840054      717   46724    0.089119
1483840055      1165   47889    0.091341
1483840056      1193   49082    0.0936165
1483840057      1250   50332    0.0960007
1483840059      1084   51506    0.0982399
1483840060      1273   52779    0.100668
1483840061      1325   54104    0.103195
1483840062      1193   55297    0.105471
1483840063      1177   56525    0.107813
1483840064      1339   57864    0.110367
1483840065      1349   59213    0.11294
1483840066      1347   60560    0.115509
1483840067      1213   61885    0.118036
1483840068      1361   63246    0.120632
1483840069      1339   64585    0.123186
1483840070      1349   65934    0.125759
1483840071      1200   67245    0.12826
1483840072      1209   68454    0.130566
1483840073      1349   69803    0.133139
1483840074      1355   71158    0.135723
1483840075      1183   72341    0.13798
1483840076      1347   73688    0.140549
1483840077      1347   75035    0.143118
1483840078      1339   76374    0.145672
1483840079      1189   77624    0.148056
1483840080      1358   78982    0.150646
1483840081      1330   80312    0.153183
1483840082      978   81571    0.155584
1483840083      1355   82926    0.158169
1483840084      1355   84281    0.160753
1483840085      1331   85612    0.163292
1483840086      1197   86931    0.165808
1483840087      1359   88290    0.1684
1483840088      1345   89635    0.170965
1483840089      1355   90990    0.17355
1483840090      1198   92291    0.176031
1483840091      1348   93639    0.178602
1483840092      1317   94956    0.181114
1483840093      987   95943    0.182997
1483840094      1346   97289    0.185564
1483840095      1201   98490    0.187855
1483840096      1352   99842    0.190434
1483840097      1345   101187    0.192999
1483840098      1346   102533    0.195566
1483840099      1200   103742    0.197872
1483840100      1324   105066    0.200397
1483840101      1348   106414    0.202969
1483840102      1313   107727    0.205473
1483840103      926   108761    0.207445
1483840104      1361   110122    0.210041
1483840105      1319   111441    0.212557
1483840106      1348   112789    0.215128
1483840107      1218   114121    0.217669
1483840108      1358   115479    0.220259
1483840109      1342   116821    0.222818
1483840110      1357   118178    0.225407
1483840111      1264   119442    0.227818
1483840113      1029   120553    0.229937
1483840114      1210   121763    0.232244
1483840115      1072   122835    0.234289
1483840116      1200   124035    0.236578
1483840117      1234   125269    0.238932
1483840118      1335   126604    0.241478
1483840119      1177   127781    0.243723
1483840120      1351   129132    0.2463
1483840121      1339   130471    0.248854
1483840122      1342   131813    0.251413
1483840123      1212   133076    0.253822
1483840124      1366   134442    0.256428
1483840125      1326   135768    0.258957
1483840126      1199   136967    0.261244
1483840127      1199   138166    0.263531
1483840128      1331   139497    0.266069
1483840129      1353   140850    0.26865
1483840130      1325   142175    0.271177
1483840131      1188   143455    0.273619
1483840132      1353   144808    0.276199
1483840133      1350   146158    0.278774
1483840134      1356   147514    0.281361
1483840135      1207   148815    0.283842
1483840136      1179   149994    0.286091
1483840137      1352   151346    0.28867
1483840138      1354   152700    0.291252
1483840139      1163   153863    0.29347
1483840140      1332   155195    0.296011
1483840141      1346   156541    0.298578
1483840142      1335   157876    0.301125
1483840143      1207   159194    0.303638
1483840144      1351   160545    0.306215
1483840145      1353   161898    0.308796
1483840146      1044   163141    0.311167
1483840147      1349   164490    0.31374
1483840148      1349   165839    0.316313
1483840149      1340   167179    0.318869
1483840150      1203   168501    0.32139
1483840151      1359   169860    0.323982
1483840152      1355   171215    0.326567
1483840153      1327   172542    0.329098
1483840154      1200   173861    0.331614
1483840155      1359   175220    0.334206
1483840156      1318   176538    0.33672
1483840157      1197   177735    0.339003
1483840158      1208   178943    0.341307
1483840159      1348   180291    0.343878
1483840160      1332   181623    0.346418
1483840161      1343   182966    0.34898
1483840162      1190   184240    0.35141
1483840163      1355   185595    0.353994
1483840164      1348   186943    0.356565
1483840165      1347   188290    0.359135
1483840166      1214   189600    0.361633
1483840167      994   190594    0.363529
1483840168      1350   191944    0.366104
1483840169      1354   193298    0.368687
1483840171      1101   194619    0.371206
1483840172      1182   195801    0.373461
1483840173      1350   197151    0.376036
1483840174      1355   198506    0.37862
1483840175      1357   199863    0.381208
1483840176      1199   201062    0.383495
1483840177      1353   202415    0.386076
1483840178      1346   203761    0.388643
1483840179      1200   204961    0.390932
1483840180      979   206070    0.393047
1483840181      1301   207371    0.395529
1483840182      1358   208729    0.398119
1483840183      1350   210079    0.400694
1483840184      1223   211430    0.403271
1483840185      1361   212791    0.405867
1483840186      831   213622    0.407452
1483840187      1355   214977    0.410036
1483840188      1346   216323    0.412603
1483840189      1065   217521    0.414888
1483840190      1358   218879    0.417479
1483840191      1351   220230    0.420055
1483840192      1345   221575    0.422621
1483840193      1213   222881    0.425112
1483840194      1360   224241    0.427706
1483840195      1356   225597    0.430292
1483840196      1348   226945    0.432863
1483840197      1213   228241    0.435335
1483840198      1359   229600    0.437927
1483840199      1347   230947    0.440496
1483840200      1203   232150    0.442791
1483840201      1212   233362    0.445103
1483840202      1345   234707    0.447668
1483840203      1350   236057    0.450243
1483840204      1355   237412    0.452827
1483840205      1196   238620    0.455132
1483840206      1353   239973    0.457712
1483840207      1355   241328    0.460297
1483840208      1346   242674    0.462864
1483840209      1213   243980    0.465355
1483840210      1207   245187    0.467657
1483840211      1355   246542    0.470242
1483840212      1344   247886    0.472805
1483840213      1190   249076    0.475075
1483840214      1344   250420    0.477638
1483840215      1350   251770    0.480213
1483840216      1354   253124    0.482796
1483840217      1202   254359    0.485151
1483840218      1358   255717    0.487741
1483840219      1354   257071    0.490324
1483840220      1095   258306    0.49268
1483840221      1358   259664    0.49527
1483840222      1344   261008    0.497833
1483840223      1349   262357    0.500406
1483840224      1218   263666    0.502903
1483840225      1360   265026    0.505497
1483840226      1348   266374    0.508068
1483840227      1354   267728    0.510651
1483840228      1213   269026    0.513126
1483840229      1196   270222    0.515408
1483840230      1176   271398    0.517651
1483840231      1203   272601    0.519945
1483840232      1347   273948    0.522514
1483840233      1106   275117    0.524744
1483840234      1361   276478    0.52734
1483840235      1187   277665    0.529604
1483840236      1322   278987    0.532125
1483840237      1353   280340    0.534706
1483840239      1154   281549    0.537012
1483840240      1360   282909    0.539606
1483840241      1356   284265    0.542192
1483840242      1091   285496    0.54454
1483840243      1358   286854    0.547131
1483840244      1347   288201    0.5497
1483840245      1344   289545    0.552263
1483840246      1222   290856    0.554764
1483840247      1361   292217    0.55736
1483840248      1346   293563    0.559927
1483840249      1350   294913    0.562502
1483840250      1215   296216    0.564987
1483840251      1360   297576    0.567581
1483840252      1229   298805    0.569925
1483840253      1202   300007    0.572218
1483840254      1205   301235    0.57456
1483840255      1362   302597    0.577158
1483840256      1350   303947    0.579733
1483840257      1354   305301    0.582315
1483840258      1214   306595    0.584784
1483840259      1349   307944    0.587357
1483840260      1351   309295    0.589933
1483840261      1356   310651    0.59252
1483840262      1215   311955    0.595007
1483840263      1209   313164    0.597313
1483840264      1358   314522    0.599903
1483840265      1346   315868    0.60247
1483840266      1202   317070    0.604763
1483840267      1354   318424    0.607346
1483840268      1348   319772    0.609917
1483840269      1355   321127    0.612501
1483840270      1191   322334    0.614803
1483840271      1360   323694    0.617397
1483840272      1344   325038    0.619961
1483840273      1095   326281    0.622332
1483840274      1361   327642    0.624928
1483840275      1346   328988    0.627495
1483840276      1354   330342    0.630077
1483840277      1175   331641    0.632555
1483840278      1351   332992    0.635132
1483840279      1351   334343    0.637709
1483840280      1357   335700    0.640297
1483840281      1211   337001    0.642778
1483840282      1361   338362    0.645374
1483840283      1345   339707    0.64794
1483840284      1203   340910    0.650234
1483840285      1205   342115    0.652533
1483840286      1348   343463    0.655104
1483840287      1355   344818    0.657688
1483840288      1321   346139    0.660208
1483840289      1194   347380    0.662575
1483840290      1359   348739    0.665167
1483840291      1340   350079    0.667723
1483840292      1348   351427    0.670294
1483840293      1286   352713    0.672747
1483840294      729   353471    0.674192
1483840295      1275   354746    0.676624
1483840296      1319   356065    0.67914
1483840297      1207   357272    0.681442
1483840298      1189   358461    0.68371
1483840299      1330   359791    0.686247
1483840300      1167   360975    0.688505
1483840301      1304   362279    0.690992
1483840302      1344   363623    0.693556
1483840303      1343   364966    0.696117
1483840304      1326   366292    0.698647
1483840305      968   367260    0.700493
1483840306      1352   368612    0.703072
1483840307      1340   369952    0.705627
1483840308      1348   371300    0.708199
1483840309      1184   372484    0.710457
1483840310      1333   373817    0.712999
1483840311      1358   375175    0.71559
1483840312      1352   376527    0.718168
1483840313      1207   377786    0.72057
1483840314      1364   379150    0.723171
1483840315      1353   380503    0.725752
1483840316      1202   381705    0.728045
1483840317      1197   382902    0.730328
1483840318      1345   384247    0.732893
1483840319      1337   385584    0.735443
1483840320      1356   386940    0.738029
1483840321      1184   388165    0.740366
1483840322      1332   389497    0.742907
1483840323      1353   390850    0.745487
1483840324      1315   392165    0.747995
1483840325      1350   393515    0.75057
1483840326      1028   394543    0.752531
1483840327      1320   395863    0.755049
1483840328      1350   397213    0.757624
1483840330      1210   398544    0.760162
1483840331      1349   399893    0.762735
1483840332      1351   401244    0.765312
1483840333      1342   402586    0.767872
1483840334      1212   403904    0.770386
1483840335      1351   405255    0.772963
1483840336      1338   406593    0.775515
1483840337      976   407851    0.777914
1483840338      1354   409205    0.780497
1483840339      1353   410558    0.783077
1483840340      1355   411913    0.785662
1483840341      1209   413211    0.788137
1483840342      1354   414565    0.79072
1483840343      1332   415897    0.793261
1483840344      1346   417243    0.795828
1483840345      1207   418571    0.798361
1483840346      1351   419922    0.800938
1483840347      1355   421277    0.803522
1483840348      990   422267    0.80541
1483840349      1179   423446    0.807659
1483840350      1066   424662    0.809978
1483840351      1360   426022    0.812572
1483840352      1247   427269    0.814951
1483840353      1234   428503    0.817305
1483840354      1333   429836    0.819847
1483840355      1163   430999    0.822065
1483840356      1150   432149    0.824259
1483840357      981   433238    0.826336
1483840358      1328   434566    0.828869
1483840359      1197   435763    0.831152
1483840360      1350   437113    0.833727
1483840361      1181   438294    0.835979
1483840362      1354   439648    0.838562
1483840363      1347   440995    0.841131
1483840364      1358   442353    0.843721
1483840365      1196   443617    0.846132
1483840366      1351   444968    0.848709
1483840367      1333   446301    0.851252
1483840368      1354   447655    0.853834
1483840369      1024   448679    0.855787
1483840370      1335   450014    0.858334
1483840371      1353   451367    0.860914
1483840372      1343   452710    0.863476
1483840373      1192   453996    0.865929
1483840374      1361   455357    0.868525
1483840375      1342   456699    0.871084
1483840376      1346   458045    0.873652
1483840378      1194   459356    0.876152
1483840379      1353   460709    0.878733
1483840380      1323   462032    0.881256
1483840381      1194   463226    0.883533
1483840382      1177   464403    0.885778
1483840383      1334   465737    0.888323
1483840384      1342   467079    0.890882
1483840385      1338   468417    0.893435
1483840386      1204   469735    0.895948
1483840387      1354   471089    0.898531
1483840388      1344   472433    0.901094
1483840389      1230   473663    0.90344
1483840390      1349   475012    0.906013
1483840391      1042   476054    0.908001
1483840392      1340   477394    0.910557
1483840393      1355   478749    0.913141
1483840394      1324   480073    0.915667
1483840395      1155   481228    0.91787
1483840396      1349   482577    0.920443
1483840397      1341   483918    0.923
1483840398      1348   485266    0.925571
1483840399      1194   486546    0.928013
1483840400      1359   487905    0.930605
1483840401      1355   489260    0.933189
1483840402      1057   490317    0.935205
1483840403      1207   491565    0.937586
1483840404      1346   492911    0.940153
1483840405      1358   494269    0.942743
1483840406      1332   495601    0.945284
1483840407      1214   496925    0.947809
1483840408      1195   498120    0.950089
1483840409      1235   499355    0.952444
