1486116298      1381   1381    0.0105362
1486116299      1368   2749    0.0209732
1486116300      1373   4122    0.0314484
1486116301      1214   5336    0.0407104
1486116302      1156   6492    0.04953
1486116303      765   7257    0.0553665
1486116304      1094   8351    0.0637131
1486116305      847   9361    0.0714188
1486116306      905   10266    0.0783234
1486116307      1142   11408    0.0870361
1486116308      784   12286    0.0937347
1486116309      1180   13466    0.102737
1486116311      884   14431    0.1101
1486116312      912   15343    0.117058
1486116313      1065   16408    0.125183
1486116314      811   17356    0.132416
1486116315      1048   18404    0.140411
1486116316      1033   19437    0.148293
1486116317      735   20216    0.154236
1486116318      777   20996    0.160187
1486116319      1175   22171    0.169151
1486116320      794   23141    0.176552
1486116321      1175   24316    0.185516
1486116322      814   25286    0.192917
1486116323      755   26066    0.198868
1486116324      805   26871    0.205009
1486116325      1105   27976    0.21344
1486116326      852   28926    0.220688
1486116327      1070   29996    0.228851
1486116328      637   30633    0.233711
1486116329      1169   31802    0.24263
1486116331      633   32566    0.248459
1486116332      912   33478    0.255417
1486116333      1177   34655    0.264397
1486116334      687   35426    0.270279
1486116335      893   36319    0.277092
1486116336      971   37290    0.2845
1486116337      915   38351    0.292595
1486116338      1046   39397    0.300575
1486116339      928   40496    0.30896
1486116340      774   41276    0.314911
1486116341      1167   42443    0.323814
1486116342      892   43421    0.331276
1486116343      1183   44604    0.340302
1486116344      821   45566    0.347641
1486116345      776   46346    0.353592
1486116346      1165   47511    0.36248
1486116347      883   48491    0.369957
1486116348      1156   49647    0.378777
1486116350      848   50636    0.386322
1486116351      908   51544    0.39325
1486116352      1166   52710    0.402145
1486116353      790   53561    0.408638
1486116354      1166   54727    0.417534
1486116355      864   55706    0.425003
1486116356      888   56594    0.431778
1486116357      1171   57765    0.440712
1486116358      781   58631    0.447319
1486116359      1141   59772    0.456024
1486116360      848   60776    0.463684
1486116361      902   61678    0.470566
1486116362      865   62543    0.477165
1486116363      1047   63590    0.485153
1486116364      141   63731    0.486229
1486116365      1020   64751    0.494011
1486116366      933   65846    0.502365
1486116367      681   66626    0.508316
1486116368      787   67413    0.51432
1486116369      1154   68567    0.523125
1486116370      917   69484    0.530121
1486116372      616   70201    0.535591
1486116373      802   71003    0.54171
1486116374      860   71863    0.548271
1486116375      834   72697    0.554634
1486116376      1043   73740    0.562592
1486116377      707   74556    0.568817
1486116378      1048   75604    0.576813
1486116379      533   76137    0.580879
1486116380      1071   77208    0.58905
1486116381      912   78120    0.596008
1486116382      721   78911    0.602043
1486116383      1185   80096    0.611084
1486116384      813   81056    0.618408
1486116385      722   81836    0.624359
1486116386      905   82741    0.631264
1486116387      1086   83827    0.639549
1486116388      775   84696    0.646179
1486116389      1177   85873    0.655159
1486116390      904   86777    0.662056
1486116391      801   87621    0.668495
1486116392      1049   88670    0.676498
1486116393      892   89766    0.68486
1486116394      1139   90905    0.69355
1486116395      506   91411    0.697411
1486116396      1171   92582    0.706345
1486116397      846   93428    0.712799
1486116398      1046   94474    0.720779
1486116400      930   95551    0.728996
1486116401      878   96429    0.735695
1486116402      1155   97584    0.744507
1486116403      795   98476    0.751312
1486116404      1176   99652    0.760284
1486116405      856   100621    0.767677
1486116406      878   101499    0.774376
1486116407      1175   102674    0.78334
1486116408      766   103546    0.789993
1486116409      1073   104619    0.79818
1486116410      1061   105680    0.806274
1486116411      669   106471    0.812309
1486116412      1143   107614    0.82103
1486116413      882   108616    0.828674
1486116414      1175   109791    0.837639
1486116415      888   110761    0.845039
1486116416      895   111656    0.851868
1486116417      1111   112767    0.860344
1486116418      875   113686    0.867355
1486116419      1181   114867    0.876366
1486116421      880   115831    0.88372
1486116422      904   116735    0.890617
1486116423      1082   117817    0.898872
1486116424      868   118756    0.906036
1486116425      1175   119931    0.915001
1486116426      887   120901    0.922401
1486116427      909   121810    0.929337
1486116428      1177   122987    0.938316
1486116429      845   123832    0.944763
1486116430      1182   125014    0.953781
1486116431      883   125971    0.961082
1486116432      909   126880    0.968018
1486116433      1165   128045    0.976906
1486116434      823   128896    0.983398
1486116435      1184   130080    0.992432
1486116436      886   131041    0.999763
1486116437      909   131950    1.0067
1486116438      1172   133122    1.01564
1486116439      842   133966    1.02208
1486116440      1182   135148    1.0311
1486116441      880   136111    1.03844
1486116442      908   137019    1.04537
1486116443      1176   138195    1.05434
1486116444      850   139045    1.06083
1486116445      1172   140217    1.06977
1486116446      889   141181    1.07713
1486116447      910   142091    1.08407
1486116448      1172   143263    1.09301
1486116449      841   144106    1.09944
1486116450      1180   145286    1.10844
1486116451      887   146251    1.11581
1486116452      910   147161    1.12275
1486116453      1177   148338    1.13173
1486116454      838   149176    1.13812
1486116455      1172   150348    1.14706
1486116456      893   151321    1.15449
1486116457      743   152064    1.16016
1486116458      830   152894    1.16649
1486116459      1168   154062    1.1754
1486116460      794   154961    1.18226
1486116461      1173   156134    1.19121
1486116463      824   157106    1.19862
1486116464      748   157886    1.20457
1486116465      1032   158918    1.21245
1486116466      940   160031    1.22094
1486116467      1012   161043    1.22866
1486116468      853   162176    1.2373
1486116469      898   163074    1.24416
1486116470      1036   164110    1.25206
1486116471      894   165101    1.25962
1486116472      1049   166150    1.26762
1486116474      878   167246    1.27599
1486116475      721   168026    1.28194
1486116476      1181   169207    1.29095
1486116477      812   170171    1.2983
1486116478      1181   171352    1.30731
1486116479      808   172316    1.31467
1486116480      759   173096    1.32062
1486116481      1038   174134    1.32854
1486116482      938   175241    1.33698
1486116483      1175   176416    1.34595
1486116484      889   177386    1.35335
1486116485      898   178284    1.3602
1486116486      1164   179448    1.36908
1486116487      846   180311    1.37566
1486116488      608   181026    1.38112
1486116489      1178   182204    1.39011
1486116490      897   183101    1.39695
1486116491      833   183951    1.40343
1486116492      1177   185128    1.41241
1486116494      886   186096    1.4198
1486116495      1173   187269    1.42875
1486116496      901   188170    1.43562
1486116497      834   189021    1.44212
1486116498      1183   190204    1.45114
1486116499      898   191166    1.45848
1486116500      1186   192352    1.46753
1486116501      900   193252    1.4744
1486116502      827   194091    1.4808
1486116503      1184   195275    1.48983
1486116504      887   196236    1.49716
1486116505      1172   197408    1.5061
1486116506      750   198158    1.51183
1486116507      766   199161    1.51948
1486116508      1179   200340    1.52847
1486116509      820   201306    1.53584
1486116510      1172   202478    1.54478
1486116511      768   203246    1.55064
1486116512      980   204226    1.55812
1486116513      817   205043    1.56435
1486116514      1040   206083    1.57229
1486116515      813   207091    1.57998
1486116516      772   207871    1.58593
1486116517      1181   209052    1.59494
1486116519      721   210016    1.60229
1486116520      1182   211198    1.61131
1486116521      939   212137    1.61848
1486116522      714   212876    1.62411
1486116523      683   213656    1.63007
1486116524      917   214573    1.63706
1486116525      1178   215751    1.64605
1486116526      684   216516    1.65189
1486116527      1051   217567    1.6599
1486116528      797   218364    1.66599
1486116529      849   219441    1.6742
1486116530      1183   220624    1.68323
1486116531      883   221586    1.69057
1486116532      1180   222766    1.69957
1486116533      899   223665    1.70643
1486116534      842   224511    1.71288
1486116535      1181   225692    1.72189
1486116537      885   226656    1.72925
1486116538      1157   227813    1.73808
1486116539      898   228711    1.74493
1486116540      851   229581    1.75156
1486116541      1174   230755    1.76052
1486116542      885   231726    1.76793
1486116543      1183   232909    1.77695
1486116544      902   233811    1.78384
1486116545      835   234651    1.79025
1486116546      1150   235801    1.79902
1486116547      900   236796    1.80661
1486116548      1174   237970    1.81557
1486116549      897   238867    1.82241
1486116550      836   239721    1.82893
1486116551      1175   240896    1.83789
1486116552      891   241866    1.84529
1486116553      1176   243042    1.85426
1486116554      873   243915    1.86092
1486116555      812   244791    1.86761
1486116556      1174   245965    1.87656
1486116557      886   246936    1.88397
1486116558      1177   248113    1.89295
1486116559      898   249011    1.8998
1486116560      825   249861    1.90629
1486116561      1172   251033    1.91523
1486116562      892   252006    1.92265
1486116563      1177   253183    1.93163
1486116564      903   254086    1.93852
1486116565      843   254931    1.94497
1486116566      1166   256097    1.95387
1486116567      888   257076    1.96133
1486116568      1183   258259    1.97036
1486116569      895   259154    1.97719
1486116570      784   260001    1.98365
1486116571      1058   261059    1.99172
1486116573      919   262146    2.00002
1486116574      1182   263328    2.00903
1486116575      900   264228    2.0159
1486116576      828   265071    2.02233
1486116577      1165   266236    2.03122
1486116578      888   267216    2.0387
1486116579      1187   268403    2.04775
1486116580      893   269296    2.05457
1486116581      843   270141    2.06101
1486116582      1176   271317    2.06998
1486116583      891   272286    2.07738
1486116584      1179   273465    2.08637
1486116585      901   274366    2.09325
1486116586      850   275216    2.09973
1486116587      1182   276398    2.10875
1486116588      885   277356    2.11606
1486116589      1185   278541    2.1251
1486116590      902   279443    2.13198
1486116591      833   280281    2.13837
1486116592      1178   281459    2.14736
1486116593      893   282426    2.15474
1486116594      1179   283605    2.16373
1486116595      882   284487    2.17046
1486116596      846   285351    2.17706
1486116597      1182   286533    2.18607
1486116598      891   287496    2.19342
1486116599      1178   288674    2.20241
1486116600      897   289571    2.20925
1486116601      766   290421    2.21574
1486116602      1179   291600    2.22473
1486116603      818   292566    2.2321
1486116604      1038   293604    2.24002
1486116605      897   294501    2.24686
1486116607      834   295491    2.25442
1486116608      1170   296661    2.26334
1486116609      813   297636    2.27078
1486116610      1171   298807    2.27972
1486116611      620   299427    2.28445
1486116612      867   300561    2.2931
1486116613      1097   301658    2.30147
1486116614      848   302706    2.30946
1486116615      1179   303885    2.31846
1486116616      784   304669    2.32444
1486116617      244   304916    2.32632
1486116618      1185   306101    2.33537
1486116619      827   307061    2.34269
1486116620      1047   308108    2.35068
1486116622      870   309206    2.35905
1486116623      765   309986    2.36501
1486116624      1181   311167    2.37402
1486116625      829   312131    2.38137
1486116626      1180   313311    2.39037
1486116627      893   314276    2.39774
1486116628      910   315186    2.40468
1486116629      1176   316362    2.41365
1486116630      844   317206    2.42009
1486116631      1173   318379    2.42904
1486116632      892   319346    2.43642
1486116633      910   320256    2.44336
1486116634      1175   321431    2.45232
1486116635      840   322271    2.45873
1486116636      1187   323458    2.46779
1486116637      892   324416    2.4751
1486116638      913   325329    2.48206
1486116639      1179   326508    2.49106
1486116640      852   327360    2.49756
1486116641      1170   328530    2.50648
1486116642      891   329486    2.51378
1486116643      913   330399    2.52074
1486116644      1176   331575    2.52972
1486116645      833   332411    2.53609
1486116646      1165   333576    2.54498
1486116647      889   334556    2.55246
1486116648      910   335466    2.5594
1486116649      929   336395    2.56649
1486116651      815   337481    2.57478
1486116652      1166   338647    2.58367
1486116653      959   339606    2.59099
1486116654      791   340397    2.59702
1486116655      211   340608    2.59863
1486116656      1026   341634    2.60646
1486116657      871   342551    2.61346
1486116658      1022   343573    2.62125
1486116659      868   344696    2.62982
1486116660      786   345482    2.63582
1486116661      1127   346609    2.64442
1486116662      902   347621    2.65214
1486116663      1037   348658    2.66005
1486116664      871   349766    2.6685
1486116665      741   350546    2.67445
1486116666      1176   351722    2.68343
1486116668      824   352691    2.69082
1486116669      1174   353865    2.69978
1486116670      839   354836    2.70718
1486116671      753   355616    2.71313
1486116672      891   356507    2.71993
1486116673      1173   357680    2.72888
1486116674      717   358476    2.73495
1486116675      1183   359659    2.74398
1486116676      903   360562    2.75087
1486116677      836   361401    2.75727
1486116678      1180   362581    2.76627
1486116679      889   363546    2.77364
1486116680      1185   364731    2.78268
1486116681      902   365633    2.78956
1486116682      832   366471    2.79595
1486116683      1175   367646    2.80492
1486116684      894   368616    2.81232
1486116685      980   369596    2.81979
1486116686      901   370497    2.82667
1486116687      921   371541    2.83463
1486116688      1178   372719    2.84362
1486116689      894   373686    2.851
1486116690      1185   374871    2.86004
1486116691      898   375769    2.86689
1486116692      837   376611    2.87331
1486116693      1181   377792    2.88232
1486116694      886   378756    2.88968
1486116695      1176   379932    2.89865
1486116696      894   380826    2.90547
1486116697      852   381681    2.91199
1486116698      1174   382855    2.92095
1486116699      888   383826    2.92836
1486116700      1177   385003    2.93734
1486116701      893   385896    2.94415
1486116702      841   386751    2.95068
1486116703      1187   387939    2.95974
1486116705      890   388896    2.96704
1486116706      1179   390075    2.97604
1486116707      888   390963    2.98281
1486116708      847   391821    2.98936
1486116709      1181   393002    2.99837
1486116710      889   393966    3.00572
1486116711      1176   395142    3.01469
1486116712      889   396031    3.02148
1486116713      851   396891    3.02804
1486116714      1180   398071    3.03704
1486116715      891   399036    3.0444
1486116716      1181   400217    3.05341
1486116717      735   400952    3.05902
1486116718      906   401961    3.06672
1486116719      1186   403147    3.07577
1486116720      889   404106    3.08308
1486116721      1125   405231    3.09167
1486116722      890   406121    3.09846
1486116723      863   407031    3.1054
1486116724      1173   408204    3.11435
1486116725      896   409176    3.12177
1486116726      1174   410351    3.13073
1486116727      890   411241    3.13752
1486116728      846   412101    3.14408
1486116729      1172   413273    3.15302
1486116730      891   414246    3.16045
1486116731      1162   415408    3.16931
1486116732      885   416293    3.17606
1486116733      861   417171    3.18276
1486116734      1177   418348    3.19174
1486116735      888   419316    3.19913
1486116736      1169   420485    3.20805
1486116737      858   421343    3.21459
1486116738      870   422241    3.22144
1486116739      1173   423414    3.23039
1486116740      897   424386    3.23781
1486116741      1171   425557    3.24674
1486116742      897   426454    3.25359
1486116743      848   427311    3.26012
1486116744      1035   428346    3.26802
1486116746      871   429456    3.27649
1486116747      1170   430626    3.28542
1486116748      726   431352    3.29095
1486116749      848   432381    3.29881
1486116750      1180   433561    3.30781
1486116751      813   434526    3.31517
1486116752      1030   435556    3.32303
1486116753      862   436418    3.32961
1486116754      877   437451    3.33749
1486116755      1095   438546    3.34584
1486116756      917   439596    3.35385
1486116757      1036   440632    3.36176
1486116758      809   441441    3.36793
1486116760      821   442521    3.37617
1486116761      1184   443705    3.3852
1486116762      819   444666    3.39253
1486116763      1184   445850    3.40157
1486116764      769   446619    3.40743
1486116765      835   447591    3.41485
1486116766      1182   448773    3.42387
1486116767      825   449736    3.43121
1486116768      1062   450798    3.43932
1486116769      896   451694    3.44615
1486116770      890   452661    3.45353
1486116771      1176   453837    3.4625
1486116772      891   454806    3.46989
1486116773      1181   455987    3.4789
1486116774      896   456883    3.48574
1486116775      821   457731    3.49221
1486116776      1177   458908    3.50119
1486116778      890   459876    3.50858
1486116779      1173   461049    3.51752
1486116780      899   461948    3.52438
1486116781      853   462801    3.53089
1486116782      1165   463966    3.53978
1486116783      893   464946    3.54726
1486116784      1178   466124    3.55624
1486116785      892   467016    3.56305
1486116786      853   467871    3.56957
1486116787      1174   469045    3.57853
1486116788      890   470016    3.58594
1486116789      1175   471191    3.5949
1486116790      896   472087    3.60174
1486116791      812   472941    3.60825
1486116792      1179   474120    3.61725
1486116793      766   475086    3.62462
1486116794      1174   476260    3.63358
1486116795      534   476794    3.63765
1486116796      1176   477970    3.64662
1486116797      728   478726    3.65239
1486116798      1041   479767    3.66033
1486116799      872   480871    3.66875
1486116800      860   481731    3.67532
1486116801      1157   482888    3.68414
1486116802      781   483796    3.69107
1486116803      1174   484970    3.70003
1486116805      784   485941    3.70744
1486116806      875   486816    3.71411
1486116807      1170   487986    3.72304
1486116808      757   488866    3.72975
1486116809      550   489581    3.73521
1486116810      1171   490752    3.74414
1486116811      825   491726    3.75157
1486116812      790   492516    3.7576
1486116813      927   493443    3.76467
1486116814      1085   494528    3.77295
1486116815      756   495366    3.77934
1486116816      1090   496456    3.78766
1486116817      847   497303    3.79412
1486116819      902   498291    3.80166
1486116820      1175   499466    3.81062
