1499685770      481   481    0.0142202
1499685771      481   963    0.02847
1499685772      486   1450    0.0428677
1499685773      474   1925    0.0569105
1499685774      466   2391    0.0706873
1499685775      491   2882    0.0852032
1499685776      494   3377    0.0998373
1499685777      523   3900    0.115299
1499685778      521   4421    0.130702
1499685779      511   4932    0.145809
1499685780      519   5451    0.161153
1499685781      513   5965    0.176349
1499685782      407   6449    0.190658
1499685784      485   7021    0.207568
1499685785      523   7544    0.22303
1499685786      524   8068    0.238522
1499685787      522   8590    0.253954
1499685788      491   9081    0.26847
1499685789      518   9599    0.283784
1499685790      394   9993    0.295432
1499685791      521   10514    0.310835
1499685792      532   11046    0.326563
1499685793      520   11566    0.341936
1499685794      509   12076    0.357014
1499685795      413   12565    0.37147
1499685796      499   13064    0.386223
1499685797      466   13589    0.401744
1499685798      509   14098    0.416792
1499685800      251   14493    0.42847
1499685800      523   15016    0.443932
1499685802      520   15536    0.459305
1499685803      518   16055    0.474648
1499685804      439   16494    0.487627
1499685805      514   17008    0.502823
1499685806      512   17521    0.517989
1499685807      514   18036    0.533215
1499685808      492   18528    0.54776
1499685809      523   19051    0.563222
1499685810      511   19562    0.578329
1499685811      429   19991    0.591012
