1482887278      1498   1498    0.00285721
1482887279      1499   2997    0.00571632
1482887280      1500   4497    0.00857735
1482887281      1499   5996    0.0114365
1482887282      1500   7496    0.0142975
1482887283      1499   8995    0.0171566
1482887284      1499   10495    0.0200176
1482887285      1499   11995    0.0228786
1482887286      1499   13495    0.0257397
1482887287      1250   14745    0.0281239
1482887288      1351   16096    0.0307007
1482887289      1346   17442    0.033268
1482887290      1355   18797    0.0358524
1482887291      1196   20013    0.0381718
1482887292      1350   21363    0.0407467
1482887293      1351   22714    0.0433235
1482887294      1354   24068    0.0459061
1482887295      1212   25373    0.0483952
1482887296      1351   26724    0.050972
1482887297      1066   27790    0.0530052
1482887298      1352   29142    0.055584
1482887299      1183   30377    0.0579395
1482887300      1354   31731    0.0605221
1482887301      1353   33084    0.0631027
1482887302      1353   34437    0.0656834
1482887303      1196   35737    0.0681629
1482887304      1339   37076    0.0707169
1482887305      1343   38419    0.0732784
1482887306      1316   39735    0.0757885
1482887308      995   40741    0.0777073
1482887309      1360   42101    0.0803013
1482887310      1324   43425    0.0828266
1482887311      1351   44776    0.0854034
1482887312      1205   46101    0.0879307
1482887313      1325   47426    0.0904579
1482887314      1350   48776    0.0930328
1482887315      1331   50107    0.0955715
1482887316      1352   51459    0.0981503
1482887317      1169   52628    0.10038
1482887318      1343   53971    0.102942
1482887319      1206   55177    0.105242
1482887320      1205   56465    0.107698
1482887321      1360   57825    0.110292
1482887322      1345   59170    0.112858
1482887323      1348   60518    0.115429
1482887324      1170   61825    0.117922
1482887325      1332   63157    0.120462
1482887326      1344   64501    0.123026
1482887327      1329   65830    0.125561
1482887328      1346   67176    0.128128
1482887329      961   68137    0.129961
1482887330      1353   69490    0.132542
1482887331      1354   70844    0.135124
1482887332      1215   72189    0.13769
1482887333      1327   73516    0.140221
1482887334      1352   74868    0.142799
1482887335      1274   76142    0.145229
1482887336      1313   77455    0.147734
1482887337      1066   78621    0.149958
1482887338      1338   79959    0.15251
1482887339      1195   81154    0.154789
1482887340      997   82151    0.156691
1482887341      1350   83501    0.159266
1482887342      1157   84697    0.161547
1482887343      1363   86060    0.164146
1482887344      1326   87386    0.166676
1482887345      1351   88737    0.169252
1482887346      1197   90057    0.17177
1482887347      1353   91410    0.174351
1482887348      1348   92758    0.176922
1482887349      1323   94081    0.179445
1482887350      888   95061    0.181314
1482887351      1351   96412    0.183891
1482887352      1331   97743    0.18643
1482887353      1345   99088    0.188995
1482887354      1203   100421    0.191538
1482887355      1359   101780    0.19413
1482887356      1341   103121    0.196688
1482887357      1350   104471    0.199263
1482887358      1198   105781    0.201761
1482887359      1345   107126    0.204327
1482887360      1345   108471    0.206892
1482887361      1206   109677    0.209192
1482887362      1186   110863    0.211454
1482887363      1355   112218    0.214039
1482887364      1322   113540    0.21656
1482887365      1347   114887    0.21913
1482887366      1193   116145    0.221529
1482887367      1338   117483    0.224081
1482887368      1353   118836    0.226662
1482887369      1343   120179    0.229223
1482887371      1217   121505    0.231752
1482887372      1213   122718    0.234066
1482887373      1352   124070    0.236645
1482887374      1323   125393    0.239168
1482887375      1168   126561    0.241396
1482887376      1347   127908    0.243965
1482887377      1337   129245    0.246515
1482887378      1350   130595    0.24909
1482887379      827   131869    0.25152
1482887380      1352   133221    0.254099
1482887381      1340   134561    0.256655
1482887382      977   135801    0.25902
1482887383      1363   137164    0.26162
1482887384      1353   138517    0.2642
1482887385      1340   139857    0.266756
1482887386      1188   141161    0.269243
1482887387      1358   142519    0.271833
1482887388      1312   143831    0.274336
1482887389      1349   145180    0.276909
1482887390      1337   146517    0.279459
1482887392      1028   147593    0.281511
1482887392      1352   148945    0.28409
1482887393      893   149838    0.285793
1482887394      1350   151188    0.288368
1482887395      1252   152440    0.290756
1482887397      1187   153669    0.2931
1482887398      1326   154995    0.29563
1482887399      1349   156344    0.298203
1482887400      1324   157668    0.300728
1482887401      1355   159023    0.303312
1482887402      1170   160193    0.305544
1482887403      1356   161549    0.30813
1482887404      1337   162886    0.31068
1482887405      1069   164033    0.312868
1482887406      1349   165382    0.315441
1482887407      1334   166716    0.317986
1482887408      1354   168070    0.320568
1482887409      1215   169393    0.323092
1482887410      1361   170754    0.325687
1482887411      1346   172100    0.328255
1482887412      1350   173450    0.33083
1482887413      1212   174753    0.333315
1482887414      1351   176104    0.335892
1482887415      1206   177310    0.338192
1482887416      1346   178656    0.340759
1482887417      1206   179862    0.34306
1482887418      1349   181211    0.345633
1482887419      1356   182567    0.348219
1482887420      1344   183911    0.350782
1482887421      1194   185117    0.353083
1482887422      1357   186474    0.355671
1482887423      1346   187820    0.358238
1482887424      1353   189173    0.360819
1482887425      1053   190226    0.362827
1482887426      1347   191573    0.365396
1482887427      1352   192925    0.367975
1482887428      1347   194272    0.370544
1482887429      1195   195481    0.37285
1482887430      1360   196841    0.375444
1482887431      1347   198188    0.378014
1482887432      1353   199541    0.380594
1482887433      1210   200841    0.383074
1482887434      1352   202193    0.385653
1482887435      1352   203545    0.388231
1482887436      1206   204751    0.390532
1482887437      1206   205957    0.392832
1482887438      1350   207307    0.395407
1482887439      1343   208650    0.397968
1482887440      1349   209999    0.400541
1482887441      1196   211205    0.402842
1482887442      1359   212564    0.405434
1482887443      1343   213907    0.407995
1482887444      1353   215260    0.410576
1482887445      1217   216565    0.413065
1482887446      1211   217776    0.415375
1482887447      1347   219123    0.417944
1482887448      1351   220474    0.420521
1482887449      1198   221672    0.422806
1482887450      1345   223017    0.425371
1482887451      1353   224370    0.427952
1482887452      1182   225552    0.430206
1482887453      1208   226760    0.43251
1482887454      1201   228001    0.434877
1482887455      1277   229278    0.437313
1482887456      1288   230566    0.43977
1482887457      1112   231678    0.441891
1482887458      1204   232882    0.444187
1482887459      1182   234077    0.446466
1482887460      1345   235422    0.449032
1482887461      1351   236773    0.451609
1482887462      1355   238128    0.454193
1482887463      1208   239437    0.45669
1482887464      1359   240796    0.459282
1482887465      1348   242144    0.461853
1482887466      1354   243498    0.464436
1482887467      1054   244552    0.466446
1482887468      1353   245905    0.469027
1482887469      1348   247253    0.471598
1482887470      1353   248606    0.474178
1482887471      1208   249814    0.476482
1482887472      1347   251161    0.479052
1482887473      1353   252514    0.481632
1482887474      1345   253859    0.484198
1482887475      1211   255161    0.486681
1482887476      1360   256521    0.489275
1482887477      1347   257868    0.491844
1482887478      1208   259076    0.494148
1482887479      1203   260279    0.496443
1482887480      920   261237    0.49827
1482887481      1350   262587    0.500845
1482887482      1347   263934    0.503414
1482887483      1341   265275    0.505972
1482887484      1216   266597    0.508493
1482887485      1357   267954    0.511082
1482887486      1354   269308    0.513664
1482887487      1346   270654    0.516232
1482887488      1045   271699    0.518225
1482887489      1351   273050    0.520802
1482887490      1342   274392    0.523361
1482887491      1349   275741    0.525934
1482887492      1200   276961    0.528261
1482887493      1361   278322    0.530857
1482887494      1341   279663    0.533415
1482887495      1351   281014    0.535992
1482887496      1215   282321    0.538485
1482887497      1353   283674    0.541065
1482887498      1355   285029    0.54365
1482887499      1207   286236    0.545952
1482887500      1198   287434    0.548237
1482887501      1351   288785    0.550814
1482887502      1356   290141    0.5534
1482887503      1345   291486    0.555965
1482887504      1204   292690    0.558262
1482887505      1349   294039    0.560835
1482887506      1351   295390    0.563412
1482887507      1354   296744    0.565994
1482887508      1211   298045    0.568476
1482887509      1211   299256    0.570786
1482887510      1352   300608    0.573364
1482887511      816   301424    0.574921
1482887512      1221   302645    0.57725
1482887513      1346   303991    0.579817
1482887515      1002   305193    0.582109
1482887516      1237   306430    0.584469
1482887517      1180   307610    0.58672
1482887518      1183   308793    0.588976
1482887519      1176   309969    0.591219
1482887520      1181   311150    0.593472
1482887521      1002   312341    0.595743
1482887522      1361   313702    0.598339
1482887523      1344   315046    0.600903
1482887524      1352   316398    0.603481
1482887525      1214   317701    0.605967
1482887526      1357   319058    0.608555
1482887527      1343   320401    0.611116
1482887528      1351   321752    0.613693
1482887529      1210   323061    0.61619
1482887530      1360   324421    0.618784
1482887531      1346   325767    0.621351
1482887532      1207   326974    0.623653
1482887533      1203   328177    0.625948
1482887534      1344   329521    0.628511
1482887535      1352   330873    0.63109
1482887536      1340   332213    0.633646
1482887537      1198   333425    0.635958
1482887538      1350   334775    0.638533
1482887539      1351   336126    0.641109
1482887540      1353   337479    0.64369
1482887541      1214   338785    0.646181
1482887542      1209   339994    0.648487
1482887543      1353   341347    0.651068
1482887544      1346   342693    0.653635
1482887545      1204   343897    0.655931
1482887546      1345   345242    0.658497
1482887547      1351   346593    0.661074
1482887548      1304   347897    0.663561
1482887549      1195   349149    0.665949
1482887550      1350   350499    0.668524
1482887551      1330   351829    0.671061
1482887552      997   353081    0.673449
1482887553      1352   354433    0.676027
1482887554      1351   355784    0.678604
1482887555      1344   357128    0.681168
1482887556      1197   358441    0.683672
1482887557      1358   359799    0.686262
1482887558      1314   361113    0.688768
1482887559      1345   362458    0.691334
1482887560      1337   363795    0.693884
1482887561      1181   364976    0.696136
1482887562      1351   366327    0.698713
1482887563      1206   367533    0.701014
1482887564      1204   368805    0.70344
1482887565      1353   370158    0.70602
1482887566      1338   371496    0.708572
1482887567      1342   372838    0.711132
1482887569      1206   374165    0.713663
1482887570      1327   375492    0.716194
1482887571      1352   376844    0.718773
1482887572      1311   378155    0.721273
1482887573      1348   379503    0.723845
1482887574      1037   380540    0.725822
1482887575      1329   381869    0.728357
1482887576      1353   383222    0.730938
1482887577      1191   384529    0.733431
1482887578      1312   385841    0.735933
1482887579      1345   387186    0.738499
1482887580      1168   388354    0.740726
1482887581      1345   389699    0.743292
1482887582      1231   390930    0.74564
1482887583      1169   392099    0.747869
1482887584      1340   393439    0.750425
1482887585      1099   394538    0.752522
1482887586      1353   395891    0.755102
1482887587      1183   397074    0.757359
1482887588      1342   398416    0.759918
1482887589      1331   399747    0.762457
1482887590      1355   401102    0.765041
1482887591      1208   402397    0.767511
1482887592      1352   403749    0.77009
1482887593      1347   405096    0.772659
1482887594      1339   406435    0.775213
1482887595      953   407401    0.777056
1482887596      1359   408760    0.779648
1482887597      1326   410086    0.782177
1482887598      1352   411438    0.784756
1482887599      1317   412755    0.787268
1482887600      1197   413952    0.789551
1482887601      1313   415265    0.792055
1482887602      1346   416611    0.794622
1482887603      1338   417949    0.797174
1482887604      1193   419193    0.799547
1482887605      1360   420553    0.802141
1482887606      1197   421750    0.804424
1482887607      1347   423097    0.806993
1482887608      1167   424264    0.809219
1482887609      1327   425591    0.81175
1482887610      1345   426936    0.814316
1482887611      1339   428275    0.81687
1482887612      1188   429557    0.819315
1482887613      1359   430916    0.821907
1482887614      1316   432232    0.824417
1482887615      1345   433577    0.826982
1482887616      1040   434617    0.828966
1482887617      1334   435951    0.831511
1482887618      1356   437307    0.834097
1482887619      1318   438625    0.836611
1482887620      1202   439921    0.839083
1482887621      1355   441276    0.841667
1482887622      1323   442599    0.844191
1482887623      1354   443953    0.846773
1482887624      1321   445274    0.849293
1482887625      1195   446469    0.851572
1482887626      1339   447808    0.854126
1482887627      1176   448984    0.856369
1482887628      1188   450285    0.85885
1482887629      1346   451631    0.861418
1482887630      1343   452974    0.863979
1482887631      1331   454305    0.866518
1482887632      1233   455538    0.86887
1482887633      1091   456717    0.871119
1482887634      1255   457972    0.873512
1482887635      1336   459308    0.87606
1482887636      1343   460651    0.878622
1482887637      935   461721    0.880663
1482887638      1197   462918    0.882946
1482887639      1326   464244    0.885475
1482887640      1220   465464    0.887802
1482887641      1184   466648    0.89006
1482887642      1339   467987    0.892614
1482887643      1184   469225    0.894976
1482887644      1339   470564    0.89753
1482887645      1345   471909    0.900095
1482887646      1330   473239    0.902632
1482887647      1344   474583    0.905195
1482887648      1042   475625    0.907183
1482887649      1332   476957    0.909723
1482887650      1352   478309    0.912302
1482887651      1208   479589    0.914743
1482887652      1360   480949    0.917337
1482887653      1328   482277    0.91987
1482887654      1353   483630    0.922451
1482887655      1190   484949    0.924967
1482887656      1357   486306    0.927555
1482887657      1343   487649    0.930117
1482887659      1043   488881    0.932467
1482887660      1350   490231    0.935041
1482887661      1341   491572    0.937599
1482887662      1355   492927    0.940184
1482887663      1213   494241    0.94269
1482887664      1360   495601    0.945284
1482887665      1339   496940    0.947838
1482887666      1354   498294    0.95042
1482887667      1211   499601    0.952913
