1499687557      459   460    0.0135994
1499687558      444   905    0.0267553
1499687559      451   1357    0.0401182
1499687560      458   1817    0.0537176
1499687561      444   2261    0.066844
1499687562      426   2687    0.0794382
1499687563      432   3133    0.0926237
1499687565      425   3585    0.105987
1499687566      424   4037    0.119349
1499687567      367   4457    0.131766
1499687568      428   4909    0.145129
1499687569      433   5361    0.158492
1499687570      432   5813    0.171855
1499687571      439   6265    0.185218
1499687572      367   6685    0.197635
1499687573      428   7137    0.210998
1499687574      432   7589    0.22436
1499687575      431   8041    0.237723
1499687576      437   8493    0.251086
1499687577      366   8913    0.263503
1499687578      424   9365    0.276866
1499687579      435   9817    0.290229
1499687581      435   10269    0.303592
1499687582      438   10721    0.316955
1499687583      363   11141    0.329371
1499687584      430   11593    0.342734
1499687585      432   12045    0.356097
1499687586      435   12497    0.36946
1499687587      437   12949    0.382823
1499687588      370   13369    0.39524
1499687589      434   13821    0.408603
1499687590      436   14273    0.421966
1499687591      434   14725    0.435328
1499687592      438   15177    0.448691
1499687593      365   15597    0.461108
1499687594      427   16049    0.474471
1499687595      433   16501    0.487834
1499687596      441   16953    0.501197
1499687597      434   17405    0.51456
1499687599      366   17825    0.526977
1499687600      435   18277    0.540339
1499687601      437   18729    0.553702
1499687602      437   19181    0.567065
1499687603      431   19633    0.580428
