1499845503      62   63    0
1499845504      63   127    0
1499845505      61   189    0
1499845506      69   258    0
1499845507      64   322    0
1499845508      63   385    0
1499845509      71   456    0
1499845510      70   526    0
1499845511      70   597    0
1499845512      74   671    0
1499845513      68   740    0
1499845514      71   811    0
1499845515      66   877    0
1499845516      76   954    0
1499845517      71   1025    0
1499845518      69   1094    0
1499845519      69   1163    0
1499845520      68   1231    0
1499845521      68   1299    0
1499845522      67   1366    0
1499845523      67   1434    0
1499845524      73   1507    0
1499845525      75   1583    0
1499845526      71   1655    0
1499845527      70   1726    0
1499845528      71   1797    0
1499845529      69   1866    0
1499845530      69   1935    0
1499845531      69   2004    0
1499845532      68   2073    0
1499845533      66   2140    0
1499845534      67   2207    0
1499845535      65   2272    0
1499845536      65   2338    0
1499845537      67   2405    0
1499845538      65   2470    0
1499845539      62   2532    0
1499845540      62   2595    0
1499845541      68   2663    0
1499845542      70   2734    0
1499845543      73   2807    0
1499845544      73   2881    0
1499845545      73   2955    0
1499845546      73   3028    0
1499845547      78   3106    0
1499845548      73   3179    0
1499845549      72   3252    0
1499845550      73   3325    0
1499845551      74   3399    0
1499845552      73   3473    0
1499845553      70   3543    0
1499845554      72   3615    0
1499845555      70   3686    0
1499845556      70   3757    0
1499845557      72   3829    0
1499845558      71   3900    0
1499845559      71   3971    0
1499845560      72   4043    0
1499845561      75   4119    0
1499845562      74   4194    0
1499845563      71   4265    0
1499845564      72   4337    0
1499845565      69   4407    0
1499845566      71   4479    0
1499845567      69   4549    0
1499845568      69   4618    0
1499845569      70   4689    0
1499845570      69   4759    0
1499845571      72   4831    0
1499845572      71   4902    0
1499845573      70   4973    0
1499845574      71   5044    0
1499845575      73   5117    0
1499845576      69   5186    0
1499845577      70   5256    0
1499845578      72   5329    0
1499845579      72   5402    0
1499845580      70   5473    0
1499845581      70   5543    0
1499845582      70   5614    0
1499845583      72   5687    0
1499845584      72   5760    0
1499845585      72   5832    0
1499845586      73   5906    0
1499845587      71   5978    0
1499845588      70   6048    0
1499845589      71   6120    0
1499845590      68   6189    0
1499845591      69   6258    0
1499845592      72   6330    0
1499845593      70   6401    0
1499845594      71   6473    0
1499845595      71   6545    0
1499845596      70   6615    0
1499845597      72   6687    0
1499845598      71   6758    0
1499845599      69   6828    0
1499845600      68   6896    0
1499845601      71   6967    0
1499845602      69   7037    0
1499845603      71   7108    0
1499845604      71   7180    0
1499845605      71   7252    0
1499845606      70   7323    0
1499845607      72   7396    0
1499845608      70   7467    0
1499845609      71   7538    0
1499845610      70   7608    0
1499845611      69   7678    0
1499845612      71   7750    0
1499845613      71   7822    0
1499845614      70   7893    0
1499845615      70   7963    0
1499845616      71   8034    0
1499845617      70   8104    0
1499845618      71   8176    0
1499845619      72   8248    0
1499845620      71   8319    0
1499845621      71   8390    0
1499845622      72   8462    0
1499845623      70   8533    0
1499845625      70   8604    0
1499845626      73   8677    0
1499845627      72   8750    0
1499845628      71   8822    0
1499845629      71   8894    0
1499845630      68   8963    0
1499845631      71   9034    0
1499845632      71   9105    0
1499845633      70   9176    0
1499845634      72   9249    0
1499845635      72   9321    0
1499845636      72   9393    0
1499845637      72   9466    0
1499845638      71   9537    0
1499845639      69   9607    0
1499845640      70   9678    0
1499845641      70   9749    0
1499845642      71   9820    0
1499845643      71   9891    0
1499845644      67   9959    0
1499845645      73   10032    0
1499845646      70   10102    0
1499845647      70   10172    0
1499845648      69   10242    0
1499845649      70   10313    0
1499845650      71   10385    0
1499845651      70   10455    0
1499845652      70   10526    0
1499845653      72   10598    0
1499845654      70   10669    0
1499845655      68   10737    0
1499845656      72   10809    0
1499845657      70   10879    0
1499845658      69   10949    0
1499845659      69   11018    0
1499845660      70   11088    0
1499845661      69   11158    0
1499845662      69   11228    0
1499845663      69   11298    0
1499845664      71   11369    0
1499845665      69   11440    0
1499845666      72   11513    0
1499845667      71   11585    0
1499845668      70   11655    0
1499845669      71   11726    0
1499845670      70   11796    0
1499845671      70   11867    0
1499845672      71   11939    0
1499845673      69   12009    0
1499845674      71   12080    0
1499845675      70   12150    0
1499845676      72   12223    0
1499845677      69   12293    0
1499845678      69   12363    0
1499845679      71   12434    0
1499845680      69   12504    0
1499845681      70   12575    0
1499845682      68   12644    0
1499845683      70   12715    0
1499845684      69   12785    0
1499845685      72   12857    0
1499845686      69   12927    0
1499845687      68   12996    0
1499845688      70   13066    0
1499845689      70   13137    0
1499845690      69   13206    0
1499845691      71   13277    0
1499845692      74   13352    0
1499845693      70   13423    0
1499845694      70   13493    0
1499845695      72   13565    0
1499845696      72   13638    0
1499845697      71   13710    0
1499845698      72   13782    0
1499845699      71   13853    0
1499845700      68   13922    0
1499845701      73   13996    0
1499845702      69   14065    0
1499845703      70   14136    0
1499845704      71   14208    0
1499845705      73   14282    0
1499845706      69   14352    0
1499845707      70   14422    0
1499845708      69   14492    0
1499845709      71   14564    0
1499845710      72   14637    0
1499845711      71   14709    0
1499845712      70   14779    0
1499845713      71   14851    0
1499845714      71   14923    0
1499845715      73   14996    0
1499845716      72   15069    0
1499845717      75   15144    0
1499845718      69   15214    0
1499845719      70   15284    0
1499845720      70   15355    0
1499845721      70   15425    0
1499845722      70   15496    0
1499845723      71   15568    0
1499845724      70   15638    0
1499845725      70   15708    0
1499845726      71   15779    0
1499845727      70   15850    0
1499845728      69   15920    0
1499845729      70   15990    0
1499845730      70   16060    0
1499845731      72   16132    0
1499845732      72   16205    0
1499845733      72   16278    0
1499845734      68   16346    0
1499845735      70   16417    0
1499845736      70   16488    0
1499845737      72   16560    0
1499845738      69   16629    0
1499845739      71   16701    0
1499845740      71   16773    0
1499845741      71   16844    0
1499845742      71   16915    0
1499845743      70   16986    0
1499845744      70   17057    0
1499845745      72   17129    0
1499845746      70   17200    0
1499845747      70   17271    0
1499845748      69   17340    0
1499845749      73   17413    0
1499845750      76   17490    0
1499845751      76   17566    0
1499845752      68   17634    0
1499845753      70   17704    0
1499845754      72   17776    0
1499845756      72   17849    0
1499845757      76   17925    0
1499845758      70   17995    0
1499845759      74   18070    0
1499845760      75   18145    0
1499845761      71   18216    0
1499845762      74   18290    0
1499845763      70   18360    0
