1485163666      1458   1459    0.0111313
1485163667      1412   2871    0.021904
1485163668      1456   4327    0.0330124
1485163669      1378   5705    0.0435257
1485163670      852   6756    0.0515442
1485163671      1144   7900    0.0602722
1485163673      788   8901    0.0679092
1485163674      1208   10109    0.0771255
1485163675      518   10651    0.0812607
1485163676      1183   11834    0.0902863
1485163677      917   12751    0.0972824
1485163678      660   13511    0.103081
1485163679      1115   14626    0.111588
1485163680      815   15656    0.119446
1485163681      951   16691    0.127342
1485163682      1056   17747    0.135399
1485163683      987   18734    0.142929
1485163684      703   19551    0.149162
1485163685      1199   20750    0.15831
1485163686      679   21429    0.16349
1485163687      1159   22588    0.172333
1485163689      751   23446    0.178879
1485163690      1115   24561    0.187386
1485163691      1020   25581    0.195168
1485163692      899   26480    0.202026
1485163693      927   27407    0.209099
1485163694      1098   28505    0.217476
1485163695      841   29486    0.22496
1485163696      1086   30572    0.233246
1485163697      985   31557    0.240761
1485163698      705   32262    0.24614
1485163699      945   33381    0.254677
1485163700      1086   34467    0.262962
1485163701      365   34832    0.265747
1485163702      1137   35969    0.274422
1485163703      933   36956    0.281952
1485163704      950   37991    0.289848
1485163705      1014   39005    0.297585
1485163706      868   40136    0.306213
1485163707      1201   41337    0.315376
1485163709      771   42281    0.322578
1485163710      1010   43291    0.330284
1485163711      666   44031    0.33593
1485163712      1215   45246    0.3452
1485163713      909   46176    0.352295
1485163714      1214   47390    0.361557
1485163715      513   47926    0.365646
1485163716      1195   49121    0.374763
1485163717      835   50071    0.382011
1485163718      972   51043    0.389427
1485163719      1111   52154    0.397903
1485163720      734   52931    0.403831
1485163721      852   53966    0.411728
1485163722      1214   55180    0.42099
1485163723      848   56111    0.428093
1485163724      1053   57164    0.436127
1485163725      886   58256    0.444458
1485163727      843   59291    0.452354
1485163728      1212   60503    0.461601
1485163729      826   61436    0.468719
1485163730      1206   62642    0.477921
1485163731      569   63581    0.485085
1485163732      970   64551    0.492485
1485163734      733   65331    0.498436
1485163735      1213   66544    0.50769
1485163736      892   67476    0.514801
1485163737      1038   68514    0.52272
1485163738      707   69226    0.528152
1485163739      1209   70435    0.537376
1485163740      887   71322    0.544144
1485163741      878   72200    0.550842
1485163742      943   73143    0.558037
1485163743      947   74231    0.566338
1485163744      880   75266    0.574234
1485163745      989   76255    0.581779
1485163746      949   77411    0.590599
1485163747      1111   78522    0.599075
1485163748      865   79556    0.606964
1485163750      845   80591    0.614861
1485163751      1186   81777    0.623909
1485163752      923   82736    0.631226
1485163753      1163   83899    0.640099
1485163754      978   84877    0.64756
1485163755      825   85702    0.653854
1485163756      790   86631    0.660942
1485163757      979   87610    0.668411
1485163758      1105   88715    0.676842
1485163759      725   89491    0.682762
1485163760      900   90391    0.689629
1485163761      833   91241    0.696114
1485163762      1209   92450    0.705338
1485163763      892   93342    0.712143
1485163764      715   94101    0.717934
1485163765      972   95073    0.725349
1485163766      940   96013    0.732521
1485163767      1205   97218    0.741714
1485163768      765   97996    0.74765
1485163769      1199   99195    0.756798
1485163770      833   100141    0.764015
1485163771      1020   101161    0.771797
1485163772      634   101891    0.777367
1485163773      1208   103099    0.786583
1485163774      828   104036    0.793732
1485163775      1145   105181    0.802467
1485163776      854   106181    0.810097
1485163778      863   107216    0.817993
1485163779      1100   108316    0.826385
1485163780      867   109361    0.834358
1485163781      1164   110525    0.843239
1485163782      973   111498    0.850662
1485163783      939   112437    0.857826
1485163784      916   113353    0.864815
1485163785      1040   114393    0.872749
1485163786      833   115401    0.88044
1485163787      1100   116501    0.888832
1485163788      769   117270    0.894699
1485163789      867   118137    0.901314
1485163790      874   119296    0.910156
1485163791      1188   120484    0.91922
1485163793      834   121441    0.926521
1485163794      749   122476    0.934418
1485163795      1121   123597    0.94297
1485163796      915   124512    0.949951
1485163797      698   125336    0.956238
1485163798      1189   126525    0.965309
1485163799      794   127481    0.972603
1485163801      807   128516    0.980499
1485163802      1206   129722    0.9897
1485163803      892   130614    0.996506
1485163804      722   131376    1.00232
1485163805      1198   132574    1.01146
1485163806      642   133216    1.01636
1485163807      932   134148    1.02347
1485163808      934   135271    1.03204
1485163809      1042   136313    1.03999
1485163810      879   137416    1.0484
1485163811      833   138451    1.0563
1485163812      1196   139647    1.06542
1485163813      863   140510    1.07201
1485163814      722   141311    1.07812
1485163815      1217   142528    1.0874
1485163817      824   143456    1.09448
1485163818      838   144491    1.10238
1485163819      1192   145683    1.11147
1485163820      892   146575    1.11828
1485163821      761   147351    1.1242
1485163822      1087   148438    1.13249
1485163823      927   149365    1.13956
1485163824      969   150334    1.14696
1485163825      558   150892    1.15121
1485163826      852   151961    1.15937
1485163827      1209   153170    1.16859
1485163828      790   154106    1.17574
1485163830      850   155141    1.18363
1485163831      1195   156336    1.19275
1485163832      806   157286    1.2
1485163833      1174   158460    1.20895
1485163834      865   159431    1.21636
1485163835      904   160335    1.22326
1485163836      726   161181    1.22971
1485163837      1117   162298    1.23824
1485163838      864   163326    1.24608
1485163839      1091   164417    1.2544
1485163840      567   165076    1.25943
1485163841      1157   166233    1.26826
1485163842      974   167207    1.27569
1485163843      657   167936    1.28125
1485163844      1197   169133    1.29038
1485163846      793   170081    1.29762
1485163847      909   171116    1.30551
1485163848      1104   172220    1.31393
1485163849      949   173261    1.32188
1485163850      1092   174353    1.33021
1485163851      889   175406    1.33824
1485163852      848   176441    1.34614
1485163853      1162   177603    1.355
1485163854      979   178582    1.36247
1485163855      609   179301    1.36796
1485163856      1213   180514    1.37721
1485163857      565   181079    1.38152
1485163858      1144   182223    1.39025
1485163860      883   183196    1.39767
1485163861      1089   184285    1.40598
1485163862      840   185341    1.41404
1485163863      832   186376    1.42194
1485163864      1168   187544    1.43085
1485163865      967   188511    1.43822
1485163866      619   189236    1.44376
1485163867      1149   190385    1.45252
1485163868      832   191381    1.46012
1485163869      932   192313    1.46723
1485163871      740   193131    1.47347
1485163872      1178   194309    1.48246
1485163873      893   195202    1.48927
1485163874      697   195991    1.49529
1485163875      861   197026    1.50319
1485163876      1190   198216    1.51227
1485163877      897   199171    1.51955
1485163878      1211   200382    1.52879
1485163879      881   201316    1.53592
1485163880      964   202351    1.54382
1485163881      1207   203558    1.55302
1485163882      879   204496    1.56018
1485163883      1202   205698    1.56935
1485163884      848   206641    1.57655
1485163885      979   207676    1.58444
1485163886      1079   208755    1.59267
1485163887      937   209821    1.60081
1485163888      1203   211024    1.60999
1485163889      905   211966    1.61717
1485163891      936   213001    1.62507
1485163892      1219   214220    1.63437
1485163893      893   215146    1.64143
1485163894      1194   216340    1.65054
1485163895      885   217291    1.6578
1485163896      977   218326    1.6657
1485163897      1221   219547    1.67501
1485163898      839   220471    1.68206
1485163899      1133   221604    1.6907
1485163900      937   222616    1.69843
1485163901      964   223651    1.70632
1485163902      1077   224728    1.71454
1485163903      895   225796    1.72269
1485163904      1092   226888    1.73102
1485163905      897   227941    1.73905
1485163906      910   228976    1.74695
1485163907      1152   230128    1.75574
1485163909      935   231121    1.76331
1485163910      1098   232219    1.77169
1485163911      948   233266    1.77968
1485163912      953   234301    1.78757
1485163913      1212   235513    1.79682
1485163914      857   236446    1.80394
1485163915      1153   237599    1.81274
1485163916      917   238591    1.8203
1485163917      1024   239615    1.82812
1485163918      913   240528    1.83508
1485163919      1078   241606    1.84331
1485163920      877   242486    1.85002
1485163921      1164   243650    1.8589
1485163922      860   244631    1.86639
1485163923      971   245666    1.87428
1485163924      1209   246875    1.88351
1485163925      902   247811    1.89065
1485163926      1211   249022    1.89989
1485163927      843   249956    1.90701
1485163928      921   250991    1.91491
1485163929      1193   252184    1.92401
1485163931      838   253136    1.93127
1485163932      1112   254248    1.93976
1485163933      905   255281    1.94764
1485163934      963   256316    1.95554
1485163935      1180   257496    1.96454
1485163936      846   258342    1.97099
1485163937      674   259176    1.97736
1485163938      1209   260385    1.98658
1485163939      555   260940    1.99081
1485163940      1130   262070    1.99944
1485163941      971   263041    2.00684
1485163942      830   263871    2.01318
1485163943      1016   264887    2.02093
1485163944      814   265931    2.02889
1485163945      846   266966    2.03679
1485163946      1214   268180    2.04605
1485163948      736   269111    2.05315
1485163949      1132   270243    2.06179
1485163950      846   271256    2.06952
1485163951      886   272291    2.07742
1485163952      1115   273406    2.08592
1485163953      894   274436    2.09378
1485163954      1028   275464    2.10162
1485163955      1094   276558    2.10997
1485163956      717   277275    2.11544
1485163957      842   278117    2.12186
1485163958      795   279046    2.12895
1485163959      1135   280181    2.13761
1485163961      846   281191    2.14532
1485163962      841   282226    2.15321
1485163963      1140   283366    2.16191
1485163964      844   284210    2.16835
1485163965      838   285086    2.17503
1485163966      1073   286159    2.18322
1485163967      853   287231    2.1914
1485163968      850   288266    2.1993
1485163969      1215   289481    2.20856
1485163971      807   290411    2.21566
1485163972      1210   291621    2.22489
1485163973      752   292556    2.23203
1485163974      994   293550    2.23961
1485163975      752   294306    2.24538
1485163976      1150   295456    2.25415
1485163977      835   296451    2.26174
1485163978      1113   297564    2.27023
1485163979      746   298310    2.27592
1485163980      1076   299386    2.28413
1485163981      875   300346    2.29146
1485163982      1028   301374    2.2993
1485163983      853   302491    2.30782
1485163985      829   303526    2.31572
1485163986      1215   304741    2.32499
1485163987      770   305671    2.33208
1485163988      1117   306788    2.34061
1485163989      923   307816    2.34845
1485163990      881   308851    2.35635
1485163991      943   309794    2.36354
1485163992      943   310996    2.37271
1485163993      1107   312103    2.38116
1485163995      840   313141    2.38908
1485163996      896   314176    2.39697
1485163997      1211   315387    2.40621
1485163998      823   316321    2.41334
1485163999      1212   317533    2.42258
1485164000      824   318466    2.4297
1485164001      885   319501    2.4376
1485164002      997   320498    2.44521
1485164003      932   321646    2.45396
1485164004      1078   322724    2.46219
1485164006      876   323791    2.47033
1485164007      842   324826    2.47823
1485164008      1210   326036    2.48746
1485164009      669   326971    2.49459
1485164010      967   327938    2.50197
1485164011      1143   329081    2.51069
1485164012      729   329831    2.51641
1485164014      827   330866    2.52431
1485164015      1199   332065    2.53345
1485164016      935   333000    2.54059
1485164017      809   333809    2.54676
1485164018      1113   334922    2.55525
1485164019      707   335629    2.56065
1485164020      1205   336834    2.56984
1485164021      729   337621    2.57584
1485164022      1187   338808    2.5849
1485164023      852   339766    2.59221
1485164024      1013   340779    2.59994
1485164025      719   341516    2.60556
1485164026      1214   342730    2.61482
1485164027      826   343661    2.62193
1485164028      1182   344843    2.63094
1485164029      838   345806    2.63829
1485164030      1007   346813    2.64597
1485164031      714   347556    2.65164
1485164032      1212   348768    2.66089
1485164033      827   349701    2.66801
1485164034      1211   350912    2.67725
1485164035      722   351634    2.68275
1485164036      972   352606    2.69017
1485164037      944   353596    2.69772
1485164038      1210   354806    2.70695
1485164039      779   355741    2.71409
1485164041      938   356776    2.72198
1485164042      1003   357779    2.72964
1485164043      984   358921    2.73835
1485164044      1046   359967    2.74633
1485164045      854   361066    2.75471
1485164046      882   362101    2.76261
1485164047      1211   363312    2.77185
1485164048      825   364246    2.77898
1485164049      1206   365452    2.78818
1485164050      828   366391    2.79534
1485164052      886   367426    2.80324
1485164053      976   368402    2.81068
1485164054      983   369571    2.8196
1485164055      1075   370646    2.8278
1485164056      879   371716    2.83597
1485164057      849   372751    2.84386
1485164058      1204   373955    2.85305
1485164059      802   374896    2.86023
1485164060      1216   376112    2.86951
1485164062      823   377041    2.87659
1485164063      977   378018    2.88405
1485164064      823   378841    2.89033
1485164065      1139   379980    2.89902
1485164066      835   380936    2.90631
1485164067      1210   382146    2.91554
1485164068      794   383081    2.92268
1485164069      889   384116    2.93057
1485164070      1129   385245    2.93919
1485164071      895   386261    2.94694
1485164072      1050   387311    2.95495
1485164073      852   388406    2.9633
1485164075      863   389441    2.9712
1485164076      1076   390517    2.97941
1485164077      879   391586    2.98756
1485164078      1214   392800    2.99683
1485164079      792   393731    3.00393
1485164080      864   394766    3.01183
1485164081      1132   395898    3.02046
1485164082      903   396911    3.02819
1485164083      1040   397951    3.03613
1485164085      865   399056    3.04456
1485164086      853   400091    3.05245
1485164087      1212   401303    3.0617
1485164088      850   402236    3.06882
1485164089      1214   403450    3.07808
1485164090      846   404381    3.08518
1485164091      1001   405382    3.09282
1485164092      720   406131    3.09853
1485164093      1221   407352    3.10785
1485164094      793   408276    3.1149
1485164095      1061   409337    3.12299
1485164096      931   410268    3.1301
1485164097      982   411250    3.13759
1485164098      800   412171    3.14462
1485164099      1208   413379    3.15383
1485164101      812   414316    3.16098
1485164102      906   415351    3.16888
1485164103      980   416331    3.17635
1485164104      874   417496    3.18524
1485164105      1210   418706    3.19447
1485164106      847   419641    3.20161
1485164107      811   420676    3.2095
1485164108      1208   421884    3.21872
1485164110      793   422821    3.22587
1485164111      1004   423825    3.23353
1485164112      869   424966    3.24223
1485164113      962   426001    3.25013
1485164114      1057   427058    3.25819
1485164115      903   428146    3.26649
1485164116      1212   429358    3.27574
1485164117      846   430291    3.28286
1485164118      906   431326    3.29076
1485164119      981   432307    3.29824
1485164121      890   433471    3.30712
1485164122      1209   434680    3.31635
1485164123      853   435616    3.32349
1485164124      833   436651    3.33138
1485164125      1211   437862    3.34062
1485164126      794   438796    3.34775
1485164127      980   439776    3.35522
1485164129      875   440941    3.36411
1485164130      976   441976    3.37201
1485164131      1098   443074    3.38039
1485164132      893   444121    3.38837
1485164133      1212   445333    3.39762
1485164134      849   446266    3.40474
1485164135      857   447301    3.41264
1485164136      1209   448511    3.42187
1485164138      638   449446    3.429
1485164139      1210   450656    3.43823
1485164140      918   451591    3.44537
1485164141      975   452626    3.45326
1485164142      1211   453837    3.4625
1485164143      915   454771    3.46963
1485164144      1211   455982    3.47887
1485164145      916   456916    3.48599
1485164146      977   457951    3.49389
1485164147      1212   459163    3.50314
1485164148      921   460096    3.51025
1485164149      1206   461302    3.51945
1485164150      914   462241    3.52662
1485164151      975   463276    3.53452
1485164152      1217   464493    3.5438
1485164153      918   465421    3.55088
1485164154      1219   466640    3.56018
1485164155      911   467566    3.56725
1485164156      974   468601    3.57514
1485164157      1213   469814    3.5844
1485164158      912   470746    3.59151
1485164159      1208   471954    3.60072
1485164160      915   472891    3.60787
1485164161      974   473926    3.61577
1485164162      1214   475140    3.62503
1485164163      916   476071    3.63213
1485164164      1211   477282    3.64137
1485164165      919   478216    3.6485
1485164166      971   479251    3.65639
1485164167      1208   480459    3.66561
1485164169      662   481396    3.67276
1485164170      1215   482611    3.68203
1485164171      917   483541    3.68913
1485164172      974   484576    3.69702
1485164173      1216   485792    3.7063
1485164174      920   486721    3.71339
1485164175      1217   487938    3.72267
1485164176      910   488866    3.72975
1485164177      968   489901    3.73765
1485164178      1219   491120    3.74695
1485164179      909   492046    3.75401
1485164180      1211   493257    3.76325
1485164181      922   494191    3.77038
1485164182      972   495226    3.77827
1485164183      1209   496435    3.7875
1485164184      916   497371    3.79464
1485164185      1209   498580    3.80386
1485164186      912   499516    3.811
