1484301325      0   0    0
1484301326      0   0    0
1484301327      0   0    0
1484301328      0   0    0
1484301329      0   0    0
1484301330      0   0    0
1484301331      0   0    0
1484301332      0   0    0
1484301333      0   0    0
1484301334      0   0    0
1484301335      0   0    0
1484301336      0   0    0
1484301337      0   0    0
1484301338      0   0    0
1484301339      0   0    0
1484301340      0   0    0
1484301341      0   0    0
1484301342      0   0    0
1484301343      0   0    0
1484301344      0   0    0
1484301345      0   0    0
1484301346      0   0    0
1484301347      0   0    0
1484301348      0   0    0
1484301349      0   0    0
1484301350      0   0    0
1484301351      0   0    0
1484301352      0   0    0
1484301353      0   0    0
1484301354      0   0    0
1484301355      0   0    0
1484301356      0   0    0
1484301357      0   0    0
1484301358      0   0    0
1484301359      0   0    0
1484301360      0   0    0
1484301361      0   0    0
1484301362      0   0    0
1484301363      0   0    0
1484301364      0   0    0
1484301365      0   0    0
1484301366      0   0    0
1484301367      0   0    0
1484301368      0   0    0
1484301369      0   0    0
1484301370      0   0    0
1484301371      0   0    0
1484301372      0   0    0
1484301373      0   0    0
1484301374      0   0    0
1484301375      0   0    0
1484301376      0   0    0
1484301377      0   0    0
1484301378      0   0    0
1484301379      0   0    0
1484301380      0   0    0
1484301381      0   0    0
1484301382      0   0    0
1484301383      0   0    0
1484301384      0   0    0
1484301385      0   0    0
1484301386      0   0    0
1484301387      0   0    0
1484301388      0   0    0
1484301389      0   0    0
1484301390      0   0    0
1484301391      0   0    0
1484301392      0   0    0
1484301393      0   0    0
1484301394      0   0    0
1484301395      0   0    0
1484301396      0   0    0
1484301397      0   0    0
1484301398      0   0    0
1484301399      0   0    0
1484301400      0   0    0
1484301401      0   0    0
1484301402      0   0    0
1484301403      0   0    0
1484301404      0   0    0
1484301405      0   0    0
1484301406      0   0    0
1484301407      0   0    0
1484301408      0   0    0
1484301409      0   0    0
1484301410      0   0    0
1484301411      0   0    0
1484301412      0   0    0
1484301413      0   0    0
1484301414      0   0    0
1484301415      0   0    0
1484301416      0   0    0
1484301417      0   0    0
1484301418      0   0    0
1484301419      0   0    0
1484301420      0   0    0
1484301421      0   0    0
1484301422      0   0    0
1484301423      0   0    0
1484301424      0   0    0
1484301425      0   0    0
1484301426      0   0    0
1484301427      0   0    0
1484301428      0   0    0
1484301429      0   0    0
1484301430      0   0    0
1484301431      0   0    0
1484301432      0   0    0
1484301433      0   0    0
1484301434      0   0    0
1484301435      0   0    0
1484301436      0   0    0
1484301437      0   0    0
1484301438      0   0    0
1484301439      0   0    0
1484301440      0   0    0
1484301441      0   0    0
1484301442      0   0    0
1484301443      0   0    0
1484301444      0   0    0
1484301445      0   0    0
1484301446      0   0    0
1484301447      0   0    0
1484301448      0   0    0
