1485956706      1405   1405    0.0107193
1485956707      1402   2808    0.0214233
1485956708      1336   4146    0.0316315
1485956709      1137   5283    0.0403061
1485956710      1129   6412    0.0489197
1485956711      766   7211    0.0550156
1485956712      1159   8370    0.063858
1485956713      838   9356    0.0713806
1485956714      873   10229    0.0780411
1485956715      1148   11377    0.0867996
1485956716      869   12276    0.0936584
1485956717      1081   13357    0.101906
1485956718      834   14421    0.110023
1485956719      793   15214    0.116074
1485956720      1077   16291    0.12429
1485956721      1020   17311    0.132072
1485956722      784   18095    0.138054
1485956723      1166   19261    0.14695
1485956724      881   20201    0.154121
1485956725      912   21113    0.161079
1485956726      1176   22289    0.170052
1485956727      812   23121    0.176399
1485956728      1153   24274    0.185196
1485956729      897   25266    0.192764
1485956730      828   26094    0.199081
1485956731      1092   27186    0.207413
1485956732      904   28186    0.215042
1485956733      1146   29332    0.223785
1485956735      878   30331    0.231407
1485956736      903   31234    0.238297
1485956737      1182   32416    0.247314
1485956738      831   33251    0.253685
1485956739      1181   34432    0.262695
1485956740      889   35396    0.27005
1485956741      860   36256    0.276611
1485956742      1172   37428    0.285553
1485956743      858   38316    0.292328
1485956744      1188   39504    0.301392
1485956745      893   40461    0.308693
1485956746      903   41364    0.315582
1485956747      1134   42498    0.324234
1485956748      855   43381    0.330971
1485956749      1186   44567    0.340019
1485956750      895   45526    0.347336
1485956751      902   46428    0.354218
1485956752      1175   47603    0.363182
1485956753      841   48446    0.369614
1485956754      1183   49629    0.378639
1485956755      890   50591    0.385979
1485956756      918   51509    0.392982
1485956757      1181   52690    0.401993
1485956758      847   53537    0.408455
1485956759      1178   54715    0.417442
1485956760      854   55656    0.424622
1485956761      915   56571    0.431602
1485956762      1172   57743    0.440544
1485956763      860   58603    0.447105
1485956764      1173   59776    0.456055
1485956765      884   60721    0.463264
1485956766      875   61596    0.46994
1485956767      1178   62774    0.478928
1485956768      852   63641    0.485542
1485956769      1181   64822    0.494553
1485956770      889   65786    0.501907
1485956771      917   66703    0.508904
1485956772      1173   67876    0.517853
1485956773      705   68706    0.524185
1485956774      1143   69849    0.532906
1485956776      841   70851    0.54055
1485956777      783   71634    0.546524
1485956778      1121   72755    0.555077
1485956779      556   73311    0.559319
1485956780      405   73771    0.562828
1485956781      1181   74952    0.571838
1485956782      927   75879    0.578911
1485956783      697   76691    0.585106
1485956784      1191   77882    0.594193
1485956785      815   78836    0.601471
1485956786      1064   79900    0.609589
1485956787      869   80981    0.617836
1485956788      721   81756    0.623749
1485956789      1161   82917    0.632607
1485956791      831   83901    0.640114
1485956792      1135   85036    0.648773
1485956793      742   86046    0.656479
1485956794      774   86821    0.662392
1485956795      1176   87997    0.671364
1485956796      878   88966    0.678757
1485956797      1176   90142    0.687729
1485956798      895   91111    0.695122
1485956799      875   91986    0.701797
1485956800      1179   93165    0.710793
1485956801      849   94031    0.7174
1485956802      1179   95210    0.726395
1485956803      882   96176    0.733765
1485956804      887   97063    0.740532
1485956805      1170   98233    0.749458
1485956806      854   99096    0.756042
1485956807      1182   100278    0.76506
1485956808      875   101241    0.772408
1485956809      907   102148    0.779327
1485956810      1172   103320    0.788269
1485956811      847   104167    0.794731
1485956812      1158   105325    0.803566
1485956814      836   106306    0.81105
1485956815      904   107210    0.817947
1485956816      1071   108281    0.826118
1485956817      881   109226    0.833328
1485956818      1135   110361    0.841988
1485956819      907   111371    0.849693
1485956820      835   112206    0.856064
1485956821      1177   113383    0.865044
1485956822      811   114291    0.871971
1485956823      1148   115439    0.88073
1485956824      909   116436    0.888336
1485956825      904   117340    0.895233
1485956826      1175   118515    0.904198
1485956827      784   119356    0.910614
1485956828      1074   120430    0.918808
1485956829      888   121501    0.926979
1485956830      911   122412    0.933929
1485956831      1178   123590    0.942917
1485956832      774   124421    0.949257
1485956833      1172   125593    0.958199
1485956834      815   126566    0.965622
1485956835      831   127397    0.971962
1485956836      1048   128445    0.979958
1485956838      824   129486    0.9879
1485956839      1178   130664    0.996887
1485956840      887   131631    1.00426
1485956841      723   132406    1.01018
1485956842      1081   133487    1.01842
1485956843      918   134551    1.02654
1485956844      1165   135716    1.03543
1485956845      890   136696    1.04291
1485956846      869   137565    1.04954
1485956847      1160   138725    1.05839
1485956848      731   139616    1.06519
1485956849      1178   140794    1.07417
1485956851      784   141761    1.08155
1485956852      916   142677    1.08854
1485956853      1042   143719    1.09649
1485956854      854   144681    1.10383
1485956855      1066   145747    1.11196
1485956856      874   146826    1.12019
1485956857      787   147613    1.1262
1485956858      1070   148683    1.13436
1485956859      1062   149745    1.14246
1485956860      798   150543    1.14855
1485956861      1170   151713    1.15748
1485956862      858   152571    1.16402
1485956863      781   153381    1.1702
1485956864      1087   154468    1.1785
1485956865      884   155526    1.18657
1485956866      1188   156714    1.19563
1485956867      886   157600    1.20239
1485956868      804   158446    1.20885
1485956869      1142   159588    1.21756
1485956870      904   160591    1.22521
1485956872      519   161306    1.23067
1485956873      834   162140    1.23703
1485956874      1052   163192    1.24506
1485956875      867   164226    1.25294
1485956876      1070   165296    1.26111
1485956877      897   166371    1.26931
1485956878      911   167282    1.27626
1485956879      1073   168355    1.28445
1485956880      781   169291    1.29159
1485956881      1176   170467    1.30056
1485956882      882   171436    1.30795
1485956883      774   172211    1.31387
1485956884      1188   173399    1.32293
1485956886      833   174356    1.33023
1485956887      1133   175489    1.33887
1485956888      907   176501    1.3466
1485956889      912   177413    1.35355
1485956890      1060   178473    1.36164
1485956891      878   179421    1.36887
1485956892      1066   180487    1.37701
1485956893      1049   181536    1.38501
1485956894      718   182281    1.39069
1485956895      842   183123    1.39712
1485956896      1082   184205    1.40537
1485956897      777   185201    1.41297
1485956898      1186   186387    1.42202
1485956899      825   187346    1.42934
1485956900      916   188262    1.43633
1485956901      1169   189431    1.44524
1485956902      731   190266    1.45161
1485956903      1056   191322    1.45967
1485956905      928   192411    1.46798
1485956906      920   193331    1.475
1485956907      1050   194381    1.48301
1485956908      885   195331    1.49026
1485956909      1184   196515    1.49929
1485956910      770   197476    1.50662
1485956911      746   198251    1.51254
1485956912      982   199233    1.52003
1485956913      1057   200290    1.52809
1485956914      656   201111    1.53436
1485956915      1009   202120    1.54205
1485956916      901   203021    1.54893
1485956917      814   203835    1.55514
1485956918      809   204746    1.56209
1485956919      1069   205815    1.57024
1485956921      872   206891    1.57845
1485956922      770   207666    1.58437
1485956923      917   208583    1.59136
1485956924      1035   209618    1.59926
1485956925      878   210496    1.60596
1485956926      650   211241    1.61164
1485956927      1100   212341    1.62003
1485956928      370   212731    1.62301
1485956929      884   213615    1.62975
1485956930      1165   214780    1.63864
1485956931      786   215591    1.64483
1485956932      1145   216736    1.65356
1485956933      902   217736    1.66119
1485956934      668   218511    1.66711
1485956935      1071   219582    1.67528
1485956936      841   220656    1.68347
1485956937      1182   221838    1.69249
1485956938      825   222801    1.69984
1485956939      884   223685    1.70658
1485956940      1170   224855    1.71551
1485956941      846   225721    1.72211
1485956942      1142   226863    1.73083
1485956944      914   227866    1.73848
1485956945      771   228641    1.74439
1485956946      1186   229827    1.75344
1485956947      819   230786    1.76076
1485956948      1050   231836    1.76877
1485956949      936   232931    1.77712
1485956950      774   233706    1.78304
1485956951      1050   234756    1.79105
1485956952      901   235851    1.7994
1485956953      1177   237028    1.80838
1485956954      839   237996    1.81577
1485956955      904   238900    1.82266
1485956956      1162   240062    1.83153
1485956957      804   240916    1.83804
1485956958      1167   242083    1.84695
1485956959      882   243061    1.85441
1485956960      836   243897    1.86079
1485956961      1155   245052    1.8696
1485956963      810   245981    1.87669
1485956964      1123   247104    1.88525
1485956965      883   248126    1.89305
1485956966      920   249046    1.90007
1485956967      1168   250214    1.90898
1485956968      784   251046    1.91533
1485956969      1134   252180    1.92398
1485956970      906   253191    1.93169
1485956971      879   254070    1.9384
1485956972      1179   255249    1.9474
1485956973      847   256111    1.95397
1485956974      1165   257276    1.96286
1485956975      809   258256    1.97034
1485956976      867   259123    1.97695
1485956977      1176   260299    1.98592
1485956978      854   261176    1.99261
1485956979      1141   262317    2.00132
1485956980      895   263321    2.00898
1485956981      896   264217    2.01582
1485956982      1180   265397    2.02482
1485956983      781   266241    2.03126
1485956984      1175   267416    2.04022
1485956985      879   268386    2.04762
1485956986      801   269187    2.05373
1485956987      1184   270371    2.06277
1485956989      815   271306    2.0699
1485956990      1186   272492    2.07895
1485956991      774   273451    2.08627
1485956992      909   274360    2.0932
1485956993      1170   275530    2.10213
1485956994      815   276371    2.10854
1485956995      1174   277545    2.1175
1485956996      849   278516    2.12491
1485956997      914   279430    2.13188
1485956998      1135   280565    2.14054
1485956999      814   281436    2.14719
1485957000      1130   282566    2.15581
1485957001      1001   283567    2.16344
1485957002      681   284356    2.16946
1485957003      1171   285527    2.1784
1485957004      839   286501    2.18583
1485957005      1181   287682    2.19484
1485957007      891   288646    2.20219
1485957008      919   289565    2.20921
1485957009      1116   290681    2.21772
1485957010      823   291566    2.22447
1485957011      1152   292718    2.23326
1485957012      853   293711    2.24084
1485957013      921   294632    2.24786
1485957014      1175   295807    2.25683
1485957015      844   296651    2.26327
1485957016      1175   297826    2.27223
1485957017      879   298776    2.27948
1485957018      913   299689    2.28645
1485957019      1177   300866    2.29543
1485957020      810   301696    2.30176
1485957021      1094   302790    2.3101
1485957022      907   303841    2.31812
1485957023      816   304657    2.32435
1485957024      1153   305810    2.33315
1485957025      840   306761    2.3404
1485957026      1136   307897    2.34907
1485957027      877   308906    2.35677
1485957028      907   309813    2.36369
1485957029      904   310717    2.37058
1485957031      816   311826    2.37904
1485957032      1160   312986    2.38789
1485957033      946   313932    2.39511
1485957034      768   314700    2.40097
1485957035      672   315461    2.40678
1485957036      941   316402    2.41396
1485957037      1117   317519    2.42248
1485957038      630   318321    2.4286
1485957039      797   319118    2.43468
1485957040      1164   320282    2.44356
1485957041      829   321241    2.45087
1485957042      1163   322404    2.45975
1485957043      784   323386    2.46724
1485957044      775   324161    2.47315
1485957045      946   325107    2.48037
1485957046      1063   326170    2.48848
1485957048      693   327021    2.49497
1485957049      1142   328163    2.50368
1485957050      891   329166    2.51134
1485957051      886   330052    2.5181
1485957052      1163   331215    2.52697
1485957053      856   332086    2.53362
1485957054      1180   333266    2.54262
1485957055      884   334231    2.54998
1485957056      871   335102    2.55663
1485957057      1091   336193    2.56495
1485957058      862   337151    2.57226
1485957059      1067   338218    2.5804
1485957060      934   339296    2.58862
1485957061      879   340175    2.59533
1485957062      1155   341330    2.60414
1485957063      143   341501    2.60545
1485957064      1174   342675    2.6144
1485957065      889   343646    2.62181
1485957066      900   344546    2.62868
1485957067      1169   345715    2.6376
1485957068      840   346566    2.64409
1485957069      1185   347751    2.65313
1485957071      898   348711    2.66045
1485957072      910   349621    2.6674
1485957073      1175   350796    2.67636
1485957074      855   351651    2.68288
1485957075      1177   352828    2.69186
1485957076      852   353776    2.6991
1485957077      901   354677    2.70597
1485957078      1175   355852    2.71494
1485957079      835   356696    2.72137
1485957080      1181   357877    2.73038
1485957081      893   358841    2.73774
1485957082      904   359745    2.74464
1485957083      1179   360924    2.75363
1485957084      773   361761    2.76002
1485957085      1096   362857    2.76838
1485957086      880   363906    2.77638
1485957087      908   364814    2.78331
1485957088      1172   365986    2.79225
1485957089      850   366836    2.79874
1485957090      1178   368014    2.80772
1485957091      888   368971    2.81503
1485957092      909   369880    2.82196
1485957093      1182   371062    2.83098
1485957094      872   371934    2.83763
1485957095      1170   373104    2.84656
1485957096      880   374036    2.85367
1485957097      908   374944    2.8606
1485957098      1173   376117    2.86954
1485957099      338   376455    2.87212
1485957100      1175   377630    2.88109
1485957101      753   378386    2.88686
1485957102      1181   379567    2.89587
1485957103      902   380469    2.90275
1485957104      851   381320    2.90924
1485957105      1180   382500    2.91824
1485957106      889   383451    2.9255
1485957107      1172   384623    2.93444
1485957108      904   385527    2.94134
1485957109      857   386384    2.94788
1485957110      1142   387526    2.95659
1485957111      908   388516    2.96414
1485957112      1177   389693    2.97312
1485957113      904   390597    2.98002
1485957114      842   391439    2.98644
1485957115      1174   392613    2.9954
1485957116      892   393581    3.00278
1485957117      1183   394764    3.01181
1485957118      905   395669    3.01871
1485957119      866   396535    3.02532
1485957120      1163   397698    3.03419
1485957121      879   398646    3.04143
1485957122      1183   399829    3.05045
1485957123      905   400734    3.05736
1485957124      854   401588    3.06387
1485957125      1085   402673    3.07215
1485957127      914   403711    3.08007
1485957128      1182   404893    3.08909
1485957129      901   405794    3.09596
1485957130      720   406631    3.10235
1485957131      1023   407654    3.11015
1485957132      905   408776    3.11871
1485957133      1193   409969    3.12782
1485957134      857   410826    3.13435
1485957135      807   411696    3.14099
1485957136      1169   412865    3.14991
1485957137      899   413841    3.15736
1485957138      1179   415020    3.16635
1485957139      899   415919    3.17321
1485957140      797   416761    3.17963
1485957141      1183   417944    3.18866
1485957142      894   418906    3.196
1485957143      1185   420091    3.20504
1485957144      902   420993    3.21192
1485957145      849   421842    3.2184
1485957146      1174   423016    3.22736
1485957147      891   423971    3.23464
1485957148      1135   425106    3.2433
1485957149      901   426007    3.25018
1485957150      865   426891    3.25692
1485957151      1189   428080    3.26599
1485957152      887   429036    3.27328
1485957153      1178   430214    3.28227
1485957154      873   431087    3.28893
1485957156      846   431956    3.29556
1485957156      1183   433139    3.30459
1485957158      875   434101    3.31193
1485957159      1179   435280    3.32092
1485957160      898   436178    3.32777
1485957161      528   437021    3.33421
1485957162      1182   438203    3.34322
1485957163      829   439166    3.35057
1485957164      939   440105    3.35773
1485957165      893   440998    3.36455
1485957166      898   441896    3.3714
1485957168      735   442801    3.3783
1485957169      1175   443976    3.38727
1485957170      907   444883    3.39419
1485957171      748   445661    3.40012
1485957172      678   446436    3.40604
1485957173      915   447351    3.41302
1485957174      1170   448521    3.42194
1485957175      756   449296    3.42786
1485957176      1086   450382    3.43614
1485957177      647   451029    3.44108
1485957178      1154   452183    3.44988
1485957179      625   452931    3.45559
1485957180      872   453803    3.46224
1485957181      1166   454969    3.47114
1485957182      677   455791    3.47741
1485957183      727   456566    3.48332
1485957184      923   457489    3.49036
1485957185      1157   458646    3.49919
1485957186      776   459426    3.50514
1485957187      1183   460609    3.51417
1485957188      845   461454    3.52061
1485957189      858   462346    3.52742
1485957190      1181   463527    3.53643
1485957191      834   464491    3.54379
1485957192      707   465206    3.54924
1485957193      897   466103    3.55608
1485957194      1073   467176    3.56427
1485957196      851   468126    3.57152
1485957197      1188   469314    3.58058
1485957198      859   470271    3.58788
1485957199      909   471180    3.59482
1485957200      1176   472356    3.60379
1485957201      721   473191    3.61016
1485957202      1173   474364    3.61911
1485957203      871   475336    3.62653
1485957204      906   476242    3.63344
1485957205      1107   477349    3.64188
1485957206      842   478256    3.6488
1485957207      1187   479443    3.65786
1485957208      838   480401    3.66517
1485957209      860   481261    3.67173
1485957210      1172   482433    3.68067
1485957211      778   483321    3.68745
1485957212      1174   484495    3.6964
1485957213      849   485466    3.70381
1485957214      899   486365    3.71067
1485957215      1121   487486    3.71922
1485957217      867   488386    3.72609
1485957218      1170   489556    3.73502
1485957219      879   490531    3.74245
1485957220      876   491407    3.74914
1485957221      1138   492545    3.75782
1485957222      830   493451    3.76473
1485957223      1189   494640    3.7738
1485957224      899   495596    3.7811
1485957225      903   496499    3.78799
1485957226      1160   497659    3.79684
1485957227      852   498516    3.80338
1485957228      1086   499602    3.81166
