1481702510      1498   1498    0.0014286
1481702511      1499   2997    0.00285816
1481702512      1500   4497    0.00428867
1481702513      1499   5996    0.00571823
1481702514      1499   7495    0.00714779
1481702515      1500   8995    0.0085783
1481702516      1499   10494    0.0100079
1481702517      1499   11993    0.0114374
1481702518      1500   13493    0.0128679
1481702519      1499   14992    0.0142975
1481702520      1500   16492    0.015728
1481702521      1499   17991    0.0171576
1481702522      1499   19490    0.0185871
1481702523      1500   20990    0.0200176
1481702524      1499   22489    0.0214472
1481702525      1499   23988    0.0228767
1481702526      1455   25443    0.0242643
1481702527      1376   26819    0.0255766
1481702528      1381   28200    0.0268936
1481702529      1382   29582    0.0282116
1481702530      1381   30963    0.0295286
1481702531      1378   32373    0.0308733
1481702532      1506   33879    0.0323095
1481702533      1348   35227    0.0335951
1481702534      1339   36566    0.0348721
1481702535      1382   37948    0.03619
1481702536      1382   39330    0.037508
1481702537      1381   40711    0.038825
1481702538      1381   42092    0.0401421
1481702539      1500   43592    0.0415726
1481702540      1380   44972    0.0428886
1481702541      1381   46353    0.0442057
1481702542      1383   47736    0.0455246
1481702543      963   48699    0.046443
1481702544      1499   50198    0.0478725
1481702545      1378   51576    0.0491867
1481702546      1382   52958    0.0505047
1481702547      1381   54339    0.0518217
1481702548      1383   55722    0.0531406
1481702549      1381   57103    0.0544577
1481702550      1382   58485    0.0557756
1481702551      1361   59909    0.0571337
1481702552      1506   61415    0.0585699
1481702553      1382   62797    0.0598879
1481702554      1381   64178    0.0612049
1481702555      1349   65527    0.0624914
1481702556      1380   66907    0.0638075
1481702557      1340   68247    0.0650854
1481702559      1236   69581    0.0663576
1481702560      1507   71088    0.0677948
1481702561      1382   72470    0.0691128
1481702562      1240   73710    0.0702953
1481702563      1365   75075    0.0715971
1481702564      1382   76457    0.0729151
1481702565      1341   77798    0.074194
1481702566      1500   79298    0.0756245
1481702567      1344   80642    0.0769062
1481702568      1383   82025    0.0782251
1481702569      1379   83404    0.0795403
1481702570      1378   84782    0.0808544
1481702571      1381   86163    0.0821714
1481702572      1382   87545    0.0834894
1481702573      1499   89044    0.084919
1481702574      1373   90417    0.0862284
1481702575      1380   91797    0.0875444
1481702576      1380   93177    0.0888605
1481702577      1378   94555    0.0901747
1481702578      1383   95938    0.0914936
1481702579      1239   97249    0.0927439
1481702580      1506   98755    0.0941801
1481702581      1371   100126    0.0954876
1481702582      1382   101508    0.0968056
1481702583      1381   102889    0.0981226
1481702584      1382   104271    0.0994406
1481702585      1380   105651    0.100757
1481702586      1382   107033    0.102075
1481702587      1357   108533    0.103505
1481702588      1506   110039    0.104941
1481702589      1357   111396    0.106236
1481702590      1380   112776    0.107552
1481702591      1378   114154    0.108866
1481702592      1378   115532    0.11018
1481702593      1382   116914    0.111498
1481702594      1381   118295    0.112815
1481702595      1499   119794    0.114244
1481702596      1378   121172    0.115559
1481702597      1242   122414    0.116743
1481702598      1382   123796    0.118061
1481702599      1315   125111    0.119315
1481702600      1380   126491    0.120631
1481702601      1499   127990    0.122061
1481702602      1378   129368    0.123375
1481702603      1381   130749    0.124692
1481702604      1382   132131    0.12601
1481702605      1382   133513    0.127328
1481702606      1381   134894    0.128645
1481702607      1382   136276    0.129963
1481702608      1376   137681    0.131303
1481702609      1506   139187    0.132739
1481702610      1382   140569    0.134057
1481702611      1382   141951    0.135375
1481702612      1381   143332    0.136692
1481702613      1319   144651    0.13795
1481702614      1243   145894    0.139135
1481702615      1499   147393    0.140565
1481702616      1382   148775    0.141883
1481702617      1383   150158    0.143202
1481702618      1379   151537    0.144517
1481702619      1223   152760    0.145683
1481702620      1380   154140    0.146999
1481702621      1377   155545    0.148339
1481702622      1506   157051    0.149776
1481702623      1380   158431    0.151092
1481702624      1382   159813    0.15241
1481702625      1381   161194    0.153727
1481702626      1382   162576    0.155045
1481702627      1381   163957    0.156362
1481702628      1382   165339    0.15768
1481702629      1384   166829    0.159101
1481702630      1507   168336    0.160538
1481702631      1380   169716    0.161854
1481702632      1241   170957    0.163037
1481702633      1381   172338    0.164354
1481702634      1381   173719    0.165671
1481702635      1381   175100    0.166988
1481702636      1500   176600    0.168419
1481702637      1379   177979    0.169734
1481702638      1376   179355    0.171046
1481702639      1382   180737    0.172364
1481702640      1382   182119    0.173682
1481702641      1382   183501    0.175
1481702642      1383   184884    0.176319
1481702643      1378   186305    0.177674
1481702644      1507   187812    0.179111
1481702645      1380   189192    0.180428
1481702646      1382   190574    0.181746
1481702647      1383   191957    0.183064
1481702648      1382   193339    0.184382
1481702649      1243   194582    0.185568
1481702650      1500   196082    0.186998
1481702651      1378   197460    0.188313
1481702652      1378   198838    0.189627
1481702653      1382   200220    0.190945
1481702654      1381   201601    0.192262
1481702655      1381   202982    0.193579
1481702656      1378   204360    0.194893
1481702657      1377   205781    0.196248
1481702658      1506   207287    0.197684
1481702659      1365   208652    0.198986
1481702660      1380   210032    0.200302
1481702661      1363   211395    0.201602
1481702662      1376   212771    0.202914
1481702663      1381   214152    0.204231
1481702664      1378   215530    0.205545
1481702665      1499   217029    0.206975
1481702666      1381   218410    0.208292
1481702667      1239   219649    0.209474
1481702668      1375   221024    0.210785
1481702669      1378   222402    0.212099
1481702670      1382   223784    0.213417
1481702671      1379   225257    0.214822
1481702672      1506   226763    0.216258
1481702673      1377   228140    0.217571
1481702674      1384   229524    0.218891
1481702675      1382   230906    0.220209
1481702676      1381   232287    0.221526
1481702677      1381   233668    0.222843
1481702678      1381   235049    0.22416
1481702679      1383   236541    0.225583
1481702680      1506   238047    0.227019
1481702681      1372   239419    0.228328
1481702682      1383   240802    0.229647
1481702683      1381   242183    0.230964
1481702684      1064   243247    0.231978
1481702685      1258   244733    0.233396
1481702686      1506   246239    0.234832
1481702687      1351   247590    0.23612
1481702688      1351   248941    0.237409
1481702689      1382   250323    0.238727
1481702690      1382   251705    0.240045
1481702691      1381   253086    0.241362
1481702692      1382   254468    0.24268
1481702693      1500   255968    0.24411
1481702694      1380   257348    0.245426
1481702695      1382   258730    0.246744
1481702696      1383   260113    0.248063
1481702697      1381   261494    0.24938
1481702698      1380   262874    0.250696
1481702699      1382   264256    0.252014
1481702700      1379   265689    0.253381
1481702701      1507   267196    0.254818
1481702702      1243   268439    0.256003
1481702703      1382   269821    0.257321
1481702704      1383   271204    0.25864
1481702705      1382   272586    0.259958
1481702706      1381   273967    0.261275
1481702707      1500   275467    0.262706
1481702708      1378   276845    0.26402
1481702709      1377   278222    0.265333
1481702710      1382   279604    0.266651
1481702711      1381   280985    0.267968
1481702712      1383   282368    0.269287
1481702713      1383   283751    0.270606
1481702714      1378   285165    0.271955
1481702715      1507   286672    0.273392
1481702716      1382   288054    0.27471
1481702717      1383   289437    0.276029
1481702718      1384   290821    0.277349
1481702719      1077   291898    0.278376
1481702720      1381   293357    0.279767
1481702721      1507   294864    0.281204
1481702722      1381   296245    0.282521
1481702723      1332   297577    0.283792
1481702724      1383   298960    0.28511
1481702725      1378   300338    0.286425
1481702726      1382   301720    0.287743
1481702727      1383   303103    0.289062
1481702728      1499   304602    0.290491
1481702729      1377   305979    0.291804
1481702730      1380   307359    0.29312
1481702731      1381   308740    0.294437
1481702732      1381   310121    0.295754
1481702733      1381   311502    0.297071
1481702734      1315   312817    0.298326
1481702735      1383   314313    0.299752
1481702736      1507   315820    0.301189
1481702737      1243   317063    0.302375
1481702738      1381   318444    0.303692
1481702739      1383   319827    0.305011
1481702740      1382   321209    0.306329
1481702741      1381   322590    0.307646
1481702742      1500   324090    0.309076
1481702743      1358   325448    0.310371
1481702744      1350   326798    0.311659
1481702745      1359   328157    0.312955
1481702746      1306   329463    0.3142
1481702747      1344   330807    0.315482
1481702748      1383   332190    0.316801
1481702749      1499   333689    0.318231
1481702750      1382   335071    0.319549
1481702751      1381   336452    0.320866
1481702752      1382   337834    0.322184
1481702753      1381   339215    0.323501
1481702754      1243   340458    0.324686
1481702755      1499   341957    0.326116
1481702756      1372   343329    0.327424
1481702757      1382   344711    0.328742
1481702758      1382   346093    0.33006
1481702759      1382   347475    0.331378
1481702760      1380   348855    0.332694
1481702761      1381   350236    0.334011
1481702762      1378   351653    0.335362
1481702763      1507   353160    0.3368
1481702764      1381   354541    0.338117
1481702765      1381   355922    0.339434
1481702766      1383   357305    0.340753
1481702767      1381   358686    0.34207
1481702768      1379   360065    0.343385
1481702769      1384   361449    0.344705
1481702770      1383   362937    0.346124
1481702771      1506   364443    0.34756
1481702772      1242   365685    0.348744
1481702773      1381   367066    0.350061
1481702774      1373   368439    0.351371
1481702775      1382   369821    0.352689
1481702776      1381   371202    0.354006
1481702777      1499   372701    0.355435
1481702778      1379   374080    0.35675
1481702779      1381   375461    0.358068
1481702780      1322   376783    0.359328
1481702781      1383   378166    0.360647
1481702782      1379   379545    0.361962
1481702783      1381   380926    0.363279
1481702784      1384   382413    0.364697
1481702785      1506   383919    0.366134
1481702786      1383   385302    0.367453
1481702787      1383   386685    0.368772
1481702788      1379   388064    0.370087
1481702789      1240   389304    0.371269
1481702790      1314   390618    0.372522
1481702791      1499   392117    0.373952
1481702792      1381   393498    0.375269
1481702793      1381   394879    0.376586
1481702794      1380   396259    0.377902
1481702795      1381   397640    0.379219
1481702796      1383   399023    0.380538
1481702797      1382   400405    0.381856
1481702799      1383   401889    0.383271
1481702800      1506   403395    0.384707
1481702801      1382   404777    0.386025
1481702802      1376   406153    0.387338
1481702803      1381   407534    0.388655
1481702804      1381   408915    0.389972
1481702805      1382   410297    0.39129
1481702806      1221   411561    0.392495
1481702807      1506   413067    0.393931
1481702808      1240   414307    0.395114
1481702809      1375   415682    0.396425
1481702810      1377   417059    0.397738
1481702811      1337   418396    0.399014
1481702812      1374   419770    0.400324
1481702813      1499   421269    0.401753
1481702814      1383   422652    0.403072
1481702815      1376   424028    0.404385
1481702816      1379   425407    0.4057
1481702817      1383   426790    0.407019
1481702818      1382   428172    0.408337
1481702819      1382   429554    0.409655
1481702820      1380   431037    0.411069
1481702821      1506   432543    0.412505
1481702822      1370   433913    0.413812
1481702823      1382   435295    0.41513
1481702824      1382   436677    0.416448
1481702825      1242   437919    0.417632
1481702826      1381   439300    0.418949
1481702827      1499   440799    0.420379
1481702828      1379   442178    0.421694
1481702829      1383   443561    0.423013
1481702830      1374   444935    0.424323
1481702831      1381   446316    0.42564
1481702832      1383   447699    0.426959
1481702833      1380   449079    0.428275
1481702834      1378   450513    0.429643
1481702835      1506   452019    0.431079
1481702836      1382   453401    0.432397
1481702837      1381   454782    0.433714
1481702838      1382   456164    0.435032
1481702839      1383   457547    0.436351
1481702840      1381   458928    0.437668
1481702841      1381   460309    0.438985
1481702842      1382   461797    0.440404
1481702843      1367   463164    0.441708
1481702844      1381   464545    0.443025
1481702845      1382   465927    0.444343
1481702846      1381   467308    0.44566
1481702847      1378   468686    0.446974
1481702848      1373   470059    0.448283
1481702849      1499   471558    0.449713
1481702850      1380   472938    0.451029
1481702851      1381   474319    0.452346
1481702852      1370   475689    0.453652
1481702853      1382   477071    0.45497
1481702854      1380   478451    0.456286
1481702855      1378   479829    0.457601
1481702856      1378   481273    0.458978
1481702857      1507   482780    0.460415
1481702858      1382   484162    0.461733
1481702859      1382   485544    0.463051
1481702860      1202   486746    0.464197
1481702861      1378   488124    0.465511
1481702862      1381   489505    0.466828
1481702863      1500   491005    0.468259
1481702864      1382   492387    0.469577
1481702865      1332   493719    0.470847
1481702866      1382   495101    0.472165
1481702867      1382   496483    0.473483
1481702868      1382   497865    0.474801
1481702869      1379   499244    0.476116
