1486014985      1423   1423    0.0108566
1486014986      1422   2846    0.0217133
1486014987      1414   4260    0.0325012
1486014988      1395   5656    0.0431519
1486014989      850   6506    0.0496368
1486014990      1170   7676    0.0585632
1486014992      885   8626    0.0658112
1486014993      1178   9804    0.0747986
1486014994      902   10706    0.0816803
1486014995      846   11552    0.0881348
1486014996      1171   12723    0.0970688
1486014997      893   13676    0.10434
1486014998      1185   14861    0.11338
1486014999      904   15765    0.120277
1486015000      846   16611    0.126732
1486015001      1171   17782    0.135666
1486015002      892   18726    0.142868
1486015003      1184   19910    0.151901
1486015004      902   20812    0.158783
1486015005      848   21660    0.165253
1486015006      1180   22840    0.174255
1486015007      888   23776    0.181396
1486015008      1189   24965    0.190468
1486015009      902   25867    0.19735
1486015010      848   26715    0.203819
1486015011      1181   27896    0.21283
1486015012      880   28826    0.219925
1486015013      1191   30017    0.229012
1486015014      902   30919    0.235893
1486015015      855   31774    0.242416
1486015016      1170   32944    0.251343
1486015017      882   33876    0.258453
1486015018      972   34848    0.265869
1486015019      900   35748    0.272736
1486015020      251   36066    0.275162
1486015021      926   36992    0.282227
1486015022      1169   38161    0.291145
1486015023      735   38926    0.296982
1486015024      1176   40102    0.305954
1486015025      752   40854    0.311691
1486015026      826   41831    0.319145
1486015027      1188   43019    0.328209
1486015029      805   43976    0.33551
1486015030      1136   45112    0.344177
1486015031      804   45916    0.350311
1486015032      956   46872    0.357605
1486015033      723   47596    0.363129
1486015034      1184   48780    0.372162
1486015035      832   49741    0.379494
1486015036      790   50531    0.385521
1486015037      1176   51707    0.394493
1486015038      934   52641    0.401619
1486015039      701   53361    0.407112
1486015040      1151   54512    0.415894
1486015041      909   55506    0.423477
1486015042      873   56379    0.430138
1486015043      1174   57553    0.439095
1486015044      796   58411    0.445641
1486015045      1070   59481    0.453804
1486015046      832   60556    0.462006
1486015047      905   61461    0.46891
1486015048      1124   62585    0.477486
1486015049      780   63461    0.484169
1486015050      1076   64537    0.492378
1486015051      895   65606    0.500534
1486015052      793   66399    0.506584
1486015053      1070   67473    0.514778
1486015055      824   68511    0.522697
1486015056      697   69226    0.528152
1486015057      1131   70357    0.536781
1486015058      844   71201    0.543221
1486015059      826   72131    0.550316
1486015060      1185   73316    0.559357
1486015061      895   74276    0.566681
1486015062      1177   75453    0.575661
1486015063      875   76328    0.582336
1486015064      847   77181    0.588844
1486015065      1116   78297    0.597359
1486015066      915   79326    0.605209
1486015067      1190   80516    0.614288
1486015068      870   81386    0.620926
1486015069      841   82231    0.627373
1486015070      1186   83417    0.636421
1486015071      887   84376    0.643738
1486015072      1173   85549    0.652687
1486015073      883   86432    0.659424
1486015074      831   87281    0.665901
1486015075      1186   88467    0.67495
1486015076      896   89426    0.682266
1486015077      1179   90605    0.691261
1486015078      901   91506    0.698135
1486015079      851   92357    0.704628
1486015080      1179   93536    0.713623
1486015081      885   94476    0.720795
1486015082      1190   95666    0.729874
1486015083      898   96564    0.736725
1486015084      849   97413    0.743202
1486015085      1179   98592    0.752197
1486015086      879   99526    0.759323
1486015087      1091   100617    0.767647
1486015088      790   101407    0.773674
1486015090      840   102431    0.781487
1486015091      1179   103610    0.790482
1486015092      888   104576    0.797852
1486015093      1176   105752    0.806824
1486015094      898   106650    0.813675
1486015095      854   107504    0.82019
1486015096      1176   108680    0.829163
1486015097      881   109626    0.83638
1486015098      1185   110811    0.845421
1486015099      899   111710    0.85228
1486015100      818   112531    0.858543
1486015101      1191   113722    0.86763
1486015102      892   114676    0.874908
1486015103      1103   115779    0.883324
1486015104      782   116561    0.88929
1486015105      897   117581    0.897072
1486015106      1181   118762    0.906082
1486015107      855   119726    0.913437
1486015108      1185   120911    0.922478
1486015109      899   121810    0.929337
1486015110      851   122661    0.935829
1486015111      1171   123832    0.944763
1486015112      836   124776    0.951965
1486015113      1136   125912    0.960632
1486015114      899   126811    0.967491
1486015115      852   127681    0.974129
1486015116      1188   128869    0.983192
1486015117      887   129826    0.990494
1486015118      990   130816    0.998047
1486015119      816   131632    1.00427
1486015121      939   132731    1.01266
1486015122      1187   133918    1.02171
1486015123      867   134876    1.02902
1486015124      1186   136062    1.03807
1486015125      769   136831    1.04394
1486015126      773   137781    1.05119
1486015127      1177   138958    1.06017
1486015128      856   139926    1.06755
1486015129      1134   141060    1.0762
1486015130      897   141957    1.08305
1486015131      844   142831    1.08971
1486015132      1176   144007    1.09869
1486015133      852   144976    1.10608
1486015134      1124   146100    1.11465
1486015135      769   146869    1.12052
1486015136      866   147881    1.12824
1486015137      1065   148946    1.13637
1486015138      1066   150012    1.1445
1486015139      849   150861    1.15098
1486015140      882   151743    1.15771
1486015141      1064   152807    1.16582
1486015142      801   153646    1.17223
1486015143      1048   154694    1.18022
1486015144      1069   155763    1.18838
1486015145      683   156506    1.19405
1486015147      668   157266    1.19984
1486015148      1168   158434    1.20876
1486015149      803   159237    1.21488
1486015150      683   160126    1.22166
1486015151      1170   161296    1.23059
1486015152      305   161601    1.23292
1486015153      1055   162656    1.24097
1486015154      1018   163674    1.24873
1486015155      694   164461    1.25474
1486015156      1184   165645    1.26377
1486015157      933   166578    1.27089
1486015158      573   167366    1.2769
1486015159      1053   168419    1.28493
1486015160      925   169344    1.29199
1486015162      675   170226    1.29872
1486015163      1113   171339    1.30721
1486015164      660   171999    1.31225
1486015165      924   172923    1.3193
1486015166      875   173846    1.32634
1486015167      1064   174910    1.33446
1486015168      1051   175961    1.34248
1486015169      722   176706    1.34816
1486015170      763   177469    1.35398
1486015171      1169   178638    1.3629
1486015172      846   179611    1.37032
1486015173      1055   180666    1.37837
1486015174      1059   181725    1.38645
1486015175      785   182510    1.39244
1486015176      705   183231    1.39794
1486015177      1164   184395    1.40682
1486015178      770   185376    1.41431
1486015179      1051   186427    1.42233
1486015180      798   187225    1.42841
1486015181      1049   188274    1.43642
1486015182      653   188996    1.44193
1486015183      1182   190178    1.45094
1486015185      771   191141    1.45829
1486015186      871   192012    1.46494
1486015187      1158   193170    1.47377
1486015188      787   194046    1.48045
1486015189      1188   195234    1.48952
1486015190      864   196191    1.49682
1486015191      790   196981    1.50285
1486015192      1041   198022    1.51079
1486015193      911   199096    1.51898
1486015194      1178   200274    1.52797
1486015195      844   201241    1.53535
1486015196      893   202134    1.54216
1486015197      1044   203178    1.55013
1486015198      847   204146    1.55751
1486015199      1172   205318    1.56645
1486015200      865   206291    1.57388
1486015201      907   207198    1.5808
1486015202      1172   208370    1.58974
1486015203      768   209196    1.59604
1486015204      1165   210361    1.60493
1486015206      829   211341    1.6124
1486015207      861   212202    1.61897
1486015208      1064   213266    1.62709
1486015209      899   214246    1.63457
1486015210      1184   215430    1.6436
1486015211      788   216391    1.65093
1486015212      907   217298    1.65785
1486015213      1065   218363    1.66598
1486015214      847   219296    1.6731
1486015215      1181   220477    1.68211
1486015216      884   221441    1.68946
1486015217      907   222348    1.69638
1486015218      1128   223476    1.70499
1486015219      826   224346    1.71162
1486015220      1168   225514    1.72054
1486015221      852   226491    1.72799
1486015222      905   227396    1.73489
1486015223      1170   228566    1.74382
1486015224      765   229396    1.75015
1486015225      1186   230582    1.7592
1486015227      863   231541    1.76652
1486015228      845   232386    1.77296
1486015229      1099   233485    1.78135
1486015230      889   234446    1.78868
1486015231      1109   235555    1.79714
1486015232      847   236591    1.80505
1486015233      895   237486    1.81187
1486015234      1092   238578    1.82021
1486015235      845   239496    1.82721
1486015236      1186   240682    1.83626
1486015237      777   241641    1.84357
1486015238      909   242550    1.85051
1486015239      1048   243598    1.85851
1486015240      821   244546    1.86574
1486015242      543   245261    1.87119
1486015243      1113   246374    1.87968
1486015244      858   247406    1.88756
1486015245      825   248231    1.89385
1486015246      1169   249400    1.90277
1486015247      826   250311    1.90972
1486015248      1089   251400    1.91803
1486015249      1041   252441    1.92597
1486015250      591   253216    1.93188
1486015251      1118   254334    1.94041
1486015252      842   255361    1.94825
1486015253      1185   256546    1.95729
1486015255      891   257506    1.96461
1486015256      785   258291    1.9706
1486015257      1043   259334    1.97856
1486015258      1049   260383    1.98656
1486015259      722   261126    1.99223
1486015260      1175   262301    2.0012
1486015261      898   263199    2.00805
1486015262      779   264031    2.0144
1486015263      1147   265178    2.02315
1486015264      780   266176    2.03076
1486015265      1051   267227    2.03878
1486015266      842   268069    2.0452
1486015267      786   269081    2.05293
1486015268      1061   270142    2.06102
1486015269      932   271226    2.06929
1486015270      1130   272356    2.07791
1486015271      885   273241    2.08466
1486015272      487   273728    2.08838
1486015274      935   274846    2.09691
1486015275      1135   275981    2.10557
1486015276      827   276991    2.11327
1486015277      620   277751    2.11907
1486015278      1113   278864    2.12756
1486015279      879   279743    2.13427
1486015280      687   280611    2.14089
1486015281      1162   281773    2.14976
1486015282      797   282570    2.15584
1486015283      891   283461    2.16264
1486015284      638   284231    2.16851
1486015285      1013   285244    2.17624
1486015287      786   286376    2.18488
1486015288      1046   287422    2.19286
1486015289      412   287851    2.19613
1486015290      1158   289009    2.20496
1486015291      839   289996    2.21249
1486015292      1040   291036    2.22043
1486015293      868   292141    2.22886
1486015295      625   292901    2.23466
1486015296      1086   293987    2.24294
1486015297      917   294904    2.24994
1486015298      770   295761    2.25648
1486015299      1108   296869    2.26493
1486015300      851   297906    2.27284
1486015301      889   298795    2.27962
1486015302      1145   299940    2.28836
1486015303      857   300811    2.29501
1486015304      1184   301995    2.30404
1486015305      821   302956    2.31137
1486015306      897   303853    2.31821
1486015307      1063   304916    2.32632
1486015308      719   305861    2.33353
1486015309      1045   306906    2.34151
1486015311      921   308006    2.3499
1486015312      793   308799    2.35595
1486015313      1053   309852    2.36398
1486015314      1045   310897    2.37196
1486015315      742   311639    2.37762
1486015316      1051   312690    2.38564
1486015317      752   313442    2.39137
1486015318      1049   314491    2.39938
1486015319      725   315246    2.40514
1486015320      1173   316419    2.41409
1486015321      887   317391    2.4215
1486015322      876   318267    2.42818
1486015323      1027   319294    2.43602
1486015324      818   320296    2.44366
1486015325      1162   321458    2.45253
1486015326      896   322441    2.46003
1486015327      885   323326    2.46678
1486015328      1106   324432    2.47522
1486015329      808   325346    2.48219
1486015330      1165   326511    2.49108
1486015331      799   327491    2.49856
1486015332      877   328368    2.50525
1486015333      1047   329415    2.51324
1486015335      835   330396    2.52072
1486015336      1189   331585    2.52979
1486015337      814   332541    2.53709
1486015338      760   333301    2.54288
1486015339      1081   334382    2.55113
1486015340      699   335081    2.55647
1486015341      920   336161    2.5647
1486015342      1173   337334    2.57365
1486015343      894   338306    2.58107
1486015344      893   339199    2.58788
1486015345      1172   340371    2.59682
1486015346      770   341211    2.60323
1486015347      1140   342351    2.61193
1486015348      836   343356    2.6196
1486015349      777   344133    2.62553
1486015350      1116   345249    2.63404
1486015351      906   346261    2.64176
1486015352      1175   347436    2.65073
1486015354      825   348406    2.65813
1486015355      809   349215    2.6643
1486015356      1170   350385    2.67323
1486015357      859   351311    2.68029
1486015358      1113   352424    2.68878
1486015359      904   353456    2.69666
1486015360      778   354234    2.70259
1486015361      1049   355283    2.71059
1486015362      879   356361    2.71882
1486015363      1181   357542    2.72783
1486015364      827   358506    2.73518
1486015365      890   359396    2.74197
1486015366      1163   360559    2.75085
1486015367      776   361411    2.75735
1486015368      1189   362600    2.76642
1486015370      555   363556    2.77371
1486015371      969   364525    2.78111
1486015372      1169   365694    2.79002
1486015373      723   366461    2.79588
1486015374      1169   367630    2.80479
1486015375      888   368606    2.81224
1486015376      890   369496    2.81903
1486015377      1162   370658    2.8279
1486015378      837   371511    2.8344
1486015379      1185   372696    2.84344
1486015380      888   373656    2.85077
1486015381      814   374470    2.85698
1486015382      1043   375513    2.86494
1486015383      925   376561    2.87293
1486015384      1052   377613    2.88096
1486015386      901   378706    2.8893
1486015387      903   379609    2.89619
1486015388      1167   380776    2.90509
1486015389      769   381611    2.91146
1486015390      1114   382725    2.91996
1486015391      850   383756    2.92783
1486015392      755   384516    2.93362
1486015393      1167   385683    2.94253
1486015394      785   386661    2.94999
1486015395      1183   387844    2.95901
1486015396      770   388806    2.96635
1486015397      798   389604    2.97244
1486015398      1156   390760    2.98126
1486015399      900   391711    2.98852
1486015400      1051   392762    2.99654
1486015402      928   393856    3.00488
1486015403      670   394616    3.01068
1486015404      1109   395725    3.01914
1486015405      844   396569    3.02558
1486015406      747   397476    3.0325
1486015407      1144   398620    3.04123
1486015408      763   399383    3.04705
1486015409      793   400176    3.0531
1486015410      796   401096    3.06012
1486015411      1171   402267    3.06905
1486015412      817   403241    3.07648
1486015413      896   404137    3.08332
1486015414      933   405070    3.09044
1486015416      816   406146    3.09865
1486015417      1054   407200    3.10669
1486015418      903   408103    3.11358
1486015419      673   409006    3.12047
1486015420      679   409766    3.12627
1486015421      1064   410830    3.13438
1486015422      874   411911    3.14263
1486015423      1062   412973    3.15073
1486015424      1060   414033    3.15882
1486015426      636   414816    3.16479
1486015427      1179   415995    3.17379
1486015428      886   416961    3.18116
1486015429      1150   418111    3.18993
1486015430      908   419106    3.19753
1486015431      899   420005    3.20438
1486015432      1161   421166    3.21324
1486015433      707   422011    3.21969
1486015434      1186   423197    3.22874
1486015435      818   424156    3.23605
1486015436      861   425017    3.24262
1486015437      1171   426188    3.25156
1486015438      852   427061    3.25822
1486015439      1070   428131    3.26638
1486015440      924   429206    3.27458
1486015441      909   430115    3.28152
1486015442      1167   431282    3.29042
1486015443      754   432111    3.29675
1486015444      1186   433297    3.30579
1486015446      891   434256    3.31311
1486015447      767   435023    3.31896
1486015448      1176   436199    3.32793
1486015449      838   437161    3.33527
1486015450      1186   438347    3.34432
1486015451      871   439306    3.35164
1486015452      831   440137    3.35798
1486015453      1174   441311    3.36694
1486015454      855   442211    3.3738
1486015455      1142   443353    3.38251
1486015456      882   444356    3.39017
1486015457      768   445124    3.39603
1486015458      1171   446295    3.40496
1486015459      885   447261    3.41233
1486015460      1054   448315    3.42037
1486015461      1049   449364    3.42838
1486015462      694   450166    3.43449
1486015463      1192   451358    3.44359
1486015464      809   452311    3.45086
1486015465      1047   453358    3.45885
1486015467      937   454456    3.46722
1486015468      836   455292    3.4736
1486015469      1162   456454    3.48247
1486015470      806   457361    3.48939
1486015471      1059   458420    3.49747
1486015472      928   459506    3.50575
1486015473      787   460293    3.51176
1486015474      1067   461360    3.5199
1486015475      893   462411    3.52792
1486015476      1087   463498    3.53621
1486015477      1047   464545    3.5442
1486015478      597   465316    3.55008
1486015479      1192   466508    3.55917
1486015480      840   467461    3.56644
1486015481      1122   468583    3.575
1486015483      914   469606    3.58281
1486015484      771   470377    3.58869
1486015485      1177   471554    3.59767
1486015486      829   472511    3.60497
1486015487      1185   473696    3.61401
1486015488      893   474656    3.62134
1486015489      802   475458    3.62746
1486015490      1122   476580    3.63602
1486015491      900   477561    3.6435
1486015492      1064   478625    3.65162
1486015493      848   479706    3.65987
1486015494      863   480569    3.66645
1486015495      1180   481749    3.67545
1486015496      842   482611    3.68203
1486015497      1135   483746    3.69069
1486015498      904   484756    3.69839
1486015500      598   485516    3.70419
1486015501      1173   486689    3.71314
1486015502      833   487661    3.72056
1486015503      1054   488715    3.7286
1486015504      942   489806    3.73692
1486015505      802   490608    3.74304
1486015506      1147   491755    3.75179
1486015507      875   492711    3.75909
1486015508      1186   493897    3.76814
1486015509      893   494856    3.77545
1486015510      773   495629    3.78135
1486015511      1114   496743    3.78985
1486015512      844   497761    3.79762
1486015513      1179   498940    3.80661
1486015514      900   499906    3.81398
