1481268750      1498   1498    0.0014286
1481268751      1500   2998    0.00285912
1481268752      1499   4497    0.00428867
1481268753      1499   5996    0.00571823
1481268754      1500   7496    0.00714874
1481268755      1499   8995    0.0085783
1481268756      1499   10494    0.0100079
1481268757      1500   11994    0.0114384
1481268758      1499   13493    0.0128679
1481268759      1499   14992    0.0142975
1481268760      1500   16492    0.015728
1481268761      1499   17991    0.0171576
1481268762      1499   19490    0.0185871
1481268763      1500   20990    0.0200176
1481268764      1499   22489    0.0214472
1481268765      1499   23988    0.0228767
1481268766      1447   25435    0.0242567
1481268767      1374   26809    0.0255671
1481268768      1349   28158    0.0268536
1481268769      1385   29543    0.0281744
1481268770      1499   31042    0.029604
1481268771      1379   32421    0.0309191
1481268772      1382   33803    0.0322371
1481268773      1355   35158    0.0335293
1481268774      1383   36541    0.0348482
1481268775      1384   37925    0.0361681
1481268776      1322   39247    0.0374289
1481268777      1377   40737    0.0388498
1481268778      1506   42243    0.0402861
1481268779      1381   43624    0.0416031
1481268780      1380   45004    0.0429192
1481268781      1382   46386    0.0442371
1481268782      1381   47767    0.0455542
1481268783      1385   49152    0.046875
1481268784      1403   50555    0.048213
1481268785      1384   51939    0.0495329
1481268786      1382   53321    0.0508509
1481268787      1375   54696    0.0521622
1481268788      1340   56036    0.0534401
1481268789      1385   57421    0.0547609
1481268790      1383   58905    0.0561762
1481268791      1506   60411    0.0576124
1481268792      1384   61795    0.0589323
1481268793      1382   63177    0.0602503
1481268794      1382   64559    0.0615683
1481268795      1375   65934    0.0628796
1481268796      1384   67318    0.0641994
1481268797      1365   68683    0.0655012
1481268798      1497   70180    0.0669289
1481268799      1380   71560    0.0682449
1481268800      1372   72932    0.0695534
1481268801      1275   74207    0.0707693
1481268802      1374   75581    0.0720797
1481268803      1372   77073    0.0735025
1481268804      1507   78580    0.0749397
1481268805      1360   79940    0.0762367
1481268806      1371   81311    0.0775442
1481268807      1375   82686    0.0788555
1481268808      1331   84017    0.0801249
1481268809      1378   85395    0.081439
1481268810      1377   86772    0.0827522
1481268811      1499   88271    0.0841818
1481268812      1383   89654    0.0855007
1481268813      1375   91029    0.086812
1481268814      1382   92411    0.08813
1481268815      1377   93788    0.0894432
1481268816      1373   95161    0.0907526
1481268817      1376   96537    0.0920649
1481268818      1379   98029    0.0934877
1481268819      1409   99438    0.0948315
1481268820      1379   100817    0.0961466
1481268821      1381   102198    0.0974636
1481268822      1380   103578    0.0987797
1481268823      1373   104951    0.100089
1481268824      1500   106451    0.10152
1481268825      1383   107834    0.102839
1481268826      1384   109218    0.104158
1481268827      1382   110600    0.105476
1481268828      1329   111929    0.106744
1481268829      1379   113308    0.108059
1481268830      1372   114680    0.109367
1481268831      1499   116179    0.110797
1481268832      1377   117556    0.11211
1481268833      1370   118926    0.113417
1481268834      1383   120309    0.114736
1481268835      1378   121687    0.11605
1481268836      1377   123064    0.117363
1481268837      1399   124463    0.118697
1481268838      1371   125834    0.120005
1481268839      1377   127211    0.121318
1481268840      1382   128593    0.122636
1481268841      1376   129969    0.123948
1481268842      1382   131351    0.125266
1481268843      1379   132753    0.126603
1481268844      1507   134260    0.12804
1481268845      1380   135640    0.129356
1481268846      1385   137025    0.130677
1481268847      1386   138411    0.131999
1481268848      1367   139778    0.133303
1481268849      1385   141163    0.134624
1481268850      1386   142549    0.135945
1481268851      1377   144037    0.137364
1481268852      1506   145543    0.138801
1481268853      1384   146927    0.140121
1481268854      1285   148212    0.141346
1481268855      1338   149550    0.142622
1481268856      1361   150921    0.143929
1481268857      1507   152428    0.145367
1481268858      1367   153795    0.14667
1481268859      1379   155174    0.147985
1481268860      1330   156504    0.149254
1481268861      1362   157866    0.150553
1481268862      1380   159246    0.151869
1481268863      1375   160621    0.15318
1481268864      1499   162120    0.15461
1481268865      1378   163498    0.155924
1481268866      1375   164873    0.157235
1481268867      1377   166250    0.158548
1481268868      1360   167610    0.159845
1481268869      1379   168989    0.16116
1481268870      1381   170370    0.162477
1481268871      1499   171869    0.163907
1481268872      1286   173155    0.165133
1481268873      1384   174539    0.166453
1481268874      1384   175923    0.167773
1481268875      1385   177308    0.169094
1481268876      1383   178761    0.17048
1481268877      1507   180268    0.171917
1481268878      1379   181647    0.173232
1481268879      1380   183027    0.174548
1481268880      1385   184412    0.175869
1481268881      1384   185796    0.177189
1481268882      1381   187177    0.178506
1481268883      1383   188560    0.179825
1481268884      1385   190045    0.181241
1481268885      1507   191552    0.182678
1481268886      1383   192935    0.183997
1481268887      1383   194318    0.185316
1481268888      1367   195685    0.18662
1481268889      1284   196969    0.187844
1481268890      1499   198468    0.189274
1481268891      1381   199849    0.190591
1481268892      1380   201229    0.191907
1481268893      1378   202607    0.193221
1481268894      1375   203982    0.194532
1481268895      1376   205358    0.195845
1481268896      1374   206732    0.197155
1481268897      1373   208213    0.198567
1481268898      1506   209719    0.200004
1481268899      1378   211097    0.201318
1481268900      1378   212475    0.202632
1481268901      1382   213857    0.20395
1481268902      1383   215240    0.205269
1481268903      1381   216621    0.206586
1481268904      1380   218001    0.207902
1481268905      1381   219497    0.209329
1481268906      1506   221003    0.210765
1481268907      1286   222289    0.211991
1481268908      1380   223669    0.213307
1481268909      1381   225050    0.214624
1481268910      1380   226430    0.21594
1481268911      1500   227930    0.217371
1481268912      1380   229310    0.218687
1481268913      1318   230628    0.219944
1481268914      1381   232009    0.221261
1481268915      1377   233386    0.222574
1481268916      1381   234767    0.223891
1481268917      1381   236148    0.225208
1481268918      1499   237647    0.226638
1481268919      1380   239027    0.227954
1481268920      1385   240412    0.229275
1481268921      1370   241782    0.230581
1481268922      1380   243162    0.231897
1481268923      1381   244543    0.233214
1481268924      1380   245923    0.23453
1481268925      1403   247326    0.235868
1481268926      1370   248696    0.237175
1481268927      1382   250078    0.238493
1481268928      1380   251458    0.239809
1481268929      1383   252841    0.241128
1481268930      1377   254221    0.242444
1481268931      1506   255727    0.24388
1481268932      1385   257112    0.245201
1481268933      1384   258496    0.246521
1481268934      1384   259880    0.247841
1481268935      1384   261264    0.249161
1481268936      1380   262644    0.250477
1481268937      1384   264028    0.251797
1481268938      1382   265505    0.253205
1481268939      1507   267012    0.254642
1481268940      1381   268393    0.25596
1481268941      1380   269773    0.257276
1481268942      1286   271059    0.258502
1481268943      1385   272444    0.259823
1481268944      1499   273943    0.261252
1481268945      1385   275328    0.262573
1481268946      1384   276712    0.263893
1481268947      1383   278095    0.265212
1481268948      1383   279478    0.266531
1481268949      1383   280861    0.26785
1481268950      1385   282246    0.269171
1481268952      1381   283673    0.270532
1481268953      1506   285179    0.271968
1481268954      1385   286564    0.273289
1481268955      1385   287949    0.27461
1481268956      1384   289333    0.275929
1481268957      1385   290718    0.27725
1481268958      1381   292099    0.278567
1481268959      1384   293483    0.279887
1481268960      1385   294957    0.281293
1481268961      1404   296361    0.282632
1481268962      1381   297742    0.283949
1481268963      1380   299122    0.285265
1481268964      1385   300507    0.286586
1481268965      1386   301893    0.287908
1481268966      1499   303392    0.289337
1481268967      1379   304771    0.290652
1481268968      1381   306152    0.291969
1481268969      1380   307532    0.293285
1481268970      1385   308917    0.294606
1481268971      1384   310301    0.295926
1481268972      1380   311681    0.297242
1481268973      1372   313125    0.298619
1481268974      1506   314631    0.300056
1481268975      1381   316012    0.301373
1481268976      1384   317396    0.302692
1481268977      1383   318779    0.304011
1481268978      1278   320057    0.30523
1481268979      1499   321556    0.30666
1481268980      1382   322938    0.307978
1481268981      1385   324323    0.309299
1481268982      1381   325704    0.310616
1481268983      1351   327055    0.311904
1481268984      1371   328426    0.313211
1481268985      1381   329807    0.314528
1481268986      1382   331293    0.315946
1481268987      1506   332799    0.317382
1481268988      1380   334179    0.318698
1481268989      1347   335526    0.319983
1481268990      1347   336873    0.321267
1481268991      1386   338259    0.322589
1481268992      1385   339644    0.32391
1481268993      1385   341029    0.325231
1481268994      1500   342529    0.326661
1481268995      1378   343907    0.327975
1481268996      1289   345196    0.329205
1481268997      1382   346578    0.330523
1481268998      1365   347943    0.331824
1481268999      1499   349442    0.333254
1481269000      1385   350827    0.334575
1481269001      1380   352207    0.335891
1481269002      1385   353592    0.337212
1481269003      1385   354977    0.338532
1481269004      1383   356360    0.339851
1481269005      1381   357741    0.341168
1481269006      1375   359133    0.342496
1481269007      1506   360639    0.343932
1481269008      1382   362021    0.34525
1481269009      1381   363402    0.346567
1481269010      1385   364787    0.347888
1481269011      1381   366168    0.349205
1481269012      1380   367548    0.350521
1481269013      1385   368933    0.351842
1481269014      1404   370337    0.353181
1481269015      1383   371720    0.3545
1481269016      1381   373101    0.355817
1481269017      1386   374487    0.357139
1481269018      1346   375833    0.358422
1481269019      1381   377301    0.359822
1481269020      1506   378807    0.361259
1481269021      1380   380187    0.362575
1481269022      1378   381565    0.363889
1481269023      1380   382945    0.365205
1481269024      1380   384325    0.366521
1481269025      1382   385707    0.367839
1481269026      1384   387091    0.369159
1481269027      1384   388585    0.370584
1481269028      1506   390091    0.37202
1481269029      1368   391459    0.373324
1481269030      1385   392844    0.374645
1481269031      1284   394128    0.37587
1481269032      1385   395513    0.377191
1481269033      1500   397013    0.378621
1481269034      1384   398397    0.379941
1481269035      1385   399782    0.381262
1481269036      1382   401164    0.38258
1481269037      1381   402545    0.383897
1481269038      1347   403892    0.385181
1481269039      1383   405275    0.3865
1481269040      1386   406753    0.38791
1481269041      1506   408259    0.389346
1481269042      1382   409641    0.390664
1481269043      1383   411024    0.391983
1481269044      1381   412405    0.3933
1481269045      1381   413786    0.394617
1481269046      1377   415163    0.39593
1481269047      1345   416508    0.397213
1481269048      1499   418007    0.398643
1481269049      1275   419282    0.399858
1481269050      1286   420568    0.401085
1481269051      1376   421944    0.402397
1481269052      1370   423314    0.403704
1481269053      1502   424816    0.405136
1481269054      1380   426196    0.406452
1481269055      1382   427578    0.40777
1481269056      1380   428958    0.409086
1481269057      1380   430338    0.410402
1481269058      1327   431665    0.411668
1481269059      1381   433046    0.412985
1481269060      1499   434545    0.414414
1481269061      1381   435926    0.415731
1481269062      1380   437306    0.417048
1481269063      1381   438687    0.418365
1481269064      1386   440073    0.419686
1481269065      1381   441454    0.421003
1481269066      1385   442839    0.422324
1481269067      1404   444243    0.423663
1481269068      1384   445627    0.424983
1481269069      1384   447011    0.426303
1481269070      1379   448390    0.427618
1481269071      1380   449770    0.428934
1481269072      1376   451149    0.430249
1481269073      1506   452655    0.431685
1481269074      1381   454036    0.433002
1481269075      1376   455412    0.434315
1481269076      1383   456795    0.435634
1481269077      1386   458181    0.436955
