1481276300      1498   1498    0.0014286
1481276301      1499   2997    0.00285816
1481276302      1500   4497    0.00428867
1481276303      1499   5996    0.00571823
1481276304      1499   7495    0.00714779
1481276305      1500   8995    0.0085783
1481276306      1499   10494    0.0100079
1481276307      1499   11993    0.0114374
1481276308      1500   13493    0.0128679
1481276309      1499   14992    0.0142975
1481276310      1500   16492    0.015728
1481276311      1499   17991    0.0171576
1481276312      1499   19490    0.0185871
1481276313      1500   20990    0.0200176
1481276314      1499   22489    0.0214472
1481276315      1499   23988    0.0228767
1481276316      1450   25438    0.0242596
1481276317      1379   26817    0.0255747
1481276318      1387   28204    0.0268974
1481276319      1500   29704    0.0283279
1481276320      1382   31086    0.0296459
1481276321      1387   32473    0.0309687
1481276322      1388   33861    0.0322924
1481276323      1387   35248    0.0336151
1481276324      1384   36632    0.034935
1481276325      1388   38020    0.0362587
1481276326      1380   39405    0.0375795
1481276327      1506   40911    0.0390158
1481276328      1387   42298    0.0403385
1481276329      1388   43686    0.0416622
1481276330      1387   45073    0.042985
1481276331      1387   46460    0.0443077
1481276332      1388   47848    0.0456314
1481276333      1386   49234    0.0469532
1481276334      1341   50575    0.0482321
1481276335      1388   51963    0.0495558
1481276336      1387   53350    0.0508785
1481276337      1386   54736    0.0522003
1481276338      1500   56236    0.0536308
1481276339      1379   57615    0.0549459
1481276340      1380   58995    0.056262
1481276341      1359   60354    0.0575581
1481276342      1387   61741    0.0588808
1481276343      1386   63127    0.0602026
1481276344      1384   64511    0.0615225
1481276345      1382   65913    0.0628595
1481276346      1506   67419    0.0642958
1481276347      1389   68808    0.0656204
1481276348      1388   70196    0.0669441
1481276349      1388   71584    0.0682678
1481276350      1304   72888    0.0695114
1481276351      1385   74273    0.0708323
1481276352      1342   75615    0.0721121
1481276353      1387   77002    0.0734348
1481276354      1385   78387    0.0747557
1481276355      1385   79772    0.0760765
1481276356      1388   81160    0.0774002
1481276357      1499   82659    0.0788298
1481276358      1385   84044    0.0801506
1481276359      1384   85428    0.0814705
1481276360      1385   86813    0.0827913
1481276361      1385   88198    0.0841122
1481276362      1385   89583    0.085433
1481276363      1385   90968    0.0867538
1481276364      1385   92421    0.0881395
1481276365      1507   93928    0.0895767
1481276366      1387   95315    0.0908995
1481276367      1385   96700    0.0922203
1481276368      1388   98088    0.093544
1481276369      1387   99475    0.0948668
1481276370      1343   100818    0.0961475
1481276371      1381   102199    0.0974646
1481276372      1383   103582    0.0987835
1481276373      1383   104965    0.100102
1481276374      1360   106325    0.101399
1481276375      1385   107710    0.10272
1481276376      1499   109209    0.10415
1481276377      1385   110594    0.105471
1481276378      1387   111981    0.106793
1481276379      1386   113367    0.108115
1481276380      1387   114754    0.109438
1481276381      1387   116141    0.110761
1481276382      1386   117527    0.112082
1481276383      1382   118929    0.11342
1481276384      1507   120436    0.114857
1481276385      1386   121822    0.116179
1481276386      1387   123209    0.117501
1481276387      1233   124481    0.118714
1481276388      1506   125987    0.120151
1481276389      1387   127374    0.121473
1481276390      1386   128760    0.122795
1481276391      1386   130146    0.124117
1481276392      1388   131534    0.125441
1481276393      1362   132896    0.12674
1481276394      1387   134283    0.128062
1481276395      1388   135765    0.129476
1481276396      1506   137271    0.130912
1481276397      1387   138658    0.132235
1481276398      1388   140046    0.133558
1481276399      1387   141433    0.134881
1481276400      1387   142820    0.136204
1481276401      1389   144209    0.137528
1481276402      1387   145596    0.138851
1481276403      1385   147049    0.140237
1481276404      1507   148556    0.141674
1481276405      1229   149785    0.142846
1481276406      1386   151171    0.144168
1481276407      1384   152601    0.145532
1481276408      1507   154108    0.146969
1481276409      1367   155475    0.148273
1481276410      1387   156862    0.149595
1481276411      1388   158250    0.150919
1481276412      1387   159637    0.152242
1481276413      1386   161023    0.153563
1481276414      1325   162348    0.154827
1481276415      1499   163847    0.156257
1481276416      1272   165119    0.15747
1481276417      1280   166399    0.15869
1481276418      1386   167785    0.160012
1481276419      1387   169172    0.161335
1481276420      1388   170560    0.162659
1481276421      1380   171945    0.16398
1481276422      1506   173451    0.165416
1481276423      1230   174681    0.166589
1481276424      1387   176068    0.167912
1481276425      1383   177497    0.169274
1481276426      1507   179004    0.170712
1481276427      1387   180391    0.172034
1481276428      1387   181778    0.173357
1481276429      1388   183166    0.174681
1481276430      1387   184553    0.176003
1481276431      1387   185940    0.177326
1481276432      1388   187328    0.17865
1481276433      1385   188781    0.180036
1481276434      1506   190287    0.181472
1481276435      1387   191674    0.182795
1481276436      1386   193060    0.184116
1481276437      1388   194448    0.18544
1481276438      1387   195835    0.186763
1481276439      1386   197221    0.188085
1481276440      1388   198609    0.189408
1481276441      1228   199837    0.190579
1481276442      1387   201224    0.191902
1481276443      1383   202607    0.193221
1481276444      1381   204005    0.194554
1481276445      1506   205511    0.195991
1481276446      1386   206897    0.197312
1481276447      1387   208284    0.198635
1481276448      1388   209672    0.199959
1481276449      1387   211059    0.201282
1481276450      1387   212446    0.202604
1481276451      1386   213832    0.203926
1481276452      1383   215289    0.205316
1481276453      1506   216795    0.206752
1481276454      1387   218182    0.208075
1481276455      1388   219570    0.209398
1481276456      1387   220957    0.210721
1481276457      1386   222343    0.212043
1481276458      1387   223730    0.213366
1481276459      1339   225069    0.214643
1481276460      1385   226454    0.215963
1481276461      1383   227837    0.217282
1481276462      1387   229224    0.218605
1481276463      1387   230611    0.219928
1481276464      1500   232111    0.221358
1481276465      1380   233491    0.222674
1481276466      1386   234877    0.223996
1481276467      1388   236265    0.22532
1481276468      1387   237652    0.226643
1481276469      1386   239038    0.227964
1481276470      1387   240425    0.229287
1481276471      1387   241812    0.23061
1481276472      1499   243311    0.232039
1481276473      1388   244699    0.233363
1481276474      1387   246086    0.234686
1481276475      1386   247472    0.236008
1481276476      1386   248858    0.237329
1481276477      1342   250200    0.238609
1481276478      1387   251587    0.239932
1481276479      1387   252974    0.241255
1481276480      1241   254215    0.242438
1481276481      1385   255600    0.243759
1481276483      1285   257021    0.245114
1481276484      1506   258527    0.246551
1481276485      1364   259891    0.247851
1481276486      1388   261279    0.249175
1481276487      1387   262666    0.250498
1481276488      1388   264054    0.251822
1481276489      1387   265441    0.253144
1481276489      1387   266828    0.254467
1481276491      1387   268305    0.255876
1481276492      1507   269812    0.257313
1481276493      1387   271199    0.258636
1481276494      1388   272587    0.259959
1481276495      1233   273857    0.26117
1481276496      1506   275363    0.262607
1481276497      1387   276750    0.263929
1481276498      1388   278138    0.265253
1481276499      1387   279525    0.266576
1481276500      1388   280913    0.2679
1481276501      1388   282301    0.269223
1481276502      1386   283687    0.270545
1481276503      1387   285141    0.271932
1481276504      1507   286648    0.273369
1481276505      1387   288035    0.274692
1481276506      1387   289422    0.276014
1481276507      1388   290810    0.277338
1481276508      1388   292198    0.278662
1481276509      1387   293585    0.279984
1481276510      1388   294973    0.281308
1481276511      1386   296425    0.282693
1481276512      1506   297931    0.284129
1481276513      1230   299161    0.285302
1481276514      1388   300549    0.286626
1481276515      1384   301977    0.287988
1481276516      1506   303483    0.289424
1481276517      1388   304871    0.290748
1481276518      1387   306258    0.29207
1481276519      1387   307645    0.293393
1481276520      1385   309030    0.294714
1481276521      1387   310417    0.296037
1481276522      1387   311804    0.297359
1481276523      1386   313261    0.298749
1481276524      1506   314767    0.300185
1481276525      1388   316155    0.301509
1481276526      1379   317534    0.302824
1481276527      1381   318915    0.304141
1481276528      1385   320300    0.305462
1481276529      1387   321687    0.306785
1481276530      1388   323075    0.308108
1481276531      1343   324418    0.309389
1481276532      1387   325805    0.310712
1481276533      1387   327192    0.312035
1481276534      1387   328579    0.313357
1481276535      1499   330078    0.314787
1481276536      1382   331460    0.316105
1481276537      1387   332847    0.317428
1481276538      1387   334234    0.31875
1481276539      1388   335622    0.320074
1481276540      1386   337008    0.321396
1481276541      1377   338385    0.322709
1481276542      1251   339769    0.324029
1481276543      1506   341275    0.325465
1481276544      1296   342571    0.326701
1481276545      1388   343959    0.328025
1481276546      1278   345237    0.329244
1481276547      1386   346623    0.330565
1481276548      1339   347962    0.331842
1481276549      1342   349304    0.333122
1481276550      1386   350690    0.334444
1481276551      1388   352078    0.335768
1481276552      1387   353465    0.33709
1481276553      1499   354964    0.33852
1481276554      1386   356350    0.339842
1481276555      1387   357737    0.341165
1481276556      1387   359124    0.342487
1481276557      1387   360511    0.34381
1481276558      1384   361895    0.34513
1481276559      1385   363280    0.346451
1481276560      1381   364665    0.347772
1481276561      1506   366171    0.349208
1481276562      1387   367558    0.350531
1481276563      1387   368945    0.351853
1481276564      1386   370331    0.353175
1481276565      1388   371719    0.354499
1481276566      1386   373105    0.355821
1481276567      1227   374332    0.356991
1481276568      1388   375720    0.358315
1481276569      1387   377107    0.359637
1481276570      1386   378493    0.360959
1481276571      1382   379889    0.36229
1481276572      1506   381395    0.363727
1481276573      1387   382782    0.365049
1481276574      1388   384170    0.366373
1481276575      1386   385556    0.367695
1481276576      1387   386943    0.369018
1481276577      1387   388330    0.37034
1481276578      1385   389715    0.371661
1481276579      1385   391173    0.373052
1481276580      1507   392680    0.374489
1481276581      1387   394067    0.375812
1481276582      1387   395454    0.377134
1481276583      1388   396842    0.378458
1481276584      1387   398229    0.379781
1481276585      1226   399455    0.38095
1481276586      1387   400842    0.382273
1481276587      1387   402229    0.383595
1481276588      1387   403616    0.384918
1481276589      1386   405002    0.38624
1481276590      1380   406397    0.38757
1481276591      1506   407903    0.389007
1481276592      1387   409290    0.390329
1481276593      1388   410678    0.391653
1481276594      1387   412065    0.392976
1481276595      1386   413451    0.394298
1481276596      1388   414839    0.395621
1481276597      1388   416227    0.396945
1481276598      1388   417681    0.398332
1481276599      1506   419187    0.399768
1481276600      1390   420577    0.401093
1481276601      1390   421967    0.402419
1481276602      1230   423233    0.403626
1481276603      1507   424740    0.405064
1481276604      1330   426070    0.406332
1481276605      1346   427416    0.407616
1481276606      1167   428583    0.408729
1481276607      1354   429937    0.41002
1481276608      1383   431320    0.411339
1481276609      1500   432820    0.412769
1481276610      1389   434209    0.414094
1481276611      1389   435598    0.415419
1481276612      1389   436987    0.416743
1481276613      1389   438376    0.418068
1481276614      1389   439765    0.419393
1481276615      1390   441155    0.420718
1481276616      1386   442577    0.422074
1481276617      1507   444084    0.423512
1481276618      1389   445473    0.424836
1481276619      1389   446862    0.426161
1481276620      1235   448129    0.427369
1481276621      1506   449635    0.428805
1481276622      1389   451024    0.43013
1481276623      1390   452414    0.431456
1481276624      1389   453803    0.43278
1481276625      1389   455192    0.434105
1481276626      1390   456582    0.435431
1481276627      1389   457971    0.436755
1481276628      1387   459413    0.43813
1481276629      1507   460920    0.439568
1481276630      1386   462306    0.440889
1481276631      1390   463696    0.442215
1481276632      1391   465087    0.443542
1481276633      1390   466477    0.444867
1481276634      1389   467866    0.446192
1481276635      1390   469256    0.447517
1481276636      1386   470697    0.448892
1481276637      1506   472203    0.450328
1481276638      1236   473439    0.451507
1481276639      1389   474828    0.452831
1481276640      1385   476249    0.454186
1481276641      1506   477755    0.455623
1481276642      1390   479145    0.456948
1481276643      1390   480535    0.458274
1481276644      1389   481924    0.459599
1481276645      1389   483313    0.460923
1481276646      1391   484704    0.46225
1481276647      1388   486092    0.463573
1481276648      1387   487533    0.464948
1481276649      1506   489039    0.466384
1481276650      1390   490429    0.46771
1481276651      1352   491781    0.468999
1481276652      1391   493172    0.470325
1481276653      1390   494562    0.471651
1481276654      1390   495952    0.472977
1481276655      1391   497343    0.474303
1481276656      1342   498685    0.475583
