1483751497      1428   1428    0.00272369
1483751498      1499   2927    0.00558281
1483751499      1499   4426    0.00844193
1483751500      1500   5926    0.0113029
1483751501      1499   7425    0.0141621
1483751502      1499   8925    0.0170231
1483751503      1499   10425    0.0198841
1483751504      1499   11925    0.0227451
1483751505      1500   13426    0.0256081
1483751506      1036   14648    0.0279388
1483751507      1304   15952    0.030426
1483751508      1283   17235    0.0328732
1483751509      1316   18551    0.0353832
1483751510      1353   19904    0.0379639
1483751511      1154   21080    0.0402069
1483751512      1358   22438    0.0427971
1483751513      1337   23775    0.0453472
1483751514      1307   25082    0.0478401
1483751515      1332   26414    0.0503807
1483751516      870   27284    0.0520401
1483751517      1345   28629    0.0546055
1483751518      1314   29943    0.0571117
1483751519      1344   31287    0.0596752
1483751520      1195   32511    0.0620098
1483751521      1350   33861    0.0645847
1483751522      1352   35213    0.0671635
1483751523      1342   36555    0.0697231
1483751524      1190   37871    0.0722332
1483751525      1362   39233    0.074831
1483751526      1344   40577    0.0773945
1483751527      1208   41785    0.0796986
1483751528      1194   42979    0.0819759
1483751529      1356   44335    0.0845623
1483751530      1346   45681    0.0871296
1483751531      1353   47034    0.0897102
1483751532      1198   48232    0.0919952
1483751533      1348   49580    0.0945663
1483751534      1353   50933    0.097147
1483751535      1357   52290    0.0997353
1483751536      1212   53590    0.102215
1483751537      1217   54807    0.104536
1483751538      1350   56157    0.107111
1483751539      1355   57512    0.109695
1483751540      1199   58711    0.111982
1483751541      1353   60064    0.114563
1483751542      1347   61411    0.117132
1483751543      1353   62764    0.119713
1483751544      1201   63965    0.122004
1483751545      1351   65316    0.12458
1483751546      1345   66661    0.127146
1483751547      1096   67876    0.129463
1483751548      1356   69232    0.13205
1483751549      1356   70588    0.134636
1483751550      1344   71932    0.137199
1483751551      1214   73236    0.139687
1483751552      1363   74599    0.142286
1483751553      1346   75945    0.144854
1483751554      1352   77297    0.147432
1483751555      1214   78596    0.14991
1483751556      1359   79955    0.152502
1483751557      1354   81309    0.155085
1483751558      1210   82519    0.157393
1483751559      1196   83715    0.159674
1483751560      1342   85057    0.162233
1483751561      1351   86408    0.16481
1483751562      1343   87751    0.167372
1483751563      1201   88955    0.169668
1483751564      1356   90311    0.172255
1483751565      1357   91668    0.174843
1483751566      1349   93017    0.177416
1483751567      1290   94307    0.179876
1483751568      955   95262    0.181698
1483751569      1225   96487    0.184034
1483751570      1217   97704    0.186356
1483751571      1185   98889    0.188616
1483751572      1199   100088    0.190903
1483751573      1198   101286    0.193188
1483751574      1154   102530    0.19556
1483751575      1193   103723    0.197836
1483751576      1191   104914    0.200108
1483751577      1346   106260    0.202675
1483751578      1356   107616    0.205261
1483751579      1060   108676    0.207283
1483751580      1328   110004    0.209816
1483751581      1348   111352    0.212387
1483751582      1353   112705    0.214968
1483751583      1205   113961    0.217363
1483751584      1356   115317    0.21995
1483751585      1352   116669    0.222528
1483751586      1355   118024    0.225113
1483751587      1211   119321    0.227587
1483751588      1364   120685    0.230188
1483751589      1346   122031    0.232756
1483751590      1209   123240    0.235062
1483751591      1203   124443    0.237356
1483751592      1341   125784    0.239914
1483751593      1351   127135    0.242491
1483751594      1355   128490    0.245075
1483751595      1191   129681    0.247347
1483751596      1359   131040    0.249939
1483751597      999   132039    0.251844
1483751598      1348   133387    0.254416
1483751599      1353   134740    0.256996
1483751600      1067   135807    0.259031
1483751601      1355   137162    0.261616
1483751602      1344   138506    0.264179
1483751603      1350   139856    0.266754
1483751604      1206   141111    0.269148
1483751605      1359   142470    0.27174
1483751606      1355   143825    0.274324
1483751607      1348   145173    0.276896
1483751609      1214   146471    0.279371
1483751610      1355   147826    0.281956
1483751611      1352   149178    0.284534
1483751612      1205   150383    0.286833
1483751613      1173   151556    0.28907
1483751614      1353   152909    0.291651
1483751615      1346   154255    0.294218
1483751616      1354   155609    0.296801
1483751617      1201   156830    0.299129
1483751618      1355   158185    0.301714
1483751619      1352   159537    0.304293
1483751620      1356   160893    0.306879
1483751621      1213   162190    0.309353
1483751622      1217   163407    0.311674
1483751623      1353   164760    0.314255
1483751624      1356   166116    0.316841
1483751625      1201   167317    0.319132
1483751626      1343   168660    0.321693
1483751627      1354   170014    0.324276
1483751628      1344   171358    0.326839
1483751629      1207   172565    0.329142
1483751630      1346   173911    0.331709
1483751631      1351   175262    0.334286
1483751632      1039   176476    0.336601
1483751633      1208   177684    0.338905
1483751634      1114   178798    0.34103
1483751635      1179   179977    0.343279
1483751636      1186   181163    0.345541
1483751637      1222   182385    0.347872
1483751638      1347   183732    0.350441
1483751639      1214   185052    0.352959
1483751640      1353   186405    0.355539
1483751641      1352   187757    0.358118
1483751642      1354   189111    0.360701
1483751643      897   190051    0.362494
1483751644      1352   191403    0.365072
1483751645      1348   192751    0.367643
1483751646      1345   194096    0.370209
1483751647      1196   195411    0.372717
1483751648      1355   196766    0.375301
1483751649      1330   198096    0.377838
1483751650      1352   199448    0.380417
1483751651      1317   200765    0.382929
1483751652      1197   201962    0.385212
1483751653      1348   203310    0.387783
1483751654      1174   204484    0.390022
1483751655      1194   205770    0.392475
1483751656      1359   207129    0.395067
1483751657      1345   208474    0.397633
1483751658      1348   209822    0.400204
1483751659      1201   211130    0.402699
1483751660      1337   212467    0.405249
1483751661      1356   213823    0.407835
1483751662      1321   215144    0.410355
1483751663      1212   216490    0.412922
1483751664      1214   217704    0.415237
1483751665      1335   219039    0.417784
1483751666      1344   220383    0.420347
1483751667      1200   221583    0.422636
1483751668      1350   222933    0.425211
1483751669      1352   224285    0.42779
1483751670      1355   225640    0.430374
1483751671      1176   226849    0.43268
1483751672      1336   228185    0.435228
1483751673      1351   229536    0.437805
1483751675      1020   230776    0.44017
1483751676      1359   232135    0.442762
1483751677      1356   233491    0.445349
1483751678      1342   234833    0.447908
1483751679      1190   236136    0.450394
1483751680      1353   237489    0.452974
1483751681      1339   238828    0.455528
1483751682      1344   240172    0.458092
1483751683      1210   241496    0.460617
1483751684      1327   242823    0.463148
1483751685      1352   244175    0.465727
1483751686      1203   245378    0.468021
1483751687      1043   246495    0.470152
1483751688      1348   247843    0.472723
1483751689      1350   249193    0.475298
1483751690      1181   250374    0.477551
1483751691      1192   251566    0.479824
1483751692      1340   252906    0.48238
1483751693      1181   254087    0.484632
1483751694      805   255071    0.486509
1483751695      1198   256269    0.488794
1483751696      1276   257545    0.491228
1483751697      1192   258737    0.493502
1483751698      1218   260070    0.496044
1483751699      1349   261419    0.498617
1483751700      1333   262752    0.50116
1483751701      1349   264101    0.503733
1483751702      1207   265430    0.506268
1483751703      1338   266768    0.50882
1483751704      1346   268114    0.511387
1483751705      1340   269454    0.513943
1483751706      1213   270790    0.516491
1483751707      1215   272005    0.518808
1483751708      1341   273346    0.521366
1483751709      1347   274693    0.523935
1483751710      1181   275874    0.526188
1483751711      1325   277199    0.528715
1483751712      1352   278551    0.531294
1483751713      1315   279866    0.533802
1483751714      1200   281149    0.536249
1483751715      1347   282496    0.538818
1483751716      1330   283826    0.541355
1483751718      982   285076    0.543739
1483751719      1359   286435    0.546331
1483751720      1351   287786    0.548908
1483751721      1340   289126    0.551464
1483751722      1200   290436    0.553963
1483751723      1353   291789    0.556543
1483751724      1340   293129    0.559099
1483751725      1345   294474    0.561665
1483751726      1215   295796    0.564186
1483751727      1336   297132    0.566734
1483751728      1353   298485    0.569315
1483751729      1003   299488    0.571228
1483751730      1217   300795    0.573721
1483751731      1331   302126    0.57626
1483751732      1353   303479    0.57884
1483751733      1346   304825    0.581408
1483751734      1205   306155    0.583944
1483751735      1352   307507    0.586523
1483751736      1335   308842    0.589069
1483751737      1346   310188    0.591637
1483751738      1198   311515    0.594168
1483751739      1000   312515    0.596075
1483751740      1342   313857    0.598635
1483751741      1351   315208    0.601212
1483751742      1215   316514    0.603703
1483751743      1328   317842    0.606236
1483751744      1342   319184    0.608795
1483751745      1240   320424    0.61116
1483751746      1343   321767    0.613722
1483751747      1155   322946    0.615971
1483751748      1161   324107    0.618185
1483751749      1339   325446    0.620739
1483751750      1054   326500    0.622749
1483751751      1174   327674    0.624989
1483751752      1198   329017    0.62755
1483751753      1351   330368    0.630127
1483751754      1332   331700    0.632668
1483751755      1347   333047    0.635237
1483751756      1209   334377    0.637774
1483751757      1346   335723    0.640341
1483751758      1350   337073    0.642916
1483751759      1345   338418    0.645481
1483751760      1042   339460    0.647469
1483751761      1318   340778    0.649982
1483751762      1347   342125    0.652552
1483751763      1339   343464    0.655106
1483751764      1203   344736    0.657532
1483751765      1347   346083    0.660101
1483751766      1343   347426    0.662663
1483751767      1335   348761    0.665209
1483751769      1220   350096    0.667755
1483751770      1357   351453    0.670343
1483751771      1356   352809    0.67293
1483751772      1165   353974    0.675152
1483751773      1166   355140    0.677376
1483751774      1348   356488    0.679947
1483751775      1354   357842    0.682529
1483751776      1328   359170    0.685062
1483751777      1208   360455    0.687513
1483751778      1357   361812    0.690102
1483751779      1336   363148    0.69265
1483751780      1356   364504    0.695236
1483751781      1208   365815    0.697737
1483751782      1157   366972    0.699944
1483751783      1354   368326    0.702526
1483751784      1355   369681    0.705111
1483751785      1200   370881    0.707399
1483751786      1358   372239    0.70999
1483751787      1346   373585    0.712557
1483751788      1354   374939    0.715139
1483751789      1198   376174    0.717495
1483751790      1357   377531    0.720083
1483751791      1344   378875    0.722647
1483751792      1098   380101    0.724985
1483751793      1360   381461    0.727579
1483751794      1342   382803    0.730139
1483751795      1346   384149    0.732706
1483751796      1257   385406    0.735104
1483751797      1210   386616    0.737411
1483751798      1345   387961    0.739977
1483751799      1352   389313    0.742556
1483751800      1355   390668    0.74514
1483751801      1193   391893    0.747477
1483751802      1357   393250    0.750065
1483751803      1210   394460    0.752373
1483751804      1183   395643    0.754629
1483751805      1069   396892    0.757011
1483751806      1196   398088    0.759293
1483751807      1343   399431    0.761854
1483751808      1350   400781    0.764429
1483751809      1346   402127    0.766996
1483751810      1191   403324    0.769279
1483751811      1362   404686    0.771877
1483751812      1347   406033    0.774446
1483751813      960   407251    0.77677
1483751814      1356   408607    0.779356
1483751815      1345   409952    0.781921
1483751816      1348   411300    0.784492
1483751817      1193   412611    0.786993
1483751818      1360   413971    0.789587
1483751819      1347   415318    0.792156
1483751820      1341   416659    0.794714
1483751821      1214   417971    0.797216
1483751822      1350   419321    0.799791
1483751823      1344   420665    0.802355
1483751824      1207   421872    0.804657
1483751825      1171   423043    0.80689
1483751826      1344   424387    0.809454
1483751827      1348   425735    0.812025
1483751828      1350   427085    0.8146
1483751829      1204   428330    0.816975
1483751830      1360   429690    0.819569
1483751831      1356   431046    0.822155
1483751832      1346   432392    0.824722
1483751834      1211   433690    0.827198
1483751835      1217   434907    0.829519
1483751836      1344   436251    0.832083
1483751837      1344   437595    0.834646
1483751838      1206   438801    0.836946
1483751839      1353   440154    0.839527
1483751840      1347   441501    0.842096
1483751841      1346   442847    0.844664
1483751842      1201   444049    0.846956
1483751843      1354   445403    0.849539
1483751844      1351   446754    0.852116
1483751845      1101   447976    0.854446
1483751846      1349   449325    0.857019
1483751847      1349   450674    0.859592
1483751848      1353   452027    0.862173
1483751849      1206   453336    0.86467
1483751850      1359   454695    0.867262
1483751851      1355   456050    0.869846
1483751852      1348   457398    0.872417
1483751853      1221   458696    0.874893
1483751854      1353   460049    0.877474
1483751855      1353   461402    0.880054
1483751856      1209   462611    0.88236
1483751857      1202   463813    0.884653
1483751858      1346   465159    0.88722
1483751859      1353   466512    0.889801
1483751860      1347   467859    0.89237
1483751861      1200   469059    0.894659
1483751862      1350   470409    0.897234
1483751863      1268   471677    0.899652
1483751864      1205   472882    0.901951
1483751865      1188   474070    0.904217
1483751866      876   475126    0.906231
1483751867      1194   476320    0.908508
1483751868      1357   477677    0.911097
1483751869      1178   478855    0.913343
1483751870      1263   480118    0.915752
1483751871      1335   481453    0.918299
1483751872      1119   482630    0.920544
1483751873      1351   483981    0.92312
1483751874      1352   485333    0.925699
1483751875      1345   486678    0.928265
1483751876      1215   487990    0.930767
1483751877      1213   489203    0.933081
1483751878      1350   490553    0.935656
1483751879      1356   491909    0.938242
1483751880      1203   493112    0.940536
1483751881      1342   494454    0.943096
1483751882      1350   495804    0.945671
1483751883      1309   497113    0.948168
1483751884      1202   498349    0.950525
1483751885      1363   499712    0.953125
