1488497084      996   997    0.0104589
1488497085      998   1997    0.0209494
1488497086      994   2993    0.0313978
1488497087      974   3967    0.0416155
1488497088      785   4752    0.0498505
1488497089      628   5486    0.0575504
1488497090      802   6288    0.0659637
1488497091      797   7085    0.0743246
1488497092      529   7626    0.0799999
1488497093      652   8296    0.0870285
1488497094      715   9011    0.0945292
1488497095      739   9750    0.102282
1488497097      628   10436    0.109478
1488497098      743   11179    0.117272
1488497099      650   11829    0.124091
1488497100      768   12597    0.132148
1488497101      601   13246    0.138956
1488497102      801   14047    0.147359
1488497103      803   14850    0.155783
1488497104      584   15434    0.161909
1488497105      647   16081    0.168696
1488497106      801   16882    0.177099
1488497107      658   17661    0.185271
1488497108      808   18469    0.193748
1488497109      665   19266    0.202108
1488497110      626   19936    0.209137
1488497111      787   20723    0.217393
1488497112      794   21517    0.225722
1488497113      538   22076    0.231586
1488497114      803   22879    0.24001
1488497115      605   23484    0.246357
1488497116      795   24279    0.254697
1488497117      553   24886    0.261065
1488497118      798   25684    0.269436
1488497119      782   26466    0.277639
1488497120      478   27026    0.283514
1488497121      654   27696    0.290543
1488497122      801   28497    0.298945
1488497123      793   29290    0.307264
1488497124      589   29879    0.313443
1488497125      795   30674    0.321783
1488497126      648   31322    0.328581
1488497128      650   32111    0.336858
1488497129      797   32908    0.345219
1488497130      798   33706    0.35359
1488497131      586   34292    0.359737
1488497132      649   34941    0.366546
1488497133      795   35736    0.374886
1488497134      652   36526    0.383173
1488497135      790   37316    0.39146
1488497136      793   38109    0.399779
1488497137      580   38689    0.405864
1488497138      635   39336    0.412651
1488497139      789   40125    0.420928
1488497140      794   40919    0.429257
1488497141      550   41476    0.435101
1488497142      798   42274    0.443472
1488497143      644   42918    0.450228
1488497144      796   43714    0.458578
1488497145      569   44286    0.464579
1488497146      804   45090    0.473013
1488497147      780   45870    0.481195
1488497148      577   46447    0.487248
1488497149      639   47096    0.494057
1488497150      802   47898    0.50247
1488497151      788   48686    0.510736
1488497152      588   49274    0.516905
1488497153      798   50072    0.525276
1488497154      624   50696    0.531822
1488497155      785   51481    0.540057
1488497156      570   52051    0.546037
1488497157      786   52837    0.554282
1488497158      790   53627    0.56257
1488497159      588   54215    0.568738
1488497160      626   54856    0.575462
1488497161      802   55658    0.583876
1488497162      792   56450    0.592184
1488497163      594   57044    0.598415
1488497164      791   57835    0.606713
1488497165      655   58490    0.613585
1488497166      660   59271    0.621778
1488497167      809   60080    0.630264
1488497168      666   60876    0.638615
1488497169      802   61678    0.647028
1488497170      652   62330    0.653868
1488497171      797   63127    0.662229
1488497172      593   63720    0.668449
1488497173      795   64515    0.676789
1488497174      651   65166    0.683619
1488497175      621   65826    0.690542
1488497176      653   66496    0.697571
1488497177      798   67294    0.705942
1488497178      787   68081    0.714198
1488497179      531   68636    0.72002
1488497180      721   69357    0.727584
1488497181      623   69980    0.734119
1488497182      712   70692    0.741589
1488497184      648   71446    0.749498
1488497185      798   72244    0.75787
1488497186      770   73014    0.765947
1488497187      354   73586    0.771948
1488497188      700   74286    0.779291
1488497189      784   75070    0.787516
1488497190      785   75855    0.795751
1488497191      587   76442    0.801908
1488497192      781   77223    0.810102
1488497193      636   77859    0.816773
1488497194      786   78645    0.825019
1488497195      579   79224    0.831093
1488497196      787   80011    0.839349
1488497197      752   80763    0.847238
1488497198      545   81346    0.853354
1488497199      654   82016    0.860382
1488497200      763   82779    0.868386
1488497201      774   83553    0.876506
1488497202      504   84156    0.882832
1488497203      781   84937    0.891025
1488497204      639   85576    0.897728
1488497205      797   86373    0.906089
1488497207      580   86966    0.91231
1488497208      802   87768    0.920723
1488497209      793   88561    0.929042
1488497210      571   89132    0.935032
1488497211      645   89777    0.941798
1488497212      801   90578    0.950201
1488497213      786   91364    0.958447
1488497214      584   91948    0.964573
1488497215      784   92732    0.972797
1488497216      639   93371    0.979501
1488497217      747   94118    0.987337
1488497218      563   94726    0.993715
1488497219      704   95430    1.0011
1488497220      790   96220    1.00939
1488497221      571   96866    1.01616
1488497222      646   97536    1.02319
1488497223      796   98332    1.03154
1488497224      789   99121    1.03982
1488497225      566   99687    1.04576
1488497226      792   100479    1.05407
1488497227      643   101122    1.06081
1488497228      787   101909    1.06907
1488497229      564   102486    1.07512
1488497230      800   103286    1.08351
1488497231      770   104056    1.09159
1488497232      593   104649    1.09781
1488497233      645   105296    1.1046
1488497234      801   106097    1.113
1488497235      801   106898    1.1214
1488497236      583   107481    1.12752
1488497237      804   108285    1.13595
1488497238      642   108927    1.14269
1488497239      644   109711    1.15091
1488497240      808   110519    1.15939
1488497241      652   111316    1.16775
1488497242      797   112113    1.17611
1488497243      638   112751    1.18281
1488497244      798   113549    1.19118
1488497245      598   114147    1.19745
1488497246      797   114944    1.20581
1488497247      654   115731    1.21407
1488497248      661   116401    1.2211
1488497249      806   117207    1.22955
1488497251      666   118006    1.23793
1488497252      813   118819    1.24646
1488497253      661   119611    1.25477
1488497254      664   120281    1.2618
1488497255      480   120816    1.26741
1488497256      812   121628    1.27593
1488497257      661   122421    1.28425
1488497258      806   123227    1.2927
1488497259      788   124015    1.30097
1488497260      644   124659    1.30772
1488497261      590   125249    1.31391
1488497262      797   126046    1.32228
1488497263      662   126836    1.33056
1488497264      807   127643    1.33903
1488497265      653   128296    1.34588
1488497266      794   129090    1.35421
1488497267      583   129673    1.36032
1488497268      796   130469    1.36867
1488497270      655   131251    1.37688
1488497271      658   131921    1.38391
1488497272      803   132724    1.39233
1488497273      797   133521    1.40069
1488497274      594   134115    1.40692
1488497275      755   134870    1.41484
1488497276      745   135615    1.42266
1488497277      647   136262    1.42945
1488497278      586   136871    1.43583
1488497279      799   137670    1.44422
1488497280      782   138452    1.45242
1488497281      576   139028    1.45846
1488497282      636   139681    1.46531
1488497283      782   140463    1.47352
1488497284      795   141258    1.48186
1488497285      520   141821    1.48776
1488497286      800   142621    1.49615
1488497287      788   143409    1.50442
1488497288      645   144054    1.51119
1488497289      540   144631    1.51724
1488497290      774   145405    1.52536
1488497291      734   146139    1.53306
1488497292      585   146771    1.53969
1488497293      638   147441    1.54672
1488497294      791   148232    1.55502
1488497295      793   149025    1.56333
1488497296      600   149625    1.56963
1488497297      802   150427    1.57804
1488497298      648   151186    1.586
1488497299      658   151856    1.59303
1488497300      797   152653    1.60139
1488497301      797   153450    1.60975
1488497302      593   154043    1.61598
1488497303      798   154841    1.62435
1488497304      566   155407    1.63028
1488497305      744   156151    1.63809
1488497306      613   156806    1.64496
1488497307      807   157613    1.65343
1488497308      796   158409    1.66178
1488497309      562   158971    1.66767
1488497310      622   159616    1.67444
1488497311      801   160417    1.68284
1488497312      793   161210    1.69116
1488497313      590   161800    1.69735
1488497314      792   162592    1.70566
1488497315      646   163238    1.71243
1488497316      770   164008    1.72051
1488497317      584   164592    1.72664
1488497318      779   165371    1.73481
1488497319      771   166142    1.7429
1488497320      581   166723    1.74899
1488497321      629   167376    1.75584
1488497322      698   168074    1.76317
1488497323      762   168836    1.77116
1488497324      613   169516    1.77829
1488497325      800   170316    1.78669
1488497326      646   170962    1.79346
1488497327      793   171755    1.80178
1488497328      577   172332    1.80783
1488497329      782   173114    1.81604
1488497330      790   173904    1.82433
1488497331      575   174479    1.83036
1488497332      641   175136    1.83725
1488497333      794   175930    1.84558
1488497334      796   176726    1.85393
1488497335      588   177314    1.8601
1488497336      797   178111    1.86846
1488497337      630   178741    1.87507
1488497338      793   179534    1.88339
1488497339      574   180108    1.88941
1488497340      786   180894    1.89765
1488497341      780   181674    1.90584
1488497342      565   182239    1.91176
1488497343      640   182896    1.91866
1488497344      804   183700    1.92709
1488497345      771   184471    1.93518
1488497346      584   185055    1.9413
1488497347      768   185823    1.94936
1488497348      633   186456    1.956
1488497349      787   187243    1.96426
1488497350      577   187846    1.97058
1488497351      803   188649    1.97901
1488497352      788   189437    1.98727
1488497353      556   189993    1.99311
1488497355      608   190656    2.00006
1488497356      794   191450    2.00839
1488497357      794   192244    2.01672
1488497358      586   192830    2.02287
1488497359      797   193627    2.03123
1488497360      635   194262    2.03789
1488497361      803   195065    2.04631
1488497362      595   195660    2.05256
1488497363      798   196458    2.06093
1488497364      641   197211    2.06883
1488497365      646   197881    2.07585
1488497366      803   198684    2.08428
1488497367      663   199486    2.09269
1488497368      807   200293    2.10116
1488497369      786   201079    2.1094
1488497370      591   201670    2.1156
1488497371      650   202320    2.12242
1488497372      799   203119    2.1308
1488497373      622   203901    2.13901
1488497374      799   204700    2.14739
1488497375      802   205502    2.1558
1488497376      654   206156    2.16266
1488497377      582   206738    2.16877
1488497378      766   207504    2.1768
1488497379      796   208300    2.18515
1488497380      574   208874    2.19118
1488497381      636   209521    2.19796
1488497382      809   210330    2.20645
1488497383      787   211117    2.21471
1488497385      311   211661    2.22041
1488497386      802   212463    2.22883
1488497387      796   213259    2.23718
1488497388      637   213896    2.24386
1488497389      530   214471    2.24989
1488497390      805   215276    2.25834
1488497391      795   216071    2.26667
1488497392      519   216611    2.27234
1488497393      645   217281    2.27937
1488497394      805   218086    2.28781
1488497395      797   218883    2.29617
1488497396      517   219421    2.30182
1488497397      807   220228    2.31028
1488497398      790   221018    2.31857
1488497399      630   221648    2.32518
1488497400      581   222231    2.3313
1488497401      796   223027    2.33965
1488497402      790   223817    2.34793
1488497403      580   224397    2.35402
1488497404      628   225041    2.36077
1488497405      794   225835    2.3691
1488497406      797   226632    2.37746
1488497407      547   227181    2.38322
1488497408      793   227974    2.39154
1488497409      780   228754    2.39972
1488497410      623   229377    2.40626
1488497411      512   229991    2.4127
1488497412      802   230793    2.42111
1488497413      737   231530    2.42885
1488497414      570   232131    2.43515
1488497415      650   232801    2.44218
1488497416      804   233605    2.45061
1488497417      785   234390    2.45885
1488497418      587   234977    2.46501
1488497419      790   235767    2.47329
1488497421      587   236546    2.48147
1488497422      646   237216    2.48849
1488497423      794   238010    2.49682
1488497424      795   238805    2.50516
1488497425      596   239401    2.51142
1488497426      799   240200    2.5198
1488497427      655   240855    2.52667
1488497428      654   241631    2.53481
1488497429      809   242440    2.5433
1488497430      789   243229    2.55157
1488497431      604   243833    2.55791
1488497432      649   244482    2.56472
1488497433      781   245263    2.57291
1488497434      659   246046    2.58113
1488497435      802   246848    2.58954
1488497436      800   247648    2.59793
1488497437      590   248238    2.60412
1488497438      644   248882    2.61088
1488497439      796   249678    2.61923
