1486542951      996   997    0.0104589
1486542952      1002   1999    0.0209703
1486542953      1000   2999    0.0314608
1486542954      945   3949    0.0414267
1486542955      796   4745    0.049777
1486542956      799   5544    0.0581589
1486542957      586   6130    0.0643063
1486542958      803   6933    0.0727301
1486542959      646   7694    0.0807133
1486542961      644   8432    0.0884552
1486542962      700   9132    0.0957985
1486542963      714   9846    0.103289
1486542964      615   10572    0.110905
1486542965      762   11334    0.118898
1486542966      443   11845    0.124259
1486542967      803   12648    0.132683
1486542968      628   13276    0.139271
1486542969      541   13985    0.146708
1486542970      797   14782    0.155069
1486542971      638   15420    0.161762
1486542972      507   15927    0.167081
1486542973      805   16732    0.175526
1486542974      562   17294    0.181421
1486542975      536   17933    0.188125
1486542976      807   18740    0.19659
1486542977      603   19343    0.202916
1486542978      561   19904    0.208801
1486542979      803   20707    0.217225
1486542980      601   21308    0.22353
1486542981      571   21881    0.229541
1486542982      661   22542    0.236475
1486542983      800   23342    0.244867
1486542984      315   23689    0.248507
1486542985      674   24363    0.255578
1486542986      635   24998    0.262239
1486542987      642   25640    0.268974
1486542989      559   26364    0.276569
1486542990      790   27154    0.284857
1486542991      432   27637    0.289924
1486542992      751   28388    0.297802
1486542993      786   29174    0.306047
1486542994      552   29777    0.312373
1486542995      712   30489    0.319842
1486542996      762   31251    0.327836
1486542997      311   31585    0.33134
1486542998      766   32351    0.339375
1486542999      763   33114    0.34738
1486543000      569   33725    0.353789
1486543001      770   34495    0.361867
1486543002      799   35294    0.370249
1486543003      642   35936    0.376984
1486543004      599   36603    0.383981
1486543005      748   37351    0.391828
1486543006      793   38144    0.400146
1486543007      582   38743    0.40643
1486543008      675   39481    0.414172
1486543009      801   40282    0.422575
1486543011      660   41086    0.431009
1486543012      810   41896    0.439507
1486543013      655   42691    0.447846
1486543014      677   43429    0.455588
1486543015      808   44237    0.464065
1486543016      658   45034    0.472425
1486543017      657   45691    0.479318
1486543018      798   46489    0.487689
1486543019      625   47174    0.494875
1486543020      677   47912    0.502617
1486543021      808   48720    0.511093
1486543022      790   49510    0.519381
1486543023      601   50111    0.525685
1486543024      794   50905    0.534015
1486543025      649   51554    0.540823
1486543026      802   52356    0.549236
1486543027      598   52954    0.55551
1486543028      801   53755    0.563912
1486543029      654   54535    0.572095
1486543031      679   55273    0.579837
1486543032      805   56078    0.588282
1486543033      797   56875    0.596642
1486543034      594   57469    0.602874
1486543035      631   58100    0.609493
1486543036      800   58900    0.617886
1486543037      332   59232    0.621368
1486543038      783   60015    0.629582
1486543039      770   60785    0.63766
1486543040      555   61361    0.643703
1486543041      799   62160    0.652084
1486543042      746   62906    0.65991
1486543043      380   63286    0.663897
1486543044      802   64088    0.67231
1486543045      637   64725    0.678992
1486543046      509   65309    0.685119
1486543047      811   66120    0.693626
1486543048      636   66756    0.700298
1486543049      582   67338    0.706404
1486543050      799   68137    0.714786
1486543051      509   68722    0.720922
1486543052      677   69399    0.728024
1486543053      796   70195    0.736375
1486543054      584   70862    0.743372
1486543055      730   71592    0.75103
1486543056      520   72135    0.756726
1486543057      811   72946    0.765234
1486543058      752   73698    0.773123
1486543059      495   74275    0.779176
1486543061      518   75013    0.786918
1486543062      723   75736    0.794502
1486543063      712   76448    0.801971
1486543064      600   77153    0.809367
1486543065      702   77855    0.816731
1486543066      700   78555    0.824075
1486543067      347   78961    0.828334
1486543068      812   79773    0.836852
1486543069      755   80528    0.844772
1486543070      549   81101    0.850783
1486543071      715   81816    0.858284
1486543072      784   82600    0.866508
1486543073      291   82909    0.86975
1486543074      798   83707    0.878121
1486543075      772   84479    0.88622
1486543076      589   85068    0.892399
1486543077      790   85858    0.900686
1486543079      428   86654    0.909037
1486543080      634   87392    0.916779
1486543081      806   88198    0.925234
1486543082      714   88912    0.932724
1486543083      557   89532    0.939228
1486543084      801   90333    0.947631
1486543085      604   90937    0.953967
1486543086      775   91712    0.962097
1486543087      618   92410    0.969419
1486543088      715   93125    0.97692
1486543089      803   93928    0.985344
1486543091      520   94550    0.991869
1486543092      679   95288    0.999611
1486543093      804   96092    1.00805
1486543094      796   96888    1.0164
1486543095      517   97428    1.02206
1486543096      723   98151    1.02964
1486543097      653   98804    1.0365
1486543098      779   99583    1.04467
1486543099      634   100306    1.05225
1486543100      789   101095    1.06053
1486543101      796   101891    1.06888
1486543102      585   102476    1.07502
1486543103      659   103184    1.08244
1486543104      747   103931    1.09028
1486543105      803   104734    1.0987
1486543106      588   105324    1.10489
1486543107      804   106128    1.11333
1486543108      656   106784    1.12021
1486543109      800   107584    1.1286
1486543110      571   108202    1.13508
1486543111      807   109009    1.14355
1486543112      659   109807    1.15192
1486543113      677   110545    1.15966
1486543114      811   111356    1.16817
1486543116      655   112150    1.1765
1486543117      806   112956    1.18496
1486543118      656   113755    1.19334
1486543119      681   114493    1.20108
1486543120      804   115297    1.20951
1486543121      798   116095    1.21789
1486543122      500   116633    1.22353
1486543123      748   117381    1.23138
1486543124      798   118179    1.23975
1486543125      608   118787    1.24613
1486543126      633   119420    1.25277
1486543127      526   120046    1.25933
1486543128      802   120848    1.26775
1486543129      754   121602    1.27566
1486543130      547   122186    1.28178
1486543131      592   122924    1.28952
1486543132      810   123734    1.29802
1486543133      636   124370    1.30469
1486543135      555   125064    1.31197
1486543136      797   125861    1.32033
1486543137      397   126337    1.32533
1486543138      813   127150    1.33386
1486543139      730   127880    1.34151
1486543140      379   128477    1.34778
1486543141      797   129274    1.35614
1486543142      768   130042    1.36419
1486543143      422   130464    1.36862
1486543144      797   131261    1.37698
1486543146      540   131890    1.38358
1486543147      776   132666    1.39172
1486543148      798   133464    1.40009
1486543149      544   134030    1.40603
1486543150      671   134701    1.41307
1486543151      518   135303    1.41938
1486543152      805   136108    1.42783
1486543153      717   136825    1.43535
1486543154      584   137443    1.44183
1486543155      541   138181    1.44958
1486543156      760   138941    1.45755
1486543157      725   139666    1.46515
1486543158      561   140321    1.47203
1486543159      658   140979    1.47893
1486543160      769   141748    1.487
1486543161      637   142385    1.49368
1486543162      799   143184    1.50206
1486543163      595   143779    1.5083
1486543164      798   144577    1.51667
1486543166      648   145339    1.52467
1486543167      726   146065    1.53228
1486543168      654   146719    1.53914
1486543169      716   147435    1.54665
1486543170      762   148197    1.55465
1486543171      531   148752    1.56047
1486543172      789   149541    1.56875
1486543173      599   150140    1.57503
1486543174      792   150932    1.58334
1486543175      597   151630    1.59066
1486543176      805   152435    1.59911
1486543177      798   153233    1.60748
1486543178      576   153809    1.61352
1486543179      664   154508    1.62085
1486543180      801   155309    1.62926
1486543181      775   156084    1.63739
1486543182      590   156674    1.64358
1486543183      718   157392    1.65111
1486543184      639   158031    1.65781
1486543185      795   158826    1.66615
1486543186      634   159526    1.67349
1486543187      724   160250    1.68109
1486543188      782   161032    1.68929
1486543189      593   161666    1.69594
1486543190      661   162404    1.70369
1486543191      802   163206    1.7121
1486543192      723   163929    1.71968
1486543193      530   164544    1.72614
1486543194      712   165256    1.7336
1486543195      499   165817    1.73949
1486543196      806   166623    1.74794
1486543197      608   167231    1.75432
1486543199      589   167957    1.76194
1486543200      805   168762    1.77038
1486543201      757   169519    1.77833
1486543202      410   169929    1.78263
1486543203      799   170728    1.79101
1486543204      605   171333    1.79735
1486543205      504   171905    1.80336
1486543206      804   172709    1.81179
1486543207      684   173393    1.81896
1486543208      352   173745    1.82266
1486543209      797   174542    1.83102
1486543210      635   175177    1.83768
1486543211      570   175853    1.84477
1486543212      795   176648    1.85311
1486543213      754   177402    1.86102
1486543214      579   177981    1.86709
1486543215      674   178655    1.87417
1486543216      575   179266    1.88058
1486543217      599   179865    1.88686
1486543218      674   180539    1.89393
1486543219      412   180951    1.89825
1486543220      641   181592    1.90498
1486543221      391   182144    1.91077
1486543222      611   182755    1.91718
1486543223      532   183287    1.92276
1486543224      597   183884    1.92902
1486543225      593   184477    1.93524
1486543226      536   185013    1.94086
1486543227      508   185557    1.94657
1486543228      715   186272    1.95407
1486543229      595   186867    1.96031
1486543230      699   187566    1.96765
1486543232      492   188232    1.97463
1486543233      669   188901    1.98165
1486543234      478   189505    1.98799
1486543235      811   190316    1.99649
1486543236      650   191110    2.00482
1486543237      794   191904    2.01315
1486543238      796   192700    2.0215
1486543239      587   193287    2.02766
1486543240      655   193988    2.03502
1486543241      780   194768    2.0432
1486543242      799   195567    2.05158
1486543243      540   196128    2.05746
1486543244      796   196924    2.06581
1486543245      651   197575    2.07264
1486543246      799   198374    2.08103
1486543247      604   199006    2.08766
1486543248      780   199786    2.09584
1486543249      792   200578    2.10415
1486543251      422   201146    2.11011
1486543252      697   201843    2.11742
1486543253      438   202419    2.12346
1486543254      647   203066    2.13025
1486543255      643   203709    2.13699
1486543256      644   204353    2.14375
1486543257      625   204978    2.1503
1486543258      316   205297    2.15365
1486543259      798   206095    2.16202
1486543260      789   206884    2.1703
1486543261      530   207437    2.1761
1486543262      797   208234    2.18446
1486543263      748   208982    2.19231
1486543264      613   209595    2.19874
1486543265      572   210315    2.20629
1486543266      718   211033    2.21382
1486543267      800   211833    2.22222
1486543268      588   212455    2.22874
1486543270      656   213193    2.23648
1486543271      747   213940    2.24432
1486543272      764   214704    2.25233
1486543273      579   215333    2.25893
1486543274      725   216058    2.26654
1486543275      478   216536    2.27155
1486543276      563   217099    2.27746
1486543277      437   217676    2.28351
1486543278      554   218230    2.28932
1486543279      783   219013    2.29754
1486543280      725   219738    2.30514
1486543281      573   220351    2.31157
1486543282      539   221089    2.31932
1486543283      810   221899    2.32781
1486543284      681   222580    2.33496
1486543286      583   223229    2.34177
1486543287      798   224027    2.35014
1486543288      736   224763    2.35786
1486543289      419   225182    2.36225
1486543290      786   225968    2.3705
1486543291      640   226608    2.37721
1486543292      503   227177    2.38318
1486543293      775   227952    2.39131
1486543294      744   228696    2.39912
1486543295      392   229088    2.40323
1486543296      792   229880    2.41154
1486543297      639   230519    2.41824
1486543298      567   231125    2.4246
1486543299      533   231660    2.43021
1486543300      642   232302    2.43694
1486543301      618   232933    2.44356
1486543302      805   233738    2.45201
1486543303      656   234394    2.45889
1486543304      549   235073    2.46601
1486543305      804   235877    2.47445
1486543306      648   236525    2.48125
1486543307      652   237177    2.48809
1486543308      673   237850    2.49515
1486543309      578   238486    2.50182
1486543310      806   239292    2.51027
1486543311      757   240049    2.51821
1486543312      566   240626    2.52427
1486543313      595   241364    2.53201
1486543314      801   242165    2.54041
1486543315      638   242803    2.5471
1486543317      608   243504    2.55446
1486543318      809   244313    2.56295
1486543319      489   244802    2.56808
1486543320      797   245599    2.57644
1486543321      660   246382    2.58465
1486543322      806   247188    2.59311
1486543323      665   247987    2.60149
1486543324      666   248725    2.60923
1486543325      808   249533    2.61771
