1499866942      999   999    0
1499866943      999   1998    0
1499866944      1000   2998    0
1499866945      999   3997    0
1499866946      1000   4997    0
1499866947      999   5996    0
1499866948      1000   6996    0
1499866949      999   7995    0
1499866950      1000   8995    0
1499866951      999   9994    0
1499866952      1000   10994    0
1499866953      999   11993    0
1499866954      1356   13349    0
1499866955      1999   15348    0
1499866956      1999   17347    0
1499866957      1999   19346    0
1499866958      1999   21345    0
1499866959      1999   23344    0
1499866960      1999   25343    0
1499866961      2000   27343    0
1499866962      1998   29342    0
1499866963      1999   31341    0
1499866964      2000   33341    0
1499866965      1999   35340    0
1499866966      1999   37339    0
1499866967      1999   39338    0
1499866968      1999   41337    0
1499866969      1999   43336    0
1499866970      2000   45336    0
1499866971      1999   47335    0
1499866972      1999   49335    0
1499866973      1999   51334    0
1499866974      1999   53333    0
1499866975      1999   55332    0
1499866976      1999   57331    0
1499866977      1998   59331    0
1499866978      2000   61331    0
1499866979      1999   63330    0
1499866980      1999   65329    0
1499866981      1999   67328    0
1499866982      1883   69211    0
1499866983      1999   71210    0
1499866984      1861   73071    0
1499866985      1999   75070    0
1499866986      1877   76947    0
1499866987      2000   78947    0
1499866988      1883   80830    0
1499866989      1999   82829    0
1499866990      1876   84705    0
1499866991      1999   86704    0
1499866992      1859   88563    0
1499866993      1999   90562    0
1499866994      1857   92419    0
1499866995      2000   94419    0
1499866996      1876   96295    0
1499866997      1999   98294    0
1499866998      1880   100174    0
1499866999      1999   102173    0
1499867000      1744   103917    0
1499867001      1999   105916    0
1499867002      1882   107798    0
1499867003      1999   109797    0
1499867004      1880   111677    0
1499867005      1999   113676    0
1499867006      1872   115548    0
1499867007      1999   117547    0
1499867008      1865   119412    0
1499867009      2000   121412    0
1499867010      1881   123293    0
1499867011      1999   125292    0
1499867012      1858   127150    0
1499867013      1999   129149    0
1499867014      1882   131031    0
1499867015      1999   133030    0
1499867016      1881   134911    0
1499867017      1999   136910    0
1499867018      1507   138417    0
1499867019      1999   140416    0
1499867020      1859   142275    0
1499867021      1999   144274    0
1499867022      1878   146152    0
1499867023      2000   148152    0
1499867024      1879   150031    0
1499867025      1999   152030    0
1499867026      1864   153894    0
1499867027      1999   155893    0
1499867028      1881   157774    0
1499867029      1999   159773    0
1499867030      1880   161653    0
1499867031      1999   163652    0
1499867032      1855   165507    0
1499867033      1999   167506    0
1499867034      1879   169385    0
1499867035      1999   171384    0
1499867036      1881   173265    0
1499867037      1999   175264    0
1499867038      1864   177128    0
1499867039      2000   179128    0
1499867040      1877   181005    0
1499867041      1999   183004    0
1499867042      1859   184863    0
1499867043      1999   186862    0
1499867044      1883   188745    0
1499867045      1999   190744    0
1499867046      1877   192621    0
1499867047      1999   194620    0
1499867048      1860   196480    0
1499867049      1999   198479    0
1499867050      1881   200360    0
1499867051      1999   202359    0
1499867052      1876   204235    0
1499867053      2000   206235    0
1499867054      1705   207940    0
1499867055      1999   209939    0
1499867056      1884   211823    0
1499867057      1999   213822    0
1499867058      1841   215663    0
1499867059      1999   217662    0
1499867060      1862   219524    0
1499867061      1999   221523    0
1499867062      1881   223404    0
1499867063      1999   225403    0
1499867064      1804   227207    0
1499867065      1999   229206    0
1499867066      1862   231068    0
1499867067      1999   233067    0
1499867068      1861   234928    0
1499867069      1999   236927    0
1499867070      1877   238804    0
1499867071      1999   240803    0
1499867072      1880   242683    0
1499867073      2000   244683    0
1499867074      1858   246541    0
1499867075      1999   248540    0
1499867076      1881   250421    0
1499867077      1999   252420    0
1499867078      1861   254281    0
1499867079      1999   256280    0
1499867080      1861   258141    0
1499867081      1999   260140    0
1499867082      1865   262005    0
1499867083      1999   264004    0
1499867084      1881   265885    0
1499867085      1999   267884    0
1499867086      1881   269765    0
1499867087      1999   271764    0
1499867088      1866   273630    0
1499867089      1999   275629    0
1499867090      1601   277230    0
1499867091      1999   279229    0
1499867092      1880   281109    0
1499867093      1999   283108    0
1499867094      1884   284992    0
1499867095      1999   286991    0
1499867096      1875   288866    0
1499867097      1999   290865    0
1499867098      1880   292745    0
1499867099      1999   294744    0
1499867100      1842   296586    0
1499867101      1999   298585    0
1499867102      1881   300466    0
1499867103      1999   302465    0
1499867104      1879   304344    0
1499867105      1999   306343    0
1499867106      1880   308223    0
1499867107      1999   310222    0
1499867108      1881   312103    0
1499867109      1999   314102    0
1499867110      1881   315983    0
1499867111      1999   317982    0
1499867112      1823   319805    0
1499867113      1999   321804    0
1499867114      1880   323684    0
1499867115      2000   325684    0
1499867116      1847   327531    0
1499867117      1999   329530    0
1499867118      1856   331386    0
1499867119      1999   333385    0
1499867120      1875   335260    0
1499867121      1999   337259    0
1499867122      1880   339139    0
1499867123      1999   341138    0
1499867124      1862   343000    0
1499867125      1619   344931    0
1499867126      2006   346937    0
1499867127      1861   348798    0
1499867128      1999   350797    0
1499867129      1878   352675    0
1499867130      1999   354674    0
1499867131      1859   356533    0
1499867132      2000   358533    0
1499867133      1862   360395    0
1499867134      1999   362394    0
1499867135      1718   364161    0
1499867136      2006   366167    0
1499867137      1880   368047    0
1499867138      2000   370047    0
1499867139      1861   371908    0
1499867140      1999   373907    0
1499867141      1865   375772    0
1499867142      1999   377771    0
1499867143      1881   379652    0
1499867144      1999   381651    0
1499867145      1881   383532    0
1499867146      1999   385531    0
1499867147      1871   387402    0
1499867148      1999   389401    0
1499867149      1880   391281    0
1499867150      2000   393281    0
1499867151      1812   395093    0
1499867152      1999   397092    0
1499867153      1878   398970    0
1499867154      1999   400969    0
1499867155      1881   402850    0
1499867156      1999   404849    0
1499867157      1860   406709    0
1499867158      1999   408708    0
1499867159      1851   410559    0
1499867160      1999   412558    0
1499867161      1510   414068    0
1499867162      1999   416067    0
1499867163      1862   417929    0
1499867164      1999   419928    0
1499867165      1884   421812    0
1499867166      1999   423811    0
1499867167      1881   425692    0
1499867168      1999   427691    0
1499867169      1862   429553    0
1499867170      1999   431552    0
1499867171      1860   433412    0
1499867172      1999   435411    0
1499867173      1881   437292    0
1499867174      1999   439291    0
1499867175      1881   441172    0
1499867176      1999   443171    0
1499867177      1576   444747    0
1499867178      1999   446746    0
1499867179      1881   448627    0
1499867180      1999   450626    0
1499867181      1860   452486    0
1499867182      1999   454485    0
1499867183      1883   456368    0
1499867184      1999   458367    0
1499867185      1881   460248    0
1499867186      1999   462247    0
1499867187      1879   464126    0
1499867188      1999   466125    0
1499867189      1877   468002    0
1499867190      1999   470001    0
1499867191      1859   471860    0
1499867192      1999   473859    0
1499867193      1875   475734    0
1499867194      1999   477733    0
1499867195      1875   479608    0
1499867196      1999   481607    0
1499867197      1680   483287    0
1499867198      1999   485286    0
1499867199      1881   487167    0
1499867200      1999   489166    0
1499867201      1823   490989    0
1499867202      1999   492988    0
1499867203      1884   494872    0
1499867204      1999   496871    0
1499867205      1881   498752    0
