1485794297      1392   1392    0.0106201
1485794298      1412   2806    0.0214081
1485794299      1423   4229    0.0322647
1485794300      1389   5618    0.0428619
1485794301      851   6486    0.0494843
1485794302      1178   7664    0.0584717
1485794303      895   8631    0.0658493
1485794304      1151   9782    0.0746307
1485794305      902   10684    0.0815125
1485794306      848   11541    0.0880508
1485794307      1180   12721    0.0970535
1485794308      888   13686    0.104416
1485794309      1183   14869    0.113441
1485794310      900   15769    0.120308
1485794311      848   16617    0.126778
1485794312      1172   17789    0.135719
1485794313      886   18741    0.142982
1485794314      1178   19919    0.15197
1485794315      902   20821    0.158852
1485794316      860   21681    0.165413
1485794317      1174   22855    0.17437
1485794318      883   23796    0.181549
1485794319      1175   24971    0.190514
1485794320      901   25872    0.197388
1485794321      856   26728    0.203918
1485794322      1171   27899    0.212852
1485794323      771   28851    0.220116
1485794324      1184   30035    0.229149
1485794325      363   30398    0.231918
1485794326      1173   31571    0.240868
1485794327      804   32476    0.247772
1485794328      1040   33516    0.255707
1485794330      913   34621    0.264137
1485794331      653   35386    0.269974
1485794332      973   36359    0.277397
1485794333      990   37349    0.28495
1485794334      798   38246    0.291794
1485794335      1182   39428    0.300812
1485794336      764   40391    0.308159
1485794337      681   41156    0.313995
1485794338      1181   42337    0.323006
1485794339      885   43301    0.33036
1485794340      1182   44483    0.339378
1485794341      892   45446    0.346725
1485794342      870   46316    0.353363
1485794343      1173   47489    0.362312
1485794345      844   48356    0.368927
1485794346      1182   49538    0.377945
1485794347      886   50501    0.385292
1485794348      916   51417    0.392281
1485794349      1177   52594    0.40126
1485794350      852   53446    0.407761
1485794351      1169   54615    0.416679
1485794352      886   55556    0.423859
1485794353      912   56468    0.430817
1485794354      1174   57642    0.439774
1485794355      850   58492    0.446259
1485794356      1174   59666    0.455215
1485794357      883   60611    0.462425
1485794358      902   61513    0.469307
1485794359      1168   62681    0.478218
1485794360      845   63526    0.484665
1485794361      1175   64701    0.493629
1485794362      812   65666    0.500992
1485794363      1008   66674    0.508682
1485794364      1175   67849    0.517647
1485794365      845   68694    0.524094
1485794366      1178   69872    0.533081
1485794367      845   70721    0.539558
1485794368      911   71632    0.546509
1485794369      1174   72806    0.555466
1485794370      849   73655    0.561943
1485794371      1175   74830    0.570908
1485794372      885   75776    0.578125
1485794373      913   76689    0.585091
1485794374      1177   77866    0.59407
1485794375      850   78716    0.600555
1485794376      1168   79884    0.609467
1485794377      890   80831    0.616692
1485794378      909   81740    0.623627
1485794379      1175   82915    0.632591
1485794380      839   83754    0.638992
1485794381      1181   84935    0.648003
1485794382      891   85886    0.655258
1485794383      899   86785    0.662117
1485794384      1170   87955    0.671043
1485794385      852   88807    0.677544
1485794386      1174   89981    0.686501
1485794387      896   90941    0.693825
1485794388      905   91846    0.700729
1485794389      1177   93023    0.709709
1485794390      848   93871    0.716179
1485794391      1176   95047    0.725151
1485794392      890   95996    0.732391
1485794393      896   96892    0.739227
1485794394      1171   98063    0.748161
1485794395      842   98906    0.754593
1485794396      1181   100087    0.763603
1485794397      890   101051    0.770958
1485794398      914   101965    0.777931
1485794399      1178   103143    0.786919
1485794400      848   103991    0.793388
1485794401      1180   105171    0.802391
1485794402      885   106106    0.809525
1485794403      910   107016    0.816467
1485794404      1172   108188    0.825409
1485794405      850   109038    0.831894
1485794406      1174   110212    0.840851
1485794407      884   111161    0.848091
1485794408      909   112070    0.855026
1485794409      1171   113241    0.86396
1485794410      856   114097    0.870491
1485794411      1172   115269    0.879433
1485794413      884   116216    0.886658
1485794414      909   117125    0.893593
1485794415      1174   118299    0.90255
1485794416      837   119136    0.908936
1485794417      1179   120315    0.917931
1485794418      884   121271    0.925224
1485794419      908   122179    0.932152
1485794420      1169   123348    0.941071
1485794421      831   124181    0.947426
1485794422      1178   125359    0.956413
1485794423      892   126326    0.963791
1485794424      910   127236    0.970734
1485794425      1174   128410    0.979691
1485794426      835   129245    0.986061
1485794427      1182   130427    0.995079
1485794428      884   131381    1.00236
1485794429      908   132289    1.00928
1485794430      756   133045    1.01505
1485794431      1172   134217    1.02399
1485794432      847   135064    1.03046
1485794433      1174   136238    1.03941
1485794434      897   137135    1.04626
1485794435      848   137983    1.05273
1485794436      1170   139153    1.06165
1485794437      873   140061    1.06858
1485794438      1186   141247    1.07763
1485794439      897   142144    1.08447
1485794440      850   142994    1.09096
1485794441      1180   144174    1.09996
1485794442      881   145116    1.10715
1485794443      1179   146295    1.11614
1485794444      896   147191    1.12298
1485794445      730   148026    1.12935
1485794446      1099   149125    1.13773
1485794447      895   150171    1.14571
1485794448      1052   151223    1.15374
1485794449      725   151948    1.15927
1485794450      871   153081    1.16792
1485794451      1185   154266    1.17696
1485794453      820   155226    1.18428
1485794454      1049   156275    1.19228
1485794455      896   157171    1.19912
1485794456      818   158136    1.20648
1485794457      1180   159316    1.21548
1485794458      939   160255    1.22265
1485794459      842   161097    1.22907
1485794460      895   161992    1.2359
1485794461      1171   163163    1.24483
1485794462      831   163994    1.25117
1485794463      1165   165159    1.26006
1485794464      863   166051    1.26687
1485794465      902   166953    1.27375
1485794466      1172   168125    1.28269
1485794467      826   168961    1.28907
1485794468      1163   170124    1.29794
1485794469      898   171106    1.30544
1485794470      906   172012    1.31235
1485794471      1174   173186    1.3213
1485794472      838   174024    1.3277
1485794473      1186   175210    1.33675
1485794474      872   176161    1.344
1485794475      908   177069    1.35093
1485794476      1167   178236    1.35983
1485794477      849   179085    1.36631
1485794478      1168   180253    1.37522
1485794479      890   181216    1.38257
1485794480      904   182120    1.38947
1485794481      1179   183299    1.39846
1485794482      841   184140    1.40488
1485794483      1182   185322    1.41389
1485794484      885   186271    1.42113
1485794485      906   187177    1.42805
1485794486      1175   188352    1.43701
1485794487      853   189205    1.44352
1485794488      1169   190374    1.45244
1485794489      887   191326    1.4597
1485794490      902   192228    1.46658
1485794491      1176   193404    1.47556
1485794492      846   194250    1.48201
1485794493      1176   195426    1.49098
1485794494      893   196381    1.49827
1485794495      903   197284    1.50516
1485794496      1175   198459    1.51412
1485794497      840   199299    1.52053
1485794498      1173   200472    1.52948
1485794499      889   201436    1.53683
1485794500      905   202341    1.54374
1485794501      1176   203517    1.55271
1485794502      854   204371    1.55923
1485794503      1170   205541    1.56815
1485794504      889   206491    1.5754
1485794505      904   207395    1.5823
1485794506      1173   208568    1.59125
1485794507      846   209414    1.5977
1485794508      1176   210590    1.60667
1485794510      888   211546    1.61397
1485794511      904   212450    1.62086
1485794512      1178   213628    1.62985
1485794513      856   214484    1.63638
1485794514      1175   215659    1.64535
1485794515      883   216601    1.65253
1485794516      904   217505    1.65943
1485794517      1169   218674    1.66835
1485794518      856   219530    1.67488
1485794519      1174   220704    1.68384
1485794520      886   221656    1.6911
1485794521      904   222560    1.698
1485794522      1174   223734    1.70695
1485794523      847   224581    1.71342
1485794524      1174   225755    1.72237
1485794525      887   226711    1.72967
1485794526      903   227614    1.73656
1485794527      1171   228785    1.74549
1485794528      834   229621    1.75187
1485794529      1187   230808    1.76093
1485794530      891   231766    1.76823
1485794531      905   232671    1.77514
1485794532      1174   233845    1.7841
1485794533      835   234680    1.79047
1485794534      1179   235859    1.79946
1485794535      889   236821    1.8068
1485794536      904   237725    1.8137
1485794537      1174   238899    1.82265
1485794538      847   239746    1.82912
1485794539      1174   240920    1.83807
1485794540      888   241876    1.84537
1485794541      905   242781    1.85227
1485794542      1174   243955    1.86123
1485794543      854   244809    1.86774
1485794544      1178   245987    1.87673
1485794545      883   246931    1.88393
1485794546      907   247838    1.89085
1485794547      1174   249012    1.89981
1485794548      803   249841    1.90614
1485794549      1174   251015    1.91509
1485794550      891   251986    1.9225
1485794551      906   252892    1.92941
1485794552      1175   254067    1.93838
1485794553      846   254913    1.94483
1485794554      1181   256094    1.95384
1485794555      882   257041    1.96107
1485794556      907   257948    1.96799
1485794557      1181   259129    1.977
1485794558      599   259728    1.98157
1485794559      401   260129    1.98463
1485794560      1174   261303    1.99358
1485794561      847   262150    2.00005
1485794562      898   263048    2.0069
1485794563      1171   264219    2.01583
1485794564      851   265070    2.02232
1485794565      1175   266245    2.03129
1485794566      871   267151    2.0382
1485794567      906   268057    2.04511
1485794568      1170   269227    2.05404
1485794569      857   270084    2.06058
1485794570      1176   271260    2.06955
1485794571      893   272206    2.07677
1485794573      601   272971    2.0826
1485794574      1182   274153    2.09162
1485794575      936   275089    2.09876
1485794576      707   275831    2.10442
1485794577      1181   277012    2.11343
1485794578      755   277976    2.12079
1485794579      677   278741    2.12663
1485794580      984   279725    2.13413
1485794581      894   280886    2.14299
1485794582      1186   282072    2.15204
1485794584      822   283031    2.15936
1485794585      730   283796    2.16519
1485794586      1162   284958    2.17406
1485794587      899   285941    2.18156
1485794588      1182   287123    2.19057
1485794589      888   288086    2.19792
1485794590      590   288851    2.20376
1485794591      1184   290035    2.21279
1485794592      892   290996    2.22012
1485794593      1176   292172    2.2291
1485794594      880   293141    2.23649
1485794595      894   294035    2.24331
1485794596      1151   295186    2.25209
1485794597      849   296051    2.25869
1485794598      1177   297228    2.26767
1485794599      895   298196    2.27505
1485794600      902   299098    2.28194
1485794601      1170   300268    2.29086
1485794602      847   301115    2.29733
1485794603      1176   302291    2.3063
1485794604      890   303251    2.31362
1485794605      898   304149    2.32047
1485794606      1176   305325    2.32944
1485794607      834   306161    2.33582
1485794608      1084   307245    2.34409
1485794610      930   308306    2.35219
1485794611      891   309197    2.35899
1485794612      1178   310375    2.36797
1485794613      841   311216    2.37439
1485794614      1177   312393    2.38337
1485794615      876   313361    2.39075
1485794616      909   314270    2.39769
1485794617      1184   315454    2.40672
1485794618      847   316301    2.41319
1485794619      1175   317476    2.42215
1485794620      880   318416    2.42932
1485794621      911   319327    2.43627
1485794622      1175   320502    2.44524
1485794623      849   321351    2.45171
1485794624      1175   322526    2.46068
1485794625      881   323471    2.46789
1485794626      919   324390    2.4749
1485794627      1177   325567    2.48388
1485794628      845   326412    2.49033
1485794629      1178   327590    2.49931
1485794630      883   328526    2.50645
1485794631      906   329432    2.51337
1485794632      1175   330607    2.52233
1485794633      854   331461    2.52885
1485794634      1174   332635    2.5378
1485794635      883   333581    2.54502
1485794636      899   334480    2.55188
1485794637      1169   335649    2.5608
1485794638      853   336502    2.56731
1485794639      1174   337676    2.57626
1485794640      892   338636    2.58359
1485794641      896   339532    2.59042
1485794642      1177   340709    2.5994
1485794643      836   341546    2.60579
1485794644      1182   342728    2.61481
1485794645      890   343691    2.62215
1485794646      909   344600    2.62909
1485794647      1174   345774    2.63805
1485794648      834   346608    2.64441
1485794649      1183   347791    2.65343
1485794650      891   348746    2.66072
1485794651      910   349656    2.66766
1485794652      1174   350830    2.67662
1485794653      851   351681    2.68311
1485794654      1178   352859    2.6921
1485794655      884   353801    2.69929
1485794656      623   354566    2.70512
1485794657      1185   355751    2.71416
1485794659      890   356711    2.72149
1485794660      1177   357888    2.73047
1485794661      894   358856    2.73785
1485794662      914   359770    2.74483
1485794663      1173   360943    2.75378
1485794664      850   361793    2.76026
1485794665      1170   362963    2.76919
1485794666      884   363911    2.77642
1485794667      893   364804    2.78323
1485794668      1181   365985    2.79224
1485794669      846   366831    2.7987
1485794670      1173   368004    2.80765
1485794671      898   368966    2.81499
1485794672      909   369875    2.82192
1485794673      1173   371048    2.83087
1485794674      847   371895    2.83733
1485794675      1175   373070    2.8463
1485794676      882   374021    2.85355
1485794677      897   374918    2.8604
1485794678      1180   376098    2.8694
1485794679      839   376937    2.8758
1485794680      1183   378120    2.88483
1485794681      889   379076    2.89212
1485794682      895   379971    2.89895
1485794683      1176   381147    2.90792
1485794684      844   381991    2.91436
1485794685      1177   383168    2.92334
1485794686      888   384131    2.93069
1485794687      907   385038    2.93761
1485794688      1170   386208    2.94653
1485794689      834   387042    2.9529
1485794690      1175   388217    2.96186
1485794691      897   389186    2.96925
1485794692      894   390080    2.97607
1485794693      1176   391256    2.98505
1485794694      762   392096    2.99146
1485794695      1032   393128    2.99933
1485794696      872   394241    3.00782
1485794697      743   395006    3.01366
1485794698      1190   396196    3.02274
1485794699      920   397116    3.02975
1485794701      679   397866    3.03548
1485794702      1182   399048    3.04449
1485794703      353   399401    3.04719
1485794704      1176   400577    3.05616
1485794705      752   401491    3.06313
1485794706      1047   402538    3.07112
1485794707      943   403481    3.07832
1485794708      855   404351    3.08495
1485794709      909   405260    3.09189
1485794710      1177   406437    3.10087
1485794711      824   407261    3.10715
1485794712      1178   408439    3.11614
1485794713      887   409406    3.12352
1485794714      905   410311    3.13042
1485794715      1174   411485    3.13938
1485794716      831   412316    3.14572
1485794717      1184   413500    3.15475
1485794718      880   414461    3.16209
1485794719      454   414915    3.16555
1485794720      903   415941    3.17338
1485794721      1183   417124    3.1824
1485794722      888   418086    3.18974
1485794723      1177   419263    3.19872
1485794724      898   420161    3.20557
1485794725      845   421006    3.21202
1485794726      1177   422183    3.221
1485794727      885   423141    3.22831
1485794728      1184   424325    3.23734
1485794729      898   425223    3.24419
1485794730      858   426081    3.25074
1485794731      1170   427251    3.25967
1485794732      879   428196    3.26688
1485794733      1183   429379    3.2759
1485794734      893   430272    3.28271
1485794735      856   431128    3.28925
1485794736      1170   432298    3.29817
1485794737      888   433251    3.30544
1485794738      1182   434433    3.31446
1485794739      895   435328    3.32129
1485794740      851   436179    3.32778
1485794741      1176   437355    3.33675
1485794743      884   438306    3.34401
1485794744      1180   439486    3.35301
1485794745      891   440377    3.35981
1485794746      843   441220    3.36624
1485794747      1178   442398    3.37523
1485794748      886   443361    3.38258
1485794749      1175   444536    3.39154
1485794750      891   445427    3.39834
1485794751      842   446271    3.40478
1485794752      1184   447455    3.41381
1485794753      890   448416    3.42114
1485794754      1178   449594    3.43013
1485794755      796   450390    3.4362
1485794756      877   451326    3.44334
1485794757      1180   452506    3.45235
1485794758      891   453471    3.45971
1485794759      1181   454652    3.46872
1485794760      895   455547    3.47555
1485794761      838   456385    3.48194
1485794762      1178   457563    3.49093
1485794763      890   458526    3.49828
1485794764      1178   459704    3.50726
1485794765      894   460598    3.51408
1485794766      849   461447    3.52056
1485794767      1186   462633    3.52961
1485794768      887   463581    3.53684
1485794769      1179   464760    3.54584
1485794770      896   465656    3.55267
1485794771      847   466503    3.55914
1485794772      1174   467677    3.56809
1485794773      888   468636    3.57541
1485794774      1180   469816    3.58441
1485794775      892   470708    3.59122
1485794776      838   471546    3.59761
1485794777      1177   472723    3.60659
1485794778      899   473691    3.61398
1485794779      1182   474873    3.62299
1485794780      895   475768    3.62982
1485794781      848   476616    3.63629
1485794782      1172   477788    3.64523
1485794783      889   478746    3.65254
1485794784      1178   479924    3.66153
1485794785      895   480819    3.66836
1485794786      755   481656    3.67474
1485794787      1176   482832    3.68372
1485794788      890   483801    3.69111
1485794789      1177   484978    3.70009
1485794790      895   485873    3.70692
1485794791      847   486720    3.71338
1485794792      1169   487889    3.7223
1485794793      891   488856    3.72968
1485794794      1172   490028    3.73862
1485794795      896   490924    3.74545
1485794796      843   491767    3.75188
1485794797      1181   492948    3.76089
1485794799      891   493911    3.76824
1485794800      1178   495089    3.77723
1485794801      897   495986    3.78407
1485794802      853   496839    3.79058
1485794803      1181   498020    3.79959
1485794804      884   498966    3.80681
