1481109439      1498   1498    0.0014286
1481109440      1499   2997    0.00285816
1481109441      1500   4497    0.00428867
1481109442      1499   5996    0.00571823
1481109443      1499   7495    0.00714779
1481109444      1500   8995    0.0085783
1481109445      1499   10494    0.0100079
1481109446      1499   11993    0.0114374
1481109447      1500   13493    0.0128679
1481109448      1499   14992    0.0142975
1481109449      1500   16492    0.015728
1481109450      1499   17991    0.0171576
1481109451      1499   19490    0.0185871
1481109452      1500   20990    0.0200176
1481109453      1499   22489    0.0214472
1481109454      1499   23988    0.0228767
1481109455      1464   25452    0.0242729
1481109456      1384   26836    0.0255928
1481109457      1384   28257    0.026948
1481109458      1506   29763    0.0283842
1481109459      1388   31151    0.0297079
1481109460      1385   32536    0.0310287
1481109461      1340   33876    0.0323067
1481109462      1388   35264    0.0336304
1481109463      1387   36651    0.0349531
1481109464      1387   38038    0.0362759
1481109465      1500   39538    0.0377064
1481109466      1386   40924    0.0390282
1481109467      1388   42312    0.0403519
1481109468      1389   43701    0.0416765
1481109469      1388   45089    0.0430002
1481109470      1387   46476    0.044323
1481109471      1387   47863    0.0456457
1481109472      1387   49250    0.0469685
1481109473      1312   50562    0.0482197
1481109474      1365   51927    0.0495214
1481109475      1281   53289    0.0508204
1481109476      1506   54795    0.0522566
1481109477      1383   56178    0.0535755
1481109478      1388   57566    0.0548992
1481109479      1371   58937    0.0562067
1481109480      1312   60249    0.0574579
1481109481      1250   61499    0.05865
1481109482      1387   62961    0.0600443
1481109483      1506   64467    0.0614805
1481109484      1388   65855    0.0628042
1481109485      1388   67243    0.0641279
1481109486      1385   68628    0.0654488
1481109487      1388   70016    0.0667725
1481109488      1387   71403    0.0680952
1481109489      1380   72783    0.0694113
1481109490      1386   74245    0.0708055
1481109491      1319   75564    0.0720634
1481109492      1388   76952    0.0733871
1481109493      1388   78340    0.0747108
1481109494      1499   79839    0.0761404
1481109495      1388   81227    0.0774641
1481109496      1388   82615    0.0787878
1481109497      1387   84002    0.0801105
1481109498      1387   85389    0.0814333
1481109499      1388   86777    0.082757
1481109500      1387   88164    0.0840797
1481109501      1384   89605    0.085454
1481109502      1507   91112    0.0868912
1481109503      1387   92499    0.0882139
1481109504      1386   93885    0.0895357
1481109505      1388   95273    0.0908594
1481109506      1388   96661    0.0921831
1481109507      1388   98049    0.0935068
1481109508      1388   99437    0.0948305
1481109509      1307   100744    0.096077
1481109510      1387   102131    0.0973997
1481109511      1388   103519    0.0987234
1481109512      1386   104965    0.100102
1481109513      1507   106472    0.10154
1481109514      1388   107860    0.102863
1481109515      1388   109248    0.104187
1481109516      1388   110636    0.105511
1481109517      1387   112023    0.106833
1481109518      1386   113409    0.108155
1481109519      1389   114798    0.10948
1481109520      1385   116249    0.110864
1481109521      1507   117756    0.112301
1481109522      1387   119143    0.113624
1481109523      1388   120531    0.114947
1481109524      1388   121919    0.116271
1481109525      1339   123258    0.117548
1481109526      1386   124644    0.11887
1481109527      1314   125958    0.120123
1481109528      1387   127345    0.121446
1481109529      1366   128711    0.122748
1481109530      1388   130099    0.124072
1481109531      1499   131598    0.125502
1481109532      1387   132985    0.126824
1481109533      1389   134374    0.128149
1481109534      1387   135761    0.129472
1481109535      1388   137149    0.130795
1481109536      1389   138538    0.13212
1481109537      1388   139926    0.133444
1481109538      1386   141312    0.134766
1481109539      1500   142812    0.136196
1481109540      1387   144199    0.137519
1481109541      1372   145571    0.138827
1481109542      1326   146897    0.140092
1481109543      1229   148126    0.141264
1481109544      1373   149499    0.142573
1481109545      1306   150805    0.143819
1481109546      1387   152192    0.145142
1481109547      1388   153580    0.146465
1481109548      1383   155029    0.147847
1481109549      1506   156535    0.149283
1481109550      1387   157922    0.150606
1481109551      1388   159310    0.15193
1481109552      1383   160693    0.153249
1481109553      1386   162079    0.154571
1481109554      1385   163464    0.155891
1481109555      1388   164852    0.157215
1481109556      1387   166313    0.158608
1481109557      1506   167819    0.160045
1481109558      1388   169207    0.161368
1481109559      1387   170594    0.162691
1481109560      1386   171980    0.164013
1481109561      1389   173369    0.165338
1481109562      1388   174757    0.166661
1481109563      1311   176068    0.167912
1481109564      1388   177456    0.169235
1481109565      1387   178843    0.170558
1481109566      1387   180230    0.171881
1481109567      1386   181673    0.173257
1481109568      1506   183179    0.174693
1481109569      1387   184566    0.176016
1481109570      1383   185949    0.177335
1481109571      1387   187336    0.178658
1481109572      1388   188724    0.179981
1481109573      1389   190113    0.181306
1481109574      1387   191500    0.182629
1481109575      1387   192957    0.184018
1481109576      1507   194464    0.185455
1481109577      1387   195851    0.186778
1481109578      1380   197231    0.188094
1481109579      1388   198619    0.189418
1481109580      1388   200007    0.190742
1481109581      1313   201320    0.191994
1481109582      1388   202708    0.193317
1481109583      1387   204095    0.19464
1481109584      1385   205480    0.195961
1481109585      1388   206868    0.197285
1481109587      1384   208317    0.198667
1481109588      1506   209823    0.200103
1481109589      1380   211203    0.201419
1481109590      1386   212589    0.202741
1481109591      1388   213977    0.204064
1481109592      1386   215363    0.205386
1481109593      1383   216746    0.206705
1481109594      1386   218132    0.208027
1481109595      1388   219601    0.209428
1481109596      1507   221108    0.210865
1481109597      1387   222495    0.212188
1481109598      1387   223882    0.213511
1481109599      1385   225267    0.214831
1481109600      1310   226577    0.216081
1481109601      1386   227963    0.217402
1481109602      1353   229316    0.218693
1481109603      1252   230568    0.219887
1481109604      1364   231932    0.221188
1481109605      1379   233349    0.222539
1481109606      1506   234855    0.223975
1481109607      1305   236160    0.22522
1481109608      1387   237547    0.226542
1481109609      1383   238930    0.227861
1481109610      1378   240308    0.229176
1481109611      1314   241622    0.230429
1481109612      1368   243021    0.231763
1481109613      1507   244528    0.2332
1481109614      1340   245868    0.234478
1481109615      1367   247235    0.235782
1481109616      1374   248609    0.237092
1481109617      1374   249983    0.238402
1481109618      1287   251270    0.23963
1481109619      1379   252649    0.240945
1481109620      1337   253986    0.24222
1481109621      1315   255301    0.243474
1481109622      1380   256769    0.244874
1481109623      1507   258276    0.246311
1481109624      1388   259664    0.247635
1481109625      1388   261052    0.248959
1481109626      1388   262440    0.250282
1481109627      1386   263826    0.251604
1481109628      1326   265152    0.252869
1481109629      1386   266538    0.25419
1481109630      1499   268037    0.25562
1481109631      1378   269415    0.256934
1481109632      1369   270784    0.25824
1481109633      1369   272153    0.259545
1481109634      1383   273536    0.260864
1481109635      1376   274912    0.262177
1481109636      1298   276210    0.263414
1481109637      1329   277539    0.264682
1481109638      1369   278908    0.265987
1481109639      1367   280275    0.267291
1481109640      1499   281774    0.268721
1481109641      1359   283133    0.270017
1481109642      1336   284469    0.271291
1481109643      1386   285855    0.272613
1481109644      1389   287244    0.273937
1481109645      1380   288624    0.275253
1481109646      1384   290008    0.276573
1481109647      1386   291473    0.27797
1481109648      1506   292979    0.279407
1481109649      1387   294366    0.280729
1481109650      1379   295745    0.282044
1481109651      1386   297131    0.283366
1481109652      1388   298519    0.28469
1481109653      1374   299893    0.286
1481109654      1311   301204    0.287251
1481109655      1386   302590    0.288572
1481109656      1388   303978    0.289896
1481109657      1386   305364    0.291218
1481109658      1386   306833    0.292619
1481109659      1506   308339    0.294055
1481109660      1387   309726    0.295378
1481109661      1388   311114    0.296701
1481109662      1386   312500    0.298023
1481109663      1387   313887    0.299346
1481109664      1388   315275    0.30067
1481109665      1345   316620    0.301952
1481109666      1363   318117    0.30338
1481109667      1507   319624    0.304817
1481109668      1323   320947    0.306079
1481109669      1352   322299    0.307368
1481109670      1387   323686    0.308691
1481109671      1372   325058    0.309999
1481109672      1307   326365    0.311246
1481109673      1389   327754    0.312571
1481109674      1387   329141    0.313893
1481109675      1386   330527    0.315215
1481109676      1387   331914    0.316538
1481109677      1499   333413    0.317967
1481109678      1386   334799    0.319289
1481109679      1388   336187    0.320613
1481109680      1388   337575    0.321937
1481109681      1367   338942    0.32324
1481109682      1389   340331    0.324565
1481109683      1387   341718    0.325888
1481109684      1384   343149    0.327252
1481109685      1506   344655    0.328689
1481109686      1389   346044    0.330013
1481109687      1388   347432    0.331337
1481109688      1387   348819    0.33266
1481109689      1389   350208    0.333984
1481109690      1312   351520    0.335236
1481109691      1388   352908    0.336559
1481109692      1389   354297    0.337884
1481109693      1388   355685    0.339208
1481109694      1388   357073    0.340531
1481109695      1386   358509    0.341901
1481109696      1506   360015    0.343337
1481109697      1389   361404    0.344662
1481109698      1388   362792    0.345985
1481109699      1387   364179    0.347308
1481109700      1388   365567    0.348632
1481109701      1371   366938    0.349939
1481109702      1388   368326    0.351263
1481109703      1387   369793    0.352662
1481109704      1506   371299    0.354098
1481109705      1388   372687    0.355422
1481109706      1389   374076    0.356747
1481109707      1386   375462    0.358068
1481109708      1309   376771    0.359317
1481109709      1389   378160    0.360641
1481109710      1385   379545    0.361962
1481109711      1365   380910    0.363264
1481109712      1385   382295    0.364585
1481109713      1385   383680    0.365906
1481109714      1387   385153    0.367311
1481109715      1506   386659    0.368747
1481109716      1380   388039    0.370063
1481109717      1387   389426    0.371386
1481109718      1387   390813    0.372708
1481109719      1385   392198    0.374029
1481109720      1383   393581    0.375348
1481109721      1385   394966    0.376669
1481109722      1378   396437    0.378072
1481109723      1506   397943    0.379508
1481109724      1387   399330    0.380831
1481109725      1140   400513    0.381959
1481109726      1507   402020    0.383396
1481109727      1388   403408    0.38472
1481109728      1376   404784    0.386032
1481109729      1385   406169    0.387353
1481109730      1386   407555    0.388675
1481109731      1285   408840    0.3899
1481109732      1296   410185    0.391183
1481109733      1506   411691    0.392619
1481109734      1297   412988    0.393856
1481109735      1385   414373    0.395177
1481109736      1354   415727    0.396468
1481109737      1389   417116    0.397793
1481109738      1387   418503    0.399116
1481109739      1387   419890    0.400438
1481109740      1500   421390    0.401869
1481109741      1388   422778    0.403193
1481109742      1386   424164    0.404514
1481109743      1380   425544    0.40583
1481109744      1308   426852    0.407078
1481109745      1387   428239    0.408401
1481109746      1384   429623    0.40972
1481109747      1384   431007    0.41104
1481109748      1313   432320    0.412292
1481109749      1353   433673    0.413583
1481109750      1499   435172    0.415012
1481109751      1383   436555    0.416331
1481109752      1387   437942    0.417654
1481109753      1386   439328    0.418976
1481109754      1388   440716    0.4203
1481109755      1387   442103    0.421622
1481109756      1384   443487    0.422942
1481109757      1379   444889    0.424279
1481109758      1506   446395    0.425715
1481109759      1387   447782    0.427038
1481109760      1389   449171    0.428363
1481109761      1387   450558    0.429686
1481109762      1308   451866    0.430933
1481109763      1388   453254    0.432257
1481109764      1388   454642    0.43358
1481109765      1388   456030    0.434904
1481109766      1389   457419    0.436229
1481109767      1386   458805    0.437551
1481109768      1386   460249    0.438928
1481109769      1507   461756    0.440365
1481109770      1387   463143    0.441688
1481109771      1387   464530    0.44301
1481109772      1388   465918    0.444334
1481109773      1387   467305    0.445657
1481109774      1387   468692    0.44698
1481109775      1388   470080    0.448303
1481109776      1385   471533    0.449689
1481109777      1506   473039    0.451125
1481109778      1380   474419    0.452441
1481109779      1152   475609    0.453576
1481109780      1506   477115    0.455012
1481109781      1388   478503    0.456336
1481109782      1350   479853    0.457623
1481109783      1387   481240    0.458946
1481109784      1385   482625    0.460267
1481109785      1389   484014    0.461592
1481109786      1386   485400    0.462914
1481109787      1387   486893    0.464337
1481109788      1507   488400    0.465775
1481109789      1386   489786    0.467096
1481109790      1387   491173    0.468419
1481109791      1388   492561    0.469743
1481109792      1231   493792    0.470917
1481109793      1227   495019    0.472087
1481109794      1500   496519    0.473517
1481109795      1270   497789    0.474729
1481109796      1385   499174    0.476049
