1484155780      9   9    6.86646e-05
1484155781      7   16    0.00012207
1484155782      8   24    0.000183105
1484155783      12   36    0.000274658
1484155784      11   47    0.000358582
1484155785      7   54    0.000411987
1484155786      7   61    0.000465393
1484155787      10   71    0.000541687
1484155788      7   78    0.000595093
1484155789      6   84    0.000640869
1484155790      12   96    0.000732422
1484155791      8   104    0.000793457
1484155792      7   111    0.000846863
1484155793      8   119    0.000907898
1484155794      3   122    0.000930786
1484155795      3   125    0.000953674
1484155796      8   133    0.00101471
1484155797      11   144    0.00109863
1484155798      9   153    0.0011673
1484155799      9   162    0.00123596
1484155800      14   176    0.00134277
1484155801      8   184    0.00140381
1484155802      7   191    0.00145721
1484155803      7   198    0.00151062
1484155804      11   209    0.00159454
1484155805      10   219    0.00167084
1484155806      6   225    0.00171661
1484155807      10   235    0.00179291
1484155808      7   242    0.00184631
1484155809      6   248    0.00189209
1484155810      14   262    0.0019989
1484155811      7   269    0.00205231
1484155812      7   276    0.00210571
1484155813      10   286    0.00218201
1484155814      4   290    0.00221252
1484155815      6   296    0.0022583
1484155816      14   310    0.00236511
1484155817      8   318    0.00242615
1484155818      4   322    0.00245667
1484155819      13   335    0.00255585
1484155820      12   347    0.0026474
1484155821      10   357    0.00272369
1484155822      6   363    0.00276947
1484155823      2   365    0.00278473
1484155824      8   373    0.00284576
1484155825      5   378    0.00288391
1484155826      7   385    0.00293732
1484155827      9   394    0.00300598
1484155828      11   405    0.0030899
1484155829      7   412    0.00314331
1484155830      2   414    0.00315857
1484155831      5   419    0.00319672
1484155832      10   429    0.00327301
1484155833      7   436    0.00332642
1484155834      6   442    0.00337219
1484155835      7   449    0.0034256
1484155836      11   460    0.00350952
1484155837      6   466    0.0035553
1484155838      8   474    0.00361633
1484155839      13   487    0.00371552
1484155840      12   499    0.00380707
1484155841      11   510    0.00389099
1484155842      4   514    0.00392151
1484155843      12   526    0.00401306
1484155844      5   531    0.00405121
1484155845      9   540    0.00411987
1484155846      8   548    0.00418091
1484155847      8   556    0.00424194
1484155848      3   559    0.00426483
1484155849      8   567    0.00432587
1484155850      8   575    0.0043869
1484155851      7   582    0.00444031
1484155852      12   594    0.00453186
1484155853      10   604    0.00460815
1484155854      10   614    0.00468445
1484155855      9   623    0.00475311
1484155856      8   631    0.00481415
1484155857      6   637    0.00485992
1484155858      7   644    0.00491333
1484155859      9   653    0.00498199
1484155860      4   657    0.00501251
1484155861      13   670    0.00511169
1484155862      2   672    0.00512695
1484155863      9   681    0.00519562
1484155864      13   694    0.0052948
1484155865      8   702    0.00535583
1484155866      4   706    0.00538635
1484155867      11   717    0.00547028
1484155868      9   726    0.00553894
1484155869      11   737    0.00562286
1484155870      7   744    0.00567627
1484155871      9   753    0.00574493
1484155872      5   758    0.00578308
1484155873      8   766    0.00584412
1484155874      10   776    0.00592041
1484155875      7   783    0.00597382
1484155876      9   792    0.00604248
1484155877      6   798    0.00608826
1484155878      8   806    0.00614929
1484155879      7   813    0.0062027
1484155880      11   824    0.00628662
1484155881      7   831    0.00634003
1484155882      9   840    0.00640869
1484155883      5   845    0.00644684
1484155884      7   852    0.00650024
1484155885      9   861    0.00656891
1484155886      8   869    0.00662994
1484155887      5   874    0.00666809
1484155888      15   889    0.00678253
1484155889      12   901    0.00687408
1484155890      5   906    0.00691223
1484155891      12   918    0.00700378
1484155892      13   931    0.00710297
1484155893      9   940    0.00717163
1484155894      6   946    0.00721741
1484155895      6   952    0.00726318
1484155896      11   963    0.00734711
1484155897      13   976    0.00744629
1484155898      10   986    0.00752258
1484155899      6   992    0.00756836
1484155900      11   1003    0.00765228
1484155901      4   1007    0.0076828
1484155902      7   1014    0.00773621
1484155903      13   1027    0.00783539
1484155904      8   1035    0.00789642
1484155905      13   1048    0.00799561
1484155906      8   1056    0.00805664
1484155907      9   1065    0.00812531
1484155908      5   1070    0.00816345
1484155909      7   1077    0.00821686
1484155910      5   1082    0.008255
1484155911      8   1090    0.00831604
1484155912      6   1096    0.00836182
1484155913      8   1104    0.00842285
1484155914      18   1122    0.00856018
1484155915      10   1132    0.00863647
1484155916      13   1145    0.00873566
1484155917      4   1149    0.00876617
1484155918      6   1155    0.00881195
1484155919      7   1162    0.00886536
1484155920      7   1169    0.00891876
1484155921      6   1175    0.00896454
1484155922      5   1180    0.00900269
1484155923      11   1191    0.00908661
1484155924      4   1195    0.00911713
1484155925      11   1206    0.00920105
1484155926      7   1213    0.00925446
1484155927      12   1225    0.00934601
1484155928      9   1234    0.00941467
1484155929      13   1247    0.00951385
1484155930      2   1249    0.00952911
1484155931      12   1261    0.00962067
1484155932      10   1271    0.00969696
1484155933      4   1275    0.00972748
1484155934      7   1282    0.00978088
1484155935      9   1291    0.00984955
1484155936      6   1297    0.00989532
1484155937      11   1308    0.00997925
1484155938      10   1318    0.0100555
1484155939      15   1333    0.01017
1484155940      8   1341    0.010231
1484155941      8   1349    0.0102921
1484155942      4   1353    0.0103226
1484155943      7   1360    0.010376
1484155944      8   1368    0.010437
1484155945      8   1376    0.010498
1484155946      12   1388    0.0105896
1484155947      6   1394    0.0106354
1484155948      7   1401    0.0106888
1484155949      11   1412    0.0107727
1484155950      12   1424    0.0108643
1484155951      4   1428    0.0108948
1484155952      5   1433    0.0109329
1484155953      3   1436    0.0109558
1484155954      8   1444    0.0110168
1484155955      9   1453    0.0110855
1484155956      9   1462    0.0111542
1484155957      7   1469    0.0112076
1484155958      10   1479    0.0112839
1484155959      3   1482    0.0113068
1484155960      6   1488    0.0113525
1484155961      11   1499    0.0114365
1484155962      10   1509    0.0115128
1484155963      9   1518    0.0115814
1484155964      8   1526    0.0116425
1484155965      6   1532    0.0116882
1484155966      13   1545    0.0117874
1484155967      10   1555    0.0118637
1484155968      11   1566    0.0119476
1484155969      6   1572    0.0119934
1484155970      6   1578    0.0120392
1484155971      6   1584    0.012085
1484155972      4   1588    0.0121155
1484155973      11   1599    0.0121994
1484155974      8   1607    0.0122604
1484155975      4   1611    0.012291
1484155976      8   1619    0.012352
1484155977      14   1633    0.0124588
1484155978      10   1643    0.0125351
1484155979      6   1649    0.0125809
1484155980      6   1655    0.0126266
1484155981      12   1667    0.0127182
1484155982      5   1672    0.0127563
1484155983      8   1680    0.0128174
1484155984      8   1688    0.0128784
1484155985      6   1694    0.0129242
1484155986      9   1703    0.0129929
1484155987      6   1709    0.0130386
1484155988      9   1718    0.0131073
1484155989      8   1726    0.0131683
1484155990      13   1739    0.0132675
1484155991      10   1749    0.0133438
1484155992      8   1757    0.0134048
1484155993      6   1763    0.0134506
1484155994      4   1767    0.0134811
1484155995      3   1770    0.013504
1484155996      8   1778    0.0135651
1484155997      9   1787    0.0136337
1484155998      9   1796    0.0137024
1484155999      9   1805    0.0137711
1484156000      13   1818    0.0138702
1484156001      4   1822    0.0139008
1484156002      20   1842    0.0140533
1484156003      6   1848    0.0140991
1484156004      7   1855    0.0141525
1484156005      8   1863    0.0142136
1484156006      14   1877    0.0143204
1484156007      8   1885    0.0143814
1484156008      8   1893    0.0144424
1484156009      10   1903    0.0145187
1484156010      6   1909    0.0145645
1484156011      11   1920    0.0146484
1484156012      14   1934    0.0147552
1484156013      10   1944    0.0148315
1484156014      13   1957    0.0149307
1484156015      11   1968    0.0150146
1484156016      10   1978    0.0150909
1484156017      11   1989    0.0151749
1484156018      5   1994    0.015213
1484156019      6   2000    0.0152588
1484156020      11   2011    0.0153427
1484156021      10   2021    0.015419
1484156022      10   2031    0.0154953
1484156023      3   2034    0.0155182
1484156024      6   2040    0.015564
1484156025      3   2043    0.0155869
1484156026      8   2051    0.0156479
1484156027      9   2060    0.0157166
1484156028      12   2072    0.0158081
1484156029      6   2078    0.0158539
1484156030      10   2088    0.0159302
1484156031      13   2101    0.0160294
1484156032      8   2109    0.0160904
1484156033      11   2120    0.0161743
1484156034      8   2128    0.0162354
1484156035      12   2140    0.0163269
1484156036      5   2145    0.0163651
1484156037      15   2160    0.0164795
1484156038      6   2166    0.0165253
1484156039      12   2178    0.0166168
1484156040      3   2181    0.0166397
1484156041      10   2191    0.016716
1484156042      13   2204    0.0168152
1484156043      4   2208    0.0168457
1484156044      14   2222    0.0169525
1484156045      9   2231    0.0170212
1484156046      12   2243    0.0171127
1484156047      7   2250    0.0171661
1484156048      9   2259    0.0172348
1484156049      14   2273    0.0173416
1484156050      10   2283    0.0174179
1484156051      7   2290    0.0174713
1484156052      7   2297    0.0175247
1484156053      12   2309    0.0176163
1484156054      8   2317    0.0176773
1484156055      4   2321    0.0177078
1484156056      11   2332    0.0177917
1484156057      5   2337    0.0178299
1484156058      8   2345    0.0178909
1484156059      7   2352    0.0179443
1484156060      4   2356    0.0179749
1484156061      9   2365    0.0180435
1484156062      7   2372    0.0180969
1484156063      9   2381    0.0181656
1484156064      9   2390    0.0182343
1484156065      9   2399    0.0183029
1484156066      8   2407    0.018364
1484156067      12   2419    0.0184555
1484156068      4   2423    0.018486
1484156069      7   2430    0.0185394
1484156070      8   2438    0.0186005
1484156071      8   2446    0.0186615
1484156072      8   2454    0.0187225
1484156073      10   2464    0.0187988
1484156074      7   2471    0.0188522
1484156075      11   2482    0.0189362
1484156076      9   2491    0.0190048
1484156077      6   2497    0.0190506
1484156078      8   2505    0.0191116
1484156079      10   2515    0.0191879
1484156080      8   2523    0.019249
