1486375080      60   61    0.00168705
1486375081      60   121    0.00334644
1486375082      62   183    0.00506115
1486375083      63   246    0.00680351
1486375084      60   307    0.00849056
1486375085      59   367    0.01015
1486375086      57   424    0.0117264
1486375087      59   483    0.0133581
1486375088      60   543    0.0150175
1486375089      60   604    0.0167046
1486375090      61   665    0.0183916
1486375091      62   727    0.0201063
1486375092      60   787    0.0217657
1486375093      60   847    0.0234251
1486375094      60   907    0.0250845
1486375095      60   968    0.0267715
1486375096      60   1028    0.0284309
1486375097      60   1088    0.0300903
1486375098      60   1149    0.0317774
1486375099      60   1209    0.0334368
1486375100      59   1268    0.0350685
1486375101      61   1330    0.0367832
1486375102      63   1393    0.0385256
1486375103      63   1456    0.0402679
1486375104      62   1519    0.0420103
1486375106      61   1581    0.043725
1486375107      63   1644    0.0454674
1486375108      67   1711    0.0473204
1486375109      70   1781    0.0492563
1486375110      54   1835    0.0507498
1486375111      67   1902    0.0526028
1486375112      68   1970    0.0544834
1486375113      56   2026    0.0560322
1486375114      66   2093    0.0578852
1486375115      66   2160    0.0597382
1486375116      54   2222    0.0614529
1486375117      66   2288    0.0632782
1486375118      63   2351    0.0650206
1486375119      63   2415    0.0667906
1486375120      51   2466    0.0682011
1486375121      63   2529    0.0699434
1486375122      61   2591    0.0716581
1486375123      49   2648    0.0732346
1486375124      62   2711    0.0749769
1486375125      63   2775    0.0767469
1486375126      62   2837    0.0784616
1486375127      51   2889    0.0798998
1486375128      62   2951    0.0816145
1486375129      65   3017    0.0834398
