1483169166      1496   1496    0.00285339
1483169167      1499   2995    0.00571251
1483169168      1500   4496    0.00857544
1483169169      1499   5996    0.0114365
1483169170      1499   7495    0.0142956
1483169171      1499   8995    0.0171566
1483169172      1499   10495    0.0200176
1483169173      1500   11996    0.0228806
1483169174      1499   13496    0.0257416
1483169175      1134   14633    0.0279102
1483169176      1334   15967    0.0304546
1483169177      1320   17287    0.0329723
1483169178      1195   18482    0.0352516
1483169179      1176   19658    0.0374947
1483169180      1181   20839    0.0397472
1483169181      1185   22024    0.0420074
1483169182      1173   23197    0.0442448
1483169183      1067   24281    0.0463123
1483169184      1357   25638    0.0489006
1483169185      1356   26994    0.051487
1483169186      1093   28193    0.0537739
1483169187      1359   29552    0.056366
1483169188      1347   30899    0.0589352
1483169189      1352   32251    0.0615139
1483169190      1211   33553    0.0639973
1483169191      1361   34914    0.0665932
1483169192      1348   36262    0.0691643
1483169193      1354   37616    0.0717468
1483169194      1209   38913    0.0742207
1483169195      1362   40275    0.0768185
1483169196      1211   41486    0.0791283
1483169197      1225   42825    0.0816822
1483169198      1352   44177    0.0842609
1483169199      1352   45529    0.0868397
1483169200      1341   46870    0.0893974
1483169201      1216   48185    0.0919056
1483169202      1351   49536    0.0944824
1483169203      1349   50885    0.0970554
1483169204      1343   52228    0.099617
1483169206      1220   53545    0.102129
1483169207      1223   54768    0.104462
1483169208      1351   56119    0.107038
1483169209      1219   57457    0.109591
1483169210      1357   58814    0.112179
1483169211      1354   60168    0.114761
1483169212      1346   61514    0.117329
1483169213      1212   62817    0.119814
1483169214      1356   64173    0.1224
1483169215      1341   65514    0.124958
1483169216      1346   66860    0.127525
1483169217      1056   67916    0.129539
1483169218      1352   69268    0.132118
1483169219      1355   70623    0.134703
1483169220      1344   71967    0.137266
1483169221      1209   73176    0.139572
1483169222      1351   74527    0.142149
1483169223      1341   75868    0.144707
1483169224      1345   77213    0.147272
1483169225      1214   78521    0.149767
1483169226      1356   79877    0.152353
1483169227      1356   81233    0.15494
1483169228      1095   82433    0.157228
1483169229      1349   83782    0.159801
1483169230      1345   85127    0.162367
1483169231      1351   86478    0.164944
1483169232      1185   87793    0.167452
1483169233      1343   89136    0.170013
1483169234      1348   90484    0.172585
1483169235      1328   91812    0.175117
1483169236      1174   92986    0.177357
1483169237      1191   94225    0.17972
1483169238      1098   95323    0.181814
1483169239      1185   96508    0.184074
1483169240      1198   97706    0.186359
1483169241      1353   99059    0.18894
1483169242      1093   100281    0.191271
1483169243      1220   101501    0.193598
1483169244      1286   102787    0.196051
1483169245      1346   104133    0.198618
1483169246      1354   105487    0.2012
1483169247      1195   106713    0.203539
1483169248      1363   108076    0.206139
1483169249      1216   109292    0.208458
1483169250      1226   110625    0.211
1483169251      1350   111975    0.213575
1483169252      1352   113327    0.216154
1483169253      1346   114673    0.218721
1483169254      1220   115985    0.221224
1483169255      1353   117338    0.223804
1483169256      1352   118690    0.226383
1483169257      1356   120046    0.22897
1483169258      1212   121345    0.231447
1483169259      1223   122568    0.23378
1483169260      1353   123921    0.236361
1483169261      1217   125257    0.238909
1483169262      1361   126618    0.241505
1483169263      1344   127962    0.244068
1483169264      1351   129313    0.246645
1483169266      1199   130617    0.249132
1483169267      988   131689    0.251177
1483169268      1340   133029    0.253733
1483169269      1353   134382    0.256313
1483169270      1081   135601    0.258638
1483169271      1344   136945    0.261202
1483169272      1342   138287    0.263762
1483169273      1326   139613    0.266291
1483169274      1228   140961    0.268862
1483169275      1352   142313    0.271441
1483169276      1352   143665    0.274019
1483169277      1316   144981    0.276529
1483169278      1214   146321    0.279085
1483169279      1350   147671    0.28166
1483169280      1335   149006    0.284206
1483169281      1216   150222    0.286526
1483169282      1173   151395    0.288763
1483169283      1340   152735    0.291319
1483169284      1349   154084    0.293892
1483169285      1339   155423    0.296446
1483169286      1184   156665    0.298815
1483169287      1361   158026    0.301411
1483169288      1322   159348    0.303932
1483169289      1351   160699    0.306509
1483169290      1318   162017    0.309023
1483169291      919   162936    0.310776
1483169292      1353   164289    0.313356
1483169293      1323   165612    0.31588
1483169294      1243   166855    0.318251
1483169295      1176   168031    0.320494
1483169296      966   169153    0.322634
1483169297      1161   170314    0.324848
1483169298      1352   171666    0.327427
1483169299      1332   172998    0.329967
1483169300      1347   174345    0.332537
1483169301      1177   175522    0.334782
1483169302      745   176281    0.336229
1483169303      1243   177524    0.3386
1483169304      1287   178811    0.341055
1483169305      1326   180137    0.343584
1483169306      1352   181489    0.346163
1483169307      1177   182713    0.348497
1483169308      1350   184063    0.351072
1483169309      1349   185412    0.353645
1483169310      1336   186748    0.356194
1483169311      1200   188073    0.358721
1483169312      1360   189433    0.361315
1483169313      1176   190609    0.363558
1483169314      1346   191955    0.366125
1483169315      1180   193135    0.368376
1483169316      1332   194467    0.370916
1483169317      1353   195820    0.373497
1483169318      1345   197165    0.376062
1483169319      1210   198417    0.37845
1483169320      1329   199746    0.380985
1483169321      1351   201097    0.383562
1483169322      1344   202441    0.386126
1483169323      1023   203464    0.388077
1483169324      1338   204802    0.390629
1483169325      1344   206146    0.393192
1483169326      1350   207496    0.395767
1483169327      1205   208761    0.39818
1483169328      1343   210104    0.400742
1483169329      1341   211445    0.403299
1483169330      1333   212778    0.405842
1483169332      1202   214121    0.408403
1483169333      1359   215480    0.410995
1483169334      1329   216809    0.41353
1483169335      1214   218023    0.415846
1483169336      1176   219199    0.418089
1483169337      1322   220521    0.42061
1483169338      1346   221867    0.423178
1483169339      1338   223205    0.42573
1483169340      1195   224465    0.428133
1483169341      1349   225814    0.430706
1483169342      1331   227145    0.433245
1483169343      1352   228497    0.435823
1483169344      1207   229825    0.438356
1483169345      1055   230880    0.440369
1483169346      1352   232232    0.442947
1483169347      1345   233577    0.445513
1483169348      1185   234809    0.447863
1483169349      1329   236138    0.450397
1483169350      1348   237486    0.452969
1483169351      1341   238827    0.455526
1483169352      1195   240169    0.458086
1483169353      1190   241359    0.460356
1483169354      1272   242631    0.462782
1483169355      1208   243839    0.465086
1483169356      1193   245032    0.467361
1483169357      1160   246225    0.469637
1483169358      1324   247549    0.472162
1483169359      1282   248831    0.474607
1483169360      1287   250118    0.477062
1483169361      1251   251369    0.479448
1483169362      1230   252599    0.481794
1483169363      1161   253760    0.484009
1483169364      1331   255091    0.486547
1483169365      1352   256443    0.489126
1483169366      1084   257641    0.491411
1483169367      1329   258970    0.493946
1483169368      1352   260322    0.496525
1483169369      1323   261645    0.499048
1483169370      1352   262997    0.501627
1483169371      1164   264161    0.503847
1483169372      1351   265512    0.506424
1483169373      1316   266828    0.508934
1483169374      1350   268178    0.511509
1483169375      1198   269433    0.513903
1483169376      1345   270778    0.516468
1483169377      1210   271988    0.518776
1483169378      1347   273335    0.521345
1483169379      1181   274516    0.523598
1483169380      1336   275852    0.526146
1483169381      1340   277192    0.528702
1483169382      1339   278531    0.531256
1483169383      1202   279777    0.533632
1483169384      1349   281126    0.536205
1483169385      1343   282469    0.538767
1483169386      1348   283817    0.541338
1483169387      1067   284884    0.543373
1483169388      1351   286235    0.54595
1483169389      1355   287590    0.548534
1483169390      1344   288934    0.551098
1483169391      1191   290125    0.55337
1483169392      1359   291484    0.555962
1483169393      1347   292831    0.558531
1483169394      1352   294183    0.56111
1483169395      1203   295481    0.563585
1483169396      1359   296840    0.566177
1483169397      1356   298196    0.568764
1483169398      1097   299393    0.571047
1483169399      1363   300756    0.573647
1483169400      1345   302101    0.576212
1483169401      1226   303327    0.57855
1483169402      1346   304673    0.581118
1483169403      1190   305863    0.583387
1483169404      1343   307206    0.585949
1483169405      1344   308550    0.588512
1483169406      1353   309903    0.591093
1483169407      1209   311185    0.593538
1483169408      1211   312396    0.595848
1483169409      1343   313739    0.59841
1483169410      1350   315089    0.600985
1483169411      1199   316288    0.603271
1483169412      1178   317466    0.605518
1483169413      1230   318696    0.607864
1483169414      1352   320048    0.610443
1483169415      1185   321233    0.612703
1483169416      1244   322477    0.615076
1483169417      1176   323653    0.617319
1483169418      1088   324745    0.619402
1483169419      1065   325810    0.621433
1483169420      1340   327150    0.623989
1483169421      1216   328366    0.626308
1483169422      1253   329619    0.628698
1483169423      1101   330801    0.630953
1483169424      1359   332160    0.633545
1483169425      1355   333515    0.636129
1483169426      1344   334859    0.638693
1483169427      1210   336161    0.641176
1483169428      1356   337517    0.643763
1483169429      1342   338859    0.646322
1483169431      1065   340073    0.648638
1483169432      1354   341427    0.65122
1483169433      1353   342780    0.653801
1483169434      1101   343881    0.655901
1483169435      1352   345233    0.65848
1483169436      1207   346505    0.660906
1483169437      1357   347862    0.663494
1483169438      1344   349206    0.666058
1483169439      1351   350557    0.668634
1483169440      1213   351865    0.671129
1483169441      1221   353086    0.673458
1483169442      1343   354429    0.67602
1483169443      1219   355777    0.678591
1483169444      1358   357135    0.681181
1483169445      1350   358485    0.683756
1483169446      1345   359830    0.686321
1483169447      1211   361137    0.688814
1483169448      1352   362489    0.691393
1483169449      1352   363841    0.693972
1483169450      1341   365182    0.696529
1483169451      1060   366242    0.698551
1483169452      1355   367597    0.701136
1483169453      1347   368944    0.703705
1483169454      1351   370295    0.706282
1483169455      1196   371491    0.708563
1483169456      1344   372835    0.711126
1483169457      1349   374184    0.713699
1483169458      1354   375538    0.716282
1483169459      1213   376841    0.718767
1483169460      1349   378190    0.72134
1483169461      1353   379543    0.723921
1483169462      1167   380710    0.726147
1483169463      1205   381915    0.728445
1483169464      1060   382975    0.730467
1483169465      1349   384324    0.73304
1483169466      1345   385669    0.735605
1483169467      1353   387022    0.738186
1483169468      1192   388257    0.740541
1483169469      1360   389617    0.743135
1483169470      1350   390967    0.74571
1483169471      1347   392314    0.74828
1483169472      1033   393347    0.75025
1483169473      1176   394523    0.752493
1483169474      1107   395630    0.754604
1483169475      1199   396829    0.756891
1483169476      1347   398176    0.75946
1483169477      1354   399530    0.762043
1483169478      1177   400707    0.764288
1483169479      1147   401854    0.766476
1483169480      1182   403036    0.76873
1483169481      1200   404236    0.771019
1483169482      1177   405413    0.773264
1483169483      1353   406766    0.775845
1483169484      1074   407873    0.777956
1483169485      1361   409234    0.780552
1483169486      1350   410584    0.783127
1483169487      1352   411936    0.785706
1483169488      1214   413233    0.788179
1483169489      1356   414589    0.790766
1483169490      1352   415941    0.793344
1483169491      1343   417284    0.795906
1483169492      1207   418593    0.798403
1483169493      1352   419945    0.800982
1483169494      1214   421159    0.803297
1483169495      886   422045    0.804987
1483169496      1355   423400    0.807571
1483169497      1202   424649    0.809954
1483169498      1354   426003    0.812536
1483169499      1353   427356    0.815117
1483169500      1342   428698    0.817677
1483169501      1220   430009    0.820177
1483169502      1358   431367    0.822767
1483169503      1355   432722    0.825352
1483169504      981   433921    0.827639
1483169505      1359   435280    0.830231
1483169506      1350   436630    0.832806
1483169507      1347   437977    0.835375
1483169509      1211   439281    0.837862
1483169510      1356   440637    0.840448
1483169511      1343   441980    0.84301
1483169512      1344   443324    0.845573
1483169513      1223   444641    0.848085
1483169514      1335   445976    0.850632
1483169515      1351   447327    0.853209
1483169516      1215   448542    0.855526
1483169517      1173   449715    0.857763
1483169518      1322   451037    0.860285
1483169519      1340   452377    0.862841
1483169520      1343   453720    0.865402
1483169521      1201   454985    0.867815
1483169522      1332   456317    0.870356
1483169523      1352   457669    0.872934
1483169524      1344   459013    0.875498
1483169525      1207   460345    0.878038
1483169526      1203   461548    0.880333
1483169527      1345   462893    0.882898
1483169528      1353   464246    0.885479
1483169529      1197   465443    0.887762
1483169530      1345   466788    0.890327
1483169531      1347   468135    0.892897
1483169532      1348   469483    0.895468
1483169533      1149   470689    0.897768
1483169534      1335   472024    0.900314
1483169535      1216   473240    0.902634
1483169536      1206   474446    0.904934
1483169537      998   475444    0.906837
1483169538      1270   476714    0.90926
1483169539      1195   477909    0.911539
1483169540      1197   479106    0.913822
1483169541      1311   480417    0.916323
1483169542      1340   481757    0.918879
1483169543      1319   483076    0.921394
1483169544      1172   484249    0.923632
1483169545      1349   485598    0.926205
1483169546      1337   486935    0.928755
1483169547      1003   488161    0.931093
1483169548      1359   489520    0.933685
1483169549      1325   490845    0.936213
1483169550      1353   492198    0.938793
1483169551      1320   493518    0.941311
1483169552      1175   494693    0.943552
1483169553      1350   496043    0.946127
1483169554      1341   497384    0.948685
1483169555      1317   498701    0.951197
1483169556      1186   499953    0.953585
