1484565045      1474   1474    0.0112457
1484565046      1466   2941    0.022438
1484565047      1466   4408    0.0336304
1484565048      1400   5808    0.0443115
1484565049      1010   6818    0.0520172
1484565050      947   7765    0.0592422
1484565051      1090   8855    0.0675583
1484565052      821   9791    0.0746994
1484565053      967   11001    0.083931
1484565054      1235   12236    0.0933533
1484565055      859   13146    0.100296
1484565056      1230   14376    0.10968
1484565057      866   15291    0.116661
1484565058      1105   16396    0.125092
1484565059      760   17216    0.131348
1484565060      1227   18443    0.140709
1484565061      858   19361    0.147713
1484565062      1232   20593    0.157112
1484565063      819   21506    0.164078
1484565064      1118   22624    0.172607
1484565065      945   23569    0.179817
1484565066      1105   24674    0.188248
1484565067      858   25576    0.195129
1484565068      1231   26807    0.204521
1484565069      714   27521    0.209969
1484565070      999   28520    0.21759
1484565072      922   29646    0.226181
1484565073      1230   30876    0.235565
1484565074      839   31791    0.242546
1484565075      1112   32903    0.25103
1484565076      748   33716    0.257233
1484565077      1229   34945    0.266609
1484565078      845   35861    0.273598
1484565079      1229   37090    0.282974
1484565080      818   38006    0.289963
1484565081      969   38975    0.297356
1484565082      855   39931    0.304649
1484565083      1231   41162    0.314041
1484565084      862   42076    0.321014
1484565085      1230   43306    0.330399
1484565086      700   44006    0.335739
1484565087      1108   45114    0.344193
1484565088      1012   46126    0.351913
1484565089      942   47068    0.3591
1484565090      1031   48291    0.368431
1484565092      969   49501    0.377663
1484565093      1229   50730    0.387039
1484565094      940   51670    0.394211
1484565095      1217   52887    0.403496
1484565096      947   53834    0.410721
1484565097      949   55001    0.419624
1484565098      1239   56240    0.429077
1484565099      950   57190    0.436325
1484565100      1224   58414    0.445663
1484565101      950   59364    0.452911
1484565102      943   60501    0.461586
1484565103      1219   61720    0.470886
1484565104      943   62663    0.478081
1484565105      1216   63879    0.487358
1484565106      945   64824    0.494568
1484565107      933   66001    0.503548
1484565108      1235   67236    0.51297
1484565109      952   68188    0.520233
1484565110      1224   69412    0.529572
1484565111      950   70362    0.536819
1484565113      945   71501    0.545509
1484565114      1241   72742    0.554977
1484565115      950   73692    0.562225
1484565116      1223   74915    0.571556
1484565117      798   75791    0.578239
1484565118      969   77001    0.587471
1484565119      1231   78232    0.596863
1484565120      817   79146    0.603836
1484565121      1238   80384    0.613281
1484565122      816   81291    0.620201
1484565123      968   82501    0.629433
1484565124      1095   83596    0.637787
1484565126      860   84646    0.645798
1484565127      1230   85876    0.655182
1484565128      824   86791    0.662163
1484565129      956   88001    0.671394
1484565130      1235   89236    0.680817
1484565131      819   90146    0.687759
1484565132      1231   91377    0.697151
1484565133      821   92291    0.704124
1484565135      823   93501    0.713356
1484565136      1234   94735    0.722771
1484565137      810   95646    0.729721
1484565138      1240   96886    0.739182
1484565139      813   97791    0.746086
1484565140      961   99001    0.755318
1484565141      1225   100226    0.764664
1484565142      820   101146    0.771683
1484565143      1228   102374    0.781052
1484565144      946   103320    0.788269
1484565145      1028   104348    0.796112
1484565146      842   105216    0.802734
1484565147      1218   106434    0.812027
1484565148      932   107366    0.819138
1484565149      1023   108389    0.826942
1484565150      994   109506    0.835464
1484565151      1100   110606    0.843857
1484565152      949   111555    0.851097
1484565153      1022   112577    0.858894
1484565154      963   113576    0.866516
1484565155      1231   114807    0.875908
1484565157      577   115501    0.881203
1484565158      1226   116727    0.890556
1484565159      944   117671    0.897758
1484565160      1223   118894    0.907089
1484565161      815   119791    0.913933
1484565162      957   121001    0.923164
1484565163      1229   122230    0.932541
1484565164      821   123146    0.939529
1484565165      1230   124376    0.948914
1484565166      942   125318    0.9561
1484565168      810   126501    0.965126
1484565169      1227   127728    0.974487
1484565170      817   128646    0.981491
1484565171      1231   129877    0.990883
1484565172      818   130791    0.997856
1484565173      1008   131799    1.00555
1484565174      549   132348    1.00974
1484565175      989   133431    1.018
1484565176      1025   134456    1.02582
1484565177      999   135576    1.03436
1484565178      1236   136812    1.04379
1484565179      661   137501    1.04905
1484565180      1010   138511    1.05676
1484565181      1003   139646    1.06541
1484565182      1043   140689    1.07337
1484565183      886   141791    1.08178
1484565185      965   143001    1.09101
1484565186      1235   144236    1.10043
1484565187      814   145146    1.10738
1484565188      1228   146374    1.11674
1484565189      839   147291    1.12374
1484565190      1029   148320    1.13159
1484565191      749   149216    1.13843
1484565192      1234   150450    1.14784
1484565193      820   151361    1.15479
1484565194      1229   152590    1.16417
1484565195      960   153550    1.17149
1484565196      773   154323    1.17739
1484565197      996   155431    1.18584
1484565198      1231   156662    1.19524
1484565199      827   157576    1.20221
1484565200      1017   158593    1.20997
1484565202      706   159501    1.2169
1484565203      1233   160734    1.2263
1484565204      813   161646    1.23326
1484565205      1227   162873    1.24262
1484565206      950   163823    1.24987
1484565207      1060   164883    1.25796
1484565208      727   165716    1.26431
1484565209      1226   166942    1.27367
1484565210      840   167861    1.28068
1484565211      1229   169090    1.29005
1484565212      817   170006    1.29704
1484565213      765   170771    1.30288
1484565214      1005   171931    1.31173
1484565215      1230   173161    1.32111
1484565216      836   174076    1.32809
1484565217      1231   175307    1.33749
1484565219      617   176001    1.34278
1484565220      1232   177233    1.35218
1484565221      833   178146    1.35915
1484565222      1019   179165    1.36692
1484565223      897   180291    1.37551
1484565224      968   181501    1.38474
1484565225      1229   182730    1.39412
1484565226      832   183646    1.40111
1484565227      1224   184870    1.41045
1484565228      839   185791    1.41747
1484565230      813   187001    1.4267
1484565231      1224   188225    1.43604
1484565232      822   189146    1.44307
1484565233      1038   190184    1.45099
1484565234      993   191291    1.45943
1484565236      817   192501    1.46867
1484565237      1228   193729    1.47803
1484565238      949   194678    1.48528
1484565239      1021   195699    1.49306
1484565240      992   196791    1.5014
1484565241      814   198001    1.51063
1484565242      1235   199236    1.52005
1484565243      807   200146    1.52699
1484565244      1232   201378    1.53639
1484565245      834   202291    1.54336
1484565247      950   203501    1.55259
1484565248      1009   204510    1.56029
1484565249      953   205646    1.56895
1484565250      1162   206808    1.57782
1484565251      862   207791    1.58532
1484565252      815   209001    1.59455
1484565253      1236   210237    1.60398
1484565255      817   211146    1.61092
1484565256      1228   212374    1.62029
1484565257      807   213291    1.62728
1484565258      967   214501    1.63651
1484565259      1151   215652    1.64529
1484565260      850   216646    1.65288
1484565261      1229   217875    1.66225
1484565262      816   218791    1.66924
1484565263      1027   219818    1.67708
1484565264      853   220716    1.68393
1484565265      1228   221944    1.6933
1484565266      815   222861    1.70029
1484565267      1223   224084    1.70963
1484565269      815   225006    1.71666
1484565270      1098   226104    1.72504
1484565271      937   227041    1.73219
1484565272      1059   228100    1.74026
1484565273      850   229076    1.74771
1484565274      1231   230307    1.7571
1484565275      607   231001    1.7624
1484565276      595   231716    1.76785
1484565277      1216   232932    1.77713
1484565278      835   233861    1.78422
1484565279      1227   235088    1.79358
1484565280      809   236006    1.80058
1484565281      765   236771    1.80642
1484565283      902   237931    1.81527
1484565284      1174   239105    1.82423
1484565285      953   240076    1.83163
1484565286      1055   241131    1.83968
1484565287      842   242001    1.84632
1484565288      1157   243158    1.85515
1484565289      890   244146    1.86269
1484565290      1060   245206    1.87077
1484565291      876   246291    1.87905
1484565293      806   247501    1.88828
1484565294      1231   248732    1.89767
1484565295      822   249646    1.90465
1484565296      1229   250876    1.91403
1484565297      949   251825    1.92127
1484565298      784   253001    1.93024
1484565299      1237   254238    1.93968
1484565300      853   255146    1.94661
1484565301      1097   256243    1.95498
1484565302      912   257291    1.96297
1484565304      817   258501    1.97221
1484565305      1225   259726    1.98155
1484565306      944   260670    1.98875
1484565307      1101   261771    1.99715
1484565308      862   262791    2.00494
1484565309      814   264001    2.01417
1484565310      1231   265232    2.02356
1484565312      815   266146    2.03053
1484565313      1079   267225    2.03876
1484565314      903   268291    2.0469
1484565315      964   269501    2.05613
1484565316      1238   270739    2.06557
1484565317      837   271646    2.07249
1484565318      1230   272876    2.08188
1484565319      859   273791    2.08886
1484565321      814   275001    2.09809
1484565322      1183   276184    2.10712
1484565323      858   277146    2.11446
1484565324      1114   278260    2.12296
1484565325      954   279291    2.13082
1484565326      814   280501    2.14005
1484565327      1157   281658    2.14888
1484565328      885   282646    2.15642
1484565329      1058   283704    2.16449
1484565331      926   284791    2.17278
1484565332      812   286001    2.18201
1484565333      1220   287221    2.19132
1484565334      842   288146    2.19838
1484565335      1234   289380    2.20779
1484565336      918   290298    2.2148
1484565337      1108   291406    2.22325
1484565338      677   292216    2.22943
1484565339      1232   293448    2.23883
1484565340      859   294361    2.2458
1484565341      1093   295454    2.25414
1484565342      749   296203    2.25985
1484565343      684   296887    2.26507
1484565345      757   297716    2.27139
1484565346      1015   298731    2.27914
1484565347      988   299861    2.28776
1484565348      1233   301094    2.29716
1484565349      904   302006    2.30412
1484565350      1007   303013    2.31181
1484565351      835   303931    2.31881
1484565352      1231   305162    2.3282
1484565353      908   306076    2.33517
1484565354      1239   307315    2.34463
1484565355      726   308041    2.35017
1484565356      1223   309264    2.3595
1484565357      836   310146    2.36623
1484565358      1101   311247    2.37463
1484565359      971   312291    2.38259
1484565360      964   313501    2.39182
1484565361      1229   314730    2.4012
1484565362      943   315673    2.40839
1484565363      1225   316898    2.41774
1484565364      916   317814    2.42473
1484565365      1167   318981    2.43363
1484565366      730   319716    2.43924
1484565367      1202   320918    2.44841
1484565368      939   321861    2.4556
1484565369      1220   323081    2.46491
1484565370      956   324037    2.47221
1484565371      1019   325056    2.47998
1484565372      932   325988    2.48709
1484565373      1133   327121    2.49574
1484565374      936   328076    2.50302
1484565375      1230   329306    2.51241
1484565376      836   330142    2.51878
1484565377      1214   331356    2.52805
1484565378      951   332307    2.5353
1484565379      1207   333514    2.54451
1484565380      950   334464    2.55176
1484565381      827   335501    2.55967
1484565382      1187   336688    2.56873
1484565384      924   337646    2.57603
1484565385      1130   338776    2.58466
1484565386      965   339791    2.5924
1484565387      1206   340997    2.6016
1484565388      821   341818    2.60786
1484565389      1217   343035    2.61715
1484565390      911   343946    2.6241
1484565391      1197   345143    2.63323
1484565392      946   346089    2.64045
1484565393      1063   347152    2.64856
1484565394      925   348077    2.65562
1484565395      1188   349265    2.66468
1484565396      924   350189    2.67173
1484565397      1132   351321    2.68037
1484565398      778   352099    2.6863
1484565399      1141   353240    2.69501
1484565400      938   354178    2.70216
1484565401      1211   355389    2.7114
1484565402      861   356291    2.71828
1484565403      958   357501    2.72752
1484565404      1230   358731    2.7369
1484565405      886   359646    2.74388
1484565406      1220   360866    2.75319
1484565407      904   361791    2.76025
1484565408      949   363001    2.76948
1484565409      1184   364185    2.77851
1484565410      807   365146    2.78584
1484565411      1226   366372    2.7952
1484565412      944   367316    2.8024
1484565414      951   368501    2.81144
1484565415      1200   369701    2.82059
1484565416      923   370646    2.8278
1484565417      1213   371859    2.83706
1484565418      940   372799    2.84423
1484565419      1135   373934    2.85289
1484565420      826   374760    2.85919
1484565421      1210   375970    2.86842
1484565422      946   376916    2.87564
1484565423      1223   378139    2.88497
1484565424      942   379081    2.89216
1484565425      1096   380177    2.90052
1484565426      947   381124    2.90775
1484565427      1223   382347    2.91708
1484565428      931   383278    2.92418
1484565429      1168   384446    2.93309
1484565430      784   385230    2.93907
1484565431      1024   386431    2.94823
1484565432      1174   387605    2.95719
1484565433      891   388576    2.9646
1484565434      1226   389802    2.97395
1484565435      816   390618    2.98018
1484565436      1230   391848    2.98956
1484565437      943   392791    2.99676
1484565438      1209   394000    3.00598
1484565439      834   394834    3.01234
1484565440      931   396001    3.02125
1484565441      1136   397137    3.02991
1484565442      945   398146    3.03761
1484565443      1045   399191    3.04559
1484565444      994   400291    3.05398
1484565445      819   401110    3.06023
1484565447      926   402216    3.06866
1484565448      1207   403423    3.07787
1484565449      925   404348    3.08493
1484565450      927   405275    3.092
1484565451      1054   406329    3.10004
1484565452      564   407001    3.10517
1484565453      1237   408238    3.11461
1484565454      801   409146    3.12154
1484565455      1151   410297    3.13032
1484565456      961   411291    3.1379
1484565457      1174   412465    3.14686
1484565458      618   413216    3.15259
1484565459      1038   414254    3.16051
1484565460      891   415361    3.16895
1484565461      1171   416532    3.17789
1484565463      845   417506    3.18532
1484565464      1029   418535    3.19317
1484565465      807   419431    3.2
1484565466      1224   420655    3.20934
1484565467      898   421576    3.21637
1484565468      1143   422719    3.22509
1484565469      709   423501    3.23106
1484565470      1018   424519    3.23882
1484565471      1125   425644    3.24741
1484565472      696   426361    3.25288
1484565473      1035   427396    3.26077
1484565474      961   428506    3.26924
1484565475      723   429229    3.27476
1484565476      1094   430323    3.2831
1484565477      931   431254    3.29021
1484565478      920   432174    3.29723
1484565479      963   433291    3.30575
1484565480      940   434231    3.31292
1484565481      807   435216    3.32043
1484565482      1202   436418    3.32961
1484565484      777   437361    3.3368
1484565485      1225   438586    3.34615
1484565486      945   439531    3.35336
1484565487      749   440280    3.35907
1484565488      954   441431    3.36785
1484565489      1035   442466    3.37575
1484565490      990   443576    3.38422
1484565491      1032   444608    3.39209
1484565492      686   445501    3.3989
1484565493      1213   446714    3.40816
1484565494      786   447646    3.41527
1484565495      1227   448873    3.42463
1484565496      934   449807    3.43176
1484565497      1019   450826    3.43953
1484565498      799   451716    3.44632
1484565499      1043   452759    3.45428
1484565501      878   453861    3.46268
1484565502      1228   455089    3.47205
1484565503      824   456006    3.47905
1484565504      1112   457118    3.48753
1484565505      752   457931    3.49374
1484565506      1126   459057    3.50233
1484565508      613   460076    3.5101
1484565509      1228   461304    3.51947
1484565510      681   462001    3.52479
1484565511      979   462980    3.53226
1484565512      883   464146    3.54115
1484565513      1219   465365    3.55045
1484565514      785   466291    3.55752
1484565515      961   467501    3.56675
1484565516      1107   468608    3.5752
1484565518      880   469646    3.58311
1484565519      1039   470685    3.59104
1484565520      866   471791    3.59948
1484565521      1201   472992    3.60864
1484565522      635   473716    3.61417
1484565523      1039   474755    3.62209
1484565524      986   475861    3.63053
1484565525      1216   477077    3.63981
1484565526      827   478006    3.6469
1484565527      1084   479090    3.65517
1484565528      732   479931    3.66158
1484565529      915   480846    3.66856
1484565530      1169   482015    3.67748
1484565531      704   482791    3.6834
1484565532      947   483738    3.69063
1484565534      829   484716    3.69809
1484565535      1135   485851    3.70675
1484565536      894   486861    3.71445
1484565537      1120   487981    3.723
1484565538      777   489006    3.73082
1484565539      821   489827    3.73708
1484565540      870   490931    3.74551
1484565541      1107   492038    3.75395
1484565542      881   493076    3.76187
1484565543      994   494070    3.76945
1484565545      867   495001    3.77656
1484565546      887   495888    3.78333
1484565547      1140   497028    3.79202
1484565548      941   497969    3.7992
1484565549      1211   499180    3.80844
