1482407946      1498   1498    0.00285721
1482407947      1499   2997    0.00571632
1482407948      1500   4497    0.00857735
1482407949      1499   5996    0.0114365
1482407950      1499   7495    0.0142956
1482407951      1500   8995    0.0171566
1482407952      1499   10494    0.0200157
1482407953      1499   11993    0.0228748
1482407954      1500   13493    0.0257359
1482407955      1499   14992    0.028595
1482407956      1499   16491    0.0314541
1482407957      1500   17991    0.0343151
1482407958      1499   19490    0.0371742
1482407959      1500   20990    0.0400352
1482407960      1499   22489    0.0428944
1482407961      1499   23988    0.0457535
1482407962      1500   25488    0.0486145
1482407963      1499   26987    0.0514736
1482407964      1499   28486    0.0543327
1482407965      1500   29986    0.0571938
1482407966      1499   31485    0.0600529
1482407967      1499   32984    0.062912
1482407968      1500   34484    0.065773
1482407969      1499   35983    0.0686321
1482407970      1499   37482    0.0714912
1482407971      1500   38982    0.0743523
1482407972      1499   40481    0.0772114
1482407973      1499   41980    0.0800705
1482407974      1500   43480    0.0829315
1482407975      1499   44979    0.0857906
1482407976      1499   46478    0.0886497
1482407977      1500   47978    0.0915108
1482407978      1499   49477    0.0943699
1482407979      1499   50976    0.097229
1482407980      1500   52476    0.10009
1482407981      1499   53975    0.102949
1482407982      1499   55474    0.105808
1482407983      1500   56974    0.108669
1482407984      1499   58473    0.111528
1482407985      1499   59972    0.114388
1482407986      1500   61472    0.117249
1482407987      1499   62971    0.120108
1482407988      1499   64470    0.122967
1482407989      1500   65970    0.125828
1482407990      1499   67469    0.128687
1482407991      1499   68968    0.131546
1482407992      1500   70468    0.134407
1482407993      1499   71967    0.137266
1482407994      1499   73466    0.140125
1482407995      1500   74966    0.142986
1482407996      1499   76465    0.145845
1482407997      1499   77964    0.148705
1482407998      1500   79464    0.151566
1482407999      1499   80963    0.154425
1482408000      1499   82462    0.157284
1482408001      1500   83962    0.160145
1482408002      1499   85461    0.163004
1482408003      1499   86960    0.165863
1482408004      1500   88460    0.168724
1482408005      1499   89959    0.171583
1482408006      1499   91458    0.174442
1482408007      1500   92958    0.177303
1482408008      1499   94457    0.180162
1482408009      1499   95956    0.183022
1482408010      1500   97456    0.185883
1482408011      1499   98955    0.188742
1482408012      1499   100454    0.191601
1482408013      1500   101954    0.194462
1482408014      1499   103453    0.197321
1482408015      1499   104952    0.20018
1482408016      1500   106452    0.203041
1482408017      1499   107951    0.2059
1482408018      1499   109450    0.208759
1482408019      1500   110950    0.21162
1482408020      1499   112449    0.214479
1482408021      1500   113949    0.21734
1482408022      1499   115448    0.2202
1482408023      1499   116947    0.223059
1482408024      1500   118447    0.22592
1482408025      1499   119946    0.228779
1482408026      1499   121445    0.231638
1482408027      1500   122945    0.234499
1482408028      1499   124444    0.237358
1482408029      1499   125943    0.240217
1482408030      1500   127443    0.243078
1482408031      1499   128942    0.245937
1482408032      1499   130441    0.248796
1482408033      1500   131941    0.251657
1482408034      1499   133440    0.254517
1482408035      1499   134939    0.257376
1482408036      1500   136439    0.260237
1482408037      1499   137938    0.263096
1482408038      1499   139437    0.265955
1482408039      1500   140937    0.268816
1482408040      1499   142436    0.271675
1482408041      1499   143935    0.274534
1482408042      1500   145435    0.277395
1482408043      1499   146934    0.280254
1482408044      1499   148433    0.283113
1482408045      1500   149933    0.285975
1482408046      1499   151432    0.288834
1482408047      1499   152931    0.291693
1482408048      1500   154431    0.294554
1482408049      1499   155930    0.297413
1482408050      1499   157429    0.300272
1482408051      1500   158929    0.303133
1482408052      1499   160428    0.305992
1482408053      1499   161927    0.308851
1482408054      1500   163427    0.311712
1482408055      1499   164926    0.314571
1482408056      1499   166425    0.31743
1482408057      1500   167925    0.320292
1482408058      1499   169424    0.323151
1482408059      1499   170923    0.32601
1482408060      1500   172423    0.328871
1482408061      1499   173922    0.33173
1482408062      1499   175421    0.334589
1482408063      1500   176921    0.33745
1482408064      1499   178420    0.340309
1482408065      1499   179919    0.343168
1482408066      1500   181419    0.346029
1482408067      1499   182918    0.348888
1482408068      1499   184417    0.351748
1482408069      1500   185917    0.354609
1482408070      1499   187416    0.357468
1482408071      1499   188915    0.360327
1482408072      1500   190415    0.363188
1482408073      1499   191914    0.366047
1482408074      1499   193413    0.368906
1482408075      1500   194913    0.371767
1482408076      1499   196412    0.374626
1482408077      1500   197912    0.377487
1482408078      1499   199411    0.380346
1482408079      1500   200911    0.383207
1482408080      1499   202410    0.386066
1482408081      1499   203909    0.388926
1482408082      1500   205409    0.391787
1482408083      1499   206908    0.394646
1482408084      1500   208408    0.397507
1482408085      1499   209907    0.400366
1482408086      1499   211406    0.403225
1482408087      1500   212906    0.406086
1482408088      1499   214405    0.408945
1482408089      1499   215904    0.411804
1482408090      1500   217404    0.414665
1482408091      1499   218903    0.417524
1482408092      1499   220402    0.420383
1482408093      1500   221902    0.423244
1482408094      1499   223401    0.426104
1482408095      1499   224900    0.428963
1482408096      1500   226400    0.431824
1482408097      1499   227899    0.434683
1482408098      1499   229398    0.437542
1482408099      1500   230898    0.440403
1482408100      1499   232397    0.443262
1482408101      1499   233896    0.446121
1482408102      1500   235396    0.448982
1482408103      1499   236895    0.451841
1482408104      1499   238394    0.4547
1482408105      1500   239894    0.457561
1482408106      1499   241393    0.460421
1482408107      1499   242892    0.46328
1482408108      1500   244392    0.466141
1482408109      1499   245891    0.469
1482408110      1499   247390    0.471859
1482408111      1500   248890    0.47472
1482408112      1499   250389    0.477579
1482408113      1499   251888    0.480438
1482408114      1500   253388    0.483299
1482408115      1499   254887    0.486158
1482408116      1499   256386    0.489017
1482408117      1500   257886    0.491879
1482408118      1499   259385    0.494738
1482408119      1499   260884    0.497597
1482408120      1500   262384    0.500458
1482408121      1499   263883    0.503317
1482408122      1499   265382    0.506176
1482408123      1500   266882    0.509037
1482408124      1499   268381    0.511896
1482408125      1499   269880    0.514755
1482408126      1500   271380    0.517616
1482408127      1499   272879    0.520475
1482408128      1499   274378    0.523335
1482408129      1500   275878    0.526196
1482408130      1499   277377    0.529055
1482408131      1499   278876    0.531914
1482408132      1500   280376    0.534775
1482408133      1499   281875    0.537634
1482408134      1499   283374    0.540493
1482408135      1500   284874    0.543354
1482408136      1499   286373    0.546213
1482408137      1499   287872    0.549072
1482408138      1500   289372    0.551933
1482408139      1499   290871    0.554792
1482408140      1499   292370    0.557652
1482408141      1500   293870    0.560513
1482408142      1499   295369    0.563372
1482408143      1500   296869    0.566233
1482408144      1499   298368    0.569092
1482408145      1499   299867    0.571951
1482408146      1500   301367    0.574812
1482408147      1499   302866    0.577671
1482408148      1499   304365    0.58053
1482408149      1500   305865    0.583391
1482408150      1499   307364    0.58625
1482408151      1499   308863    0.589109
1482408152      1500   310363    0.59197
1482408153      1499   311862    0.59483
1482408154      1499   313361    0.597689
1482408155      1500   314861    0.60055
1482408156      1499   316360    0.603409
1482408157      1499   317859    0.606268
1482408158      1500   319359    0.609129
1482408159      1499   320858    0.611988
1482408160      1499   322357    0.614847
1482408161      1500   323857    0.617708
1482408162      1435   325292    0.620445
1482408163      1461   326753    0.623232
1482408164      1483   328236    0.62606
1482408165      1456   329692    0.628838
1482408166      1482   331174    0.631664
1482408167      1483   332657    0.634493
1482408168      1458   334115    0.637274
1482408169      1482   335597    0.6401
1482408170      1483   337080    0.642929
1482408171      1462   338542    0.645718
1482408172      1481   340023    0.648542
1482408173      1465   341488    0.651337
1482408174      1482   342970    0.654163
1482408175      1482   344452    0.65699
1482408176      1465   345917    0.659784
1482408177      1482   347399    0.662611
1482408178      1482   348881    0.665438
1482408179      1466   350347    0.668234
1482408180      1478   351825    0.671053
1482408181      1465   353290    0.673847
1482408182      1481   354771    0.676672
1482408183      1482   356253    0.679499
1482408184      1465   357718    0.682293
1482408185      1483   359201    0.685122
1482408186      1458   360679    0.687941
1482408187      1490   362169    0.690783
1482408188      1482   363651    0.693609
1482408189      1465   365116    0.696404
1482408190      1483   366599    0.699232
1482408191      1481   368080    0.702057
1482408192      1465   369545    0.704851
1482408193      1483   371028    0.70768
1482408194      1461   372489    0.710466
1482408195      1475   373964    0.71328
1482408196      1469   375433    0.716082
1482408197      1412   376845    0.718775
1482408198      1412   378257    0.721468
1482408199      1418   379675    0.724173
1482408200      1465   381140    0.726967
1482408201      1420   382560    0.729675
1482408202      1469   384029    0.732477
1482408203      1402   385431    0.735151
1482408204      1447   386878    0.737911
1482408205      1473   388351    0.740721
1482408206      1440   389791    0.743467
1482408207      1469   391260    0.746269
1482408208      1483   392743    0.749098
1482408209      1465   394208    0.751892
1482408210      1479   395687    0.754713
1482408211      1466   397153    0.757509
1482408212      1482   398635    0.760336
1482408213      1482   400117    0.763163
1482408214      1466   401583    0.765959
1482408215      1476   403059    0.768774
1482408216      1482   404541    0.771601
1482408217      1466   406007    0.774397
1482408218      1482   407489    0.777224
1482408219      1465   408954    0.780018
1482408220      1483   410437    0.782846
1482408221      1482   411919    0.785673
1482408222      1465   413384    0.788467
1482408223      1483   414867    0.791296
1482408224      1482   416349    0.794123
1482408225      1465   417814    0.796917
1482408226      1483   419297    0.799746
1482408227      1465   420762    0.80254
1482408228      1482   422244    0.805367
1482408229      1483   423727    0.808195
1482408230      1465   425192    0.810989
1482408231      1481   426673    0.813814
1482408232      1483   428156    0.816643
1482408233      1465   429621    0.819437
1482408234      1482   431103    0.822264
1482408235      1466   432569    0.82506
1482408236      1482   434051    0.827887
1482408237      1482   435533    0.830713
1482408238      1466   436999    0.833509
1482408239      1482   438481    0.836336
1482408240      1482   439963    0.839163
