1499679763      377   377    0.0111456
1499679764      385   762    0.0225277
1499679765      375   1137    0.0336142
1499679766      533   1670    0.0493717
1499679767      132   1802    0.0532742
1499679768      270   2161    0.0638876
1499679769      263   2513    0.0742941
1499679771      308   2965    0.087657
1499679772      309   3417    0.10102
1499679774      272   3769    0.111426
1499679775      309   4221    0.124789
1499679776      301   4673    0.138152
1499679778      273   5025    0.148559
1499679779      308   5477    0.161922
1499679781      308   5929    0.175284
1499679782      272   6281    0.185691
1499679783      303   6733    0.199054
1499679785      309   7185    0.212417
1499679786      267   7537    0.222823
1499679788      310   7989    0.236186
1499679789      307   8441    0.249549
1499679790      273   8793    0.259955
1499679792      310   9245    0.273318
1499679793      304   9697    0.286681
1499679796      160   10049    0.297088
1499679797      306   10501    0.310451
1499679799      306   10953    0.323813
1499679800      272   11305    0.33422
1499679801      309   11757    0.347583
1499679803      305   12209    0.360946
1499679804      272   12561    0.371352
1499679806      307   13013    0.384715
1499679807      305   13465    0.398078
1499679808      263   13817    0.408484
1499679810      311   14269    0.421847
1499679811      302   14721    0.43521
1499679813      272   15073    0.445617
1499679814      309   15525    0.45898
1499679816      308   15977    0.472342
1499679817      270   16329    0.482749
1499679818      306   16781    0.496112
1499679820      308   17233    0.509475
1499679821      271   17585    0.519881
1499679823      308   18037    0.533244
1499679824      308   18489    0.546607
1499679825      266   18841    0.557014
1499679827      310   19293    0.570376
1499679828      304   19745    0.583739
