1488733837      992   992    0.0104065
1488733838      999   1991    0.0208864
1488733839      994   2985    0.0313139
1488733840      927   3912    0.0410385
1488733841      773   4685    0.0491476
1488733842      797   5482    0.0575085
1488733843      572   6054    0.063509
1488733844      800   6854    0.0719013
1488733845      780   7634    0.0800838
1488733846      645   8279    0.0868502
1488733847      569   8855    0.0928926
1488733848      793   9648    0.101212
1488733849      787   10435    0.109468
1488733850      565   11000    0.115395
1488733851      656   11677    0.122497
1488733852      792   12469    0.130805
1488733853      794   13263    0.139134
1488733854      586   13849    0.145282
1488733855      721   14570    0.152845
1488733856      791   15361    0.161143
1488733857      634   15995    0.167794
1488733858      602   16639    0.17455
1488733859      732   17371    0.182229
1488733860      780   18151    0.190412
1488733862      599   18779    0.197
1488733863      654   19461    0.204154
1488733864      806   20267    0.212609
1488733865      778   21045    0.220771
1488733866      600   21645    0.227065
1488733867      798   22443    0.235436
1488733868      647   23206    0.243441
1488733869      657   23888    0.250595
1488733870      800   24688    0.258987
1488733871      789   25477    0.267264
1488733872      593   26070    0.273485
1488733873      359   26563    0.278657
1488733874      666   27245    0.285811
1488733875      809   28054    0.294298
1488733876      660   28850    0.302649
1488733877      807   29657    0.311114
1488733879      653   30455    0.319486
1488733880      672   31137    0.32664
1488733881      789   31926    0.334917
1488733882      792   32718    0.343225
1488733883      591   33309    0.349425
1488733884      803   34112    0.357849
1488733885      657   34882    0.365927
1488733886      659   35564    0.373081
1488733887      813   36377    0.38161
1488733888      788   37165    0.389876
1488733889      610   37775    0.396276
1488733890      770   38545    0.404353
1488733891      637   39182    0.411036
1488733892      802   39984    0.419449
1488733893      513   40526    0.425135
1488733894      801   41327    0.433537
1488733895      792   42119    0.441846
1488733896      563   42682    0.447752
1488733897      637   43348    0.454739
1488733898      810   44158    0.463236
1488733899      660   44953    0.471576
1488733900      666   45619    0.478562
1488733901      781   46400    0.486755
1488733902      651   47051    0.493585
1488733903      632   47775    0.50118
1488733904      655   48430    0.508051
1488733905      796   49226    0.516401
1488733906      618   49915    0.523629
1488733907      663   50597    0.530784
1488733908      803   51400    0.539207
1488733909      785   52185    0.547442
1488733910      590   52775    0.553632
1488733911      772   53547    0.56173
1488733912      794   54341    0.57006
1488733913      648   54989    0.576858
1488733914      593   55582    0.583078
1488733915      788   56370    0.591345
1488733917      657   57164    0.599674
1488733918      800   57964    0.608067
1488733919      644   58608    0.614822
1488733920      795   59403    0.623162
1488733921      594   59997    0.629394
1488733922      800   60797    0.637786
1488733923      662   61591    0.646115
1488733924      661   62273    0.65327
1488733925      787   63060    0.661526
1488733926      800   63860    0.669918
1488733927      595   64455    0.67616
1488733928      809   65264    0.684647
1488733929      639   66018    0.692556
1488733930      674   66700    0.699711
1488733931      815   67515    0.708261
1488733932      658   68305    0.716548
1488733933      812   69117    0.725066
1488733934      663   69910    0.733385
1488733936      447   70592    0.74054
1488733937      808   71400    0.749016
1488733938      659   72197    0.757377
1488733939      805   73002    0.765821
1488733940      662   73802    0.774214
1488733941      651   74484    0.781368
1488733942      804   75288    0.789803
1488733943      792   76080    0.798111
1488733944      590   76670    0.8043
1488733945      801   77471    0.812703
1488733946      641   78112    0.819427
1488733948      657   78911    0.827809
1488733949      804   79715    0.836244
1488733950      799   80514    0.844625
1488733951      526   81051    0.850259
1488733952      653   81733    0.857413
1488733953      798   82531    0.865785
1488733954      798   83329    0.874156
1488733955      571   83900    0.880146
1488733956      792   84692    0.888454
1488733957      650   85478    0.8967
1488733958      649   86160    0.903854
1488733959      797   86957    0.912215
1488733960      765   87722    0.92024
1488733961      579   88301    0.926314
1488733962      773   89074    0.934423
1488733963      636   89710    0.941095
1488733964      755   90465    0.949016
1488733965      606   91122    0.955908
1488733966      791   91913    0.964206
1488733967      386   92299    0.968255
1488733968      737   93036    0.975986
1488733969      644   93680    0.982742
1488733970      790   94470    0.99103
1488733971      571   95041    0.99702
1488733972      786   95827    1.00527
1488733973      786   96613    1.01351
1488733974      583   97196    1.01963
1488733975      638   97836    1.02634
1488733976      795   98631    1.03468
1488733977      786   99417    1.04293
1488733978      561   99978    1.04881
1488733979      776   100754    1.05695
1488733980      602   101356    1.06327
1488733981      792   102148    1.07158
1488733982      600   102798    1.07839
1488733983      720   103518    1.08595
1488733984      745   104263    1.09376
1488733985      616   104938    1.10084
1488733986      643   105620    1.108
1488733987      783   106403    1.11621
1488733988      793   107196    1.12453
1488733989      585   107781    1.13067
1488733990      788   108569    1.13893
1488733991      646   109215    1.14571
1488733992      782   109997    1.15391
1488733993      580   110582    1.16005
1488733994      795   111377    1.16839
1488733995      742   112119    1.17618
1488733996      535   112722    1.1825
1488733998      555   113404    1.18966
1488733999      787   114191    1.19791
1488734000      777   114968    1.20606
1488734001      573   115544    1.2121
1488734002      808   116352    1.22058
1488734003      658   117010    1.22748
1488734004      796   117806    1.23583
1488734005      586   118392    1.24198
1488734006      797   119189    1.25034
1488734007      653   119971    1.25855
1488734008      662   120653    1.2657
1488734009      798   121451    1.27407
1488734010      663   122258    1.28254
1488734011      809   123067    1.29102
1488734012      664   123863    1.29937
1488734013      660   124545    1.30653
1488734014      816   125361    1.31509
1488734016      656   126150    1.32337
1488734017      808   126958    1.33184
1488734018      661   127755    1.3402
1488734019      653   128437    1.34736
1488734020      791   129228    1.35566
1488734021      806   130034    1.36411
1488734022      586   130620    1.37026
1488734023      808   131428    1.37873
1488734024      651   132182    1.38664
1488734025      666   132864    1.3938
1488734026      802   133666    1.40221
1488734027      669   134469    1.41064
1488734028      799   135268    1.41902
1488734029      804   136072    1.42745
1488734030      541   136613    1.43313
1488734031      624   137291    1.44024
1488734032      807   138098    1.44871
1488734033      666   138896    1.45708
1488734034      803   139699    1.4655
1488734035      661   140360    1.47243
1488734036      779   141139    1.48061
1488734037      604   141743    1.48694
1488734038      791   142534    1.49524
1488734040      655   143323    1.50352
1488734041      650   144005    1.51067
1488734042      805   144810    1.51912
1488734043      794   145604    1.52745
1488734044      585   146189    1.53358
1488734045      787   146976    1.54184
1488734046      647   147750    1.54996
1488734047      658   148432    1.55711
1488734048      806   149238    1.56557
1488734049      768   150006    1.57363
1488734050      511   150572    1.57956
1488734051      795   151367    1.5879
1488734052      636   152003    1.59457
1488734053      790   152793    1.60286
1488734054      568   153394    1.60917
1488734055      774   154168    1.61729
1488734056      784   154952    1.62551
1488734057      579   155534    1.63162
1488734058      647   156216    1.63877
1488734059      801   157017    1.64717
1488734060      779   157796    1.65535
1488734061      48   157844    1.65585
1488734062      785   158629    1.66408
1488734063      666   159426    1.67245
1488734064      667   160108    1.6796
1488734065      800   160908    1.68799
1488734067      667   161713    1.69644
1488734068      807   162520    1.7049
1488734069      783   163303    1.71312
1488734070      665   163968    1.72009
1488734071      591   164559    1.72629
1488734072      803   165362    1.73472
1488734073      651   166140    1.74288
1488734074      797   166937    1.75124
1488734075      651   167588    1.75807
1488734076      779   168367    1.76624
1488734077      590   168962    1.77248
1488734078      791   169753    1.78078
1488734079      797   170550    1.78914
1488734080      597   171147    1.7954
1488734081      640   171787    1.80212
1488734082      806   172593    1.81057
1488734083      771   173364    1.81866
1488734084      592   173956    1.82487
1488734085      785   174741    1.83311
1488734086      602   175343    1.83942
1488734087      800   176143    1.84781
1488734088      542   176746    1.85414
1488734089      782   177528    1.86234
1488734090      796   178324    1.87069
1488734091      577   178901    1.87675
1488734092      634   179568    1.88374
1488734093      803   180371    1.89217
1488734094      788   181159    1.90043
1488734095      581   181740    1.90653
1488734096      786   182526    1.91477
1488734097      632   183158    1.9214
1488734098      794   183952    1.92973
1488734099      573   184530    1.9358
1488734100      805   185335    1.94424
1488734101      796   186131    1.95259
1488734102      580   186711    1.95868
1488734103      640   187352    1.9654
1488734104      797   188149    1.97376
1488734105      788   188937    1.98203
1488734106      597   189534    1.98829
1488734107      790   190324    1.99658
1488734108      651   190975    2.00341
1488734109      787   191762    2.01166
1488734110      589   192351    2.01784
1488734111      795   193146    2.02618
1488734112      644   193919    2.03429
1488734113      659   194601    2.04145
1488734114      801   195402    2.04985
1488734115      794   196196    2.05818
1488734116      594   196790    2.06441
1488734117      799   197589    2.07279
1488734118      639   198346    2.08073
1488734119      644   199028    2.08789
1488734120      796   199824    2.09624
1488734121      789   200613    2.10451
1488734122      572   201185    2.11051
1488734123      795   201980    2.11885
1488734124      652   202632    2.12569
1488734125      785   203417    2.13393
1488734126      571   203990    2.13994
1488734127      794   204784    2.14827
1488734128      556   205340    2.1541
1488734130      651   206130    2.16239
1488734131      659   206812    2.16954
1488734132      793   207605    2.17786
1488734133      795   208400    2.1862
1488734134      578   208978    2.19227
1488734135      789   209767    2.20054
1488734136      650   210417    2.20736
1488734137      797   211214    2.21572
1488734138      575   211789    2.22176
1488734139      765   212554    2.22978
1488734140      726   213280    2.2374
1488734141      610   213914    2.24405
1488734142      658   214596    2.2512
1488734143      801   215397    2.2596
1488734144      658   216201    2.26804
1488734145      810   217011    2.27654
1488734146      657   217806    2.28488
1488734147      647   218488    2.29203
1488734148      810   219298    2.30053
1488734149      666   220093    2.30887
1488734150      809   220902    2.31735
1488734152      627   221698    2.3257
1488734153      603   222380    2.33286
1488734154      737   223117    2.34059
1488734155      802   223919    2.349
1488734156      595   224520    2.35531
1488734157      727   225247    2.36294
1488734158      642   225889    2.36967
1488734159      710   226599    2.37712
1488734160      643   227342    2.38491
1488734161      802   228144    2.39333
1488734162      799   228943    2.40171
1488734163      597   229540    2.40797
1488734164      643   230183    2.41472
1488734165      750   230933    2.42258
1488734166      803   231736    2.43101
1488734167      593   232329    2.43723
1488734168      773   233102    2.44534
1488734169      553   233655    2.45114
1488734170      716   234371    2.45865
1488734171      640   235126    2.46657
1488734172      794   235920    2.4749
1488734173      805   236725    2.48334
1488734174      521   237266    2.48902
1488734175      645   237948    2.49617
1488734176      800   238748    2.50457
1488734177      721   239469    2.51213
1488734178      595   240088    2.51862
1488734179      796   240884    2.52697
1488734180      638   241522    2.53367
1488734181      800   242322    2.54206
1488734182      577   242910    2.54823
1488734183      803   243713    2.55665
1488734184      798   244511    2.56502
1488734185      583   245094    2.57114
1488734186      621   245732    2.57783
1488734187      801   246533    2.58623
1488734188      775   247308    2.59436
1488734189      526   247872    2.60028
1488734190      786   248658    2.60853
1488734191      564   249222    2.61444
1488734192      714   249936    2.62193
