1486118876      1430   1430    0.01091
1486118877      1394   2826    0.0215607
1486118878      1399   4226    0.0322418
1486118879      1280   5506    0.0420074
1486118880      943   6596    0.0503235
1486118881      1183   7779    0.0593491
1486118882      903   8741    0.0666885
1486118883      1198   9939    0.0758286
1486118884      930   10869    0.0829239
1486118885      884   11761    0.0897293
1486118886      1185   12946    0.0987701
1486118887      902   13906    0.106094
1486118888      1200   15106    0.11525
1486118889      915   16021    0.122231
1486118890      883   16926    0.129135
1486118891      1185   18111    0.138176
1486118892      790   19071    0.1455
1486118893      1187   20258    0.154556
1486118894      386   20661    0.157631
1486118895      1192   21853    0.166725
1486118896      786   22806    0.173996
1486118897      1024   23830    0.181808
1486118899      883   24951    0.190361
1486118900      796   25826    0.197037
1486118901      1197   27023    0.206169
1486118902      794   27971    0.213402
1486118903      1187   29158    0.222458
1486118904      769   30116    0.229767
1486118905      840   30991    0.236443
1486118906      1174   32165    0.245399
1486118907      812   33136    0.252808
1486118908      1142   34278    0.26152
1486118910      873   35281    0.269173
1486118911      836   36156    0.275848
1486118912      889   37045    0.282631
1486118913      1183   38228    0.291656
1486118914      720   39016    0.297668
1486118915      1113   40129    0.30616
1486118916      866   41161    0.314034
1486118917      806   42036    0.320709
1486118918      1190   43226    0.329788
1486118919      905   44181    0.337074
1486118920      1197   45378    0.346207
1486118921      888   46326    0.353439
1486118922      963   47289    0.360786
1486118923      1170   48459    0.369713
1486118924      867   49346    0.37648
1486118925      1192   50538    0.385574
1486118926      906   51491    0.392845
1486118927      949   52440    0.400085
1486118928      1176   53616    0.409058
1486118929      881   54511    0.415886
1486118930      1190   55701    0.424965
1486118931      901   56656    0.432251
1486118932      960   57616    0.439575
1486118933      1171   58787    0.448509
1486118934      874   59676    0.455292
1486118935      1188   60864    0.464355
1486118936      904   61821    0.471657
1486118937      949   62770    0.478897
1486118938      1168   63938    0.487808
1486118939      878   64841    0.494698
1486118940      1189   66030    0.503769
1486118941      903   66986    0.511063
1486118942      948   67934    0.518295
1486118943      995   68929    0.525887
1486118945      837   70006    0.534103
1486118946      1192   71198    0.543198
1486118947      689   72151    0.550468
1486118948      730   73026    0.557144
1486118949      942   73968    0.564331
1486118950      1186   75154    0.57338
1486118951      677   75886    0.578964
1486118952      942   76828    0.586151
1486118953      934   77762    0.593277
1486118954      934   78696    0.600403
1486118955      865   79621    0.60746
1486118956      1114   80735    0.615959
1486118958      853   81766    0.623825
1486118959      842   82641    0.630501
1486118960      961   83602    0.637833
1486118961      939   84786    0.646866
1486118962      1152   85938    0.655655
1486118963      850   86931    0.663231
1486118964      770   87806    0.669907
1486118965      1200   89006    0.679062
1486118966      783   89951    0.686272
1486118967      959   90910    0.693588
1486118968      1174   92084    0.702545
1486118969      869   92953    0.709175
1486118970      948   93901    0.716408
1486118971      1180   95081    0.72541
1486118972      876   95957    0.732094
1486118973      1177   97134    0.741074
1486118974      868   98002    0.747696
1486118975      946   98948    0.754913
1486118976      1192   100140    0.764008
1486118977      849   100996    0.770538
1486118978      1174   102170    0.779495
1486118979      908   103141    0.786903
1486118980      957   104098    0.794205
1486118981      1195   105293    0.803322
1486118982      876   106169    0.810005
1486118983      1180   107349    0.819008
1486118985      905   108306    0.826309
1486118986      953   109259    0.83358
1486118987      1192   110451    0.842674
1486118988      864   111326    0.84935
1486118989      1188   112514    0.858414
1486118990      904   113471    0.865715
1486118991      963   114434    0.873062
1486118992      1196   115630    0.882187
1486118993      871   116501    0.888832
1486118994      1181   117682    0.897842
1486118995      910   118636    0.905121
1486118996      925   119561    0.912178
1486118997      1190   120751    0.921257
1486118998      874   121656    0.928162
1486118999      1167   122823    0.937065
1486119000      916   123801    0.944527
1486119001      939   124740    0.951691
1486119002      1196   125936    0.960815
1486119003      846   126821    0.967567
1486119004      1198   128019    0.976707
1486119005      902   128966    0.983932
1486119006      945   129911    0.991142
1486119007      1192   131103    1.00024
1486119008      867   131986    1.00697
1486119009      1193   133179    1.01608
1486119010      903   134131    1.02334
1486119011      944   135075    1.03054
1486119012      1192   136267    1.03963
1486119013      869   137151    1.04638
1486119014      1198   138349    1.05552
1486119015      891   139296    1.06274
1486119016      946   140242    1.06996
1486119017      1145   141387    1.0787
1486119018      886   142316    1.08578
1486119019      1196   143512    1.09491
1486119020      906   144461    1.10215
1486119021      948   145409    1.10938
1486119022      1186   146595    1.11843
1486119023      872   147481    1.12519
1486119024      1201   148682    1.13435
1486119025      906   149626    1.14156
1486119026      949   150575    1.1488
1486119027      1193   151768    1.1579
1486119028      871   152646    1.1646
1486119029      1202   153848    1.17377
1486119030      896   154791    1.18096
1486119031      950   155741    1.18821
1486119032      1179   156920    1.1972
1486119033      868   157811    1.204
1486119034      1195   159006    1.21312
1486119035      908   159956    1.22037
1486119036      836   160831    1.22704
1486119037      1187   162018    1.2361
1486119038      831   162976    1.24341
1486119039      1023   163999    1.25121
1486119041      891   165121    1.25977
1486119042      874   165996    1.26645
1486119043      1116   167112    1.27496
1486119044      844   168141    1.28281
1486119045      1186   169327    1.29186
1486119046      812   170286    1.29918
1486119047      852   171161    1.30585
1486119048      1182   172343    1.31487
1486119049      830   173306    1.32222
1486119050      1193   174499    1.33132
1486119051      831   175451    1.33858
1486119053      810   176326    1.34526
1486119054      943   177269    1.35246
1486119055      1191   178460    1.36154
1486119056      714   179186    1.36708
1486119057      1177   180363    1.37606
1486119058      796   181159    1.38213
1486119059      938   182097    1.38929
1486119060      808   182921    1.39558
1486119061      1137   184058    1.40425
1486119062      920   185066    1.41194
1486119063      945   186011    1.41915
1486119064      1169   187180    1.42807
1486119065      883   188086    1.43498
1486119066      1192   189278    1.44408
1486119067      904   190231    1.45135
1486119068      947   191178    1.45857
1486119069      1175   192354    1.46754
1486119070      879   193251    1.47439
1486119071      561   193966    1.47984
1486119072      1197   195163    1.48898
1486119073      894   196111    1.49621
1486119074      941   197052    1.50339
1486119075      1187   198239    1.51244
1486119076      886   199131    1.51925
1486119077      1165   200296    1.52814
1486119078      911   201276    1.53561
1486119079      953   202229    1.54288
1486119080      1195   203424    1.552
1486119081      864   204296    1.55865
1486119082      1195   205491    1.56777
1486119083      896   206441    1.57502
1486119084      940   207381    1.58219
1486119085      1192   208573    1.59129
1486119086      880   209461    1.59806
1486119087      959   210420    1.60538
1486119088      1178   211598    1.61436
1486119089      674   212272    1.61951
1486119090      821   213196    1.62656
1486119091      1203   214399    1.63573
1486119093      821   215341    1.64292
1486119094      1058   216399    1.65099
1486119095      768   217167    1.65685
1486119096      1193   218360    1.66595
1486119097      683   219076    1.67142
1486119098      1193   220269    1.68052
1486119099      712   221221    1.68778
1486119100      946   222167    1.695
1486119101      1182   223349    1.70402
1486119102      808   224241    1.71082
1486119103      1171   225412    1.71976
1486119104      859   226386    1.72719
1486119105      837   227261    1.73386
1486119106      959   228220    1.74118
1486119107      920   229406    1.75023
1486119108      1184   230590    1.75926
1486119110      836   231551    1.76659
1486119111      771   232426    1.77327
1486119112      1163   233589    1.78214
1486119113      912   234571    1.78963
1486119114      1192   235763    1.79873
1486119115      901   236716    1.806
1486119116      944   237660    1.8132
1486119117      1187   238847    1.82226
1486119118      872   239736    1.82904
1486119119      1195   240931    1.83816
1486119120      899   241881    1.84541
1486119121      945   242826    1.85262
1486119122      1191   244017    1.8617
1486119123      856   244901    1.86845
1486119124      1194   246095    1.87756
1486119125      899   247046    1.88481
1486119126      946   247992    1.89203
1486119127      1191   249183    1.90112
1486119128      870   250066    1.90785
1486119129      1201   251267    1.91702
1486119130      899   252211    1.92422
1486119131      846   253086    1.93089
1486119132      1197   254283    1.94003
1486119133      888   255231    1.94726
1486119134      1199   256430    1.95641
1486119135      904   257376    1.96362
1486119136      939   258315    1.97079
1486119137      1176   259491    1.97976
1486119138      874   260396    1.98666
1486119139      1190   261586    1.99574
1486119140      896   262541    2.00303
1486119141      940   263481    2.0102
1486119142      1149   264630    2.01897
1486119143      882   265561    2.02607
1486119144      1191   266752    2.03516
1486119145      903   267706    2.04243
1486119146      948   268654    2.04967
1486119147      1186   269840    2.05872
1486119148      876   270726    2.06548
1486119149      1203   271929    2.07465
1486119151      901   272871    2.08184
1486119152      948   273819    2.08907
1486119153      1198   275017    2.09821
1486119154      867   275891    2.10488
1486119155      1188   277079    2.11395
1486119156      914   278036    2.12125
1486119157      949   278985    2.12849
1486119158      1187   280172    2.13754
1486119159      872   281056    2.14429
1486119160      1200   282256    2.15344
1486119161      904   283201    2.16065
1486119162      948   284149    2.16788
1486119163      1192   285341    2.17698
1486119164      781   286221    2.18369
1486119165      785   287006    2.18968
1486119166      1196   288202    2.19881
1486119167      872   289081    2.20551
1486119168      951   290032    2.21277
1486119169      1177   291209    2.22175
1486119170      878   292101    2.22855
1486119171      1198   293299    2.23769
1486119172      899   294246    2.24492
1486119173      941   295187    2.2521
1486119174      1192   296379    2.26119
1486119175      873   297266    2.26796
1486119176      1197   298463    2.27709
1486119177      896   299411    2.28432
1486119178      914   300325    2.2913
1486119179      1173   301498    2.30025
1486119180      928   302426    2.30733
1486119181      685   303146    2.31282
1486119182      1186   304332    2.32187
1486119183      563   304895    2.32616
1486119184      1176   306071    2.33514
1486119185      728   306881    2.34132
1486119186      960   307841    2.34864
1486119187      1176   309017    2.35761
1486119188      678   309741    2.36314
1486119189      782   310616    2.36981
1486119190      1185   311801    2.37885
1486119191      788   312761    2.38618
1486119192      1202   313963    2.39535
1486119194      794   314906    2.40254
1486119195      501   315781    2.40922
1486119196      1008   316789    2.41691
1486119198      969   317926    2.42558
1486119199      1072   318998    2.43376
1486119200      881   320071    2.44195
1486119201      854   320946    2.44862
1486119202      1160   322106    2.45747
1486119203      847   323091    2.46499
1486119204      1197   324288    2.47412
1486119205      806   325236    2.48135
1486119206      956   326192    2.48865
1486119207      1193   327385    2.49775
1486119208      860   328256    2.50439
1486119209      1190   329446    2.51347
1486119210      906   330401    2.52076
1486119211      946   331347    2.52798
1486119212      1192   332539    2.53707
1486119213      874   333421    2.5438
1486119214      1188   334609    2.55286
1486119215      902   335566    2.56017
1486119216      956   336522    2.56746
1486119217      1196   337718    2.57658
1486119218      865   338586    2.58321
1486119219      1202   339788    2.59238
1486119220      909   340731    2.59957
1486119221      945   341676    2.60678
1486119222      1180   342856    2.61578
1486119223      877   343751    2.62261
1486119224      1197   344948    2.63174
1486119225      908   345896    2.63898
1486119226      814   346771    2.64565
1486119227      1202   347973    2.65482
1486119228      901   348916    2.66202
1486119229      1184   350100    2.67105
1486119231      825   351061    2.67838
1486119232      837   351936    2.68506
1486119233      1188   353124    2.69412
1486119234      830   354081    2.70142
1486119235      1203   355284    2.7106
1486119236      801   356226    2.71779
1486119237      816   357101    2.72446
1486119238      1008   358109    2.73215
1486119239      971   359246    2.74083
1486119240      1030   360276    2.74869
1486119242      845   361391    2.75719
1486119243      923   362314    2.76424
1486119244      1129   363443    2.77285
1486119245      844   364411    2.78024
1486119246      1070   365481    2.7884
1486119247      878   366556    2.7966
1486119248      775   367431    2.80328
1486119249      1192   368623    2.81237
1486119250      817   369576    2.81964
1486119251      1193   370769    2.82874
1486119252      831   371721    2.83601
1486119254      771   372596    2.84268
1486119255      932   373528    2.84979
1486119256      1194   374722    2.8589
1486119257      854   375576    2.86542
1486119258      1181   376757    2.87443
1486119259      893   377650    2.88124
1486119260      800   378476    2.88754
1486119261      1187   379663    2.8966
1486119262      884   380621    2.90391
1486119263      1186   381807    2.91296
1486119264      911   382718    2.91991
1486119265      886   383641    2.92695
1486119266      1183   384824    2.93597
1486119267      899   385786    2.94331
1486119268      1183   386969    2.95234
1486119269      915   387884    2.95932
1486119270      878   388806    2.96635
1486119271      1194   390000    2.97546
1486119272      897   390951    2.98272
1486119273      1189   392140    2.99179
1486119274      932   393072    2.9989
1486119275      873   393971    3.00576
1486119276      1168   395139    3.01467
1486119277      907   396116    3.02213
1486119278      1194   397310    3.03123
1486119279      928   398238    3.03831
1486119280      869   399136    3.04517
1486119281      1188   400324    3.05423
1486119282      903   401281    3.06153
1486119283      1197   402478    3.07066
1486119284      911   403389    3.07761
1486119285      886   404301    3.08457
1486119286      1185   405486    3.09361
1486119287      901   406446    3.10094
1486119288      1187   407633    3.10999
1486119289      932   408565    3.1171
1486119290      884   409466    3.12398
1486119291      1185   410651    3.13302
1486119292      905   411611    3.14034
1486119293      1177   412788    3.14932
1486119294      720   413508    3.15482
1486119295      946   414631    3.16338
1486119296      1198   415829    3.17252
1486119298      870   416776    3.17975
1486119299      1151   417927    3.18853
1486119300      933   418860    3.19565
1486119301      885   419796    3.20279
1486119302      1180   420976    3.21179
1486119303      893   421941    3.21915
1486119304      1163   423104    3.22803
1486119305      932   424036    3.23514
1486119306      895   424961    3.2422
1486119307      1198   426159    3.25134
1486119308      903   427106    3.25856
1486119309      1199   428305    3.26771
1486119310      892   429197    3.27451
1486119311      873   430126    3.2816
1486119312      1195   431321    3.29072
1486119313      889   432271    3.29797
1486119314      1171   433442    3.3069
1486119315      931   434373    3.314
1486119316      872   435291    3.32101
1486119317      1183   436474    3.33003
1486119318      908   437436    3.33737
1486119319      1187   438623    3.34643
1486119320      932   439555    3.35354
1486119321      872   440456    3.36041
1486119322      1152   441609    3.36921
1486119323      867   442601    3.37678
1486119324      1099   443700    3.38516
1486119325      603   444303    3.38976
1486119326      1193   445496    3.39886
1486119327      721   446336    3.40527
1486119328      946   447282    3.41249
1486119329      1169   448451    3.42141
1486119330      717   449196    3.42709
1486119331      787   450071    3.43377
1486119332      1137   451208    3.44244
1486119334      839   452216    3.45013
1486119335      1168   453384    3.45905
1486119336      727   454361    3.4665
1486119337      912   455273    3.47346
1486119338      1055   456328    3.48151
1486119339      965   457293    3.48887
1486119340      813   458106    3.49507
1486119341      1062   459168    3.50317
1486119342      669   459837    3.50828
1486119343      1189   461026    3.51735
1486119344      704   461831    3.52349
1486119345      949   462780    3.53073
1486119346      1155   463935    3.53954
1486119347      747   464691    3.54531
1486119348      783   465566    3.55199
1486119349      1185   466751    3.56103
1486119350      882   467711    3.56835
1486119351      1194   468905    3.57746
1486119352      873   469856    3.58472
1486119353      952   470808    3.59198
1486119354      1186   471994    3.60103
1486119356      510   472876    3.60776
1486119357      1159   474035    3.6166
1486119358      919   475021    3.62412
1486119359      927   475948    3.6312
1486119360      1173   477121    3.64014
1486119361      878   478041    3.64716
1486119362      1188   479229    3.65623
1486119363      888   480186    3.66353
1486119364      845   481061    3.6702
1486119365      1181   482242    3.67921
1486119367      837   483206    3.68657
1486119368      1191   484397    3.69566
1486119369      761   485351    3.70293
1486119370      912   486263    3.70989
1486119371      1142   487405    3.71861
1486119372      881   488371    3.72598
1486119373      1179   489550    3.73497
1486119374      772   490516    3.74234
1486119375      779   491391    3.74902
1486119376      1040   492431    3.75695
1486119378      873   493536    3.76538
1486119379      1146   494682    3.77412
1486119380      844   495681    3.78175
1486119381      771   496556    3.78842
1486119382      940   497496    3.79559
1486119383      1188   498684    3.80466
1486119384      695   499416    3.81024
