1481703415      62   63    0.000120163
1481703416      65   129    0.000246048
1481703417      68   198    0.000377655
1481703418      70   269    0.000513077
1481703419      70   339    0.000646591
1481703420      69   409    0.000780106
1481703421      70   479    0.00091362
1481703422      72   551    0.00105095
1481703423      73   625    0.00119209
1481703424      73   698    0.00133133
1481703425      71   769    0.00146675
1481703426      73   842    0.00160599
1481703427      75   917    0.00174904
1481703428      73   990    0.00188828
1481703429      71   1061    0.0020237
1481703430      71   1133    0.00216103
1481703431      70   1203    0.00229454
1481703432      71   1275    0.00243187
1481703433      71   1346    0.00256729
1481703434      71   1418    0.00270462
1481703435      71   1489    0.00284004
1481703436      72   1561    0.00297737
1481703437      65   1627    0.00310326
1481703438      75   1703    0.00324821
1481703439      69   1773    0.00338173
1481703440      72   1846    0.00352097
1481703441      69   1916    0.00365448
1481703442      73   1990    0.00379562
1481703443      72   2062    0.00393295
1481703444      69   2132    0.00406647
1481703445      75   2207    0.00420952
