1487668137      998   998    0.0104694
1487668138      1000   1998    0.0209599
1487668139      1000   2998    0.0314503
1487668141      902   3985    0.0418043
1487668142      803   4788    0.0502281
1487668143      661   5590    0.0586414
1487668144      804   6394    0.0670757
1487668145      757   7151    0.075017
1487668146      566   7730    0.0810909
1487668147      672   8504    0.0892105
1487668148      803   9307    0.0976343
1487668149      794   10101    0.105964
1487668150      599   10700    0.112247
1487668151      788   11488    0.120514
1487668152      607   12095    0.126882
1487668153      793   12888    0.135201
1487668154      618   13558    0.142229
1487668155      802   14360    0.150642
1487668156      794   15154    0.158972
1487668157      593   15747    0.165193
1487668158      648   16472    0.172798
1487668159      794   17266    0.181128
1487668160      796   18062    0.189478
1487668161      597   18659    0.195741
1487668162      795   19454    0.204081
1487668163      515   19969    0.209483
1487668164      798   20767    0.217854
1487668165      563   21526    0.225817
1487668166      797   22323    0.234178
1487668167      798   23121    0.242549
1487668168      539   23666    0.248266
1487668170      215   23905    0.250773
1487668171      790   24695    0.259061
1487668172      788   25483    0.267327
1487668173      582   26065    0.273433
1487668174      793   26858    0.281752
1487668175      786   27644    0.289997
1487668176      454   28098    0.29476
1487668177      791   28889    0.303058
1487668178      513   29494    0.309404
1487668179      807   30301    0.31787
1487668180      797   31098    0.326231
1487668181      583   31681    0.332347
1487668182      651   32408    0.339973
1487668183      810   33218    0.348471
1487668184      792   34010    0.356779
1487668185      594   34604    0.36301
1487668186      777   35381    0.371161
1487668187      601   35982    0.377466
1487668188      770   36752    0.385544
1487668189      628   37462    0.392992
1487668190      801   38263    0.401395
1487668191      795   39058    0.409735
1487668192      537   39602    0.415442
1487668193      665   40376    0.423561
1487668194      796   41172    0.431911
1487668195      797   41969    0.440272
1487668196      574   42543    0.446294
1487668197      795   43338    0.454634
1487668198      607   43945    0.461001
1487668199      781   44726    0.469194
1487668200      621   45430    0.47658
1487668201      794   46224    0.484909
1487668202      794   47018    0.493238
1487668203      587   47605    0.499396
1487668204      649   48344    0.507149
1487668206      411   48879    0.512761
1487668207      757   49636    0.520702
1487668208      797   50433    0.529063
1487668209      579   51019    0.535211
1487668210      671   51793    0.54333
1487668211      805   52598    0.551775
1487668212      796   53394    0.560125
1487668213      581   53975    0.56622
1487668214      800   54775    0.574613
1487668215      648   55538    0.582617
1487668216      669   56312    0.590736
1487668217      805   57117    0.599181
1487668218      669   57917    0.607574
1487668219      803   58720    0.615997
1487668220      801   59521    0.6244
1487668221      624   60145    0.630946
1487668223      629   60831    0.638143
1487668224      807   61638    0.646608
1487668225      662   62436    0.65498
1487668226      801   63237    0.663383
1487668227      613   63850    0.669813
1487668228      798   64648    0.678185
1487668229      629   65350    0.685549
1487668230      804   66154    0.693983
1487668231      796   66950    0.702333
1487668232      584   67534    0.70846
1487668233      653   68264    0.716118
1487668234      802   69066    0.724531
1487668235      797   69863    0.732892
1487668236      485   70404    0.738567
1487668237      792   71196    0.746876
1487668238      624   71820    0.753422
1487668239      791   72611    0.76172
1487668240      623   73318    0.769136
1487668241      792   74110    0.777445
1487668242      782   74892    0.785648
1487668243      585   75477    0.791785
1487668244      661   76232    0.799706
1487668245      804   77036    0.80814
1487668246      796   77832    0.81649
1487668247      585   78417    0.822627
1487668248      782   79199    0.830831
1487668249      610   79809    0.83723
1487668250      774   80583    0.845349
1487668252      624   81286    0.852724
1487668253      786   82072    0.86097
1487668254      791   82863    0.869267
1487668255      581   83444    0.875362
1487668256      656   84200    0.883293
1487668257      803   85003    0.891717
1487668258      796   85799    0.900067
1487668259      582   86381    0.906173
1487668260      787   87168    0.914429
1487668261      617   87785    0.920901
1487668262      797   88582    0.929262
1487668263      609   89254    0.936312
1487668264      799   90053    0.944694
1487668265      772   90825    0.952792
1487668266      589   91414    0.958971
1487668267      510   92168    0.966881
1487668268      645   92813    0.973647
1487668269      795   93608    0.981987
1487668270      621   94308    0.98933
1487668271      794   95102    0.99766
1487668272      613   95715    1.00409
1487668273      788   96503    1.01236
1487668275      599   97222    1.0199
1487668276      806   98028    1.02835
1487668277      797   98825    1.03672
1487668278      560   99385    1.04259
1487668279      638   100136    1.05047
1487668280      774   100910    1.05859
1487668281      776   101686    1.06673
1487668282      589   102276    1.07292
1487668283      757   103033    1.08086
1487668284      574   103607    1.08688
1487668285      779   104386    1.09505
1487668286      608   104994    1.10143
1487668287      656   105650    1.10831
1487668288      558   106260    1.11471
1487668289      803   107063    1.12314
1487668290      612   107675    1.12956
1487668291      781   108456    1.13775
1487668292      626   109174    1.14528
1487668293      794   109968    1.15361
1487668294      794   110762    1.16194
1487668295      584   111346    1.16807
1487668296      653   112088    1.17585
1487668297      803   112891    1.18427
1487668298      718   113609    1.19181
1487668299      509   114228    1.1983
1487668300      784   115012    1.20652
1487668301      608   115620    1.2129
1487668302      802   116422    1.22132
1487668303      626   117142    1.22887
1487668304      807   117949    1.23733
1487668305      791   118740    1.24563
1487668306      593   119333    1.25185
1487668308      647   120056    1.25944
1487668309      806   120862    1.26789
1487668310      666   121661    1.27627
1487668311      801   122462    1.28468
1487668312      799   123261    1.29306
1487668313      626   123887    1.29963
1487668314      619   124575    1.30684
1487668315      811   125386    1.31535
1487668316      659   126180    1.32368
1487668317      806   126986    1.33214
1487668318      618   127604    1.33862
1487668319      729   128333    1.34627
1487668320      622   129094    1.35425
1487668321      806   129900    1.36271
1487668322      794   130694    1.37103
1487668323      606   131300    1.37739
1487668324      647   132008    1.38482
1487668325      766   132774    1.39285
1487668326      768   133542    1.40091
1487668327      570   134148    1.40727
1487668328      736   134884    1.41499
1487668329      591   135475    1.42119
1487668330      802   136277    1.4296
1487668332      651   137062    1.43784
1487668333      807   137869    1.4463
1487668334      783   138652    1.45452
1487668335      376   139202    1.46029
1487668336      668   139976    1.46841
1487668337      806   140782    1.47686
1487668338      783   141565    1.48508
1487668339      597   142162    1.49134
1487668340      802   142964    1.49975
1487668341      606   143570    1.50611
1487668342      792   144362    1.51442
1487668343      613   145030    1.52143
1487668344      802   145832    1.52984
1487668345      786   146618    1.53808
1487668346      590   147208    1.54427
1487668348      652   147944    1.55199
1487668349      798   148742    1.56037
1487668350      796   149538    1.56872
1487668351      582   150120    1.57482
1487668352      791   150911    1.58312
1487668353      609   151520    1.58951
1487668354      791   152311    1.59781
1487668355      607   152998    1.60501
1487668356      801   153799    1.61342
1487668357      784   154583    1.62164
1487668358      590   155173    1.62783
1487668359      655   155912    1.63558
1487668360      794   156706    1.64391
1487668361      794   157500    1.65224
1487668362      581   158081    1.65834
1487668363      786   158867    1.66658
1487668364      592   159459    1.67279
1487668365      796   160255    1.68114
1487668366      512   160966    1.6886
1487668367      750   161716    1.69647
1487668368      763   162479    1.70447
1487668369      580   163106    1.71105
1487668370      669   163880    1.71917
1487668371      804   164684    1.7276
1487668372      778   165462    1.73577
1487668373      551   166020    1.74162
1487668374      746   166766    1.74944
1487668375      608   167374    1.75582
1487668376      781   168155    1.76402
1487668378      657   168934    1.77219
1487668379      797   169731    1.78055
1487668380      804   170535    1.78898
1487668381      565   171100    1.79491
1487668382      649   171848    1.80276
1487668383      810   172658    1.81125
1487668384      773   173431    1.81936
1487668385      596   174027    1.82562
1487668386      799   174826    1.834
1487668387      623   175449    1.84053
1487668388      795   176244    1.84887
1487668389      619   176902    1.85578
1487668390      805   177707    1.86422
1487668391      797   178504    1.87258
1487668392      596   179100    1.87883
1487668393      651   179816    1.88634
1487668394      804   180620    1.89478
1487668395      789   181409    1.90306
1487668396      590   181999    1.90925
1487668397      782   182781    1.91745
1487668398      603   183384    1.92377
1487668399      797   184181    1.93214
1487668400      621   184870    1.93936
1487668401      802   185672    1.94778
1487668402      648   186320    1.95457
1487668403      582   187010    1.96181
1487668404      669   187784    1.96993
1487668405      800   188584    1.97832
1487668406      800   189384    1.98672
1487668408      479   189924    1.99238
1487668409      803   190727    2.00081
1487668410      397   191233    2.00611
1487668411      796   192029    2.01446
1487668412      790   192819    2.02275
1487668413      563   193382    2.02866
1487668414      802   194184    2.03707
1487668415      778   194962    2.04523
1487668416      598   195560    2.05151
1487668417      633   196287    2.05913
1487668418      788   197075    2.0674
1487668419      797   197872    2.07576
1487668420      529   198427    2.08158
1487668421      703   199130    2.08896
1487668422      556   199686    2.09479
1487668423      584   200271    2.10093
1487668424      805   201076    2.10937
1487668425      794   201870    2.1177
1487668426      591   202461    2.1239
1487668427      649   203185    2.1315
1487668428      794   203979    2.13982
1487668429      783   204762    2.14804
1487668430      593   205355    2.15426
1487668431      794   206149    2.16259
1487668432      654   206930    2.17078
1487668433      658   207704    2.1789
1487668434      794   208498    2.18723
1487668435      797   209295    2.19559
1487668436      576   209871    2.20163
1487668437      787   210658    2.20989
1487668439      195   210914    2.21258
1487668440      365   211279    2.2164
1487668441      793   212072    2.22472
1487668442      615   212758    2.23192
1487668443      794   213552    2.24025
1487668444      787   214339    2.24851
1487668445      590   214929    2.25469
1487668446      648   215672    2.26249
1487668447      802   216474    2.2709
1487668448      793   217267    2.27922
1487668449      573   217840    2.28523
1487668450      795   218635    2.29357
1487668451      599   219234    2.29986
1487668452      776   220010    2.308
1487668453      627   220726    2.31551
1487668454      786   221512    2.32375
1487668455      790   222302    2.33204
1487668456      562   222866    2.33796
1487668457      656   223640    2.34608
1487668458      793   224433    2.3544
1487668459      795   225228    2.36274
1487668460      561   225789    2.36862
1487668461      797   226586    2.37698
1487668462      612   227198    2.3834
1487668463      798   227996    2.39177
1487668464      625   228694    2.3991
1487668465      803   229497    2.40752
1487668466      798   230295    2.41589
1487668467      591   230886    2.42209
1487668469      602   231608    2.42966
1487668470      554   232162    2.43548
1487668471      606   232768    2.44183
1487668472      793   233561    2.45015
1487668473      597   234283    2.45773
1487668474      678   235057    2.46585
1487668475      813   235870    2.47437
1487668476      648   236662    2.48268
1487668477      794   237456    2.49101
1487668478      801   238257    2.49942
1487668479      582   238839    2.50552
1487668480      650   239576    2.51325
1487668481      810   240386    2.52175
1487668483      664   241181    2.53009
1487668484      815   241996    2.53864
1487668485      773   242769    2.54675
1487668486      622   243391    2.55327
1487668487      633   244095    2.56066
1487668488      813   244908    2.56919
1487668489      660   245700    2.5775
1487668490      813   246513    2.58602
1487668491      604   247117    2.59236
1487668492      784   247901    2.60058
1487668493      632   248614    2.60806
1487668494      794   249408    2.61639
