1485440087      1431   1431    0.0109177
1485440088      1393   2824    0.0215454
1485440089      1409   4246    0.0323944
1485440090      1365   5611    0.0428085
1485440091      1074   6685    0.0510025
1485440092      727   7476    0.0570374
1485440093      1201   8677    0.0662003
1485440094      751   9621    0.0734024
1485440095      1022   10643    0.0811996
1485440096      704   11376    0.086792
1485440097      1205   12581    0.0959854
1485440098      774   13521    0.103157
1485440099      1207   14728    0.112366
1485440101      820   15666    0.119522
1485440102      971   16637    0.12693
1485440103      666   17421    0.132912
1485440104      1123   18544    0.141479
1485440105      953   19497    0.14875
1485440106      893   20390    0.155563
1485440107      828   21321    0.162666
1485440108      908   22229    0.169594
1485440109      1204   23433    0.17878
1485440110      731   24181    0.184486
1485440111      1181   25362    0.193497
1485440112      824   26326    0.200851
1485440113      983   27309    0.208351
1485440114      732   28081    0.214241
1485440115      1220   29301    0.223549
1485440116      813   30226    0.230606
1485440117      1214   31440    0.239868
1485440118      701   32141    0.245216
1485440119      963   33104    0.252563
1485440120      940   34126    0.260361
1485440121      1048   35174    0.268356
1485440123      819   36271    0.276726
1485440124      845   37311    0.28466
1485440125      1210   38521    0.293892
1485440126      790   39456    0.301025
1485440127      1210   40666    0.310257
1485440128      906   41601    0.31739
1485440129      909   42510    0.324326
1485440130      709   43356    0.33078
1485440131      1012   44368    0.338501
1485440133      889   45501    0.347145
1485440134      739   46240    0.352783
1485440135      1209   47449    0.362007
1485440136      597   48046    0.366562
1485440137      1190   49236    0.375641
1485440138      761   50116    0.382355
1485440139      974   51090    0.389786
1485440140      984   52261    0.39872
1485440141      1028   53289    0.406563
1485440142      920   54209    0.413582
1485440143      1142   55351    0.422295
1485440144      787   56161    0.428474
1485440145      966   57127    0.435844
1485440146      871   58306    0.444839
1485440147      941   59346    0.452774
1485440148      1042   60388    0.460724
1485440150      877   61491    0.469139
1485440151      1212   62703    0.478386
1485440152      806   63636    0.485504
1485440153      1029   64665    0.493355
1485440154      688   65391    0.498894
1485440155      1208   66599    0.50811
1485440156      813   67536    0.515259
1485440157      1204   68740    0.524445
1485440158      741   69481    0.530098
1485440159      980   70461    0.537575
1485440160      922   71436    0.545013
1485440161      1013   72449    0.552742
1485440162      868   73581    0.561378
1485440164      694   74621    0.569313
1485440165      1192   75813    0.578407
1485440166      951   76764    0.585663
1485440167      679   77481    0.591133
1485440168      1202   78683    0.600304
1485440169      869   79552    0.606934
1485440170      893   80445    0.613747
1485440171      869   81381    0.620888
1485440172      1105   82486    0.629318
1485440173      854   83526    0.637253
1485440174      1215   84741    0.646523
1485440175      663   85404    0.651581
1485440176      973   86377    0.659004
1485440177      951   87426    0.667007
1485440178      1013   88439    0.674736
1485440180      873   89571    0.683372
1485440181      848   90611    0.691307
1485440182      1182   91793    0.700325
1485440183      941   92734    0.707504
1485440184      894   93628    0.714325
1485440185      1016   94644    0.722076
1485440186      819   95616    0.729492
1485440187      842   96656    0.737427
1485440188      1202   97858    0.746597
1485440189      808   98801    0.753792
1485440190      1202   100003    0.762962
1485440192      839   100946    0.770157
1485440193      972   101918    0.777573
1485440194      713   102701    0.783546
1485440195      1205   103906    0.79274
1485440196      789   104846    0.799911
1485440197      964   105810    0.807266
1485440198      908   106718    0.814194
1485440199      1034   107752    0.822083
1485440200      668   108746    0.829666
1485440201      1017   109763    0.837425
1485440203      971   110891    0.846031
1485440204      876   111931    0.853966
1485440205      963   112894    0.861313
1485440206      870   114076    0.870331
1485440207      1213   115289    0.879585
1485440208      771   116221    0.886696
1485440209      984   117205    0.894203
1485440210      682   117976    0.900085
1485440211      1064   119040    0.908203
1485440213      864   120121    0.916451
1485440214      1214   121335    0.925713
1485440215      821   122266    0.932816
1485440216      993   123259    0.940392
1485440217      692   124021    0.946205
1485440218      1193   125214    0.955307
1485440219      793   126166    0.96257
1485440220      959   127125    0.969887
1485440221      929   128054    0.976974
1485440222      1205   129259    0.986168
1485440223      777   130066    0.992325
1485440224      1198   131264    1.00146
1485440225      845   132211    1.00869
1485440226      890   133251    1.01662
1485440227      963   134214    1.02397
1485440229      873   135396    1.03299
1485440230      1202   136598    1.04216
1485440232      540   137541    1.04935
1485440233      964   138581    1.05729
1485440234      948   139529    1.06452
1485440235      1191   140720    1.07361
1485440236      700   141441    1.07911
1485440237      1073   142514    1.0873
1485440238      872   143586    1.09547
1485440239      836   144626    1.10341
1485440240      1217   145843    1.11269
1485440241      786   146771    1.11977
1485440242      1086   147857    1.12806
1485440243      941   148916    1.13614
1485440244      902   149818    1.14302
1485440245      847   150671    1.14953
1485440246      1208   151879    1.15874
1485440247      910   152816    1.16589
1485440248      1204   154020    1.17508
1485440249      938   154958    1.18224
1485440251      947   156001    1.19019
1485440252      1204   157205    1.19938
1485440253      911   158146    1.20656
1485440254      1148   159294    1.21532
1485440255      933   160227    1.22243
1485440256      963   161331    1.23086
1485440257      1206   162537    1.24006
1485440258      906   163476    1.24722
1485440259      1213   164689    1.25648
1485440260      930   165619    1.26357
1485440261      948   166661    1.27152
1485440262      1210   167871    1.28075
1485440263      912   168806    1.28789
1485440264      1214   170021    1.29716
1485440265      932   170953    1.30427
1485440266      946   171991    1.31219
1485440267      1211   173202    1.32143
1485440268      909   174136    1.32855
1485440269      1206   175342    1.33775
1485440270      924   176266    1.3448
1485440271      949   177321    1.35285
1485440272      1201   178522    1.36201
1485440273      923   179466    1.36922
1485440274      1203   180669    1.3784
1485440275      945   181614    1.3856
1485440276      939   182651    1.39352
1485440277      1214   183865    1.40278
1485440278      907   184796    1.40988
1485440279      1209   186005    1.41911
1485440280      931   186936    1.42621
1485440281      949   187981    1.43418
1485440282      1208   189189    1.4434
1485440283      896   190126    1.45055
1485440284      1213   191339    1.4598
1485440285      925   192264    1.46686
1485440286      957   193311    1.47485
1485440287      1201   194512    1.48401
1485440289      861   195456    1.49121
1485440290      1207   196663    1.50042
1485440291      934   197597    1.50755
1485440292      921   198641    1.51551
1485440293      1208   199849    1.52473
1485440294      878   200786    1.53188
1485440295      1212   201998    1.54112
1485440296      933   202931    1.54824
1485440297      938   203971    1.55618
1485440298      1199   205170    1.56532
1485440299      913   206116    1.57254
1485440300      1214   207331    1.58181
1485440301      933   208264    1.58893
1485440302      952   209301    1.59684
1485440303      1208   210509    1.60606
1485440304      915   211446    1.6132
1485440305      1205   212651    1.6224
1485440306      933   213584    1.62952
1485440307      950   214631    1.6375
1485440308      1212   215843    1.64675
1485440309      890   216776    1.65387
1485440310      1204   217980    1.66306
1485440311      920   218900    1.67007
1485440312      960   219961    1.67817
1485440313      1216   221177    1.68745
1485440314      909   222106    1.69453
1485440315      1211   223317    1.70377
1485440316      916   224233    1.71076
1485440317      950   225291    1.71883
1485440318      1210   226501    1.72807
1485440319      905   227436    1.7352
1485440320      1213   228649    1.74445
1485440321      926   229575    1.75152
1485440323      935   230621    1.7595
1485440324      1214   231835    1.76876
1485440325      800   232766    1.77586
1485440326      1168   233934    1.78477
1485440327      878   234812    1.79147
1485440328      986   235951    1.80016
1485440329      1213   237164    1.80942
1485440330      905   238096    1.81653
1485440331      963   239059    1.82388
1485440332      934   239993    1.831
1485440333      1106   241099    1.83944
1485440334      782   241996    1.84628
1485440335      1198   243194    1.85542
1485440336      785   244141    1.86265
1485440337      941   245082    1.86983
1485440338      808   245896    1.87604
1485440339      1028   246924    1.88388
1485440341      838   248041    1.8924
1485440342      1205   249246    1.9016
1485440343      796   250186    1.90877
1485440344      817   251226    1.9167
1485440345      1196   252422    1.92583
1485440346      839   253261    1.93223
1485440347      740   254086    1.93852
1485440348      1197   255283    1.94765
1485440349      566   255849    1.95197
1485440350      1152   257001    1.96076
1485440351      835   257986    1.96828
1485440352      944   258930    1.97548
1485440353      1154   260084    1.98428
1485440354      705   260846    1.9901
1485440355      507   261353    1.99397
1485440356      1129   262482    2.00258
1485440358      746   263316    2.00894
1485440359      980   264296    2.01642
1485440360      1107   265403    2.02486
1485440361      680   266176    2.03076
1485440362      856   267216    2.0387
1485440363      1087   268303    2.04699
1485440364      906   269361    2.05506
1485440365      887   270248    2.06183
1485440366      1203   271451    2.07101
1485440367      606   272057    2.07563
1485440368      881   273261    2.08482
1485440369      1224   274485    2.09415
1485440371      810   275406    2.10118
1485440372      1201   276607    2.11034
1485440373      661   277268    2.11539
1485440374      1202   278470    2.12456
1485440375      747   279306    2.13094
1485440376      1021   280327    2.13873
1485440377      848   281451    2.1473
1485440378      882   282491    2.15524
1485440379      1196   283687    2.16436
1485440380      841   284636    2.1716
1485440381      1102   285738    2.18001
1485440383      800   286781    2.18797
1485440384      919   287821    2.1959
1485440385      1158   288979    2.20473
1485440386      878   289966    2.21227
1485440387      1153   291119    2.22106
1485440388      971   292090    2.22847
1485440389      892   292982    2.23528
1485440390      710   293866    2.24202
1485440391      969   294835    2.24941
1485440392      819   295654    2.25566
1485440393      848   296726    2.26384
1485440394      1013   297739    2.27157
1485440395      716   298481    2.27723
1485440396      1210   299691    2.28646
1485440398      774   300626    2.29359
1485440399      1203   301829    2.30277
1485440400      825   302771    2.30996
1485440401      1007   303778    2.31764
1485440402      676   304526    2.32335
1485440403      1203   305729    2.33253
1485440404      793   306671    2.33971
1485440405      1043   307714    2.34767
1485440406      935   308816    2.35608
1485440407      986   309802    2.3636
1485440408      673   310571    2.36947
1485440409      1209   311780    2.37869
1485440411      817   312716    2.38583
1485440412      1111   313827    2.39431
1485440413      782   314609    2.40028
1485440414      1014   315623    2.40801
1485440415      843   316616    2.41559
1485440416      1116   317732    2.4241
1485440417      805   318761    2.43195
1485440418      814   319801    2.43989
1485440419      1174   320975    2.44884
1485440420      818   321946    2.45625
1485440421      909   322855    2.46319
1485440422      1099   323954    2.47157
1485440424      795   324806    2.47807
1485440425      801   325846    2.48601
1485440426      1114   326960    2.49451
1485440427      948   327908    2.50174
1485440428      480   328388    2.5054
1485440429      888   329421    2.51328
1485440430      1024   330445    2.5211
1485440431      714   331176    2.52667
1485440432      1184   332360    2.53571
1485440433      823   333321    2.54304
1485440434      1210   334531    2.55227
1485440435      812   335466    2.5594
1485440436      1000   336466    2.56703
1485440437      663   337221    2.57279
1485440438      1127   338348    2.58139
1485440439      914   339262    2.58836
1485440440      802   340081    2.59461
1485440442      795   341121    2.60255
1485440443      1197   342318    2.61168
1485440444      776   343266    2.61891
1485440445      880   344146    2.62563
1485440446      1170   345316    2.63455
1485440447      761   346126    2.64073
1485440448      947   347166    2.64867
1485440449      1015   348181    2.65641
1485440450      891   349311    2.66503
1485440451      1211   350522    2.67427
1485440453      742   351456    2.6814
1485440454      901   352496    2.68933
1485440455      1220   353716    2.69864
1485440456      787   354641    2.7057
1485440457      1010   355651    2.7134
1485440458      864   356786    2.72206
1485440459      875   357661    2.72874
1485440460      860   358541    2.73545
1485440461      1046   359587    2.74343
1485440463      880   360686    2.75182
1485440464      1188   361874    2.76088
1485440465      762   362636    2.76669
1485440466      972   363608    2.77411
1485440467      925   364586    2.78157
1485440468      1040   365626    2.78951
1485440469      1097   366723    2.79787
1485440470      675   367446    2.80339
1485440471      1001   368447    2.81103
1485440472      672   369201    2.81678
1485440473      1203   370404    2.82596
1485440474      814   371346    2.83315
1485440475      1208   372554    2.84236
1485440476      773   373327    2.84826
1485440477      983   374310    2.85576
1485440478      883   375246    2.8629
1485440479      1103   376349    2.87132
1485440480      829   377391    2.87926
1485440481      880   378431    2.8872
1485440482      1223   379654    2.89653
1485440484      822   380576    2.90356
1485440485      1202   381778    2.91273
1485440486      827   382721    2.91993
1485440487      950   383671    2.92718
1485440488      894   384565    2.934
1485440489      534   385191    2.93877
1485440490      964   386155    2.94613
1485440491      883   387336    2.95514
1485440492      1198   388534    2.96428
1485440493      498   389091    2.96853
1485440494      1208   390299    2.97775
1485440496      834   391236    2.98489
1485440497      1159   392395    2.99374
1485440498      913   393308    3.0007
1485440499      788   394096    3.00671
1485440500      800   394896    3.01282
1485440501      855   395851    3.0201
1485440502      1211   397062    3.02934
1485440503      846   397996    3.03647
1485440504      1095   399091    3.04482
1485440505      680   399771    3.05001
1485440506      1209   400980    3.05923
1485440507      785   401896    3.06622
1485440508      984   402880    3.07373
1485440509      884   404041    3.08259
1485440510      972   405081    3.09052
1485440511      988   406069    3.09806
1485440513      886   407226    3.10689
1485440514      1166   408392    3.11578
1485440515      827   409371    3.12325
1485440516      880   410411    3.13119
1485440517      997   411408    3.13879
1485440518      854   412556    3.14755
1485440519      1214   413770    3.15681
1485440520      781   414701    3.16392
1485440522      750   415741    3.17185
1485440523      1210   416951    3.18108
1485440524      791   417886    3.18822
1485440525      1060   418946    3.1963
1485440526      895   420031    3.20458
1485440528      813   421071    3.21252
1485440529      1215   422286    3.22179
1485440530      807   423216    3.22888
1485440531      972   424188    3.2363
1485440532      873   425361    3.24525
1485440533      954   426401    3.25318
1485440534      1216   427617    3.26246
1485440535      782   428546    3.26955
1485440536      1173   429719    3.2785
1485440537      878   430691    3.28591
1485440539      906   431731    3.29385
1485440540      976   432707    3.30129
1485440541      1109   433816    3.30975
1485440542      712   434591    3.31567
1485440543      979   435570    3.32314
1485440544      896   436736    3.33203
1485440545      882   437618    3.33876
1485440546      824   438491    3.34542
1485440547      1057   439548    3.35349
1485440548      942   440636    3.36179
1485440549      1215   441851    3.37106
1485440550      730   442581    3.37663
1485440551      1207   443788    3.38583
1485440552      835   444623    3.3922
1485440553      1210   445833    3.40144
1485440554      895   446728    3.40826
1485440555      953   447721    3.41584
1485440556      1135   448856    3.4245
1485440557      912   449866    3.43221
1485440558      1217   451083    3.44149
1485440559      839   452011    3.44857
1485440561      934   453051    3.4565
1485440562      1209   454260    3.46573
1485440563      911   455196    3.47287
1485440564      1215   456411    3.48214
1485440565      919   457341    3.48923
1485440566      963   458381    3.49717
1485440567      1197   459578    3.5063
1485440568      880   460526    3.51353
1485440569      1172   461698    3.52248
1485440570      929   462671    3.5299
1485440571      964   463711    3.53783
1485440572      1216   464927    3.54711
1485440573      917   465856    3.5542
1485440574      1214   467070    3.56346
1485440575      911   468001    3.57056
1485440576      977   469041    3.5785
1485440577      1213   470254    3.58775
1485440578      929   471186    3.59486
1485440579      1222   472408    3.60419
1485440580      921   473331    3.61123
1485440581      969   474371    3.61916
1485440582      1219   475590    3.62846
1485440583      896   476516    3.63553
1485440584      1218   477734    3.64482
1485440585      892   478661    3.65189
1485440587      695   479701    3.65983
1485440588      1208   480909    3.66904
1485440589      911   481846    3.67619
1485440590      1206   483052    3.68539
1485440591      856   483991    3.69256
1485440592      941   485031    3.70049
1485440593      1205   486236    3.70969
1485440594      902   487176    3.71686
1485440595      1219   488395    3.72616
1485440596      844   489321    3.73322
1485440597      963   490361    3.74116
1485440598      1217   491578    3.75044
1485440599      802   492506    3.75752
1485440600      1138   493644    3.7662
1485440601      835   494651    3.77389
1485440603      798   495691    3.78182
1485440604      1163   496854    3.7907
1485440605      975   497829    3.79813
1485440606      913   498742    3.8051
1485440607      1018   499760    3.81287
