1499685278      372   373    0.0110273
1499685279      365   738    0.0218182
1499685280      373   1111    0.0328455
1499685282      283   1621    0.0479231
1499685283      292   2073    0.061286
1499685284      258   2337    0.0690908
1499685286      290   2789    0.0824537
1499685288      284   3241    0.0958166
1499685289      258   3505    0.103621
1499685290      294   3957    0.116984
1499685292      293   4409    0.130347
1499685293      253   4673    0.138152
1499685294      293   5125    0.151515
1499685296      293   5577    0.164878
1499685297      261   5841    0.172683
1499685298      291   6293    0.186046
1499685300      291   6745    0.199409
1499685301      260   7009    0.207213
1499685302      289   7461    0.220576
1499685304      272   7913    0.233939
1499685305      254   8177    0.241744
1499685307      295   8629    0.255107
1499685309      230   9081    0.26847
1499685310      203   9345    0.276275
1499685311      293   9797    0.289638
1499685314      178   10249    0.303
1499685315      183   10513    0.310805
1499685317      293   10965    0.324168
1499685319      292   11417    0.337531
1499685320      261   11681    0.345336
1499685321      290   12133    0.358699
1499685323      293   12585    0.372062
1499685324      257   12849    0.379867
1499685325      292   13301    0.393229
1499685327      291   13753    0.406592
1499685328      259   14017    0.414397
1499685329      294   14469    0.42776
1499685331      293   14921    0.441123
1499685332      258   15185    0.448928
1499685333      293   15637    0.462291
1499685335      294   16089    0.475654
1499685336      259   16353    0.483459
1499685338      293   16805    0.496821
1499685339      290   17257    0.510184
1499685340      258   17521    0.517989
1499685342      293   17973    0.531352
1499685343      294   18425    0.544715
1499685345      155   18689    0.55252
1499685347      281   19141    0.565883
1499685348      294   19593    0.579246
1499685349      260   19857    0.58705
