1483929097      1418   1418    0.00270462
1483929098      1499   2917    0.00556374
1483929099      1500   4417    0.00842476
1483929100      1499   5916    0.0112839
1483929101      1500   7416    0.0141449
1483929102      1499   8915    0.017004
1483929103      1500   10416    0.0198669
1483929104      1499   11915    0.0227261
1483929105      1500   13416    0.025589
1483929107      1152   14633    0.0279102
1483929108      1273   15906    0.0303383
1483929108      1173   17079    0.0325756
1483929109      1318   18397    0.0350895
1483929110      1322   19719    0.037611
1483929111      1337   21056    0.0401611
1483929112      1200   22256    0.04245
1483929113      1336   23592    0.0449982
1483929114      1353   24945    0.0475788
1483929115      1321   26266    0.0500984
1483929116      1069   27335    0.0521374
1483929117      1348   28683    0.0547085
1483929118      1330   30013    0.0572453
1483929119      1345   31358    0.0598106
1483929120      1179   32537    0.0620594
1483929121      1353   33890    0.06464
1483929122      1340   35230    0.0671959
1483929123      1345   36575    0.0697613
1483929125      1202   37841    0.072176
1483929126      1358   39199    0.0747662
1483929127      1356   40555    0.0773525
1483929128      1093   41753    0.0796375
1483929129      1343   43096    0.0821991
1483929130      1344   44440    0.0847626
1483929131      1332   45772    0.0873032
1483929132      1202   47113    0.0898609
1483929133      1358   48471    0.0924511
1483929134      1354   49825    0.0950336
1483929135      1347   51172    0.0976028
1483929136      1196   52473    0.100084
1483929137      1360   53833    0.102678
1483929138      1213   55046    0.104992
1483929139      1205   56385    0.107546
1483929140      1158   57543    0.109755
1483929141      1207   58750    0.112057
1483929142      1174   59924    0.114296
1483929143      1184   61108    0.116554
1483929144      1302   62410    0.119038
1483929145      1186   63596    0.1213
1483929146      1281   64877    0.123743
1483929147      1069   66033    0.125948
1483929148      1331   67364    0.128487
1483929149      1155   68519    0.13069
1483929150      1323   69842    0.133213
1483929151      1163   71017    0.135454
1483929152      1356   72373    0.138041
1483929153      1317   73690    0.140553
1483929154      1349   75039    0.143126
1483929155      1324   76363    0.145651
1483929156      1170   77533    0.147882
1483929157      1348   78881    0.150454
1483929158      1332   80213    0.152994
1483929159      973   81361    0.155184
1483929160      1360   82721    0.157778
1483929161      1346   84067    0.160345
1483929162      1338   85405    0.162897
1483929163      1196   86721    0.165407
1483929164      1360   88081    0.168001
1483929165      1324   89405    0.170527
1483929166      1353   90758    0.173107
1483929167      1201   92081    0.175631
1483929168      1318   93399    0.178144
1483929169      1347   94746    0.180714
1483929170      1080   95826    0.182774
1483929171      1189   97065    0.185137
1483929172      1331   98396    0.187675
1483929173      1355   99751    0.19026
1483929174      1334   101085    0.192804
1483929176      1219   102425    0.19536
1483929177      1336   103761    0.197908
1483929178      1341   105102    0.200466
1483929179      1325   106427    0.202993
1483929180      1353   107780    0.205574
1483929181      1036   108816    0.20755
1483929182      1353   110169    0.210131
1483929183      1325   111494    0.212658
1483929184      1186   112769    0.21509
1483929185      1357   114126    0.217678
1483929186      1317   115443    0.22019
1483929187      1346   116789    0.222757
1483929188      1201   118129    0.225313
1483929189      1356   119485    0.2279
1483929190      1339   120824    0.230453
1483929191      973   122041    0.232775
1483929192      1358   123399    0.235365
1483929193      1342   124741    0.237925
1483929194      1334   126075    0.240469
1483929195      1203   127401    0.242998
1483929196      1244   128645    0.245371
1483929197      1208   129853    0.247675
1483929198      1334   131187    0.250219
1483929199      1205   132392    0.252518
1483929200      1331   133723    0.255056
1483929201      1029   134905    0.257311
1483929202      1099   136004    0.259407
1483929203      1353   137357    0.261988
1483929204      1345   138702    0.264553
1483929205      1112   139889    0.266817
1483929206      1360   141249    0.269411
1483929207      1349   142598    0.271984
1483929208      1346   143944    0.274551
1483929209      1214   145249    0.27704
1483929210      1356   146605    0.279627
1483929211      1343   147948    0.282188
1483929212      1099   149161    0.284502
1483929213      1355   150516    0.287086
1483929214      1343   151859    0.289648
1483929215      1352   153211    0.292227
1483929217      1217   154521    0.294725
1483929218      1360   155881    0.297319
1483929219      1342   157223    0.299879
1483929220      1345   158568    0.302444
1483929221      1213   159881    0.304949
1483929222      1305   161186    0.307438
1483929223      1339   162525    0.309992
1483929224      1208   163733    0.312296
1483929225      1197   164930    0.314579
1483929226      1317   166247    0.317091
1483929227      1347   167594    0.31966
1483929228      1352   168946    0.322239
1483929229      1207   170225    0.324678
1483929230      1361   171586    0.327274
1483929231      1344   172930    0.329838
1483929232      1353   174283    0.332418
1483929233      1212   175585    0.334902
1483929234      1224   176809    0.337236
1483929235      1350   178159    0.339811
1483929236      1219   179497    0.342363
1483929237      1357   180854    0.344952
1483929238      1354   182208    0.347534
1483929239      1344   183552    0.350098
1483929240      1215   184857    0.352587
1483929241      1359   186216    0.355179
1483929242      1342   187558    0.357738
1483929243      1351   188909    0.360315
1483929244      1062   189971    0.362341
1483929245      1320   191291    0.364859
1483929246      1341   192632    0.367416
1483929247      1346   193978    0.369984
1483929248      1205   195201    0.372316
1483929249      1354   196555    0.374899
1483929250      1351   197906    0.377476
1483929251      1357   199263    0.380064
1483929252      1219   200561    0.38254
1483929253      1348   201909    0.385111
1483929254      1346   203255    0.387678
1483929255      1207   204462    0.38998
1483929256      1204   205666    0.392277
1483929257      1348   207014    0.394848
1483929258      1343   208357    0.397409
1483929259      1344   209701    0.399973
1483929260      1197   210905    0.402269
1483929261      1349   212254    0.404842
1483929262      1350   213604    0.407417
1483929263      1353   214957    0.409998
1483929264      1215   216265    0.412493
1483929265      1222   217487    0.414824
1483929266      1351   218838    0.4174
1483929267      1215   220177    0.419954
1483929268      1352   221529    0.422533
1483929269      1353   222882    0.425114
1483929270      1340   224222    0.42767
1483929271      1180   225537    0.430178
1483929272      1360   226897    0.432772
1483929273      1350   228247    0.435347
1483929274      1351   229598    0.437923
1483929275      1059   230657    0.439943
1483929276      1354   232011    0.442526
1483929277      1345   233356    0.445091
1483929278      1353   234709    0.447672
1483929279      1201   235910    0.449963
1483929280      1345   237255    0.452528
1483929281      1350   238605    0.455103
1483929282      1350   239955    0.457678
1483929283      1211   241241    0.460131
1483929284      1360   242601    0.462725
1483929285      1347   243948    0.465294
1483929286      1091   245153    0.467592
1483929287      1295   246448    0.470062
1483929288      1346   247794    0.47263
1483929289      1345   249139    0.475195
1483929290      1352   250491    0.477774
1483929291      1139   251630    0.479946
1483929292      1354   252984    0.482529
1483929293      1347   254331    0.485098
1483929294      1354   255685    0.48768
1483929296      1168   256945    0.490084
1483929297      1221   258166    0.492413
1483929298      1350   259516    0.494987
1483929299      1186   260857    0.497545
1483929300      1353   262210    0.500126
1483929301      1343   263553    0.502687
1483929302      1349   264902    0.50526
1483929303      1190   266217    0.507769
1483929304      1354   267571    0.510351
1483929305      1347   268918    0.51292
1483929306      1342   270260    0.51548
1483929307      1056   271316    0.517494
1483929308      1337   272653    0.520044
1483929309      1351   274004    0.522621
1483929310      1347   275351    0.52519
1483929311      1189   276561    0.527498
1483929312      1360   277921    0.530092
1483929313      1343   279264    0.532654
1483929314      1354   280618    0.535236
1483929315      1201   281921    0.537722
1483929316      1350   283271    0.540297
1483929317      1317   284588    0.542809
1483929318      1069   285657    0.544847
1483929319      1150   286807    0.547041
1483929320      1198   288005    0.549326
1483929321      1344   289349    0.551889
1483929322      1319   290668    0.554405
1483929323      1319   291987    0.556921
1483929324      1206   293337    0.559496
1483929325      1360   294697    0.56209
1483929326      1323   296020    0.564613
1483929327      1352   297372    0.567192
1483929328      1016   298388    0.56913
1483929329      1354   299742    0.571712
1483929330      1348   301090    0.574284
1483929331      1320   302410    0.576801
1483929332      1197   303681    0.579226
1483929333      1350   305031    0.5818
1483929334      1335   306366    0.584347
1483929335      1342   307708    0.586906
1483929336      1326   309034    0.589436
1483929337      1197   310231    0.591719
1483929338      1350   311581    0.594294
1483929339      1213   312794    0.596607
1483929340      1189   314025    0.598955
1483929341      1350   315375    0.60153
1483929342      1330   316705    0.604067
1483929343      1342   318047    0.606627
1483929344      1320   319367    0.609144
1483929345      1174   320541    0.611383
1483929346      1353   321894    0.613964
1483929347      1326   323220    0.616493
1483929348      1353   324573    0.619074
1483929349      1043   325616    0.621063
1483929350      1341   326957    0.623621
1483929351      1343   328300    0.626183
1483929352      1324   329624    0.628708
1483929353      1194   330818    0.630985
1483929354      1348   332166    0.633556
1483929355      1336   333502    0.636105
1483929356      1341   334843    0.638662
1483929357      1202   336161    0.641176
1483929358      1328   337489    0.643709
1483929359      1335   338824    0.646255
1483929360      1212   340036    0.648567
1483929361      1176   341212    0.65081
1483929362      1343   342555    0.653372
1483929363      1329   343884    0.655907
1483929364      1350   345234    0.658482
1483929365      1204   346505    0.660906
1483929366      1362   347867    0.663504
1483929367      1333   349200    0.666046
1483929368      1354   350554    0.668629
1483929369      1200   351865    0.671129
1483929370      1220   353085    0.673456
1483929371      1349   354434    0.676029
1483929372      1339   355773    0.678583
1483929373      1193   356966    0.680859
1483929374      1344   358310    0.683422
1483929375      1333   359643    0.685965
1483929376      1346   360989    0.688532
1483929377      1198   362209    0.690859
1483929378      1358   363567    0.693449
1483929379      1315   364882    0.695957
1483929380      1102   366121    0.69832
1483929381      1356   367477    0.700907
1483929382      1302   368779    0.70339
1483929383      1318   370097    0.705904
1483929384      1107   371204    0.708015
1483929385      1262   372466    0.710423
1483929386      1174   373640    0.712662
1483929387      1343   374983    0.715223
1483929388      1336   376319    0.717772
1483929389      1341   377660    0.720329
1483929390      682   378342    0.72163
1483929392      1012   379681    0.724184
1483929393      1359   381040    0.726776
1483929394      1210   382250    0.729084
1483929395      1341   383591    0.731642
1483929396      1346   384937    0.734209
1483929397      1173   386113    0.736452
1483929398      1338   387451    0.739004
1483929399      1345   388796    0.74157
1483929400      1329   390125    0.744104
1483929401      1209   391473    0.746675
1483929402      1361   392834    0.749271
1483929403      1009   393843    0.751196
1483929404      1351   395194    0.753773
1483929405      1206   396457    0.756182
1483929406      1349   397806    0.758755
1483929407      1333   399139    0.761297
1483929408      1342   400481    0.763857
1483929409      1321   401802    0.766376
1483929410      1186   402988    0.768639
1483929411      1342   404330    0.771198
1483929412      1316   405646    0.773708
1483929413      958   406801    0.775911
1483929414      1360   408161    0.778505
1483929415      1346   409507    0.781073
1483929416      1313   410820    0.783577
1483929417      1197   412161    0.786135
1483929418      1354   413515    0.788717
1483929419      1334   414849    0.791262
1483929420      1342   416191    0.793821
1483929421      1205   417521    0.796358
1483929422      1338   418859    0.79891
1483929423      1354   420213    0.801493
1483929424      1008   421221    0.803415
1483929425      1206   422505    0.805864
1483929426      1356   423861    0.808451
1483929427      1342   425203    0.81101
1483929428      1336   426539    0.813559
1483929429      1202   427865    0.816088
1483929430      1349   429214    0.818661
1483929431      1312   430526    0.821163
1483929432      1350   431876    0.823738
1483929433      1339   433215    0.826292
1483929434      854   434069    0.827921
1483929435      1349   435418    0.830494
1483929436      1343   436761    0.833055
1483929437      1163   437924    0.835274
1483929438      1176   439100    0.837517
1483929440      1052   440353    0.839907
1483929441      1187   441540    0.842171
1483929442      1345   442885    0.844736
1483929443      1204   444089    0.847033
1483929444      1329   445418    0.849567
1483929445      1159   446577    0.851778
1483929446      824   447481    0.853502
1483929447      1364   448845    0.856104
1483929448      1349   450194    0.858677
1483929449      1341   451535    0.861235
1483929450      1202   452841    0.863726
1483929451      1346   454187    0.866293
1483929452      1346   455533    0.86886
1483929453      1345   456878    0.871426
1483929454      1200   458201    0.873949
1483929455      1357   459558    0.876537
1483929456      1346   460904    0.879105
1483929457      1092   462113    0.881411
1483929458      1350   463463    0.883986
1483929459      1350   464813    0.88656
1483929460      1337   466150    0.889111
1483929461      1207   467473    0.891634
1483929462      1349   468822    0.894207
1483929463      1337   470159    0.896757
1483929464      1344   471503    0.899321
1483929465      1212   472833    0.901857
1483929466      1352   474185    0.904436
1483929467      1211   475396    0.906746
1483929468      1219   476745    0.909319
1483929469      1359   478104    0.911911
1483929470      1353   479457    0.914492
1483929471      1353   480810    0.917072
1483929472      1209   482105    0.919542
1483929473      1352   483457    0.922121
1483929474      1352   484809    0.9247
1483929475      1356   486165    0.927286
1483929476      1216   487465    0.929766
1483929477      1215   488680    0.932083
1483929478      1351   490031    0.93466
1483929480      1223   491377    0.937227
1483929481      1360   492737    0.939821
1483929482      1355   494092    0.942406
1483929483      1345   495437    0.944971
1483929484      1214   496737    0.947451
1483929485      1349   498086    0.950024
1483929486      1351   499437    0.9526
