1483698333      1457   1457    0.00277901
1483698334      1500   2957    0.00564003
1483698335      1499   4456    0.00849915
1483698336      1499   5955    0.0113583
1483698337      1499   7455    0.0142193
1483698338      1499   8955    0.0170803
1483698339      1499   10455    0.0199413
1483698340      1500   11955    0.0228024
1483698341      1499   13454    0.0256615
1483698342      1232   14686    0.0280113
1483698343      1310   15996    0.0305099
1483698344      1347   17343    0.0330791
1483698345      1326   18669    0.0356083
1483698346      1173   19842    0.0378456
1483698347      1200   21042    0.0401344
1483698348      1148   22190    0.0423241
1483698349      1331   23521    0.0448627
1483698350      1352   24873    0.0474415
1483698351      1343   26216    0.0500031
1483698352      1001   27217    0.0519123
1483698353      1353   28570    0.054493
1483698354      1353   29923    0.0570736
1483698355      1298   31221    0.0595493
1483698356      1245   32466    0.061924
1483698357      1066   33613    0.0641117
1483698358      1333   34946    0.0666542
1483698359      1353   36299    0.0692348
1483698360      1325   37624    0.0717621
1483698361      1218   38973    0.0743351
1483698362      1351   40324    0.0769119
1483698363      1024   41348    0.0788651
1483698364      1345   42693    0.0814304
1483698365      1209   43987    0.0838985
1483698366      1340   45327    0.0864544
1483698367      576   46131    0.0879879
1483698368      1358   47489    0.0905781
1483698369      1353   48842    0.0931587
1483698370      1344   50186    0.0957222
1483698372      1211   51491    0.0982113
1483698373      1357   52848    0.1008
1483698374      1345   54193    0.103365
1483698375      1068   55261    0.105402
1483698376      1205   56505    0.107775
1483698377      1363   57868    0.110374
1483698378      1347   59215    0.112944
1483698379      1354   60569    0.115526
1483698380      1197   61865    0.117998
1483698381      1362   63227    0.120596
1483698382      1326   64553    0.123125
1483698383      1352   65905    0.125704
1483698384      1306   67211    0.128195
1483698385      1046   68257    0.13019
1483698386      1352   69609    0.132769
1483698387      1331   70940    0.135307
1483698388      1195   72239    0.137785
1483698389      1361   73600    0.140381
1483698390      1310   74910    0.142879
1483698391      1352   76262    0.145458
1483698392      1332   77594    0.147999
1483698393      1187   78781    0.150263
1483698394      1345   80126    0.152828
1483698395      1340   81466    0.155384
1483698396      1075   82541    0.157434
1483698397      1199   83740    0.159721
1483698398      1355   85095    0.162306
1483698399      1344   86439    0.164869
1483698400      1334   87773    0.167414
1483698401      1192   89045    0.16984
1483698402      1360   90405    0.172434
1483698403      1344   91749    0.174997
1483698404      1353   93102    0.177578
1483698405      1204   94405    0.180063
1483698406      1203   95608    0.182358
1483698407      1354   96962    0.18494
1483698408      1326   98288    0.187469
1483698409      1183   99471    0.189726
1483698410      1190   100661    0.191996
1483698411      1174   101835    0.194235
1483698412      1260   103095    0.196638
1483698413      1353   104448    0.199219
1483698414      1317   105765    0.201731
1483698415      1033   106923    0.203939
1483698416      1361   108284    0.206535
1483698417      991   109275    0.208426
1483698418      1353   110628    0.211006
1483698419      1212   111937    0.213503
1483698420      1355   113292    0.216087
1483698421      1348   114640    0.218658
1483698422      1348   115988    0.22123
1483698423      1206   117297    0.223726
1483698424      1344   118641    0.22629
1483698425      1347   119988    0.228859
1483698426      1310   121298    0.231358
1483698427      899   122311    0.23329
1483698428      1358   123669    0.23588
1483698429      1355   125024    0.238464
1483698430      1346   126370    0.241032
1483698431      1214   127671    0.243513
1483698432      1345   129016    0.246078
1483698433      1208   130224    0.248383
1483698434      1322   131546    0.250904
1483698435      1353   132899    0.253485
1483698436      1171   134103    0.255781
1483698437      1344   135447    0.258345
1483698438      1201   136648    0.260635
1483698439      1354   138002    0.263218
1483698440      1194   139196    0.265495
1483698441      1313   140509    0.268
1483698442      1346   141855    0.270567
1483698443      1327   143182    0.273098
1483698444      1196   144477    0.275568
1483698445      1359   145836    0.27816
1483698446      1319   147155    0.280676
1483698447      1352   148507    0.283255
1483698448      1029   149536    0.285217
1483698449      1336   150872    0.287766
1483698450      1358   152230    0.290356
1483698451      1335   153565    0.292902
1483698453      1200   154851    0.295355
1483698454      1361   156212    0.297951
1483698455      1326   157538    0.30048
1483698456      1352   158890    0.303059
1483698457      1214   160211    0.305578
1483698458      1337   161548    0.308128
1483698459      1346   162894    0.310696
1483698460      1063   163957    0.312723
1483698461      1211   165225    0.315142
1483698462      1354   166579    0.317724
1483698463      1354   167933    0.320307
1483698464      1324   169257    0.322832
1483698465      1087   170344    0.324905
1483698466      1203   171657    0.32741
1483698467      1120   172777    0.329546
1483698468      1154   173931    0.331747
1483698469      1350   175281    0.334322
1483698470      1298   176579    0.336798
1483698471      969   177743    0.339018
1483698472      1355   179098    0.341602
1483698473      1253   180351    0.343992
1483698474      1153   181504    0.346191
1483698475      1198   182702    0.348476
1483698476      1341   184043    0.351034
1483698477      1169   185247    0.353331
1483698478      1362   186609    0.355928
1483698479      1350   187959    0.358503
1483698480      1318   189277    0.361017
1483698481      876   190261    0.362894
1483698482      1356   191617    0.36548
1483698483      1352   192969    0.368059
1483698484      1347   194316    0.370628
1483698485      1199   195621    0.373117
1483698486      1360   196981    0.375711
1483698487      1346   198327    0.378279
1483698488      1345   199672    0.380844
1483698489      1215   200981    0.383341
1483698490      1355   202336    0.385925
1483698491      1340   203676    0.388481
1483698492      1203   204879    0.390776
1483698493      1197   206076    0.393059
1483698494      1315   207391    0.395567
1483698495      1348   208739    0.398138
1483698496      1354   210093    0.400721
1483698497      1203   211355    0.403128
1483698498      1340   212695    0.405684
1483698499      1345   214040    0.408249
1483698500      1352   215392    0.410828
1483698501      1220   216715    0.413351
1483698502      1209   217924    0.415657
1483698503      1349   219273    0.41823
1483698504      1344   220617    0.420794
1483698505      1197   221814    0.423077
1483698506      1353   223167    0.425657
1483698507      1348   224515    0.428228
1483698508      1353   225868    0.430809
1483698509      1197   227089    0.433138
1483698510      1352   228441    0.435717
1483698511      1352   229793    0.438295
1483698513      1097   231031    0.440657
1483698514      1350   232381    0.443232
1483698515      1354   233735    0.445814
1483698516      1344   235079    0.448378
1483698517      1219   236391    0.45088
1483698518      1350   237741    0.453455
1483698519      1347   239088    0.456024
1483698520      1357   240445    0.458612
1483698521      1212   241751    0.461103
1483698522      1364   243115    0.463705
1483698523      1347   244462    0.466274
1483698524      1062   245524    0.4683
1483698525      1202   246765    0.470667
1483698526      1195   247960    0.472946
1483698527      1321   249281    0.475466
1483698528      1214   250495    0.477781
1483698529      1342   251837    0.480341
1483698530      1351   253188    0.482918
1483698531      1198   254386    0.485203
1483698532      1343   255729    0.487764
1483698533      1353   257082    0.490345
1483698534      1067   258211    0.492498
1483698535      1359   259570    0.49509
1483698536      1346   260916    0.497658
1483698537      1353   262269    0.500238
1483698538      1216   263571    0.502722
1483698539      1360   264931    0.505316
1483698540      1356   266287    0.507902
1483698541      1344   267631    0.510466
1483698542      1221   268931    0.512945
1483698543      1354   270285    0.515528
1483698544      1352   271637    0.518106
1483698545      1204   272841    0.520403
1483698546      1204   274045    0.522699
1483698547      1347   275392    0.525269
1483698548      1354   276746    0.527851
1483698549      1347   278093    0.53042
1483698550      1200   279305    0.532732
1483698551      1358   280663    0.535322
1483698552      1355   282018    0.537907
1483698553      1346   283364    0.540474
1483698554      1215   284665    0.542955
1483698555      1211   285876    0.545265
1483698556      1350   287226    0.54784
1483698557      1355   288581    0.550425
1483698558      1209   289790    0.552731
1483698559      1346   291136    0.555298
1483698560      504   291823    0.556608
1483698561      1360   293183    0.559202
1483698562      1351   294534    0.561779
1483698563      1349   295883    0.564352
1483698564      1218   297183    0.566832
1483698565      1357   298540    0.56942
1483698566      1145   299685    0.571604
1483698567      1347   301032    0.574173
1483698568      1209   302241    0.576479
1483698569      1352   303593    0.579058
1483698570      1348   304941    0.581629
1483698571      1353   306294    0.584209
1483698572      1206   307557    0.586618
1483698573      1354   308911    0.589201
1483698574      1355   310266    0.591785
1483698575      1344   311610    0.594349
1483698576      1054   312664    0.596359
1483698577      1351   314015    0.598936
1483698578      1354   315369    0.601519
1483698579      1346   316715    0.604086
1483698580      1199   317931    0.606405
1483698581      1360   319291    0.608999
1483698582      1343   320634    0.611561
1483698583      1354   321988    0.614143
1483698584      1177   323165    0.616388
1483698585      1181   324363    0.618673
1483698586      1296   325659    0.621145
1483698587      1092   326751    0.623228
1483698588      1227   327978    0.625568
1483698589      1208   329186    0.627872
1483698590      1255   330441    0.630266
1483698591      1136   331577    0.632433
1483698592      1344   332921    0.634996
1483698593      1351   334272    0.637573
1483698594      1351   335623    0.64015
1483698595      1207   336881    0.64255
1483698596      1356   338237    0.645136
1483698597      1342   339579    0.647696
1483698598      1200   340779    0.649984
1483698599      1196   341975    0.652266
1483698600      1354   343329    0.654848
1483698601      1347   344676    0.657417
1483698602      1351   346027    0.659994
1483698604      1203   347255    0.662336
1483698605      1357   348612    0.664925
1483698606      1353   349965    0.667505
1483698607      1343   351308    0.670067
1483698608      1216   352615    0.67256
1483698609      1210   353825    0.674868
1483698610      1352   355177    0.677446
1483698611      1345   356522    0.680012
1483698612      1203   357725    0.682306
1483698613      1346   359071    0.684874
1483698614      1354   360425    0.687456
1483698615      1349   361774    0.690029
1483698616      1163   362989    0.692347
1483698617      1350   364339    0.694921
1483698618      1351   365690    0.697498
1483698619      1000   366931    0.699865
1483698620      1356   368287    0.702452
1483698621      1353   369640    0.705032
1483698622      1333   370973    0.707575
1483698623      1218   372291    0.710089
1483698624      1359   373650    0.712681
1483698625      1321   374971    0.7152
1483698626      1345   376316    0.717766
1483698627      1214   377651    0.720312
1483698628      1336   378987    0.72286
1483698629      1340   380327    0.725416
1483698630      1199   381526    0.727703
1483698631      1178   382704    0.72995
1483698632      1355   384059    0.732534
1483698633      1346   385405    0.735102
1483698634      1342   386747    0.737661
1483698635      1196   388025    0.740099
1483698636      1339   389364    0.742653
1483698637      1353   390717    0.745234
1483698638      1323   392040    0.747757
1483698639      1203   393385    0.750322
1483698640      1198   394583    0.752607
1483698641      1303   395886    0.755093
1483698642      1211   397097    0.757402
1483698643      1206   398303    0.759703
1483698644      1166   399471    0.76193
1483698645      1353   400824    0.764511
1483698646      1311   402135    0.767012
1483698647      1349   403484    0.769585
1483698648      1333   404817    0.772127
1483698649      1176   405993    0.77437
1483698650      1341   407334    0.776928
1483698651      1034   408368    0.7789
1483698652      1349   409717    0.781473
1483698653      1177   410917    0.783762
1483698654      1333   412250    0.786304
1483698655      1351   413601    0.788881
1483698656      1347   414948    0.791451
1483698657      622   415570    0.792637
1483698658      1342   416912    0.795197
1483698659      1330   418242    0.797733
1483698660      1186   419493    0.800119
1483698661      1358   420851    0.80271
1483698662      986   421837    0.80459
1483698663      1350   423187    0.807165
1483698664      1211   424507    0.809683
1483698665      1350   425857    0.812258
1483698666      1334   427191    0.814802
1483698667      1346   428537    0.817369
1483698668      1204   429867    0.819906
1483698669      1337   431204    0.822456
1483698670      1353   432557    0.825037
1483698671      1336   433893    0.827585
1483698673      966   434881    0.82947
1483698674      1355   436236    0.832054
1483698675      1338   437574    0.834606
1483698676      1344   438918    0.83717
1483698677      1206   440241    0.839693
1483698678      1349   441590    0.842266
1483698679      1346   442936    0.844833
1483698680      1351   444287    0.84741
1483698681      1216   445601    0.849916
1483698682      1324   446925    0.852442
1483698683      1351   448276    0.855019
1483698684      1145   449421    0.857203
1483698685      1179   450615    0.85948
1483698686      1352   451967    0.862059
1483698687      1327   453294    0.86459
1483698688      1345   454639    0.867155
1483698689      1220   455975    0.869703
1483698690      1356   457331    0.87229
1483698691      1354   458685    0.874872
1483698692      1329   460014    0.877407
1483698693      1201   461335    0.879927
1483698694      1210   462545    0.882235
1483698695      1331   463876    0.884773
1483698696      1351   465227    0.88735
1483698697      1169   466396    0.88958
1483698698      1340   467736    0.892136
1483698699      1325   469061    0.894663
1483698700      1330   470391    0.8972
1483698701      1215   471709    0.899714
1483698702      1340   473049    0.902269
1483698703      1293   474342    0.904736
1483698704      1102   475651    0.907232
1483698705      1333   476984    0.909775
1483698706      1344   478328    0.912338
1483698707      1315   479643    0.914846
1483698708      1352   480995    0.917425
1483698709      1032   482083    0.9195
1483698710      1325   483408    0.922028
1483698711      1284   484692    0.924477
1483698712      1355   486047    0.927061
1483698713      1347   487394    0.92963
1483698714      1170   488564    0.931862
1483698715      1198   489762    0.934147
1483698716      1345   491107    0.936712
1483698717      1219   492457    0.939287
1483698718      1364   493821    0.941889
1483698719      1323   495144    0.944412
1483698720      1349   496493    0.946985
1483698721      1204   497817    0.949511
1483698723      960   498889    0.951555
