1499681563      375   377    0.0111456
1499681564      373   750    0.0221729
1499681565      333   1083    0.0320177
1499681566      425   1508    0.0445824
1499681567      135   1649    0.0487509
1499681568      299   2101    0.0621138
1499681569      248   2393    0.0707464
1499681571      298   2845    0.0841093
1499681572      296   3297    0.0974722
1499681573      255   3589    0.106105
1499681575      299   4041    0.119468
1499681577      286   4493    0.132831
1499681578      180   4785    0.141463
1499681580      295   5237    0.154826
1499681581      295   5689    0.168189
1499681582      265   5981    0.176822
1499681584      297   6433    0.190185
1499681585      295   6885    0.203547
1499681586      264   7177    0.21218
1499681588      292   7629    0.225543
1499681590      291   8081    0.238906
1499681591      263   8373    0.247539
1499681592      297   8825    0.260901
1499681594      298   9277    0.274264
1499681595      265   9569    0.282897
1499681596      297   10021    0.29626
1499681598      295   10473    0.309623
1499681599      263   10765    0.318255
1499681601      293   11217    0.331618
1499681602      299   11669    0.344981
1499681603      263   11961    0.353614
1499681605      295   12413    0.366977
1499681606      292   12865    0.38034
1499681607      265   13157    0.388972
1499681610      180   13609    0.402335
1499681611      298   14061    0.415698
1499681612      261   14353    0.424331
1499681614      299   14805    0.437694
1499681616      290   15257    0.451056
1499681617      262   15549    0.459689
1499681618      292   16001    0.473052
1499681620      291   16453    0.486415
1499681621      262   16745    0.495048
1499681622      298   17197    0.50841
1499681624      300   17649    0.521773
1499681625      263   17941    0.530406
1499681627      296   18393    0.543769
1499681628      300   18845    0.557132
1499681629      265   19137    0.565764
1499681631      299   19589    0.579127
