1499857995      999   999    0
1499857996      999   1998    0
1499857997      1000   2998    0
1499857998      999   3997    0
1499857999      1000   4997    0
1499858000      1000   5997    0
1499858001      999   6996    0
1499858002      1000   7996    0
1499858003      999   8995    0
1499858004      1000   9995    0
1499858005      999   10994    0
1499858006      1000   11994    0
1499858007      999   12993    0
1499858008      1000   13993    0
1499858009      999   14992    0
1499858010      1000   15992    0
1499858011      999   16991    0
1499858012      1000   17991    0
1499858013      999   18990    0
1499858014      1000   19990    0
1499858015      1000   20990    0
1499858016      999   21989    0
1499858017      1000   22989    0
1499858018      999   23988    0
1499858019      1000   24988    0
1499858020      999   25987    0
1499858021      1000   26987    0
1499858022      999   27986    0
1499858023      1000   28986    0
1499858024      999   29985    0
1499858025      1000   30985    0
1499858026      999   31984    0
1499858027      1000   32984    0
1499858028      999   33983    0
1499858029      1000   34983    0
1499858030      1000   35983    0
1499858031      999   36982    0
1499858032      1000   37982    0
1499858033      999   38981    0
1499858034      1000   39981    0
1499858035      999   40980    0
1499858036      1000   41980    0
1499858037      999   42979    0
1499858038      1000   43979    0
1499858039      995   44974    0
1499858040      1000   45974    0
1499858041      999   46973    0
1499858042      1000   47973    0
1499858043      999   48972    0
1499858044      1000   49972    0
1499858045      1000   50972    0
1499858046      999   51971    0
1499858047      1000   52971    0
1499858048      999   53970    0
1499858049      1000   54970    0
1499858050      999   55969    0
1499858051      1000   56969    0
1499858052      999   57968    0
1499858053      1000   58968    0
1499858054      999   59967    0
1499858055      1000   60967    0
1499858056      999   61966    0
1499858057      1000   62966    0
1499858058      999   63965    0
1499858059      1000   64965    0
1499858060      1000   65965    0
1499858061      999   66964    0
1499858062      1000   67964    0
1499858063      999   68963    0
1499858064      1000   69963    0
1499858065      969   70932    0
1499858066      996   71928    0
1499858067      995   72923    0
1499858068      946   73869    0
1499858069      999   74868    0
1499858070      1000   75868    0
1499858071      999   76867    0
1499858072      948   77815    0
1499858073      1000   78815    0
1499858074      999   79814    0
1499858075      948   80762    0
1499858076      999   81761    0
1499858077      1000   82761    0
1499858078      947   83708    0
1499858079      1000   84708    0
1499858080      999   85707    0
1499858081      1000   86707    0
1499858082      924   87631    0
1499858083      1000   88631    0
1499858084      999   89630    0
1499858085      948   90578    0
1499858086      1000   91578    0
1499858087      999   92577    0
1499858088      948   93525    0
1499858089      999   94524    0
1499858090      1000   95524    0
1499858091      999   96523    0
1499858092      935   97458    0
1499858093      999   98457    0
1499858094      1000   99457    0
1499858095      947   100404    0
1499858096      1000   101404    0
1499858097      999   102403    0
1499858098      941   103344    0
1499858099      999   104343    0
1499858100      1000   105343    0
1499858101      941   106290    0
1499858102      1007   107297    0
1499858103      999   108296    0
1499858104      1000   109296    0
1499858105      937   110233    0
1499858106      1000   111233    0
1499858107      999   112232    0
1499858108      948   113180    0
1499858109      999   114179    0
1499858110      1000   115179    0
1499858111      947   116126    0
1499858112      1000   117126    0
1499858113      1000   118126    0
1499858114      999   119125    0
1499858115      948   120073    0
1499858116      999   121072    0
1499858117      1000   122072    0
1499858118      947   123019    0
1499858119      1000   124019    0
1499858120      999   125018    0
1499858121      941   125959    0
1499858122      999   126958    0
1499858123      1000   127958    0
1499858124      999   128957    0
1499858125      930   129887    0
1499858126      999   130886    0
1499858127      1000   131886    0
1499858128      929   132815    0
1499858129      999   133814    0
1499858130      1000   134814    0
1499858131      947   135761    0
1499858132      1000   136761    0
1499858133      999   137760    0
1499858134      1000   138760    0
1499858135      939   139699    0
1499858136      1000   140699    0
1499858137      883   141582    0
1499858138      1000   142582    0
1499858139      999   143581    0
1499858140      948   144529    0
1499858141      999   145528    0
1499858142      1000   146528    0
1499858143      998   147526    0
1499858144      929   148455    0
1499858145      1000   149455    0
1499858146      999   150454    0
1499858147      948   151402    0
1499858148      999   152401    0
1499858149      1000   153401    0
1499858150      947   154348    0
1499858151      1000   155348    0
1499858152      999   156347    0
1499858153      942   157312    0
1499858154      1007   158319    0
1499858155      999   159318    0
1499858156      1000   160318    0
1499858157      937   161255    0
1499858158      1000   162255    0
1499858159      999   163254    0
1499858160      948   164202    0
1499858161      999   165201    0
1499858162      1000   166201    0
1499858163      947   167148    0
1499858164      1000   168148    0
1499858165      999   169147    0
1499858166      1000   170147    0
1499858167      948   171095    0
1499858168      999   172094    0
1499858169      1000   173094    0
1499858170      947   174041    0
1499858171      1000   175041    0
1499858172      999   176040    0
1499858173      948   176988    0
1499858174      999   177987    0
1499858175      1000   178987    0
1499858176      999   179986    0
1499858177      930   180916    0
1499858178      999   181915    0
1499858179      1000   182915    0
1499858180      935   183850    0
1499858181      999   184849    0
1499858182      1000   185849    0
1499858183      947   186796    0
1499858184      1000   187796    0
1499858185      999   188795    0
1499858186      1000   189795    0
1499858187      917   190712    0
1499858188      1000   191712    0
1499858189      999   192711    0
1499858190      948   193659    0
1499858191      999   194658    0
1499858192      1000   195658    0
1499858193      948   196606    0
1499858194      999   197605    0
1499858195      1000   198605    0
1499858196      941   199575    0
1499858197      1007   200582    0
1499858198      999   201581    0
1499858199      1000   202581    0
1499858200      948   203529    0
1499858201      999   204528    0
1499858202      1000   205528    0
1499858203      947   206475    0
1499858204      1000   207475    0
1499858205      999   208474    0
1499858206      948   209422    0
1499858207      999   210421    0
1499858208      1000   211421    0
1499858209      883   212304    0
1499858210      1000   213304    0
1499858211      999   214303    0
1499858212      925   215228    0
1499858213      1000   216228    0
1499858214      999   217227    0
1499858215      941   218168    0
1499858216      999   219167    0
1499858217      1000   220167    0
1499858218      999   221166    0
1499858219      947   222113    0
1499858220      999   223112    0
1499858221      1000   224112    0
1499858222      947   225059    0
1499858223      1000   226059    0
1499858224      999   227058    0
1499858225      948   228006    0
1499858226      1000   229006    0
1499858227      999   230005    0
1499858228      1000   231005    0
1499858229      929   231934    0
1499858230      1000   232934    0
1499858231      999   233933    0
1499858232      936   234869    0
1499858233      999   235868    0
1499858234      1000   236868    0
1499858235      947   237815    0
1499858236      1000   238815    0
1499858237      999   239814    0
1499858238      1000   240814    0
1499858239      921   241735    0
1499858240      999   242734    0
1499858241      1000   243734    0
1499858242      947   244681    0
1499858243      1000   245681    0
1499858244      999   246680    0
1499858245      948   247628    0
1499858246      999   248627    0
1499858247      1000   249627    0
1499858248      942   250597    0
1499858249      1006   251603    0
1499858250      1000   252603    0
1499858251      1000   253603    0
1499858252      947   254550    0
1499858253      1000   255550    0
1499858254      999   256549    0
1499858255      948   257497    0
1499858256      999   258496    0
1499858257      1000   259496    0
1499858258      947   260443    0
1499858259      1000   261443    0
1499858260      999   262442    0
1499858261      1000   263442    0
1499858262      941   264383    0
1499858263      1000   265383    0
1499858264      999   266382    0
1499858265      941   267323    0
1499858266      1000   268323    0
1499858267      999   269322    0
1499858268      948   270270    0
1499858269      999   271269    0
1499858270      1000   272269    0
1499858271      999   273268    0
1499858272      928   274196    0
1499858273      999   275195    0
1499858274      1000   276195    0
1499858275      947   277142    0
1499858276      1000   278142    0
1499858277      999   279141    0
1499858278      948   280089    0
1499858279      1000   281089    0
1499858280      999   282088    0
1499858281      866   282954    0
1499858282      999   283953    0
1499858283      1000   284953    0
1499858284      947   285900    0
1499858285      1000   286900    0
1499858286      999   287899    0
1499858287      948   288847    0
1499858288      996   289843    0
1499858289      997   290840    0
1499858290      999   291839    0
1499858291      907   292746    0
1499858292      1000   293746    0
1499858293      999   294745    0
1499858294      948   295693    0
1499858295      999   296692    0
1499858296      1000   297692    0
1499858297      947   298639    0
1499858298      1000   299639    0
1499858299      999   300638    0
1499858300      943   301619    0
1499858301      1007   302626    0
1499858302      999   303625    0
1499858303      1000   304625    0
1499858304      947   305572    0
1499858305      1000   306572    0
1499858306      999   307571    0
1499858307      947   308518    0
1499858308      999   309517    0
1499858309      1000   310517    0
1499858310      948   311465    0
1499858311      999   312464    0
1499858312      1000   313464    0
1499858313      999   314463    0
1499858314      948   315411    0
1499858315      999   316410    0
1499858316      1000   317410    0
1499858317      947   318357    0
1499858318      1000   319357    0
1499858319      999   320356    0
1499858320      948   321304    0
1499858321      999   322303    0
1499858322      1000   323303    0
1499858323      999   324302    0
1499858324      911   325213    0
1499858325      1000   326213    0
1499858326      999   327212    0
1499858327      948   328160    0
1499858328      999   329159    0
1499858329      1000   330159    0
1499858330      947   331106    0
1499858331      1000   332106    0
1499858332      999   333105    0
1499858333      1000   334105    0
1499858334      924   335029    0
1499858335      1000   336029    0
1499858336      999   337028    0
1499858337      948   337976    0
1499858338      999   338975    0
1499858339      1000   339975    0
1499858340      945   340920    0
1499858341      999   341919    0
1499858342      1000   342919    0
1499858343      941   343882    0
1499858344      1007   344889    0
1499858345      999   345888    0
1499858346      1000   346888    0
1499858347      943   347831    0
1499858348      1000   348831    0
1499858349      999   349830    0
1499858350      948   350778    0
1499858351      999   351777    0
1499858352      883   352660    0
1499858353      999   353659    0
1499858354      1000   354659    0
1499858355      1000   355659    0
1499858356      947   356606    0
1499858357      1000   357606    0
1499858358      999   358605    0
1499858359      948   359553    0
1499858360      999   360552    0
1499858361      1000   361552    0
1499858362      947   362499    0
1499858363      1000   363499    0
1499858364      999   364498    0
1499858365      1000   365498    0
1499858366      947   366445    0
1499858367      1000   367445    0
1499858368      999   368444    0
1499858369      948   369392    0
1499858370      1000   370392    0
1499858371      999   371391    0
1499858372      948   372339    0
1499858373      999   373338    0
1499858374      1000   374338    0
1499858375      999   375337    0
1499858376      934   376271    0
1499858377      999   377270    0
1499858378      1000   378270    0
1499858379      947   379217    0
1499858380      1000   380217    0
1499858381      999   381216    0
1499858382      948   382164    0
1499858383      999   383163    0
1499858384      1000   384163    0
1499858386      943   385151    0
1499858387      1006   386157    0
1499858388      1000   387157    0
1499858389      1000   388157    0
1499858390      947   389104    0
1499858391      1000   390104    0
1499858392      999   391103    0
1499858393      948   392051    0
1499858394      999   393050    0
1499858395      1000   394050    0
1499858396      947   394997    0
1499858397      1000   395997    0
1499858398      999   396996    0
1499858399      1000   397996    0
1499858400      936   398932    0
1499858401      1000   399932    0
1499858402      996   400928    0
1499858403      947   401875    0
1499858404      1000   402875    0
1499858405      999   403874    0
1499858406      948   404822    0
1499858407      999   405821    0
1499858408      1000   406821    0
1499858409      999   407820    0
1499858410      930   408750    0
1499858411      999   409749    0
1499858412      1000   410749    0
1499858413      947   411696    0
1499858414      1000   412696    0
1499858415      1000   413696    0
1499858416      947   414643    0
1499858417      1000   415643    0
1499858417      999   416642    0
1499858418      1000   417642    0
1499858419      907   418549    0
1499858420      1000   419549    0
1499858421      999   420548    0
1499858422      948   421496    0
1499858423      999   422495    0
1499858424      792   423287    0
1499858425      999   424286    0
1499858426      1000   425286    0
1499858427      999   426285    0
1499858428      933   427218    0
1499858429      1000   428218    0
1499858430      999   429217    0
1499858431      948   430165    0
1499858432      999   431164    0
1499858433      1000   432164    0
1499858434      947   433111    0
1499858435      1000   434111    0
1499858436      999   435110    0
1499858437      1000   436110    0
1499858438      921   437031    0
1499858439      1000   438031    0
1499858440      999   439030    0
1499858441      915   439945    0
1499858442      1000   440945    0
1499858443      999   441944    0
1499858444      925   442869    0
1499858445      999   443868    0
1499858446      1000   444868    0
1499858447      999   445867    0
1499858448      919   446786    0
1499858449      999   447785    0
1499858450      1000   448785    0
1499858451      947   449732    0
1499858452      1000   450732    0
1499858453      999   451731    0
1499858454      948   452679    0
1499858455      999   453678    0
1499858456      1000   454678    0
1499858457      1000   455678    0
1499858458      927   456605    0
1499858459      1000   457605    0
1499858460      999   458604    0
1499858461      948   459552    0
1499858462      999   460551    0
1499858463      1000   461551    0
1499858464      932   462483    0
1499858465      1000   463483    0
1499858466      999   464482    0
1499858467      941   465432    0
1499858468      1007   466439    0
1499858469      999   467438    0
1499858470      1000   468438    0
1499858471      932   469370    0
1499858472      1000   470370    0
1499858473      999   471369    0
1499858474      948   472317    0
1499858475      999   473316    0
1499858476      1000   474316    0
1499858477      948   475264    0
1499858478      999   476263    0
1499858479      1000   477263    0
1499858480      999   478262    0
1499858481      948   479210    0
1499858482      999   480209    0
1499858483      1000   481209    0
1499858484      944   482153    0
1499858485      1000   483153    0
1499858486      999   484152    0
1499858487      945   485097    0
1499858488      999   486096    0
1499858489      1000   487096    0
1499858490      999   488095    0
1499858491      930   489025    0
1499858492      1000   490025    0
1499858493      999   491024    0
1499858494      948   491972    0
1499858495      999   492971    0
1499858496      798   493769    0
1499858497      999   494768    0
1499858498      1000   495768    0
1499858499      999   496767    0
1499858500      948   497715    0
1499858501      999   498714    0
1499858502      1000   499714    0
