1485823413      1405   1406    0.0107269
1485823414      1407   2813    0.0214615
1485823415      1414   4227    0.0322495
1485823416      1400   5627    0.0429306
1485823418      538   6481    0.0494461
1485823419      1048   7529    0.0574417
1485823420      876   8626    0.0658112
1485823421      1183   9809    0.0748367
1485823422      899   10708    0.0816956
1485823423      723   11531    0.0879745
1485823424      1181   12712    0.0969849
1485823425      885   13676    0.10434
1485823426      1052   14728    0.112366
1485823427      772   15500    0.118256
1485823428      1045   16545    0.126228
1485823429      747   17296    0.131958
1485823430      1127   18423    0.140556
1485823431      824   19441    0.148323
1485823432      908   20349    0.155251
1485823433      1077   21426    0.163467
1485823435      753   22346    0.170486
1485823436      1185   23531    0.179527
1485823437      787   24491    0.186852
1485823438      703   25251    0.19265
1485823439      1098   26349    0.201027
1485823440      885   27234    0.207779
1485823441      692   28111    0.21447
1485823442      1136   29247    0.223137
1485823443      793   30040    0.229187
1485823444      684   30724    0.234406
1485823446      817   31731    0.242088
1485823447      1097   32828    0.250458
1485823448      830   33876    0.258453
1485823449      1096   34972    0.266815
1485823450      735   35707    0.272423
1485823451      860   36781    0.280617
1485823452      1046   37827    0.288597
1485823453      918   38926    0.296982
1485823454      1045   39971    0.304955
1485823455      890   40861    0.311745
1485823456      847   41831    0.319145
1485823457      1157   42988    0.327972
1485823459      839   43976    0.33551
1485823460      1122   45098    0.34407
1485823461      778   45876    0.350006
1485823462      785   46881    0.357674
1485823463      1055   47936    0.365723
1485823464      918   49026    0.374039
1485823465      1174   50200    0.382996
1485823466      901   51101    0.38987
1485823467      713   51931    0.396202
1485823468      1075   53006    0.404404
1485823469      933   54076    0.412567
1485823470      1186   55262    0.421616
1485823471      891   56153    0.428413
1485823472      815   56981    0.434731
1485823473      1076   58057    0.44294
1485823475      759   59126    0.451096
1485823476      1170   60296    0.460022
1485823477      791   61087    0.466057
1485823478      833   62031    0.473259
1485823479      1150   63181    0.482033
1485823480      881   64176    0.489624
1485823481      1155   65331    0.498436
1485823482      765   66096    0.504272
1485823483      843   67081    0.511787
1485823484      1176   68257    0.52076
1485823485      835   69226    0.528152
1485823486      1092   70318    0.536484
1485823487      781   71099    0.542442
1485823489      794   72131    0.550316
1485823490      1127   73258    0.558914
1485823491      852   74276    0.566681
1485823492      1175   75451    0.575645
1485823493      767   76218    0.581497
1485823494      768   77181    0.588844
1485823495      1188   78369    0.597908
1485823496      862   79326    0.605209
1485823497      1174   80500    0.614166
1485823498      796   81296    0.620239
1485823499      866   82231    0.627373
1485823500      1180   83411    0.636375
1485823501      889   84376    0.643738
1485823502      1182   85558    0.652756
1485823503      794   86352    0.658813
1485823505      756   87281    0.665901
1485823506      812   88093    0.672096
1485823507      1062   89155    0.680199
1485823508      899   90141    0.687721
1485823509      785   90926    0.69371
1485823510      1175   92101    0.702675
1485823511      866   93046    0.709885
1485823512      1175   94221    0.718849
1485823513      863   95191    0.72625
1485823514      873   96064    0.73291
1485823515      1070   97134    0.741074
1485823516      836   98096    0.748413
1485823517      1081   99177    0.75666
1485823518      826   100241    0.764778
1485823519      768   101009    0.770638
1485823520      1047   102056    0.778625
1485823521      939   103146    0.786942
1485823522      1130   104276    0.795563
1485823524      898   105291    0.803307
1485823525      786   106077    0.809303
1485823526      1175   107252    0.818268
1485823527      871   108196    0.82547
1485823528      1183   109379    0.834496
1485823529      834   110341    0.841835
1485823530      816   111157    0.848061
1485823531      1059   112216    0.85614
1485823532      880   113246    0.863998
1485823533      1180   114426    0.873001
1485823534      842   115391    0.880363
1485823535      897   116288    0.887207
1485823536      1071   117359    0.895378
1485823537      863   118296    0.902527
1485823538      1099   119395    0.910912
1485823539      923   120441    0.918892
1485823540      809   121250    0.925064
1485823541      1081   122331    0.933311
1485823543      816   123346    0.941055
1485823544      1146   124492    0.949799
1485823545      894   125491    0.95742
1485823546      898   126389    0.964272
1485823547      1032   127421    0.972145
1485823548      841   128396    0.979584
1485823549      1174   129570    0.988541
1485823550      838   130541    0.995949
1485823551      898   131439    1.0028
1485823552      1104   132543    1.01122
1485823553      843   133446    1.01811
1485823554      1171   134617    1.02705
1485823555      845   135591    1.03448
1485823556      871   136462    1.04112
1485823557      1048   137510    1.04912
1485823559      777   138496    1.05664
1485823560      1099   139595    1.06503
1485823561      970   140565    1.07243
1485823562      717   141356    1.07846
1485823563      670   142116    1.08426
1485823564      1157   143273    1.09309
1485823565      811   144261    1.10062
1485823566      1132   145393    1.10926
1485823567      930   146323    1.11636
1485823568      440   146763    1.11971
1485823569      816   147881    1.12824
1485823570      1174   149055    1.1372
1485823571      892   149947    1.144
1485823572      747   150741    1.15006
1485823573      817   151558    1.1563
1485823574      1163   152721    1.16517
1485823575      877   153646    1.17223
1485823576      1187   154833    1.18128
1485823578      864   155791    1.18859
1485823579      866   156657    1.1952
1485823580      1179   157836    1.20419
1485823581      842   158696    1.21075
1485823582      1180   159876    1.21976
1485823583      872   160841    1.22712
1485823584      879   161720    1.23383
1485823585      1168   162888    1.24274
1485823586      832   163746    1.24928
1485823587      1181   164927    1.25829
1485823588      888   165891    1.26565
1485823589      905   166796    1.27255
1485823590      1180   167976    1.28156
1485823591      852   168828    1.28806
1485823592      1181   170009    1.29707
1485823593      877   170941    1.30418
1485823594      904   171845    1.31107
1485823595      1159   173004    1.31992
1485823596      816   173846    1.32634
1485823597      1142   174988    1.33505
1485823599      609   175991    1.3427
1485823600      836   176827    1.34908
1485823601      1173   178000    1.35803
1485823602      867   178896    1.36487
1485823603      1150   180046    1.37364
1485823604      911   181041    1.38123
1485823605      843   181884    1.38766
1485823606      1170   183054    1.39659
1485823607      864   183946    1.4034
1485823608      1178   185124    1.41238
1485823609      895   186091    1.41976
1485823610      894   186985    1.42658
1485823611      1175   188160    1.43555
1485823612      830   188996    1.44193
1485823613      1185   190181    1.45097
1485823614      890   191141    1.45829
1485823615      905   192046    1.46519
1485823616      1173   193219    1.47414
1485823617      853   194072    1.48065
1485823618      1170   195242    1.48958
1485823619      891   196191    1.49682
1485823620      907   197098    1.50374
1485823621      1179   198277    1.51273
1485823622      849   199126    1.51921
1485823623      1172   200298    1.52815
1485823624      888   201241    1.53535
1485823625      906   202147    1.54226
1485823626      1174   203321    1.55122
1485823627      842   204163    1.55764
1485823628      1185   205348    1.56668
1485823629      886   206291    1.57388
1485823630      907   207198    1.5808
1485823631      1170   208368    1.58972
1485823632      854   209222    1.59624
1485823633      1171   210393    1.60517
1485823634      888   211341    1.6124
1485823635      907   212248    1.61932
1485823636      1175   213423    1.62829
1485823637      853   214276    1.6348
1485823638      1175   215451    1.64376
1485823639      886   216391    1.65093
1485823640      906   217297    1.65784
1485823641      1181   218478    1.66685
1485823642      856   219334    1.67339
1485823643      1176   220510    1.68236
1485823644      881   221441    1.68946
1485823645      906   222347    1.69637
1485823646      1183   223530    1.7054
1485823647      858   224388    1.71194
1485823648      1170   225558    1.72087
1485823649      880   226491    1.72799
1485823650      906   227397    1.7349
1485823651      1174   228571    1.74386
1485823652      862   229433    1.75043
1485823653      1178   230611    1.75942
1485823654      880   231541    1.76652
1485823655      906   232447    1.77343
1485823656      1176   233623    1.7824
1485823657      853   234476    1.78891
1485823658      1183   235659    1.79794
1485823659      883   236591    1.80505
1485823660      687   237306    1.8105
1485823661      1004   238310    1.81816
1485823662      1176   239486    1.82713
1485823663      850   240336    1.83362
1485823664      1175   241511    1.84258
1485823665      840   242356    1.84903
1485823666      906   243262    1.85594
1485823667      1174   244436    1.8649
1485823668      851   245287    1.87139
1485823669      1177   246464    1.88037
1485823671      884   247406    1.88756
1485823672      906   248312    1.89447
1485823673      1173   249485    1.90342
1485823674      852   250337    1.90992
1485823675      1178   251515    1.91891
1485823676      883   252456    1.92609
1485823677      902   253358    1.93297
1485823678      1170   254528    1.94189
1485823679      858   255386    1.94844
1485823680      1171   256557    1.95737
1485823681      889   257506    1.96461
1485823682      907   258413    1.97153
1485823683      1171   259584    1.98047
1485823684      849   260433    1.98695
1485823685      1180   261613    1.99595
1485823686      789   262556    2.00314
1485823687      786   263342    2.00914
1485823688      942   264284    2.01633
1485823689      1176   265460    2.0253
1485823690      716   266176    2.03076
1485823691      1187   267363    2.03982
1485823692      710   268073    2.04523
1485823693      836   269081    2.05293
1485823694      1176   270257    2.0619
1485823695      829   271226    2.06929
1485823696      1025   272251    2.07711
1485823697      738   272989    2.08274
1485823699      844   274131    2.09145
1485823700      1136   275267    2.10012
1485823701      907   276276    2.10782
1485823702      1175   277451    2.11678
1485823703      881   278332    2.1235
1485823704      835   279181    2.12998
1485823705      1172   280353    2.13892
1485823706      884   281326    2.14635
1485823707      1187   282513    2.1554
1485823708      865   283378    2.162
1485823709      833   284231    2.16851
1485823710      1166   285397    2.17741
1485823711      897   286376    2.18488
1485823712      1156   287532    2.1937
1485823713      899   288431    2.20055
1485823714      849   289281    2.20704
1485823715      1182   290463    2.21606
1485823716      890   291426    2.2234
1485823717      1185   292611    2.23244
1485823718      897   293508    2.23929
1485823719      860   294368    2.24585
1485823720      1176   295544    2.25482
1485823721      878   296476    2.26193
1485823722      651   297191    2.26739
1485823723      904   298095    2.27428
1485823724      1176   299271    2.28326
1485823725      847   300118    2.28972
1485823726      1172   301290    2.29866
1485823727      893   302241    2.30592
1485823728      901   303142    2.31279
1485823729      1174   304316    2.32175
1485823730      852   305168    2.32825
1485823731      1175   306343    2.33721
1485823732      886   307291    2.34444
1485823733      902   308193    2.35133
1485823734      1175   309368    2.36029
1485823735      863   310231    2.36687
1485823736      1180   311411    2.37588
1485823737      879   312341    2.38297
1485823738      901   313242    2.38985
1485823739      1179   314421    2.39884
1485823740      857   315278    2.40538
1485823741      1178   316456    2.41437
1485823742      879   317391    2.4215
1485823743      903   318294    2.42839
1485823744      1175   319469    2.43736
1485823745      833   320302    2.44371
1485823746      1184   321486    2.45274
1485823747      888   322441    2.46003
1485823748      902   323343    2.46691
1485823749      1174   324517    2.47587
1485823750      860   325377    2.48243
1485823751      1175   326552    2.49139
1485823753      873   327491    2.49856
1485823754      905   328396    2.50546
1485823755      1173   329569    2.51441
1485823756      847   330416    2.52087
1485823757      1179   331595    2.52987
1485823758      887   332541    2.53709
1485823759      904   333445    2.54398
1485823760      1173   334618    2.55293
1485823761      846   335464    2.55939
1485823762      1172   336636    2.56833
1485823763      893   337591    2.57561
1485823764      904   338495    2.58251
1485823765      1172   339667    2.59145
1485823766      850   340517    2.59794
1485823767      1174   341691    2.6069
1485823768      886   342641    2.61414
1485823769      904   343545    2.62104
1485823770      1176   344721    2.63001
1485823771      847   345568    2.63647
1485823772      1178   346746    2.64546
1485823773      886   347691    2.65267
1485823774      905   348596    2.65958
1485823775      1176   349772    2.66855
1485823776      852   350624    2.67505
1485823777      1173   351797    2.684
1485823778      887   352741    2.6912
1485823779      901   353642    2.69807
1485823780      1175   354817    2.70704
1485823781      835   355652    2.71341
1485823782      1175   356827    2.72237
1485823783      898   357791    2.72973
1485823784      752   358551    2.73553
1485823785      1021   359572    2.74332
1485823786      943   360696    2.75189
1485823787      1178   361874    2.76088
1485823788      891   362841    2.76826
1485823789      902   363743    2.77514
1485823790      1172   364915    2.78408
1485823791      853   365768    2.79059
1485823792      1175   366943    2.79955
1485823793      883   367891    2.80679
1485823794      902   368793    2.81367
1485823795      1170   369963    2.82259
1485823796      834   370797    2.82896
1485823797      1185   371982    2.838
1485823798      889   372941    2.84531
1485823799      900   373841    2.85218
1485823800      1177   375018    2.86116
1485823801      845   375863    2.86761
1485823802      1170   377033    2.87653
1485823803      892   377991    2.88384
1485823804      904   378895    2.89074
1485823805      1164   380059    2.89962
1485823806      839   380898    2.90602
1485823807      1172   382070    2.91496
1485823809      815   383041    2.92237
1485823810      724   383801    2.92817
1485823811      1184   384985    2.9372
1485823812      934   385919    2.94433
1485823813      702   386661    2.94999
1485823814      1190   387851    2.95907
1485823815      804   388806    2.96635
1485823816      876   389682    2.97304
1485823817      1045   390727    2.98101
1485823818      835   391711    2.98852
1485823819      1177   392888    2.9975
1485823820      788   393676    3.00351
1485823821      427   394103    3.00677
1485823822      1167   395270    3.01567
1485823823      690   396046    3.02159
1485823824      1177   397223    3.03057
1485823825      899   398191    3.03796
1485823826      897   399088    3.0448
1485823827      1175   400263    3.05376
1485823828      824   401096    3.06012
1485823829      1179   402275    3.06911
1485823830      889   403241    3.07648
1485823831      894   404135    3.08331
1485823832      1174   405309    3.09226
1485823833      833   406146    3.09865
1485823834      1162   407308    3.10751
1485823836      882   408291    3.11501
1485823837      893   409184    3.12183
1485823838      1161   410345    3.13068
1485823839      843   411196    3.13718
1485823840      1176   412372    3.14615
1485823841      889   413341    3.15354
1485823842      902   414243    3.16042
1485823843      1170   415413    3.16935
1485823844      848   416261    3.17582
1485823845      1176   417437    3.18479
1485823846      888   418391    3.19207
1485823847      903   419294    3.19896
1485823848      1171   420465    3.20789
1485823849      849   421314    3.21437
1485823850      1176   422490    3.22334
1485823851      888   423441    3.2306
1485823852      657   424156    3.23605
1485823853      1009   425165    3.24375
1485823854      1169   426334    3.25267
1485823855      847   427181    3.25913
1485823856      1178   428359    3.26812
1485823857      846   429206    3.27458
1485823858      905   430111    3.28149
1485823859      1175   431286    3.29045
1485823860      847   432133    3.29691
1485823861      1180   433313    3.30592
1485823862      883   434256    3.31311
1485823863      903   435159    3.32
1485823864      1179   436338    3.32899
1485823865      850   437188    3.33548
1485823866      1182   438370    3.3445
1485823867      884   439306    3.35164
1485823868      907   440213    3.35856
1485823869      1183   441396    3.36758
1485823870      853   442249    3.37409
1485823871      1172   443421    3.38303
1485823872      877   444356    3.39017
1485823873      912   445268    3.39713
1485823874      1171   446439    3.40606
1485823875      859   447298    3.41261
1485823876      1180   448478    3.42162
1485823877      878   449406    3.4287
1485823878      904   450310    3.43559
1485823879      1172   451482    3.44453
1485823880      829   452311    3.45086
1485823881      1179   453490    3.45985
1485823882      794   454456    3.46722
1485823883      1104   455560    3.47565
1485823884      936   456646    3.48393
1485823885      1186   457832    3.49298
1485823887      890   458791    3.5003
1485823888      906   459697    3.50721
1485823889      1175   460872    3.51617
1485823890      851   461723    3.52267
1485823891      1175   462898    3.53163
1485823892      885   463841    3.53883
1485823893      903   464744    3.54572
1485823894      1177   465921    3.5547
1485823895      851   466772    3.56119
1485823896      1174   467946    3.57014
1485823897      882   468891    3.57735
1485823898      905   469796    3.58426
1485823899      1170   470966    3.59319
1485823900      837   471803    3.59957
1485823901      1184   472987    3.6086
1485823902      889   473941    3.61588
1485823903      904   474845    3.62278
1485823904      1177   476022    3.63176
1485823905      848   476870    3.63823
1485823906      1185   478055    3.64727
1485823907      881   478991    3.65441
1485823908      904   479895    3.66131
1485823909      1176   481071    3.67028
1485823910      845   481916    3.67673
1485823911      1171   483087    3.68566
1485823912      896   484041    3.69294
1485823913      904   484945    3.69984
1485823914      859   485804    3.70639
1485823915      948   486946    3.7151
1485823916      1186   488132    3.72415
1485823917      889   489091    3.73147
1485823918      902   489993    3.73835
1485823919      1179   491172    3.74734
1485823920      849   492021    3.75382
1485823921      1180   493201    3.76283
1485823922      885   494141    3.77
1485823923      904   495045    3.77689
1485823924      1178   496223    3.78588
1485823925      860   497083    3.79244
1485823926      1173   498256    3.80139
1485823927      879   499191    3.80853
