1485661195      1416   1416    0.0108032
1485661196      1311   2727    0.0208054
1485661197      1382   4111    0.0313644
1485661198      1387   5498    0.0419464
1485661200      663   6476    0.049408
1485661201      1074   7550    0.0576019
1485661202      888   8621    0.065773
1485661203      1172   9793    0.0747147
1485661204      770   10563    0.0805893
1485661205      830   11521    0.0878983
1485661206      1134   12655    0.09655
1485661207      824   13666    0.104263
1485661208      851   14517    0.110756
1485661209      888   15405    0.117531
1485661210      1052   16457    0.125557
1485661211      747   17281    0.131844
1485661212      1140   18421    0.140541
1485661213      789   19210    0.146561
1485661214      740   20141    0.153664
1485661216      691   20896    0.159424
1485661217      1065   21961    0.167549
1485661218      884   23041    0.175789
1485661219      1190   24231    0.184868
1485661220      881   25186    0.192154
1485661221      890   26076    0.198944
1485661222      1076   27152    0.207153
1485661223      877   28086    0.214279
1485661224      1179   29265    0.223274
1485661225      879   30231    0.230644
1485661226      789   31020    0.236664
1485661227      1086   32106    0.244949
1485661228      904   33131    0.252769
1485661229      1169   34300    0.261688
1485661230      296   34596    0.263947
1485661231      864   35460    0.270538
1485661232      1160   36620    0.279388
1485661233      694   37461    0.285805
1485661234      1061   38522    0.2939
1485661236      933   39606    0.30217
1485661237      906   40512    0.309082
1485661238      1167   41679    0.317986
1485661239      768   42506    0.324295
1485661240      1183   43689    0.333321
1485661241      812   44651    0.34066
1485661242      844   45495    0.347099
1485661243      1052   46547    0.355125
1485661244      817   47551    0.362785
1485661245      1057   48608    0.37085
1485661246      1069   49677    0.379005
1485661247      711   50411    0.384605
1485661248      832   51243    0.390953
1485661249      1176   52419    0.399925
1485661250      798   53311    0.406731
1485661251      1178   54489    0.415718
1485661252      892   55456    0.423096
1485661253      775   56231    0.429008
1485661254      1092   57323    0.43734
1485661255      896   58356    0.445221
1485661256      1187   59543    0.454277
1485661258      809   60501    0.461586
1485661259      853   61354    0.468094
1485661260      1081   62435    0.476341
1485661261      868   63401    0.483711
1485661262      1180   64581    0.492714
1485661263      841   65546    0.500076
1485661264      888   66434    0.506851
1485661265      1163   67597    0.515724
1485661266      786   68446    0.522202
1485661267      1181   69627    0.531212
1485661268      880   70591    0.538567
1485661269      851   71442    0.545059
1485661270      1173   72615    0.554008
1485661271      817   73491    0.560692
1485661272      1150   74641    0.569466
1485661273      827   75636    0.577057
1485661274      887   76523    0.583824
1485661275      1138   77661    0.592506
1485661276      802   78536    0.599182
1485661277      1125   79661    0.607765
1485661279      864   80681    0.615547
1485661280      901   81582    0.622421
1485661281      1146   82728    0.631165
1485661282      798   83581    0.637672
1485661283      1182   84763    0.64669
1485661284      838   85726    0.654037
1485661285      876   86602    0.660721
1485661286      1170   87772    0.669647
1485661287      810   88626    0.676163
1485661288      1181   89807    0.685173
1485661289      880   90771    0.692528
1485661290      900   91671    0.699394
1485661291      1171   92842    0.708328
1485661292      529   93671    0.714653
1485661293      1186   94857    0.723701
1485661295      888   95816    0.731018
1485661296      882   96698    0.737747
1485661297      1180   97878    0.74675
1485661298      839   98717    0.753151
1485661299      1187   99904    0.762207
1485661300      891   100861    0.769508
1485661301      901   101762    0.776382
1485661302      1180   102942    0.785385
1485661303      849   103791    0.791862
1485661304      1139   104930    0.800552
1485661305      900   105906    0.807999
1485661306      897   106803    0.814842
1485661307      1140   107943    0.82354
1485661308      848   108806    0.830124
1485661309      1175   109981    0.839088
1485661310      896   110951    0.846489
1485661311      900   111851    0.853355
1485661312      1135   112986    0.862015
1485661313      836   113851    0.868614
1485661314      1187   115038    0.87767
1485661315      893   115996    0.884979
1485661316      904   116900    0.891876
1485661317      1165   118065    0.900764
1485661318      761   118896    0.907104
1485661319      1052   119948    0.915131
1485661320      870   121041    0.92347
1485661321      772   121813    0.929359
1485661322      914   122727    0.936333
1485661323      1178   123905    0.94532
1485661324      737   124656    0.95105
1485661325      1051   125707    0.959068
1485661326      898   126605    0.965919
1485661327      882   127556    0.973175
1485661328      720   128276    0.978668
1485661329      1184   129460    0.987701
1485661330      886   130416    0.994995
1485661331      904   131320    1.00189
1485661332      1184   132504    1.01093
1485661333      863   133367    1.01751
1485661334      1174   134541    1.02647
1485661336      801   135461    1.03349
1485661337      743   136216    1.03925
1485661338      1178   137394    1.04823
1485661339      825   138361    1.05561
1485661340      1182   139543    1.06463
1485661341      907   140450    1.07155
1485661342      688   141221    1.07743
1485661343      676   141976    1.08319
1485661344      1021   142997    1.09098
1485661345      949   144121    1.09956
1485661346      1186   145307    1.1086
1485661347      890   146266    1.11592
1485661348      894   147160    1.12274
1485661349      1175   148335    1.13171
1485661350      845   149180    1.13815
1485661351      1177   150357    1.14713
1485661352      890   151311    1.15441
1485661353      903   152214    1.1613
1485661354      1184   153398    1.17033
1485661355      857   154255    1.17687
1485661356      1171   155426    1.18581
1485661357      886   156356    1.1929
1485661358      898   157254    1.19975
1485661359      1184   158438    1.20879
1485661360      853   159291    1.21529
1485661361      1178   160469    1.22428
1485661362      875   161401    1.23139
1485661363      916   162317    1.23838
1485661364      1175   163492    1.24734
1485661365      844   164336    1.25378
1485661366      1182   165518    1.2628
1485661368      880   166446    1.26988
1485661369      901   167347    1.27676
1485661370      1183   168530    1.28578
1485661371      855   169385    1.2923
1485661372      1183   170568    1.30133
1485661373      876   171491    1.30837
1485661374      902   172393    1.31525
1485661375      1185   173578    1.3243
1485661376      848   174426    1.33076
1485661377      1179   175605    1.33976
1485661378      874   176536    1.34686
1485661379      904   177440    1.35376
1485661380      1168   178608    1.36267
1485661381      855   179463    1.36919
1485661382      1176   180639    1.37817
1485661383      884   181581    1.38535
1485661384      905   182486    1.39226
1485661385      1175   183661    1.40122
1485661386      851   184512    1.40771
1485661387      1178   185690    1.4167
1485661388      887   186626    1.42384
1485661389      897   187523    1.43069
1485661390      1175   188698    1.43965
1485661391      842   189540    1.44608
1485661392      1174   190714    1.45503
1485661393      886   191671    1.46233
1485661394      904   192575    1.46923
1485661395      1172   193747    1.47817
1485661396      842   194589    1.4846
1485661397      1170   195759    1.49352
1485661398      888   196716    1.50082
1485661399      881   197597    1.50755
1485661400      1173   198770    1.51649
1485661401      843   199616    1.52295
1485661402      1179   200795    1.53194
1485661403      873   201761    1.53931
1485661404      898   202659    1.54617
1485661405      1173   203832    1.55511
1485661406      843   204675    1.56155
1485661407      1177   205852    1.57053
1485661408      891   206806    1.5778
1485661409      887   207693    1.58457
1485661410      1177   208870    1.59355
1485661411      832   209706    1.59993
1485661412      1178   210884    1.60892
1485661413      894   211851    1.61629
1485661414      893   212744    1.62311
1485661415      1183   213927    1.63213
1485661416      848   214775    1.6386
1485661417      1166   215941    1.6475
1485661418      885   216896    1.65479
1485661419      905   217801    1.66169
1485661420      1171   218972    1.67062
1485661421      844   219816    1.67706
1485661422      1168   220984    1.68597
1485661423      893   221941    1.69328
1485661424      903   222844    1.70016
1485661425      1171   224015    1.7091
1485661426      859   224874    1.71565
1485661427      1176   226050    1.72462
1485661428      888   226986    1.73177
1485661429      901   227887    1.73864
1485661430      1176   229063    1.74761
1485661431      691   229754    1.75288
1485661432      846   230601    1.75935
1485661433      1183   231784    1.76837
1485661434      797   232581    1.77445
1485661435      872   233501    1.78147
1485661436      1190   234691    1.79055
1485661437      893   235646    1.79784
1485661438      1182   236828    1.80685
1485661439      898   237726    1.81371
1485661440      851   238577    1.8202
1485661441      1175   239752    1.82916
1485661443      881   240691    1.83633
1485661444      1190   241881    1.84541
1485661445      639   242520    1.85028
1485661446      860   243591    1.85845
1485661447      1176   244767    1.86742
1485661448      825   245736    1.87482
1485661449      930   246666    1.88191
1485661450      893   247559    1.88873
1485661451      938   248497    1.89588
1485661452      732   249351    1.9024
1485661453      1143   250494    1.91112
1485661454      905   251496    1.91876
1485661455      904   252400    1.92566
1485661456      1180   253580    1.93466
1485661457      846   254426    1.94112
1485661458      1180   255606    1.95012
1485661459      879   256541    1.95725
1485661460      904   257445    1.96415
1485661461      1175   258620    1.97311
1485661462      807   259441    1.97938
1485661463      1069   260510    1.98753
1485661465      868   261586    1.99574
1485661466      744   262341    2.0015
1485661467      1080   263421    2.00974
1485661468      858   264486    2.01787
1485661469      1187   265673    2.02692
1485661470      824   266631    2.03423
1485661471      702   267386    2.03999
1485661472      1188   268574    2.04906
1485661473      891   269531    2.05636
1485661474      1179   270710    2.06535
1485661475      896   271676    2.07272
1485661476      904   272580    2.07962
1485661477      1172   273752    2.08856
1485661478      854   274606    2.09508
1485661479      1170   275776    2.104
1485661480      891   276721    2.11121
1485661481      903   277624    2.1181
1485661482      1175   278799    2.12707
1485661483      853   279652    2.13358
1485661484      1172   280824    2.14252
1485661485      885   281766    2.1497
1485661486      903   282669    2.15659
1485661487      1168   283837    2.1655
1485661488      852   284689    2.172
1485661489      1176   285865    2.18098
1485661490      887   286811    2.18819
1485661491      902   287713    2.19508
1485661492      1184   288897    2.20411
1485661493      530   289427    2.20815
1485661494      911   290426    2.21577
1485661495      1183   291609    2.2248
1485661497      893   292571    2.23214
1485661498      903   293474    2.23903
1485661499      1176   294650    2.248
1485661500      833   295483    2.25436
1485661501      1185   296668    2.2634
1485661502      889   297616    2.27063
1485661503      900   298516    2.2775
1485661504      1182   299698    2.28651
1485661505      842   300540    2.29294
1485661506      1182   301722    2.30196
1485661507      882   302661    2.30912
1485661508      901   303562    2.31599
1485661509      1173   304735    2.32494
1485661510      846   305581    2.3314
1485661511      1184   306765    2.34043
1485661512      885   307706    2.34761
1485661513      899   308605    2.35447
1485661514      1170   309775    2.3634
1485661515      852   310627    2.3699
1485661516      1175   311802    2.37886
1485661517      883   312751    2.3861
1485661518      903   313654    2.39299
1485661519      1168   314822    2.4019
1485661520      852   315674    2.4084
1485661521      1165   316839    2.41729
1485661522      891   317796    2.42459
1485661523      900   318696    2.43146
1485661524      1007   319703    2.43914
1485661525      751   320454    2.44487
1485661526      893   321411    2.45217
1485661527      1188   322599    2.46124
1485661528      883   323482    2.46797
1485661529      846   324328    2.47443
1485661530      1153   325481    2.48322
1485661531      895   326456    2.49066
1485661532      1178   327634    2.49965
1485661533      893   328527    2.50646
1485661534      848   329375    2.51293
1485661535      1175   330550    2.5219
1485661536      891   331501    2.52915
1485661537      1186   332687    2.5382
1485661538      893   333580    2.54501
1485661539      842   334422    2.55144
1485661540      1174   335596    2.56039
1485661541      887   336546    2.56764
1485661542      1180   337726    2.57664
1485661543      896   338622    2.58348
1485661544      851   339473    2.58997
1485661545      1179   340652    2.59897
1485661546      886   341591    2.60613
1485661547      1175   342766    2.6151
1485661548      893   343659    2.62191
1485661549      848   344507    2.62838
1485661550      1177   345684    2.63736
1485661551      887   346636    2.64462
1485661552      1174   347810    2.65358
1485661553      893   348703    2.66039
1485661554      832   349536    2.66675
1485661555      1185   350721    2.67579
1485661556      888   351681    2.68311
1485661557      1176   352857    2.69209
1485661558      893   353750    2.6989
1485661559      849   354599    2.70538
1485661560      1176   355775    2.71435
1485661561      882   356726    2.7216
1485661562      1178   357904    2.73059
1485661563      893   358797    2.7374
1485661564      837   359634    2.74379
1485661565      1175   360809    2.75275
1485661567      895   361771    2.76009
1485661568      1184   362955    2.76913
1485661569      892   363847    2.77593
1485661570      842   364689    2.78236
1485661571      1180   365869    2.79136
1485661572      811   366816    2.79858
1485661573      1183   367999    2.80761
1485661574      754   368753    2.81336
1485661575      812   369716    2.82071
1485661576      1178   370894    2.8297
1485661577      930   371824    2.83679
1485661578      673   372576    2.84253
1485661579      899   373475    2.84939
1485661580      913   374388    2.85635
1485661581      931   375476    2.86465
1485661582      1177   376653    2.87363
1485661583      900   377621    2.88102
1485661584      899   378520    2.88788
1485661585      1174   379694    2.89684
1485661586      844   380538    2.90327
1485661587      1170   381708    2.9122
1485661588      885   382666    2.91951
1485661589      839   383505    2.92591
1485661590      1169   384674    2.93483
1485661591      796   385566    2.94164
1485661592      1185   386751    2.95068
1485661594      817   387711    2.958
1485661595      584   388466    2.96376
1485661596      1174   389640    2.97272
1485661597      833   390611    2.98013
1485661598      1067   391678    2.98827
1485661599      933   392756    2.99649
1485661600      898   393654    3.00334
1485661601      1176   394830    3.01231
1485661602      850   395680    3.0188
1485661603      1172   396852    3.02774
1485661604      884   397801    3.03498
1485661605      900   398701    3.04185
1485661606      1175   399876    3.05081
1485661607      862   400738    3.05739
1485661608      1175   401913    3.06635
1485661609      884   402846    3.07347
1485661610      899   403745    3.08033
1485661611      1174   404919    3.08929
1485661612      847   405766    3.09575
1485661613      1170   406936    3.10468
1485661614      886   407891    3.11196
1485661615      900   408791    3.11883
1485661616      734   409525    3.12443
1485661617      1180   410705    3.13343
1485661618      855   411560    3.13995
1485661619      1178   412738    3.14894
1485661620      869   413651    3.15591
1485661621      902   414553    3.16279
1485661622      1174   415727    3.17175
1485661623      855   416582    3.17827
1485661624      1174   417756    3.18723
1485661626      882   418696    3.1944
1485661627      905   419601    3.2013
1485661628      1182   420783    3.21032
1485661629      851   421634    3.21681
1485661630      1175   422809    3.22578
1485661631      875   423741    3.23289
1485661632      907   424648    3.23981
1485661633      1171   425819    3.24874
1485661634      844   426663    3.25518
1485661635      1175   427838    3.26414
1485661636      884   428786    3.27138
1485661637      915   429701    3.27836
1485661638      1180   430881    3.28736
1485661639      844   431725    3.2938
1485661640      1180   432905    3.3028
1485661641      879   433831    3.30987
1485661642      900   434731    3.31673
1485661643      1169   435900    3.32565
1485661644      852   436752    3.33215
1485661645      1174   437926    3.34111
1485661646      879   438876    3.34836
1485661647      885   439761    3.35511
1485661648      1169   440930    3.36403
1485661649      838   441776    3.37048
1485661650      1181   442957    3.37949
1485661651      880   443921    3.38685
1485661652      900   444821    3.39371
1485661653      1167   445988    3.40262
1485661654      849   446837    3.4091
1485661655      1160   447997    3.41795
1485661656      895   448966    3.42534
1485661657      901   449867    3.43221
1485661658      1157   451024    3.44104
1485661659      838   451866    3.44746
1485661660      1191   453057    3.45655
1485661661      894   454011    3.46383
1485661662      902   454913    3.47071
1485661663      1171   456084    3.47964
1485661664      861   456945    3.48621
1485661665      1180   458125    3.49522
1485661666      878   459056    3.50232
1485661667      902   459958    3.5092
1485661668      1180   461138    3.5182
1485661669      847   461985    3.52467
1485661670      1182   463167    3.53368
1485661671      881   464101    3.54081
1485661672      901   465002    3.54768
1485661673      1180   466182    3.55669
1485661674      834   467016    3.56305
1485661675      1178   468194    3.57204
1485661676      887   469146    3.5793
1485661677      907   470053    3.58622
1485661678      1175   471228    3.59518
1485661679      804   472032    3.60132
1485661680      854   472886    3.60783
1485661681      1175   474061    3.6168
1485661682      726   474946    3.62355
1485661683      1186   476132    3.6326
1485661685      889   477091    3.63992
1485661686      1179   478270    3.64891
1485661687      893   479236    3.65628
1485661688      900   480136    3.66315
1485661689      1168   481304    3.67206
1485661690      861   482165    3.67863
1485661691      1177   483342    3.68761
1485661692      883   484281    3.69477
1485661693      906   485187    3.70168
1485661694      1179   486366    3.71068
1485661695      850   487216    3.71716
1485661696      1175   488391    3.72613
1485661697      876   489326    3.73326
1485661698      903   490229    3.74015
1485661699      999   491228    3.74777
1485661700      907   492226    3.75539
1485661701      1051   493277    3.7634
1485661702      872   494371    3.77175
1485661703      756   495127    3.77752
1485661704      945   496072    3.78473
1485661705      1177   497249    3.79371
1485661706      685   497986    3.79933
1485661707      1047   499033    3.80732
1485661708      896   499929    3.81416
