1484905330      1450   1451    0.0110703
1484905331      1417   2868    0.0218811
1484905332      1443   4311    0.0328903
1484905333      1386   5697    0.0434647
1484905334      919   6616    0.0504761
1484905335      803   7441    0.0567703
1484905336      1161   8602    0.0656281
1484905337      870   9586    0.0731354
1484905339      880   10591    0.0808029
1484905340      964   11555    0.0881577
1484905341      991   12736    0.097168
1484905342      1047   13783    0.105156
1484905343      1085   14868    0.113434
1484905344      757   15625    0.119209
1484905345      814   16601    0.126656
1484905346      978   17579    0.134117
1484905347      854   18746    0.143021
1484905348      1071   19817    0.151192
1484905350      851   20891    0.159386
1484905351      842   21896    0.167053
1484905352      1202   23098    0.176224
1484905353      820   24041    0.183418
1484905354      1095   25136    0.191772
1484905355      1042   26178    0.199722
1484905356      611   26789    0.204384
1484905357      856   27906    0.212906
1484905358      1112   29018    0.22139
1484905360      714   30051    0.229271
1484905361      1059   31110    0.23735
1484905362      899   32009    0.244209
1484905363      948   32957    0.251442
1484905364      811   33916    0.258759
1484905365      1112   35028    0.267242
1484905366      863   36061    0.275124
1484905367      854   37066    0.282791
1484905368      1117   38183    0.291313
1484905369      975   39158    0.298752
1484905370      887   40045    0.305519
1484905371      1039   41084    0.313446
1484905372      845   42071    0.320976
1484905374      790   43076    0.328644
1484905375      1210   44286    0.337875
1484905376      822   45221    0.345009
1484905377      1217   46438    0.354294
1484905378      823   47366    0.361374
1484905379      842   48371    0.369041
1484905380      971   49342    0.37645
1484905382      863   50516    0.385406
1484905382      1129   51645    0.39402
1484905384      852   52661    0.401772
1484905385      806   53666    0.409439
1484905386      1158   54824    0.418274
1484905387      953   55777    0.425545
1484905388      711   56526    0.431259
1484905389      1099   57625    0.439644
1484905390      510   58246    0.444382
1484905391      1113   59359    0.452873
1484905392      836   60391    0.460747
1484905393      1092   61483    0.469078
1484905395      894   62536    0.477112
1484905396      770   63541    0.484779
1484905397      1203   64744    0.493958
1484905398      795   65686    0.501144
1484905399      1011   66697    0.508858
1484905400      918   67831    0.517509
1484905402      747   68836    0.525177
1484905403      1096   69932    0.533539
1484905404      978   70910    0.541
1484905405      784   71696    0.546997
1484905406      1186   72882    0.556046
1484905407      801   73841    0.563362
1484905408      947   74788    0.570587
1484905409      702   75561    0.576485
1484905410      1191   76752    0.585571
1484905411      921   77673    0.592598
1484905412      740   78421    0.598305
1484905413      849   79426    0.605972
1484905414      1214   80640    0.615234
1484905415      884   81524    0.621979
1484905416      679   82286    0.627792
1484905417      1207   83493    0.637001
1484905419      766   84431    0.644157
1484905420      919   85350    0.651169
1484905421      677   86151    0.65728
1484905422      1084   87235    0.66555
1484905423      842   88296    0.673645
1484905424      1075   89371    0.681847
1484905425      596   90016    0.686768
1484905426      1206   91222    0.695969
1484905427      793   92161    0.703133
1484905428      1010   93171    0.710838
1484905429      961   94306    0.719498
1484905431      897   95311    0.727165
1484905432      1212   96523    0.736412
1484905433      834   97456    0.74353
1484905434      1076   98532    0.75174
1484905435      906   99601    0.759895
1484905436      895   100606    0.767563
1484905437      1209   101815    0.776787
1484905438      896   102751    0.783928
1484905439      1101   103852    0.792328
1484905440      827   104896    0.800293
1484905441      948   105901    0.807961
1484905442      1183   107084    0.816986
1484905443      920   108046    0.824326
1484905444      1085   109131    0.832603
1484905445      952   110191    0.840691
1484905447      982   111196    0.848358
1484905447      1203   112399    0.857536
1484905449      843   113341    0.864723
1484905450      1198   114539    0.873863
1484905451      911   115486    0.881088
1484905452      915   116491    0.888756
1484905453      1070   117561    0.896919
1484905454      932   118636    0.905121
1484905455      1195   119831    0.914238
1484905456      904   120781    0.921486
1484905457      975   121786    0.929153
1484905458      1088   122874    0.937454
1484905459      935   123931    0.945518
1484905460      1212   125143    0.954765
1484905461      858   126076    0.961884
1484905462      974   127081    0.969551
1484905463      1211   128292    0.97879
1484905464      911   129226    0.985916
1484905465      1208   130434    0.995132
1484905466      888   131371    1.00228
1484905467      968   132376    1.00995
1484905468      1143   133519    1.01867
1484905469      940   134521    1.02631
1484905470      1202   135723    1.03548
1484905471      883   136666    1.04268
1484905473      975   137671    1.05035
1484905474      1203   138874    1.05952
1484905475      915   139816    1.06671
1484905476      1177   140993    1.07569
1484905477      918   141961    1.08308
1484905478      943   142966    1.09074
1484905479      1155   144121    1.09956
1484905480      848   145111    1.10711
1484905481      1079   146190    1.11534
1484905482      846   147256    1.12347
1484905483      905   148261    1.13114
1484905484      1113   149374    1.13963
1484905485      954   150406    1.14751
1484905486      1204   151610    1.15669
1484905488      602   152551    1.16387
1484905489      969   153556    1.17154
1484905490      1210   154766    1.18077
1484905491      833   155701    1.1879
1484905492      1089   156790    1.19621
1484905493      902   157846    1.20427
1484905494      960   158851    1.21194
1484905495      1213   160064    1.22119
1484905496      916   160996    1.2283
1484905497      1058   162054    1.23637
1484905498      898   163141    1.24467
1484905499      982   164146    1.25233
1484905500      1208   165354    1.26155
1484905502      833   166291    1.2687
1484905503      1170   167461    1.27763
1484905504      824   168436    1.28506
1484905505      868   169441    1.29273
1484905506      1205   170646    1.30193
1484905507      817   171586    1.3091
1484905508      1212   172798    1.31834
1484905509      795   173731    1.32546
1484905510      858   174589    1.33201
1484905511      917   175506    1.339
1484905512      1034   176540    1.34689
1484905514      813   177596    1.35495
1484905515      1158   178754    1.36378
1484905516      959   179713    1.3711
1484905517      675   180388    1.37625
1484905518      797   181461    1.38444
1484905519      1070   182531    1.3926
1484905520      865   183606    1.4008
1484905521      1206   184812    1.41
1484905522      721   185533    1.4155
1484905523      1132   186665    1.42414
1484905524      774   187471    1.43029
1484905525      1027   188498    1.43813
1484905526      1098   189596    1.4465
1484905527      728   190331    1.45211
1484905528      960   191336    1.45978
1484905529      1211   192547    1.46902
1484905530      794   193481    1.47614
1484905531      951   194432    1.4834
1484905532      1132   195564    1.49203
1484905533      783   196347    1.49801
1484905535      791   197346    1.50563
1484905536      1173   198519    1.51458
1484905537      830   199491    1.522
1484905538      982   200473    1.52949
1484905539      868   201341    1.53611
1484905540      1208   202549    1.54533
1484905541      722   203356    1.55148
1484905542      1128   204484    1.56009
1484905543      1014   205498    1.56783
1484905544      683   206216    1.5733
1484905545      831   207221    1.58097
1484905546      1094   208315    1.58932
1484905547      844   209366    1.59734
1484905548      1101   210467    1.60574
1484905549      1011   211478    1.61345
1484905550      653   212131    1.61843
1484905552      926   213231    1.62682
1484905553      1097   214328    1.63519
1484905554      819   215376    1.64319
1484905555      1214   216590    1.65245
1484905556      796   217386    1.65852
1484905557      971   218357    1.66593
1484905558      723   219241    1.67268
1484905559      1159   220400    1.68152
1484905560      845   221386    1.68904
1484905561      874   222391    1.69671
1484905562      1211   223602    1.70595
1484905563      836   224438    1.71233
1484905564      813   225251    1.71853
1484905565      1098   226349    1.72691
1484905567      846   227396    1.73489
1484905568      982   228401    1.74256
1484905569      1036   229437    1.75047
1484905570      1078   230515    1.75869
1484905571      738   231261    1.76438
1484905572      864   232125    1.77097
1484905573      923   233048    1.77802
1484905574      983   234031    1.78551
1484905575      970   235126    1.79387
1484905576      1031   236157    1.80173
1484905577      1060   237217    1.80982
1484905578      749   237986    1.81569
1484905579      932   238991    1.82336
1484905580      1203   240195    1.83254
1484905581      554   240749    1.83677
1484905582      1009   241758    1.84447
1484905583      857   242615    1.85101
1484905584      863   243571    1.8583
1484905585      1043   244614    1.86626
1484905586      965   245716    1.87466
1484905587      1048   246764    1.88266
1484905588      869   247861    1.89103
1484905590      827   248866    1.8987
1484905591      1213   250079    1.90795
1484905592      798   251011    1.91506
1484905593      1201   252212    1.92422
1484905594      832   253156    1.93143
1484905595      884   254161    1.93909
1484905596      1212   255373    1.94834
1484905597      801   256306    1.95546
1484905598      1219   257525    1.96476
1484905600      743   258451    1.97182
1484905601      984   259435    1.97933
1484905602      646   260171    1.98495
1484905603      1210   261381    1.99418
1484905604      796   262316    2.00131
1484905605      981   263297    2.0088
1484905606      1124   264421    2.01737
1484905607      635   265056    2.02222
1484905608      1011   266067    2.02993
1484905609      913   266980    2.0369
1484905610      1040   268020    2.04483
1484905612      583   269041    2.05262
1484905613      905   269946    2.05952
1484905614      823   270769    2.0658
1484905615      1110   271879    2.07427
1484905616      838   272906    2.08211
1484905617      1189   274095    2.09118
1484905618      803   275051    2.09847
1484905619      869   276056    2.10614
1484905620      1084   277140    2.11441
1484905621      933   278201    2.12251
1484905622      1045   279246    2.13048
1484905624      847   280346    2.13887
1484905625      864   281351    2.14654
1484905626      1150   282501    2.15531
1484905627      851   283496    2.1629
1484905628      1203   284699    2.17208
1484905629      822   285641    2.17927
1484905630      857   286646    2.18694
1484905631      990   287636    2.19449
1484905632      932   288791    2.2033
1484905633      1206   289997    2.2125
1484905635      746   290936    2.21967
1484905636      856   291941    2.22733
1484905637      1165   293106    2.23622
1484905638      978   294084    2.24368
1484905639      690   294801    2.24915
1484905640      1212   296013    2.2584
1484905641      610   296623    2.26305
1484905642      1201   297824    2.27222
1484905643      744   298666    2.27864
1484905644      1021   299687    2.28643
1484905645      918   300811    2.29501
1484905646      883   301816    2.30267
1484905647      967   302783    2.31005
1484905649      995   303961    2.31904
1484905650      1052   305013    2.32706
1484905651      887   306106    2.3354
1484905652      719   307111    2.34307
1484905653      1107   308218    2.35152
1484905654      884   309256    2.35944
1484905655      1090   310346    2.36775
1484905657      890   311401    2.3758
1484905658      790   312406    2.38347
1484905659      1086   313492    2.39175
1484905660      1029   314521    2.3996
1484905661      772   315293    2.40549
1484905662      1143   316436    2.41422
1484905663      861   317411    2.42165
1484905664      944   318355    2.42886
1484905665      698   319131    2.43478
1484905666      1112   320243    2.44326
1484905667      964   321207    2.45061
1484905668      742   321991    2.4566
1484905669      811   322996    2.46426
1484905670      1204   324200    2.47345
1484905672      799   325141    2.48063
1484905673      894   326035    2.48745
1484905674      1198   327233    2.49659
1484905675      722   328001    2.50245
1484905676      870   329006    2.51012
1484905677      1215   330221    2.51939
1484905678      804   331151    2.52648
1484905679      1087   332238    2.53477
1484905680      892   333296    2.54285
1484905681      850   334301    2.55051
1484905682      1203   335504    2.55969
1484905683      827   336446    2.56688
1484905684      1112   337558    2.57536
1484905686      922   338591    2.58324
1484905687      868   339459    2.58987
1484905688      764   340311    2.59637
1484905689      1192   341503    2.60546
1484905690      838   342456    2.61273
1484905691      1088   343544    2.62103
1484905692      621   344176    2.62585
1484905693      1147   345323    2.63461
1484905694      976   346299    2.64205
1484905695      707   347036    2.64767
1484905696      1005   348041    2.65534
1484905697      985   349181    2.66404
1484905698      937   350186    2.67171
1484905699      1209   351395    2.68093
1484905700      898   352331    2.68807
1484905701      1207   353538    2.69728
1484905702      913   354476    2.70444
1484905703      976   355481    2.7121
1484905704      631   356196    2.71756
1484905705      1212   357408    2.72681
1484905706      903   358341    2.73392
1484905707      1146   359487    2.74267
1484905708      966   360453    2.75004
1484905709      950   361491    2.75796
1484905710      1214   362705    2.76722
1484905712      907   363636    2.77432
1484905713      1205   364841    2.78352
1484905714      970   365811    2.79092
1484905715      934   366786    2.79836
1484905716      1216   368002    2.80763
1484905717      911   368931    2.81472
1484905718      1215   370146    2.82399
1484905719      958   371104    2.8313
1484905720      931   372081    2.83875
1484905721      1204   373285    2.84794
1484905722      920   374226    2.85512
1484905723      1207   375433    2.86433
1484905724      965   376398    2.87169
1484905725      934   377376    2.87915
1484905726      1208   378584    2.88837
1484905727      908   379521    2.89552
1484905728      1205   380726    2.90471
1484905729      968   381694    2.91209
1484905730      927   382671    2.91955
1484905731      1206   383877    2.92875
1484905732      902   384816    2.93591
1484905733      1207   386023    2.94512
1484905734      966   386989    2.95249
1484905735      828   387966    2.95995
1484905736      1209   389175    2.96917
1484905737      909   390111    2.97631
1484905738      1209   391320    2.98553
1484905739      966   392286    2.9929
1484905740      932   393261    3.00034
1484905741      1215   394476    3.00961
1484905742      910   395406    3.01671
1484905743      1215   396621    3.02598
1484905744      958   397579    3.03329
1484905745      925   398556    3.04074
1484905746      1211   399767    3.04998
1484905747      914   400701    3.05711
1484905748      1215   401916    3.06638
1484905749      959   402875    3.07369
1484905750      931   403851    3.08114
1484905751      1213   405064    3.09039
1484905752      919   405996    3.0975
1484905753      1213   407209    3.10676
1484905754      971   408180    3.11417
1484905755      928   409146    3.12154
1484905756      1212   410358    3.13078
1484905757      917   411291    3.1379
1484905758      1219   412510    3.1472
1484905759      967   413477    3.15458
1484905760      930   414441    3.16193
1484905761      1213   415654    3.17119
1484905762      918   416586    3.1783
1484905763      1214   417800    3.18756
1484905764      971   418771    3.19497
1484905765      932   419736    3.20233
1484905766      1217   420953    3.21162
1484905767      913   421881    3.2187
1484905768      1214   423095    3.22796
1484905769      972   424067    3.23537
1484905770      922   425031    3.24273
1484905771      1218   426249    3.25202
1484905772      908   427176    3.25909
1484905773      1216   428392    3.26837
1484905774      973   429365    3.27579
1484905775      928   430326    3.28313
1484905776      1216   431542    3.2924
1484905777      917   432471    3.29949
1484905778      1205   433676    3.30869
1484905779      967   434643    3.31606
1484905781      931   435621    3.32352
1484905782      1214   436835    3.33279
1484905783      916   437766    3.33989
1484905784      1007   438773    3.34757
1484905785      925   439698    3.35463
1484905786      1199   440897    3.36378
1484905787      723   441631    3.36938
1484905788      1214   442845    3.37864
1484905789      790   443776    3.38574
1484905790      972   444748    3.39316
1484905791      885   445633    3.39991
1484905792      978   446611    3.40737
1484905793      831   447641    3.41523
1484905794      1217   448858    3.42451
1484905795      814   449786    3.43159
1484905796      848   450791    3.43926
1484905797      1217   452008    3.44855
1484905798      811   452936    3.45563
1484905799      1215   454151    3.4649
1484905801      792   455081    3.47199
1484905802      844   456086    3.47966
1484905803      1215   457301    3.48893
1484905804      798   458231    3.49603
1484905805      1205   459436    3.50522
1484905806      818   460376    3.51239
1484905807      870   461381    3.52006
1484905808      1072   462453    3.52824
1484905809      932   463526    3.53642
1484905810      981   464507    3.54391
1484905812      876   465671    3.55279
1484905813      871   466676    3.56046
1484905814      1007   467683    3.56814
1484905815      868   468821    3.57682
1484905816      1216   470037    3.5861
1484905817      800   470966    3.59319
1484905819      848   471971    3.60085
1484905820      1211   473182    3.61009
1484905821      794   474116    3.61722
1484905822      1215   475331    3.62649
1484905823      811   476261    3.63358
1484905824      884   477266    3.64125
1484905825      1205   478471    3.65044
1484905826      820   479411    3.65762
1484905827      978   480389    3.66508
1484905829      871   481556    3.67398
1484905830      875   482561    3.68165
1484905831      1022   483583    3.68945
1484905832      865   484706    3.69801
1484905833      1217   485923    3.7073
1484905834      788   486851    3.71438
1484905835      971   487856    3.72205
1484905836      1213   489069    3.7313
1484905837      825   490001    3.73841
1484905838      789   490790    3.74443
1484905839      1196   491986    3.75356
1484905840      801   492787    3.75967
1484905841      981   493768    3.76715
1484905842      919   494687    3.77416
1484905843      1025   495712    3.78198
1484905844      853   496726    3.78972
1484905846      861   497731    3.79739
1484905847      1202   498933    3.80656
1484905848      830   499876    3.81375
