1484906261      1424   1424    0.0108643
1484906262      1433   2857    0.0217972
1484906263      1392   4251    0.0324326
1484906264      1411   5662    0.0431976
1484906265      960   6716    0.051239
1484906266      1208   7924    0.0604553
1484906267      923   8861    0.0676041
1484906268      1212   10073    0.0768509
1484906269      978   11051    0.0843124
1484906270      924   12001    0.0915604
1484906271      1216   13217    0.100838
1484906272      915   14146    0.107925
1484906273      1122   15268    0.116486
1484906274      976   16244    0.123932
1484906275      955   17286    0.131882
1484906276      1215   18501    0.141151
1484906277      910   19431    0.148247
1484906278      1207   20638    0.157455
1484906279      982   21620    0.164948
1484906280      921   22571    0.172203
1484906281      1212   23783    0.18145
1484906282      919   24716    0.188568
1484906283      1211   25927    0.197807
1484906284      976   26903    0.205254
1484906285      920   27856    0.212524
1484906286      1216   29072    0.221802
1484906287      916   30001    0.228889
1484906288      1210   31212    0.238129
1484906289      980   32192    0.245605
1484906290      920   33141    0.252846
1484906291      1212   34353    0.262093
1484906292      916   35286    0.269211
1484906293      1204   36490    0.278397
1484906294      973   37463    0.28582
1484906296      642   38426    0.293167
1484906297      1218   39644    0.30246
1484906298      910   40571    0.309532
1484906299      1211   41782    0.318771
1484906300      977   42759    0.326225
1484906301      917   43711    0.333488
1484906302      1211   44922    0.342728
1484906303      918   45856    0.349854
1484906304      1205   47061    0.359047
1484906305      972   48033    0.366463
1484906306      926   48996    0.37381
1484906307      1207   50203    0.383018
1484906308      912   51141    0.390175
1484906309      1211   52352    0.399414
1484906310      980   53332    0.406891
1484906311      922   54281    0.414131
1484906312      1018   55299    0.421898
1484906313      976   56426    0.430496
1484906314      1210   57636    0.439728
1484906315      781   58417    0.445686
1484906316      990   59566    0.454453
1484906317      1015   60581    0.462196
1484906318      895   61711    0.470818
1484906319      1191   62902    0.479904
1484906320      689   63591    0.485161
1484906321      1210   64801    0.494392
1484906322      718   65566    0.500229
1484906323      1216   66782    0.509506
1484906324      808   67711    0.516594
1484906325      981   68692    0.524078
1484906326      612   69304    0.528748
1484906328      771   70136    0.535095
1484906329      1213   71349    0.54435
1484906330      796   72281    0.55146
1484906331      970   73251    0.558861
1484906332      968   74219    0.566246
1484906333      1021   75240    0.574036
1484906334      778   76136    0.580872
1484906335      1211   77347    0.590111
1484906336      794   78281    0.597237
1484906337      724   79276    0.604828
1484906338      1210   80486    0.614059
1484906340      796   81421    0.621193
1484906341      1065   82486    0.629318
1484906342      928   83566    0.637558
1484906343      869   84561    0.645149
1484906344      1063   85624    0.653259
1484906345      947   86706    0.661514
1484906346      982   87688    0.669006
1484906347      870   88851    0.677879
1484906348      984   89846    0.685471
1484906349      1151   90997    0.694252
1484906351      856   91991    0.701836
1484906352      1211   93202    0.711075
1484906353      912   94136    0.718201
1484906354      980   95131    0.725792
1484906355      947   96078    0.733017
1484906356      1004   97276    0.742157
1484906357      954   98230    0.749435
1484906358      995   99421    0.758522
1484906359      980   100416    0.766113
1484906360      1211   101627    0.775352
1484906361      917   102561    0.782478
1484906362      1020   103581    0.79026
1484906363      979   104706    0.798843
1484906364      977   105701    0.806435
1484906365      1218   106919    0.815727
1484906366      806   107846    0.8228
1484906367      1210   109056    0.832031
1484906368      911   109991    0.839165
1484906369      981   110986    0.846756
1484906370      999   111985    0.854378
1484906372      984   113131    0.863121
1484906373      1214   114345    0.872383
1484906374      905   115276    0.879486
1484906375      974   116271    0.887077
1484906376      1213   117484    0.896332
1484906377      913   118416    0.903442
1484906378      1205   119621    0.912636
1484906379      910   120561    0.919807
1484906380      978   121556    0.927399
1484906381      989   122545    0.934944
1484906382      987   123701    0.943764
1484906383      1206   124907    0.952965
1484906384      869   125846    0.960129
1484906385      915   126841    0.96772
1484906386      1213   128054    0.976974
1484906387      910   128986    0.984085
1484906388      996   129982    0.991684
1484906389      983   131131    1.00045
1484906390      980   132126    1.00804
1484906391      1211   133337    1.01728
1484906392      804   134271    1.02441
1484906393      1206   135477    1.03361
1484906394      916   136416    1.04077
1484906395      983   137411    1.04836
1484906396      1202   138613    1.05753
1484906398      543   139556    1.06473
1484906399      1210   140766    1.07396
1484906400      914   141701    1.08109
1484906401      881   142696    1.08868
1484906402      1217   143913    1.09797
1484906403      911   144841    1.10505
1484906404      1201   146042    1.11421
1484906405      825   146986    1.12141
1484906406      977   147981    1.12901
1484906407      1200   149181    1.13816
1484906408      917   150126    1.14537
1484906409      998   151124    1.15298
1484906411      989   152271    1.16174
1484906412      981   153266    1.16933
1484906413      1207   154473    1.17854
1484906414      825   155411    1.18569
1484906415      1213   156624    1.19495
1484906416      912   157556    1.20206
1484906417      982   158538    1.20955
1484906418      978   159516    1.21701
1484906419      990   160696    1.22601
1484906420      1211   161907    1.23525
1484906421      799   162841    1.24238
1484906422      982   163836    1.24997
1484906423      1211   165047    1.25921
1484906424      818   165981    1.26633
1484906425      1214   167195    1.2756
1484906426      910   168126    1.2827
1484906427      979   169121    1.29029
1484906428      1211   170332    1.29953
1484906429      824   171266    1.30666
1484906430      1205   172471    1.31585
1484906432      916   173411    1.32302
1484906433      733   174406    1.33061
1484906434      1045   175451    1.33858
1484906435      973   176551    1.34698
1484906436      1201   177752    1.35614
1484906437      800   178696    1.36334
1484906438      981   179691    1.37093
1484906439      1213   180904    1.38019
1484906440      917   181836    1.3873
1484906441      995   182831    1.39489
1484906442      988   183981    1.40366
1484906443      976   184976    1.41125
1484906444      1214   186190    1.42052
1484906445      909   187121    1.42762
1484906446      1015   188136    1.43536
1484906448      984   189266    1.44398
1484906449      760   190261    1.45158
1484906450      1202   191463    1.46075
1484906451      920   192406    1.46794
1484906452      1210   193616    1.47717
1484906453      806   194551    1.48431
1484906454      976   195546    1.4919
1484906455      1214   196760    1.50116
1484906456      910   197691    1.50826
1484906457      1212   198903    1.51751
1484906458      820   199836    1.52463
1484906459      961   200831    1.53222
1484906460      1215   202046    1.54149
1484906461      797   202976    1.54858
1484906462      996   203972    1.55618
1484906464      979   205121    1.56495
1484906465      983   206104    1.57245
1484906466      594   206698    1.57698
1484906467      756   207546    1.58345
1484906468      1207   208753    1.59266
1484906469      783   209691    1.59982
1484906470      1156   210847    1.60863
1484906471      858   211705    1.61518
1484906472      973   212831    1.62377
1484906473      1044   213875    1.63174
1484906474      858   214976    1.64014
1484906475      1201   216177    1.6493
1484906476      958   217135    1.65661
1484906478      810   218116    1.66409
1484906479      1178   219294    1.67308
1484906480      909   220261    1.68046
1484906481      1114   221375    1.68896
1484906482      892   222267    1.69576
1484906483      942   223401    1.70441
1484906484      1095   224496    1.71277
1484906485      871   225546    1.72078
1484906486      1217   226763    1.73006
1484906487      824   227587    1.73635
1484906488      857   228686    1.74474
1484906489      1205   229891    1.75393
1484906491      795   230831    1.7611
1484906492      1211   232042    1.77034
1484906493      657   232699    1.77535
1484906494      1208   233907    1.78457
1484906495      733   234686    1.79051
1484906496      594   235401    1.79597
1484906497      1120   236521    1.80451
1484906498      859   237546    1.81233
1484906499      966   238541    1.81992
1484906500      1163   239704    1.8288
1484906501      845   240686    1.83629
1484906502      1043   241729    1.84425
1484906503      969   242831    1.85265
1484906505      796   243826    1.86024
1484906506      1211   245037    1.86948
1484906507      813   245971    1.87661
1484906508      1204   247175    1.8858
1484906509      807   248116    1.89297
1484906510      791   249111    1.90057
1484906511      1215   250326    1.90984
1484906512      797   251256    1.91693
1484906513      1157   252413    1.92576
1484906514      813   253401    1.9333
1484906515      957   254358    1.9406
1484906517      711   255111    1.94634
1484906518      1197   256308    1.95547
1484906519      830   257256    1.96271
1484906520      1076   258332    1.97092
1484906521      750   259082    1.97664
1484906522      1205   260287    1.98583
1484906523      860   261147    1.99239
1484906524      1030   262177    2.00025
1484906525      844   263256    2.00848
1484906526      967   264251    2.01608
1484906527      887   265138    2.02284
1484906528      1182   266320    2.03186
1484906529      910   267230    2.0388
1484906530      1037   268267    2.04671
1484906531      928   269256    2.05426
1484906532      904   270251    2.06185
1484906533      1183   271434    2.07088
1484906534      837   272396    2.07822
1484906535      1205   273601    2.08741
1484906536      896   274541    2.09458
1484906537      893   275536    2.10217
1484906538      1119   276655    2.11071
1484906540      881   277681    2.11854
1484906541      1043   278724    2.1265
1484906542      885   279826    2.1349
1484906543      958   280821    2.14249
1484906544      1217   282038    2.15178
1484906545      800   282966    2.15886
1484906546      1027   283993    2.16669
1484906547      1099   285092    2.17508
1484906548      973   286065    2.1825
1484906549      665   286821    2.18827
1484906550      1043   287864    2.19623
1484906551      910   288966    2.20464
1484906552      1151   290117    2.21342
1484906553      832   290949    2.21976
1484906554      874   291823    2.22643
1484906556      906   292821    2.23405
1484906557      1201   294022    2.24321
1484906558      846   294966    2.25041
1484906559      966   295961    2.258
1484906560      1206   297167    2.2672
1484906561      833   298106    2.27437
1484906562      1209   299315    2.28359
1484906563      785   300251    2.29073
1484906564      973   301246    2.29832
1484906565      1196   302442    2.30745
1484906566      793   303391    2.31469
1484906567      1210   304601    2.32392
1484906568      822   305536    2.33105
1484906570      782   306531    2.33865
1484906571      1140   307671    2.34734
1484906572      873   308676    2.35501
1484906573      1096   309772    2.36337
1484906574      966   310738    2.37074
1484906575      913   311651    2.37771
1484906576      857   312531    2.38442
1484906577      1205   313736    2.39362
1484906578      852   314676    2.40079
1484906579      1207   315883    2.41
1484906580      916   316821    2.41715
1484906581      810   317816    2.42474
1484906582      921   318737    2.43177
1484906583      1191   319928    2.44086
1484906584      902   320830    2.44774
1484906585      1085   321915    2.45602
1484906586      642   322557    2.46091
1484906587      1203   323760    2.47009
1484906588      853   324613    2.4766
1484906589      968   325581    2.48399
1484906590      972   326676    2.49234
1484906591      882   327671    2.49993
1484906592      1101   328772    2.50833
1484906594      822   329816    2.5163
1484906595      1171   330987    2.52523
1484906596      882   331961    2.53266
1484906597      718   332956    2.54025
1484906598      1208   334164    2.54947
1484906599      819   335101    2.55662
1484906600      1142   336243    2.56533
1484906601      865   337246    2.57298
1484906603      901   338241    2.58057
1484906604      1209   339450    2.5898
1484906605      838   340386    2.59694
1484906606      1179   341565    2.60593
1484906607      823   342531    2.6133
1484906608      761   343526    2.6209
1484906609      1084   344610    2.62917
1484906610      836   345671    2.63726
1484906611      1214   346885    2.64652
1484906613      789   347816    2.65363
1484906614      986   348811    2.66122
1484906615      1186   349997    2.67027
1484906616      818   350956    2.67758
1484906617      1123   352079    2.68615
1484906618      980   353059    2.69363
1484906619      806   353865    2.69978
1484906620      732   354597    2.70536
1484906621      782   355526    2.71245
1484906622      1216   356742    2.72173
1484906623      736   357671    2.72881
1484906624      1139   358810    2.7375
1484906625      494   359381    2.74186
1484906626      1108   360489    2.75031
1484906628      873   361526    2.75822
1484906629      1099   362625    2.76661
1484906630      934   363671    2.77459
1484906631      960   364666    2.78218
1484906632      1157   365823    2.79101
1484906633      926   366811    2.79855
1484906634      1212   368023    2.80779
1484906635      881   368956    2.81491
1484906636      982   369951    2.8225
1484906637      1211   371162    2.83174
1484906638      868   372096    2.83887
1484906639      1173   373269    2.84782
1484906640      885   374241    2.85523
1484906641      974   375236    2.86282
1484906642      1192   376428    2.87192
1484906643      821   377381    2.87919
1484906644      1211   378592    2.88843
1484906645      831   379526    2.89555
1484906646      930   380521    2.90314
1484906647      1157   381678    2.91197
1484906649      894   382666    2.91951
1484906650      1214   383880    2.92877
1484906651      831   384811    2.93587
1484906652      885   385806    2.94347
1484906653      1144   386950    2.95219
1484906654      905   387951    2.95983
1484906655      1208   389159    2.96905
1484906656      909   390096    2.9762
1484906657      980   391091    2.98379
1484906658      1210   392301    2.99302
1484906659      909   393236    3.00015
1484906660      1115   394351    3.00866
1484906661      939   395381    3.01652
1484906662      929   396376    3.02411
1484906663      1207   397583    3.03332
1484906664      910   398521    3.04047
1484906665      1179   399700    3.04947
1484906666      877   400666    3.05684
1484906667      974   401661    3.06443
1484906668      1089   402750    3.07274
1484906669      882   403806    3.0808
1484906670      1216   405022    3.09007
1484906671      901   405951    3.09716
1484906673      930   406946    3.10475
1484906674      1159   408105    3.11359
1484906675      937   409091    3.12112
1484906676      1084   410175    3.12939
1484906677      875   411236    3.13748
1484906678      913   412231    3.14507
1484906679      1176   413407    3.15405
1484906680      913   414376    3.16144
1484906681      1198   415574    3.17058
1484906682      835   416521    3.1778
1484906683      976   417516    3.18539
1484906684      1208   418724    3.19461
1484906685      721   419661    3.20176
1484906686      1210   420871    3.21099
1484906687      912   421806    3.21812
1484906689      864   422801    3.22572
1484906690      1035   423836    3.23361
1484906691      948   424946    3.24208
1484906692      1150   426096    3.25085
1484906693      838   427091    3.25845
1484906694      863   428086    3.26604
1484906695      1176   429262    3.27501
1484906696      771   430231    3.2824
1484906697      1102   431333    3.29081
1484906698      1019   432352    3.29858
1484906699      771   433123    3.30447
1484906700      939   434086    3.31181
1484906701      1025   435111    3.31963
1484906703      856   436231    3.32818
1484906704      1084   437315    3.33645
1484906705      980   438295    3.34393
1484906706      897   439192    3.35077
1484906707      848   440086    3.35759
1484906708      1205   441291    3.36678
1484906709      765   442231    3.37395
1484906710      1113   443344    3.38245
1484906711      748   444092    3.38815
1484906712      1096   445188    3.39651
1484906713      895   446086    3.40337
1484906714      1024   447110    3.41118
1484906715      974   448231    3.41973
1484906716      964   449226    3.42732
1484906717      1078   450304    3.43555
1484906718      931   451371    3.44369
1484906719      1203   452574    3.45287
1484906720      889   453516    3.46005
1484906721      980   454496    3.46753
1484906723      619   455226    3.4731
1484906724      1204   456430    3.48228
1484906725      754   457371    3.48946
1484906726      1159   458530    3.49831
1484906727      965   459495    3.50567
1484906728      896   460391    3.5125
1484906729      718   461226    3.51888
1484906730      1116   462342    3.52739
1484906731      918   463371    3.53524
1484906732      968   464339    3.54263
1484906733      838   465177    3.54902
1484906734      976   466153    3.55647
1484906735      949   467226    3.56465
1484906736      1096   468322    3.57301
1484906737      857   469371    3.58102
1484906739      792   470366    3.58861
1484906740      1202   471568    3.59778
1484906741      883   472511    3.60497
1484906742      933   473444    3.61209
1484906743      1200   474644    3.62125
1484906744      624   475371    3.62679
1484906745      805   476176    3.63293
1484906746      773   477081    3.63984
1484906747      546   477796    3.64529
1484906748      1212   479008    3.65454
1484906750      765   479941    3.66166
1484906751      993   480934    3.66924
1484906752      942   481876    3.67642
1484906753      1104   482980    3.68484
1484906754      714   483796    3.69107
1484906755      1211   485007    3.70031
1484906756      725   485941    3.70744
1484906757      895   486936    3.71503
1484906758      1133   488069    3.72367
1484906759      849   489081    3.73139
1484906760      977   490058    3.73885
1484906762      875   491226    3.74776
1484906763      991   492217    3.75532
1484906764      700   492936    3.7608
1484906765      972   493908    3.76822
1484906766      1077   494985    3.77644
1484906767      761   495796    3.78262
1484906768      927   496791    3.79021
1484906769      1134   497925    3.79887
1484906770      848   498936    3.80658
