1482770279      1498   1498    0.00285721
1482770280      1500   2998    0.00571823
1482770281      1499   4497    0.00857735
1482770282      1498   5995    0.0114346
1482770283      1499   7495    0.0142956
1482770284      1500   8996    0.0171585
1482770285      1499   10495    0.0200176
1482770286      1500   11996    0.0228806
1482770287      1499   13495    0.0257397
1482770288      1280   14775    0.0281811
1482770289      1355   16130    0.0307655
1482770290      1352   17482    0.0333443
1482770291      1353   18835    0.0359249
1482770292      1213   20103    0.0383434
1482770293      1365   21468    0.040947
1482770294      1347   22815    0.0435162
1482770295      1347   24162    0.0460854
1482770296      1221   25463    0.0485668
1482770297      1353   26816    0.0511475
1482770298      1168   27984    0.0533752
1482770299      1342   29326    0.0559349
1482770300      1100   30557    0.0582829
1482770301      1187   31744    0.0605469
1482770302      1344   33088    0.0631104
1482770303      1354   34442    0.0656929
1482770304      1232   35674    0.0680428
1482770305      1193   36989    0.0705509
1482770306      1359   38348    0.073143
1482770307      1352   39700    0.0757217
1482770309      763   41011    0.0782223
1482770310      1357   42368    0.0808105
1482770311      1355   43723    0.083395
1482770312      1342   45065    0.0859547
1482770313      1219   46371    0.0884457
1482770314      1362   47733    0.0910435
1482770315      1357   49090    0.0936317
1482770316      1342   50432    0.0961914
1482770317      1218   51731    0.0986691
1482770318      1355   53086    0.101254
1482770319      1352   54438    0.103832
1482770320      1172   55610    0.106068
1482770321      1198   56825    0.108385
1482770322      1360   58185    0.110979
1482770323      1358   59543    0.113569
1482770324      1350   60893    0.116144
1482770325      1214   62185    0.118608
1482770326      1356   63541    0.121195
1482770327      1354   64895    0.123777
1482770328      1354   66249    0.12636
1482770329      1211   67545    0.128832
1482770330      1180   68725    0.131083
1482770331      1349   70074    0.133656
1482770332      1357   71431    0.136244
1482770333      1193   72639    0.138548
1482770334      1361   74000    0.141144
1482770335      1356   75356    0.14373
1482770336      1356   76712    0.146317
1482770337      1209   77999    0.148771
1482770338      1362   79361    0.151369
1482770339      1357   80718    0.153957
1482770340      1258   81976    0.156357
1482770341      915   82891    0.158102
1482770342      1214   84165    0.160532
1482770343      1361   85526    0.163128
1482770344      1358   86884    0.165718
1482770345      1325   88209    0.168245
1482770346      1207   89525    0.170755
1482770347      1363   90888    0.173355
1482770348      1325   92213    0.175882
1482770349      1349   93562    0.178455
1482770351      1212   94885    0.180979
1482770352      1174   96059    0.183218
1482770353      1348   97407    0.185789
1482770354      1338   98745    0.188341
1482770355      1127   99979    0.190695
1482770356      1355   101334    0.193279
1482770357      1229   102563    0.195623
1482770358      1353   103916    0.198204
1482770359      1340   105256    0.20076
1482770360      1177   106433    0.203005
1482770361      1356   107789    0.205591
1482770362      1324   109113    0.208117
1482770363      1171   110284    0.21035
1482770364      1165   111505    0.212679
1482770365      1307   112812    0.215172
1482770366      1341   114153    0.21773
1482770367      1355   115508    0.220314
1482770368      1324   116832    0.222839
1482770369      1186   118018    0.225101
1482770370      1352   119370    0.22768
1482770371      1340   120710    0.230236
1482770372      1357   122067    0.232824
1482770373      1019   123086    0.234768
1482770374      1329   124415    0.237303
1482770375      1354   125769    0.239885
1482770376      1348   127117    0.242456
1482770377      1200   128391    0.244886
1482770378      1365   129756    0.24749
1482770379      1330   131086    0.250027
1482770380      1353   132439    0.252607
1482770381      1212   133751    0.25511
1482770382      1331   135082    0.257648
1482770383      1351   136433    0.260225
1482770384      975   137408    0.262085
1482770385      1346   138754    0.264652
1482770386      1175   139929    0.266893
1482770387      1344   141273    0.269457
1482770388      1350   142623    0.272032
1482770389      1352   143975    0.274611
1482770390      1215   145277    0.277094
1482770391      1335   146612    0.27964
1482770392      1353   147965    0.282221
1482770393      1349   149314    0.284794
1482770394      908   150371    0.28681
1482770395      1360   151731    0.289404
1482770396      1355   153086    0.291988
1482770397      1331   154417    0.294527
1482770398      1212   155731    0.297033
1482770399      1363   157094    0.299633
1482770400      1250   158344    0.302017
1482770401      1354   159698    0.3046
1482770402      1357   161055    0.307188
1482770403      1194   162249    0.309465
1482770404      1316   163565    0.311975
1482770405      1168   164733    0.314203
1482770406      1341   166074    0.316761
1482770407      1177   167257    0.319017
1482770408      1360   168617    0.321611
1482770409      1339   169956    0.324165
1482770410      1349   171305    0.326738
1482770411      1221   172617    0.329241
1482770412      1341   173958    0.331799
1482770413      1351   175309    0.334375
1482770414      1270   176579    0.336798
1482770416      856   177711    0.338957
1482770417      1236   178947    0.341314
1482770418      1189   180136    0.343582
1482770419      1328   181464    0.346115
1482770420      1225   182689    0.348452
1482770421      1337   184026    0.351002
1482770422      1186   185212    0.353264
1482770423      929   186287    0.355314
1482770424      1222   187509    0.357645
1482770425      1312   188821    0.360147
1482770426      1346   190167    0.362715
1482770427      1072   191381    0.36503
1482770428      1358   192739    0.36762
1482770429      1334   194073    0.370165
1482770430      1356   195429    0.372751
1482770431      1197   196741    0.375254
1482770432      1327   198068    0.377785
1482770433      1350   199418    0.38036
1482770434      1344   200762    0.382923
1482770435      1226   202101    0.385477
1482770436      1356   203457    0.388063
1482770437      1353   204810    0.390644
1482770438      1118   205928    0.392776
1482770439      1200   207195    0.395193
1482770440      1362   208557    0.397791
1482770441      1348   209905    0.400362
1482770442      1359   211264    0.402954
1482770443      1206   212555    0.405416
1482770444      1363   213918    0.408016
1482770445      1350   215268    0.410591
1482770446      1346   216614    0.413158
1482770447      1210   217915    0.41564
1482770448      1091   219006    0.417721
1482770449      1339   220345    0.420275
1482770450      1355   221700    0.422859
1482770451      1149   223009    0.425356
1482770452      1338   224347    0.427908
1482770453      1252   225599    0.430296
1482770454      1265   226864    0.432709
1482770455      1351   228215    0.435286
1482770456      1077   229441    0.437624
1482770457      1272   230713    0.44005
1482770458      1354   232067    0.442633
1482770459      1170   233237    0.444864
1482770461      1169   234535    0.44734
1482770462      1355   235890    0.449924
1482770463      1353   237243    0.452505
1482770464      1356   238599    0.455091
1482770465      1213   239895    0.457563
1482770466      1359   241254    0.460155
1482770467      1351   242605    0.462732
1482770468      1355   243960    0.465317
1482770469      1219   245255    0.467787
1482770470      1166   246421    0.470011
1482770471      1353   247774    0.472591
1482770472      1342   249116    0.475151
1482770473      1202   250349    0.477503
1482770474      1360   251709    0.480097
1482770475      1357   253066    0.482685
1482770476      1337   254403    0.485235
1482770477      1207   255610    0.487537
1482770478      1207   256817    0.48984
1482770479      1353   258170    0.49242
1482770480      1354   259524    0.495003
1482770481      1164   260688    0.497223
1482770482      1054   261875    0.499487
1482770483      1339   263214    0.502041
1482770484      1353   264567    0.504622
1482770485      1353   265920    0.507202
1482770486      1225   267235    0.50971
1482770487      1364   268599    0.512312
1482770488      1348   269947    0.514883
1482770489      1354   271301    0.517466
1482770490      1212   272595    0.519934
1482770491      1161   273756    0.522148
1482770492      1352   275108    0.524727
1482770493      1353   276461    0.527308
1482770494      1204   277689    0.52965
1482770495      1365   279054    0.532253
1482770496      1353   280407    0.534834
1482770497      1356   281763    0.53742
1482770498      1217   283049    0.539873
1482770499      1351   284400    0.54245
1482770500      1356   285756    0.545036
1482770501      1098   287071    0.547544
1482770502      1361   288432    0.55014
1482770503      1357   289789    0.552729
1482770504      1350   291139    0.555304
1482770505      1221   292431    0.557768
1482770506      1366   293797    0.560373
1482770507      1343   295140    0.562935
1482770508      1352   296492    0.565514
1482770509      1222   297791    0.567991
1482770510      1365   299156    0.570595
1482770511      1349   300505    0.573168
1482770512      1172   301677    0.575403
1482770513      1194   302885    0.577707
1482770514      1362   304247    0.580305
1482770515      1350   305597    0.58288
1482770516      1354   306951    0.585463
1482770517      1212   308245    0.587931
1482770518      1358   309603    0.590521
1482770519      1353   310956    0.593102
1482770520      1355   312311    0.595686
1482770522      1220   313605    0.598154
1482770523      1176   314781    0.600397
1482770524      1347   316128    0.602966
1482770525      1354   317482    0.605549
1482770526      1208   318699    0.60787
1482770527      1366   320065    0.610476
1482770528      1348   321413    0.613047
1482770529      1351   322764    0.615623
1482770530      1223   324059    0.618093
1482770531      1353   325412    0.620674
1482770532      1353   326765    0.623255
1482770533      1097   328081    0.625765
1482770534      1359   329440    0.628357
1482770535      1348   330788    0.630928
1482770536      1350   332138    0.633503
1482770537      1218   333441    0.635988
1482770538      1362   334803    0.638586
1482770539      1269   336072    0.641006
1482770540      1350   337422    0.643581
1482770541      1347   338769    0.646151
1482770542      1042   339873    0.648256
1482770543      1354   341227    0.650839
1482770544      1172   342399    0.653074
1482770545      1352   343751    0.655653
1482770546      1202   344967    0.657972
1482770547      1361   346328    0.660568
1482770548      1355   347683    0.663153
1482770549      1345   349028    0.665718
1482770550      1220   350327    0.668196
1482770551      1365   351692    0.670799
1482770552      1350   353042    0.673374
1482770553      1353   354395    0.675955
1482770554      1023   355421    0.677912
1482770555      1362   356783    0.68051
1482770556      1357   358140    0.683098
1482770557      950   359090    0.68491
1482770558      1349   360439    0.687483
1482770559      1345   361784    0.690048
1482770560      1206   362990    0.692348
1482770561      1358   364348    0.694939
1482770562      1354   365702    0.697521
1482770563      1358   367060    0.700111
1482770564      1204   368285    0.702448
1482770565      1178   369463    0.704695
1482770566      1345   370808    0.70726
1482770567      1355   372163    0.709845
1482770568      1208   373379    0.712164
1482770569      1353   374732    0.714745
1482770570      1352   376084    0.717323
1482770571      1342   377426    0.719883
1482770572      1217   378739    0.722387
1482770573      1351   380090    0.724964
1482770574      1338   381428    0.727516
1482770575      1102   382761    0.730059
1482770576      1350   384111    0.732634
1482770577      1347   385458    0.735203
1482770578      1343   386801    0.737764
1482770579      1202   388121    0.740282
1482770580      1344   389465    0.742846
1482770581      1356   390821    0.745432
1482770582      1324   392145    0.747957
1482770584      1214   393481    0.750505
1482770585      1363   394844    0.753105
1482770586      1347   396191    0.755674
1482770586      1169   397360    0.757904
1482770588      1192   398575    0.760221
1482770589      1332   399907    0.762762
1482770590      1349   401256    0.765335
1482770591      1339   402595    0.767889
1482770592      1223   403935    0.770445
1482770593      1351   405286    0.773022
1482770594      1334   406620    0.775566
1482770595      1151   407771    0.777761
1482770596      1331   409102    0.7803
1482770597      764   410101    0.782206
1482770598      1216   411317    0.784525
1482770599      1353   412670    0.787106
1482770600      1345   414015    0.789671
1482770601      1352   415367    0.79225
1482770602      1201   416568    0.79454
1482770603      1341   417909    0.797098
1482770604      1348   419257    0.799669
1482770605      1342   420599    0.802229
1482770606      1208   421893    0.804697
1482770607      1359   423252    0.807289
1482770608      1151   424403    0.809484
1482770609      1357   425760    0.812073
1482770610      1179   426987    0.814413
1482770611      1347   428334    0.816982
1482770612      1355   429689    0.819567
1482770613      1345   431034    0.822132
1482770614      1206   432347    0.824636
1482770615      1357   433704    0.827225
1482770616      1357   435061    0.829813
1482770617      1339   436400    0.832367
1482770618      983   437441    0.834352
1482770619      1361   438802    0.836948
1482770620      1343   440145    0.83951
1482770621      1353   441498    0.842091
1482770622      1197   442801    0.844576
1482770623      1365   444166    0.847179
1482770624      1329   445495    0.849714
1482770625      1352   446847    0.852293
1482770626      1204   448161    0.854799
1482770627      1323   449484    0.857323
1482770628      1348   450832    0.859894
1482770629      925   451757    0.861658
1482770630      1353   453110    0.864239
1482770631      1140   454327    0.86656
1482770632      1360   455687    0.869154
1482770633      1339   457026    0.871708
1482770634      1355   458381    0.874292
1482770635      1220   459687    0.876783
1482770636      1337   461024    0.879333
1482770637      1354   462378    0.881916
1482770638      1349   463727    0.884489
1482770640      887   464781    0.886499
1482770641      1361   466142    0.889095
1482770642      1357   467499    0.891684
1482770643      1353   468852    0.894264
1482770644      1197   470141    0.896723
1482770645      1359   471500    0.899315
1482770646      1333   472833    0.901857
1482770647      1356   474189    0.904444
1482770648      1200   475501    0.906946
1482770649      1350   476851    0.909521
1482770650      1347   478198    0.91209
1482770651      927   479125    0.913858
1482770652      1354   480479    0.916441
1482770653      1207   481686    0.918743
1482770654      1326   483012    0.921272
1482770655      1330   484342    0.923809
1482770656      1324   485666    0.926334
1482770657      1152   486818    0.928532
1482770658      1179   487997    0.93078
1482770659      957   489171    0.93302
1482770660      1351   490522    0.935596
1482770661      1329   491851    0.938131
1482770662      1171   493022    0.940365
1482770663      1174   494265    0.942736
1482770664      1306   495571    0.945227
1482770665      1336   496907    0.947775
1482770666      1349   498256    0.950348
1482770667      1354   499610    0.95293
