1500030986      998   998    0
1500030987      1000   1998    0
1500030988      999   2997    0
1500030989      1000   3997    0
1500030990      999   4996    0
1500030991      1000   5996    0
1500030992      999   6995    0
1500030993      1000   7995    0
1500030994      999   8994    0
1500030995      1000   9994    0
1500030996      999   10993    0
1500030997      1000   11993    0
1500030998      999   12992    0
1500030999      1000   13992    0
1500031000      1000   14992    0
1500031001      999   15991    0
1500031002      997   16988    0
1500031003      999   17987    0
1500031004      997   18984    0
1500031005      999   19983    0
1500031006      1000   20983    0
1500031007      999   21982    0
1500031008      1000   22982    0
1500031009      999   23981    0
1500031010      1000   24981    0
1500031011      999   25980    0
1500031012      1000   26980    0
1500031013      999   27979    0
1500031014      1000   28979    0
1500031015      1000   29979    0
1500031016      999   30978    0
1500031017      1000   31978    0
1500031018      999   32977    0
1500031019      1000   33977    0
1500031020      999   34976    0
1500031021      1000   35976    0
1500031022      999   36975    0
1500031023      1000   37975    0
1500031024      999   38974    0
1500031025      1000   39974    0
1500031026      999   40973    0
1500031027      1000   41973    0
1500031028      999   42972    0
1500031029      1000   43972    0
1500031030      1000   44972    0
1500031031      999   45971    0
1500031032      1000   46971    0
1500031033      999   47970    0
1500031034      1000   48970    0
1500031035      999   49969    0
1500031036      1000   50969    0
1500031037      999   51968    0
1500031038      1000   52968    0
1500031039      999   53967    0
1500031040      1000   54967    0
1500031041      999   55966    0
1500031042      1000   56966    0
1500031043      999   57965    0
1500031044      1000   58965    0
1500031045      1000   59965    0
1500031046      999   60964    0
1500031047      1000   61964    0
1500031048      999   62963    0
1500031049      1000   63963    0
1500031050      999   64962    0
1500031051      1000   65962    0
1500031052      999   66961    0
1500031053      1000   67961    0
1500031054      999   68960    0
1500031055      990   69950    0
1500031056      999   70949    0
1500031057      1000   71949    0
1500031058      999   72948    0
1500031059      977   73925    0
1500031060      1000   74925    0
1500031061      999   75924    0
1500031062      1000   76924    0
1500031063      930   77854    0
1500031064      1000   78854    0
1500031065      999   79853    0
1500031066      950   80803    0
1500031067      999   81802    0
1500031068      1000   82802    0
1500031069      949   83751    0
1500031070      1000   84751    0
1500031071      999   85750    0
1500031072      1000   86750    0
1500031073      929   87679    0
1500031074      1000   88679    0
1500031075      1000   89679    0
1500031076      949   90628    0
1500031077      1000   91628    0
1500031078      999   92627    0
1500031079      950   93577    0
1500031080      999   94576    0
1500031081      1000   95576    0
1500031082      943   96534    0
1500031083      1006   97540    0
1500031084      1000   98540    0
1500031085      999   99539    0
1500031086      950   100489    0
1500031087      999   101488    0
1500031088      1000   102488    0
1500031089      949   103437    0
1500031090      1000   104437    0
1500031091      999   105436    0
1500031092      950   106386    0
1500031093      1000   107386    0
1500031094      999   108385    0
1500031095      1000   109385    0
1500031096      945   110330    0
1500031097      1000   111330    0
1500031098      999   112329    0
1500031099      950   113279    0
1500031100      999   114278    0
1500031101      1000   115278    0
1500031102      949   116227    0
1500031103      1000   117227    0
1500031104      996   118223    0
1500031105      1000   119223    0
1500031106      925   120148    0
1500031107      1000   121148    0
1500031108      1000   122148    0
1500031109      949   123097    0
1500031110      1000   124097    0
1500031111      999   125096    0
1500031112      950   126046    0
1500031113      997   127043    0
1500031114      1000   128043    0
1500031115      999   129042    0
1500031116      927   129969    0
1500031117      999   130968    0
1500031118      1000   131968    0
1500031119      949   132917    0
1500031120      1000   133917    0
1500031121      1000   134917    0
1500031122      928   135845    0
1500031123      1000   136845    0
1500031124      999   137844    0
1500031125      943   138797    0
1500031126      1007   139804    0
1500031127      999   140803    0
1500031128      1000   141803    0
1500031129      932   142735    0
1500031130      1000   143735    0
1500031131      999   144734    0
1500031132      950   145684    0
1500031133      999   146683    0
1500031134      889   147572    0
1500031135      999   148571    0
1500031136      1000   149571    0
1500031137      999   150570    0
1500031138      950   151520    0
1500031139      1000   152520    0
1500031140      999   153519    0
1500031141      950   154469    0
1500031142      999   155468    0
1500031143      1000   156468    0
1500031144      949   157417    0
1500031145      1000   158417    0
1500031146      999   159416    0
1500031147      1000   160416    0
1500031148      934   161350    0
1500031149      1000   162350    0
1500031150      999   163349    0
1500031151      950   164299    0
1500031152      999   165298    0
1500031153      1000   166298    0
1500031154      950   167248    0
1500031155      999   168247    0
1500031156      1000   169247    0
1500031157      999   170246    0
1500031158      924   171170    0
1500031159      999   172169    0
1500031160      1000   173169    0
1500031161      949   174118    0
1500031162      1000   175118    0
1500031163      999   176117    0
1500031164      947   177064    0
1500031165      999   178063    0
1500031166      1000   179063    0
1500031167      945   180063    0
1500031168      1007   181070    0
1500031169      999   182069    0
1500031170      1000   183069    0
1500031171      949   184018    0
1500031172      1000   185018    0
1500031173      1000   186018    0
1500031174      949   186967    0
1500031175      1000   187967    0
1500031176      999   188966    0
1500031177      950   189916    0
1500031178      999   190915    0
1500031179      1000   191915    0
1500031180      999   192914    0
1500031181      950   193864    0
1500031182      999   194863    0
1500031183      1000   195863    0
1500031184      930   196793    0
1500031185      1000   197793    0
1500031186      1000   198793    0
1500031187      949   199742    0
1500031188      1000   200742    0
1500031189      999   201741    0
1500031190      1000   202741    0
1500031191      924   203665    0
1500031192      1000   204665    0
1500031193      999   205664    0
1500031194      950   206614    0
1500031195      999   207613    0
1500031196      1000   208613    0
1500031197      949   209562    0
1500031198      1000   210562    0
1500031199      999   211561    0
1500031200      1000   212561    0
1500031201      936   213497    0
1500031202      999   214496    0
1500031203      1000   215496    0
1500031204      949   216445    0
1500031205      1000   217445    0
1500031206      999   218444    0
1500031207      950   219394    0
1500031208      999   220393    0
1500031210      888   221329    0
1500031211      1006   222335    0
1500031212      1000   223335    0
1500031213      999   224334    0
1500031214      950   225284    0
1500031215      999   226283    0
1500031216      1000   227283    0
1500031217      950   228233    0
1500031218      999   229232    0
1500031219      1000   230232    0
1500031220      949   231181    0
1500031221      1000   232181    0
1500031222      999   233180    0
1500031223      1000   234180    0
1500031224      934   235114    0
1500031225      1000   236114    0
1500031225      999   237113    0
1500031226      950   238063    0
1500031227      993   239056    0
1500031228      1000   240056    0
1500031229      950   241006    0
1500031230      999   242005    0
1500031231      1000   243005    0
1500031232      999   244004    0
1500031233      915   244919    0
1500031234      999   245918    0
1500031235      1000   246918    0
1500031236      949   247867    0
1500031237      1000   248867    0
1500031238      999   249866    0
1500031239      948   250814    0
1500031240      999   251813    0
1500031241      1000   252813    0
1500031242      999   253812    0
1500031243      941   254753    0
1500031244      1000   255753    0
1500031245      999   256752    0
1500031246      950   257702    0
1500031247      999   258701    0
1500031248      1000   259701    0
1500031249      934   260635    0
1500031250      1000   261635    0
1500031251      999   262634    0
1500031253      943   263592    0
1500031254      1007   264599    0
1500031255      999   265598    0
1500031256      1000   266598    0
1500031257      949   267547    0
1500031258      1000   268547    0
1500031259      999   269546    0
1500031259      950   270496    0
1500031260      1000   271496    0
1500031261      999   272495    0
1500031262      950   273445    0
1500031263      999   274444    0
1500031264      1000   275444    0
1500031265      999   276443    0
1500031266      950   277393    0
1500031267      999   278392    0
1500031268      1000   279392    0
1500031269      949   280341    0
1500031270      1000   281341    0
1500031271      999   282340    0
1500031272      950   283290    0
1500031273      1000   284290    0
1500031274      999   285289    0
1500031275      1000   286289    0
1500031276      922   287211    0
1500031277      1000   288211    0
1500031278      999   289210    0
1500031279      950   290160    0
1500031280      999   291159    0
1500031281      1000   292159    0
1500031282      949   293108    0
1500031283      1000   294108    0
1500031285      894   295105    0
1500031286      1007   296112    0
1500031287      999   297111    0
1500031288      1000   298111    0
1500031289      937   299048    0
1500031290      1000   300048    0
1500031291      999   301047    0
1500031292      950   301997    0
1500031293      999   302996    0
1500031294      1000   303996    0
1500031295      937   304933    0
1500031296      1000   305933    0
1500031297      999   306932    0
1500031298      1000   307932    0
1500031299      950   308882    0
1500031300      999   309881    0
1500031301      1000   310881    0
1500031302      949   311830    0
1500031303      1000   312830    0
1500031304      999   313829    0
1500031305      950   314779    0
1500031306      999   315778    0
1500031307      1000   316778    0
1500031308      999   317777    0
1500031309      928   318705    0
1500031310      999   319704    0
1500031311      1000   320704    0
1500031312      939   321643    0
1500031313      999   322642    0
1500031314      1000   323642    0
1500031315      949   324591    0
1500031316      1000   325591    0
1500031317      999   326590    0
1500031318      1000   327590    0
1500031319      936   328526    0
1500031320      1000   329526    0
1500031321      999   330525    0
1500031322      950   331475    0
1500031323      999   332474    0
1500031324      1000   333474    0
1500031325      949   334423    0
1500031326      1000   335423    0
1500031327      1000   336423    0
1500031328      942   337368    0
1500031329      1007   338375    0
1500031330      999   339374    0
1500031331      1000   340374    0
1500031332      949   341323    0
1500031333      1000   342323    0
1500031334      999   343322    0
1500031335      950   344272    0
1500031336      999   345271    0
1500031337      1000   346271    0
1500031338      949   347220    0
1500031339      1000   348220    0
1500031340      999   349219    0
1500031341      1000   350219    0
1500031342      942   351161    0
1500031343      1000   352161    0
1500031344      996   353157    0
1500031345      948   354105    0
1500031346      1000   355105    0
1500031347      999   356104    0
1500031348      950   357054    0
1500031349      999   358053    0
1500031350      1000   359053    0
1500031351      999   360052    0
1500031352      930   360982    0
1500031353      999   361981    0
1500031354      1000   362981    0
1500031355      949   363930    0
1500031356      1000   364930    0
1500031357      999   365929    0
1500031358      949   366878    0
1500031359      1000   367878    0
1500031360      999   368877    0
1500031361      879   369756    0
1500031362      999   370755    0
1500031363      1000   371755    0
1500031364      949   372704    0
1500031365      1000   373704    0
1500031366      999   374703    0
1500031367      950   375653    0
1500031368      999   376652    0
1500031369      1000   377652    0
1500031370      943   378634    0
1500031371      1007   379641    0
1500031372      999   380640    0
1500031373      1000   381640    0
1500031374      949   382589    0
1500031375      1000   383589    0
1500031376      999   384588    0
1500031377      950   385538    0
1500031378      999   386537    0
1500031379      1000   387537    0
1500031380      941   388478    0
1500031381      1000   389478    0
1500031382      999   390477    0
1500031383      1000   391477    0
1500031384      938   392415    0
1500031385      1000   393415    0
1500031386      1000   394415    0
1500031387      949   395364    0
1500031388      1000   396364    0
1500031389      999   397363    0
1500031390      950   398313    0
1500031391      999   399312    0
1500031392      1000   400312    0
1500031393      999   401311    0
1500031394      931   402242    0
1500031395      999   403241    0
1500031396      1000   404241    0
1500031397      949   405190    0
1500031398      1000   406190    0
1500031399      999   407189    0
1500031400      948   408137    0
1500031401      1000   409137    0
1500031402      999   410136    0
1500031403      1000   411136    0
1500031404      916   412052    0
1500031405      1000   413052    0
1500031406      999   414051    0
1500031407      950   415001    0
1500031408      999   416000    0
1500031409      1000   417000    0
1500031410      949   417949    0
1500031411      1000   418949    0
1500031412      999   419948    0
1500031413      943   420897    0
1500031414      1007   421904    0
1500031415      999   422903    0
1500031416      1000   423903    0
1500031417      930   424833    0
1500031418      1000   425833    0
1500031419      999   426832    0
1500031420      948   427780    0
1500031421      999   428779    0
1500031422      1000   429779    0
1500031423      949   430728    0
1500031424      1000   431728    0
1500031425      999   432727    0
1500031426      1000   433727    0
1500031427      947   434674    0
1500031428      999   435673    0
1500031429      1000   436673    0
1500031430      949   437622    0
1500031431      1000   438622    0
1500031432      999   439621    0
1500031433      950   440571    0
1500031434      999   441570    0
1500031435      1000   442570    0
1500031436      870   443440    0
1500031437      1000   444440    0
1500031438      999   445439    0
1500031439      944   446383    0
1500031440      999   447382    0
1500031441      1000   448382    0
1500031442      950   449332    0
1500031443      999   450331    0
1500031444      1000   451331    0
1500031445      999   452330    0
1500031446      926   453256    0
1500031447      999   454255    0
1500031448      1000   455255    0
1500031449      950   456205    0
1500031450      1000   457205    0
1500031451      999   458204    0
1500031452      950   459154    0
1500031453      999   460153    0
1500031454      1000   461153    0
1500031455      1000   462153    0
1500031456      867   463020    0
1500031457      1000   464020    0
1500031458      999   465019    0
1500031459      950   465969    0
1500031460      999   466968    0
1500031461      1000   467968    0
1500031462      949   468917    0
1500031463      1000   469917    0
1500031464      999   470916    0
1500031465      946   471916    0
1500031466      1006   472922    0
1500031467      1000   473922    0
1500031468      999   474921    0
1500031469      950   475871    0
1500031470      999   476870    0
1500031471      1000   477870    0
1500031472      949   478819    0
1500031473      1000   479819    0
1500031474      999   480818    0
1500031475      950   481768    0
1500031476      1000   482768    0
1500031477      999   483767    0
1500031478      1000   484767    0
1500031479      950   485717    0
1500031480      1000   486717    0
1500031481      999   487716    0
1500031482      950   488666    0
1500031483      999   489665    0
1500031484      1000   490665    0
1500031485      949   491614    0
1500031486      1000   492614    0
1500031487      999   493613    0
1500031488      1000   494613    0
1500031489      927   495540    0
1500031490      1000   496540    0
1500031491      1000   497540    0
1500031492      949   498489    0
1500031493      1000   499489    0
