1485677809      1414   1416    0.0108032
1485677810      1414   2830    0.0215912
1485677811      1428   4258    0.032486
1485677812      1378   5636    0.0429993
1485677814      598   6486    0.0494843
1485677815      1166   7652    0.0583801
1485677816      785   8631    0.0658493
1485677817      1047   9678    0.0738373
1485677818      814   10492    0.0800476
1485677819      874   11541    0.0880508
1485677820      1183   12724    0.0970764
1485677821      882   13686    0.104416
1485677822      1157   14843    0.113243
1485677823      827   15670    0.119553
1485677824      827   16596    0.126617
1485677825      1176   17772    0.13559
1485677826      792   18741    0.142982
1485677827      1173   19914    0.151932
1485677828      833   20747    0.158287
1485677830      806   21651    0.165184
1485677831      1048   22699    0.17318
1485677832      903   23796    0.181549
1485677833      1058   24854    0.189621
1485677834      898   25752    0.196472
1485677835      801   26706    0.203751
1485677836      1078   27784    0.211975
1485677837      1045   28829    0.219948
1485677838      667   29566    0.225571
1485677839      774   30340    0.231476
1485677840      1184   31524    0.240509
1485677841      887   32476    0.247772
1485677842      1153   33629    0.256569
1485677843      825   34621    0.264137
1485677844      747   35386    0.269974
1485677845      1041   36427    0.277916
1485677847      881   37531    0.286339
1485677848      1175   38706    0.295303
1485677849      794   39676    0.302704
1485677850      769   40445    0.308571
1485677851      1186   41631    0.317619
1485677852      823   42586    0.324905
1485677853      1188   43774    0.333969
1485677854      868   44731    0.34127
1485677855      760   45496    0.347107
1485677856      827   46323    0.353416
1485677857      1120   47443    0.361961
1485677858      884   48327    0.368706
1485677859      713   49071    0.374382
1485677860      1059   50130    0.382462
1485677861      822   50952    0.388733
1485677862      841   51793    0.395149
1485677863      748   52696    0.402039
1485677864      1061   53757    0.410133
1485677865      1063   54820    0.418243
1485677866      687   55606    0.42424
1485677867      1065   56671    0.432365
1485677869      897   57751    0.440605
1485677870      1096   58847    0.448967
1485677871      914   59896    0.45697
1485677872      788   60684    0.462982
1485677873      791   61475    0.469017
1485677874      1163   62638    0.47789
1485677875      872   63510    0.484543
1485677876      705   64236    0.490082
1485677877      1147   65383    0.498833
1485677878      903   66286    0.505722
1485677879      792   67078    0.511765
1485677880      728   67861    0.517738
1485677881      1183   69044    0.526764
1485677882      769   70006    0.534103
1485677883      888   70894    0.540878
1485677884      1157   72051    0.549706
1485677885      838   72916    0.556305
1485677886      1181   74097    0.565315
1485677887      863   75061    0.57267
1485677888      846   75907    0.579124
1485677889      1149   77056    0.587891
1485677890      813   77971    0.594872
1485677891      1055   79026    0.602921
1485677893      914   80116    0.611237
1485677894      901   81017    0.618111
1485677895      1179   82196    0.627106
1485677896      819   83026    0.633438
1485677897      1178   84204    0.642426
1485677898      886   85171    0.649803
1485677899      846   86017    0.656258
1485677900      1176   87193    0.66523
1485677901      801   88081    0.672005
1485677902      1180   89261    0.681007
1485677903      812   90226    0.68837
1485677904      888   91114    0.695145
1485677905      1082   92196    0.7034
1485677906      921   93117    0.710426
1485677907      699   93851    0.716026
1485677908      1170   95021    0.724953
1485677909      867   95996    0.732391
1485677910      851   96847    0.738884
1485677911      1160   98007    0.747734
1485677912      780   98906    0.754593
1485677913      1105   100011    0.763023
1485677915      873   101051    0.770958
1485677916      913   101964    0.777924
1485677917      1088   103052    0.786224
1485677918      868   103961    0.793159
1485677919      1064   105025    0.801277
1485677920      932   106106    0.809525
1485677921      863   106969    0.816109
1485677922      1049   108018    0.824112
1485677923      897   109016    0.831726
1485677924      1156   110172    0.840546
1485677925      828   111161    0.848091
1485677926      829   111990    0.854416
1485677927      1124   113114    0.862991
1485677928      832   114071    0.870293
1485677929      1174   115246    0.879257
1485677930      842   116216    0.886658
1485677931      897   117113    0.893501
1485677932      1062   118175    0.901604
1485677933      894   119126    0.908859
1485677934      1183   120309    0.917885
1485677935      891   121271    0.925224
1485677937      511   122036    0.931061
1485677938      1079   123115    0.939293
1485677939      924   124181    0.947426
1485677940      1176   125358    0.956406
1485677941      878   126326    0.963791
1485677942      881   127207    0.970512
1485677943      1173   128380    0.979462
1485677944      835   129236    0.985992
1485677945      1178   130414    0.99498
1485677946      879   131381    1.00236
1485677947      912   132293    1.00932
1485677948      1176   133469    1.01829
1485677949      864   134333    1.02488
1485677950      1180   135513    1.03388
1485677951      878   136436    1.04092
1485677952      908   137344    1.04785
1485677953      1176   138520    1.05682
1485677954      852   139372    1.06332
1485677955      1170   140542    1.07225
1485677956      891   141491    1.07949
1485677957      911   142402    1.08644
1485677958      1176   143578    1.09541
1485677959      849   144427    1.10189
1485677960      1175   145602    1.11086
1485677962      864   146546    1.11806
1485677963      913   147459    1.12502
1485677964      1141   148600    1.13373
1485677965      831   149456    1.14026
1485677966      1184   150640    1.14929
1485677967      888   151601    1.15662
1485677968      911   152512    1.16357
1485677969      507   153081    1.16792
1485677970      1181   154262    1.17693
1485677971      901   155226    1.18428
1485677972      1184   156410    1.19331
1485677973      903   157313    1.2002
1485677974      855   158168    1.20673
1485677975      1185   159353    1.21577
1485677976      881   160281    1.22285
1485677977      1146   161427    1.23159
1485677978      900   162327    1.23846
1485677979      846   163191    1.24505
1485677980      1182   164373    1.25407
1485677981      892   165336    1.26141
1485677982      1182   166518    1.27043
1485677983      899   167417    1.27729
1485677984      763   168246    1.28362
1485677985      1186   169432    1.29266
1485677986      826   170391    1.29998
1485677987      1036   171427    1.30788
1485677988      862   172289    1.31446
1485677989      923   173212    1.3215
1485677990      759   174016    1.32764
1485677991      1182   175198    1.33665
1485677992      833   176161    1.344
1485677993      905   177066    1.35091
1485677994      1177   178243    1.35989
1485677995      851   179094    1.36638
1485677996      1175   180269    1.37534
1485677998      874   181216    1.38257
1485677999      907   182123    1.38949
1485678000      982   183105    1.39698
1485678001      838   184126    1.40477
1485678002      1179   185305    1.41376
1485678003      824   186271    1.42113
1485678004      766   187037    1.42698
1485678005      1189   188226    1.43605
1485678006      922   189148    1.44308
1485678007      694   189896    1.44879
1485678008      1187   191083    1.45785
1485678009      825   192041    1.46516
1485678010      873   192914    1.47182
1485678011      1171   194085    1.48075
1485678012      857   194951    1.48736
1485678013      1181   196132    1.49637
1485678014      889   197096    1.50372
1485678015      907   198003    1.51064
1485678016      1180   199183    1.51965
1485678017      849   200032    1.52612
1485678018      1177   201209    1.5351
1485678019      883   202151    1.54229
1485678020      908   203059    1.54922
1485678021      1173   204232    1.55817
1485678022      849   205081    1.56464
1485678023      1177   206258    1.57362
1485678024      884   207206    1.58086
1485678025      903   208109    1.58775
1485678026      1181   209290    1.59676
1485678027      844   210134    1.6032
1485678028      1183   211317    1.61222
1485678029      872   212261    1.61942
1485678030      906   213167    1.62634
1485678031      1167   214334    1.63524
1485678032      832   215171    1.64162
1485678033      1170   216341    1.65055
1485678035      892   217316    1.65799
1485678036      891   218207    1.66479
1485678037      1180   219387    1.67379
1485678038      846   220233    1.68024
1485678039      1178   221411    1.68923
1485678040      887   222371    1.69656
1485678041      908   223279    1.70348
1485678042      1170   224449    1.71241
1485678043      855   225304    1.71893
1485678044      1174   226478    1.72789
1485678045      882   227426    1.73512
1485678046      908   228334    1.74205
1485678047      1171   229505    1.75098
1485678048      839   230344    1.75739
1485678049      1185   231529    1.76643
1485678050      887   232481    1.77369
1485678051      913   233394    1.78065
1485678052      1175   234569    1.78962
1485678053      861   235430    1.79619
1485678054      1178   236608    1.80518
1485678055      878   237536    1.81226
1485678056      908   238444    1.81918
1485678057      1177   239621    1.82816
1485678058      840   240461    1.83457
1485678059      1171   241632    1.84351
1485678060      890   242591    1.85082
1485678061      898   243489    1.85767
1485678062      1174   244663    1.86663
1485678063      848   245511    1.8731
1485678064      1178   246689    1.88209
1485678065      886   247646    1.88939
1485678066      755   248411    1.89523
1485678067      1184   249595    1.90426
1485678068      887   250556    1.91159
1485678069      1176   251732    1.92056
1485678070      895   252701    1.92796
1485678071      905   253606    1.93486
1485678072      1169   254775    1.94378
1485678073      856   255631    1.95031
1485678074      1181   256812    1.95932
1485678075      882   257756    1.96652
1485678076      909   258665    1.97346
1485678077      1172   259837    1.9824
1485678078      843   260680    1.98883
1485678079      1178   261858    1.99782
1485678080      884   262811    2.00509
1485678081      911   263722    2.01204
1485678082      1171   264893    2.02097
1485678083      863   265756    2.02756
1485678084      1174   266930    2.03651
1485678085      884   267866    2.04366
1485678086      892   268758    2.05046
1485678087      1179   269937    2.05946
1485678088      844   270781    2.0659
1485678089      1174   271955    2.07485
1485678090      893   272921    2.08222
1485678091      888   273809    2.089
1485678092      1172   274981    2.09794
1485678093      853   275834    2.10445
1485678094      1187   277021    2.1135
1485678096      889   277976    2.12079
1485678097      914   278890    2.12776
1485678098      1173   280063    2.13671
1485678099      834   280897    2.14307
1485678100      1188   282085    2.15214
1485678101      889   283031    2.15936
1485678102      896   283927    2.16619
1485678103      1169   285096    2.17511
1485678104      860   285956    2.18167
1485678105      1175   287131    2.19064
1485678106      885   288086    2.19792
1485678107      908   288994    2.20485
1485678108      1173   290167    2.2138
1485678109      858   291025    2.22034
1485678110      1180   292205    2.22935
1485678111      878   293141    2.23649
1485678112      908   294049    2.24342
1485678113      1171   295220    2.25235
1485678114      774   296051    2.25869
1485678115      1033   297084    2.26657
1485678116      946   298196    2.27505
1485678117      742   298961    2.28089
1485678118      917   299878    2.28789
1485678119      1168   301046    2.2968
1485678120      695   301821    2.30271
1485678121      1181   303002    2.31172
1485678122      897   303899    2.31857
1485678123      852   304751    2.32507
1485678124      1171   305922    2.334
1485678125      893   306876    2.34128
1485678126      1186   308062    2.35033
1485678127      899   308961    2.35719
1485678128      758   309786    2.36348
1485678129      1173   310959    2.37243
1485678130      830   311931    2.37984
1485678131      1058   312989    2.38792
1485678132      900   313889    2.39478
1485678133      931   314820    2.40189
1485678135      665   315556    2.4075
1485678136      1184   316740    2.41653
1485678137      797   317701    2.42387
1485678138      905   318606    2.43077
1485678139      1171   319777    2.4397
1485678140      857   320634    2.44624
1485678141      1171   321805    2.45518
1485678142      888   322756    2.46243
1485678143      908   323664    2.46936
1485678144      1171   324835    2.47829
1485678145      860   325695    2.48486
1485678146      1170   326865    2.49378
1485678147      887   327811    2.501
1485678148      907   328718    2.50792
1485678149      1179   329897    2.51691
1485678150      836   330733    2.52329
1485678151      1173   331906    2.53224
1485678152      889   332866    2.53957
1485678153      894   333760    2.54639
1485678154      1182   334942    2.5554
1485678155      838   335780    2.5618
1485678156      1184   336964    2.57083
1485678157      885   337921    2.57813
1485678158      903   338824    2.58502
1485678159      1166   339990    2.59392
1485678160      826   340831    2.60033
1485678161      1182   342013    2.60935
1485678162      887   342976    2.6167
1485678163      904   343880    2.6236
1485678164      871   344751    2.63024
1485678165      952   345886    2.6389
1485678166      1181   347067    2.64791
1485678167      897   348031    2.65527
1485678168      905   348936    2.66217
1485678169      1179   350115    2.67117
1485678170      846   350961    2.67762
1485678171      1180   352141    2.68662
1485678172      883   353086    2.69383
1485678173      907   353993    2.70075
1485678174      1171   355164    2.70969
1485678175      855   356019    2.71621
1485678176      1173   357192    2.72516
1485678178      886   358141    2.7324
1485678179      906   359047    2.73931
1485678180      1180   360227    2.74831
1485678181      844   361071    2.75475
1485678182      1173   362244    2.7637
1485678183      891   363196    2.77097
1485678184      906   364102    2.77788
1485678185      1174   365276    2.78683
1485678186      845   366121    2.79328
1485678187      1171   367292    2.80222
1485678188      894   368251    2.80953
1485678189      908   369159    2.81646
1485678190      1179   370338    2.82545
1485678191      852   371190    2.83195
1485678192      1170   372360    2.84088
1485678193      894   373306    2.8481
1485678194      904   374210    2.855
1485678195      1178   375388    2.86398
1485678196      845   376233    2.87043
1485678197      1172   377405    2.87937
1485678198      894   378361    2.88667
1485678199      905   379266    2.89357
1485678200      1179   380445    2.90257
1485678201      846   381291    2.90902
1485678202      1184   382475    2.91805
1485678203      890   383416    2.92523
1485678204      905   384321    2.93214
1485678205      1182   385503    2.94115
1485678206      846   386349    2.94761
1485678207      1181   387530    2.95662
1485678208      886   388471    2.9638
1485678209      905   389376    2.9707
1485678210      1176   390552    2.97968
1485678211      852   391404    2.98618
1485678212      1175   392579    2.99514
1485678213      885   393526    3.00237
1485678214      906   394432    3.00928
1485678215      1178   395610    3.01826
1485678216      849   396459    3.02474
1485678217      1172   397631    3.03368
1485678218      869   398581    3.04093
1485678219      905   399486    3.04784
1485678220      1175   400661    3.0568
1485678221      841   401502    3.06322
1485678222      1175   402677    3.07218
1485678223      888   403636    3.0795
1485678224      909   404545    3.08643
1485678225      1176   405721    3.09541
1485678226      854   406575    3.10192
1485678227      1179   407754    3.11092
1485678228      882   408691    3.11806
1485678229      904   409595    3.12496
1485678230      1176   410771    3.13393
1485678231      665   411601    3.14027
1485678232      1182   412783    3.14928
1485678234      895   413746    3.15663
1485678235      903   414649    3.16352
1485678236      1176   415825    3.17249
1485678237      859   416684    3.17905
1485678238      1172   417856    3.18799
1485678239      880   418801    3.1952
1485678240      758   419566    3.20103
1485678241      1016   420582    3.20879
1485678242      938   421711    3.2174
1485678243      1054   422765    3.22544
1485678244      936   423856    3.23376
1485678245      764   424621    3.2396
1485678246      1125   425746    3.24818
1485678247      879   426766    3.25597
1485678248      1046   427812    3.26395
1485678249      943   428911    3.27233
1485678250      903   429814    3.27922
1485678251      1166   430980    3.28812
1485678252      836   431821    3.29453
1485678253      1181   433002    3.30354
1485678254      891   433966    3.3109
1485678255      814   434780    3.31711
1485678256      1136   435916    3.32578
1485678258      803   436876    3.3331
1485678259      1152   438028    3.34189
1485678260      838   439021    3.34946
1485678261      681   439786    3.3553
1485678262      1178   440964    3.36429
1485678263      920   441884    3.37131
1485678264      621   442646    3.37712
1485678265      1185   443831    3.38616
1485678266      888   444791    3.39349
1485678267      909   445700    3.40042
1485678268      1176   446876    3.40939
1485678269      840   447716    3.4158
1485678270      1169   448885    3.42472
1485678271      893   449846    3.43205
1485678272      906   450752    3.43896
1485678273      1174   451926    3.44792
1485678274      853   452779    3.45443
1485678275      1178   453957    3.46342
1485678276      883   454901    3.47062
1485678277      902   455803    3.4775
1485678278      1174   456977    3.48646
1485678279      831   457811    3.49282
1485678280      1183   458994    3.50185
1485678281      896   459956    3.50919
1485678282      893   460849    3.516
1485678283      1167   462016    3.5249
1485678284      844   462866    3.53139
1485678285      1171   464037    3.54032
1485678287      895   465011    3.54775
1485678288      898   465909    3.5546
1485678289      1170   467079    3.56353
1485678290      850   467929    3.57001
1485678291      1178   469107    3.579
1485678292      887   470066    3.58632
1485678293      907   470973    3.59324
1485678294      1178   472151    3.60223
1485678295      527   472678    3.60625
1485678296      911   473691    3.61398
1485678297      1183   474874    3.623
1485678298      896   475770    3.62984
1485678299      857   476627    3.63638
1485678300      1178   477805    3.64536
1485678301      884   478746    3.65254
1485678302      1186   479932    3.66159
1485678303      899   480831    3.66845
1485678304      846   481677    3.6749
1485678305      1180   482857    3.68391
1485678306      885   483801    3.69111
1485678307      1179   484980    3.7001
1485678308      895   485875    3.70693
1485678309      841   486716    3.71335
1485678310      1174   487890    3.72231
1485678311      894   488856    3.72968
1485678312      1184   490040    3.73871
1485678313      895   490935    3.74554
1485678314      853   491788    3.75204
1485678315      1171   492959    3.76098
1485678316      890   493911    3.76824
1485678317      1177   495088    3.77722
1485678318      895   495983    3.78405
1485678319      856   496839    3.79058
1485678320      1175   498014    3.79955
1485678321      886   498966    3.80681
