1483923026      1493   1493    0.00284767
1483923027      1499   2992    0.00570679
1483923028      1499   4491    0.0085659
1483923029      1500   5991    0.0114269
1483923030      1499   7490    0.014286
1483923031      1500   8991    0.017149
1483923032      1499   10491    0.02001
1483923033      1499   11990    0.0228691
1483923034      1499   13490    0.0257301
1483923035      1176   14666    0.0279732
1483923036      1178   15844    0.03022
1483923037      1194   17038    0.0324974
1483923038      1184   18222    0.0347557
1483923039      1342   19564    0.0373154
1483923040      1333   20897    0.0398579
1483923041      1157   22137    0.042223
1483923042      1208   23345    0.0445271
1483923043      1282   24627    0.0469723
1483923044      1347   25974    0.0495415
1483923045      1066   27121    0.0517292
1483923046      1355   28476    0.0543137
1483923047      1343   29819    0.0568752
1483923048      1313   31132    0.0593796
1483923049      1330   32462    0.0619164
1483923050      1166   33628    0.0641403
1483923051      1328   34956    0.0666733
1483923052      1352   36308    0.069252
1483923053      1346   37654    0.0718193
1483923054      1194   38913    0.0742207
1483923055      1352   40265    0.0767994
1483923056      1012   41277    0.0787296
1483923057      1355   42632    0.0813141
1483923058      1179   43897    0.0837269
1483923059      1350   45247    0.0863018
1483923061      701   46041    0.0878162
1483923062      1320   47361    0.0903339
1483923063      1349   48710    0.092907
1483923064      1337   50047    0.0954571
1483923065      1339   51386    0.098011
1483923066      1144   52530    0.100193
1483923067      1351   53881    0.10277
1483923068      1209   55090    0.105076
1483923069      1191   56385    0.107546
1483923070      1360   57745    0.11014
1483923071      1351   59096    0.112717
1483923072      1342   60438    0.115276
1483923073      1189   61745    0.117769
1483923074      1359   63104    0.120361
1483923075      1343   64447    0.122923
1483923076      1352   65799    0.125502
1483923077      1211   67105    0.127993
1483923078      1221   68326    0.130322
1483923079      1354   69680    0.132904
1483923080      1214   71017    0.135454
1483923081      1356   72373    0.138041
1483923082      1353   73726    0.140621
1483923083      1342   75068    0.143181
1483923084      1209   76377    0.145678
1483923085      1361   77738    0.148273
1483923086      1348   79086    0.150845
1483923087      1343   80429    0.153406
1483923088      1068   81497    0.155443
1483923089      1354   82851    0.158026
1483923090      1348   84199    0.160597
1483923091      1354   85553    0.163179
1483923092      1120   86721    0.165407
1483923093      1208   87929    0.167711
1483923094      1213   89142    0.170025
1483923095      1316   90458    0.172535
1483923096      1341   91799    0.175093
1483923097      1248   93047    0.177473
1483923098      1184   94231    0.179731
1483923099      1212   95443    0.182043
1483923100      1340   96783    0.184599
1483923101      1347   98130    0.187168
1483923102      1193   99323    0.189444
1483923103      1351   100674    0.19202
1483923104      1352   102026    0.194599
1483923105      1355   103381    0.197184
1483923106      1200   104581    0.199472
1483923107      1344   105925    0.202036
1483923108      1352   107277    0.204615
1483923109      1094   108481    0.206911
1483923110      1363   109844    0.209511
1483923111      1346   111190    0.212078
1483923112      1353   112543    0.214659
1483923113      1211   113841    0.217134
1483923114      1359   115200    0.219727
1483923115      1345   116545    0.222292
1483923116      1350   117895    0.224867
1483923117      1205   119201    0.227358
1483923118      1350   120551    0.229933
1483923119      1352   121903    0.232512
1483923120      1095   123113    0.234819
1483923121      1360   124473    0.237413
1483923122      1355   125828    0.239998
1483923123      1353   127181    0.242579
1483923124      1210   128473    0.245043
1483923125      1353   129826    0.247623
1483923126      1352   131178    0.250202
1483923127      1344   132522    0.252766
1483923129      1214   133833    0.255266
1483923130      1348   135181    0.257837
1483923131      1210   136391    0.260145
1483923132      1346   137737    0.262712
1483923133      1173   138910    0.26495
1483923134      1339   140249    0.267504
1483923135      1347   141596    0.270073
1483923136      1349   142945    0.272646
1483923137      1205   144177    0.274996
1483923138      1360   145537    0.27759
1483923139      1343   146880    0.280151
1483923140      1351   148231    0.282728
1483923141      1061   149292    0.284752
1483923142      1352   150644    0.287331
1483923143      1346   151990    0.289898
1483923144      1354   153344    0.29248
1483923145      1198   154542    0.294765
1483923146      1343   155885    0.297327
1483923147      1347   157232    0.299896
1483923148      1338   158570    0.302448
1483923149      1211   159881    0.304949
1483923150      1347   161228    0.307518
1483923151      1349   162577    0.310091
1483923152      1211   163788    0.312401
1483923153      1137   164925    0.314569
1483923154      1341   166266    0.317127
1483923155      1341   167607    0.319685
1483923156      1184   168791    0.321943
1483923157      1338   170129    0.324495
1483923158      1091   171297    0.326723
1483923159      1191   172488    0.328995
1483923160      1337   173825    0.331545
1483923161      1321   175146    0.334064
1483923162      947   176281    0.336229
1483923163      1353   177634    0.33881
1483923164      1354   178988    0.341393
1483923165      1343   180331    0.343954
1483923166      1207   181641    0.346453
1483923167      1356   182997    0.349039
1483923168      1345   184342    0.351604
1483923169      1352   185694    0.354183
1483923170      1206   187001    0.356676
1483923171      1359   188360    0.359268
1483923172      1356   189716    0.361855
1483923173      1063   190913    0.364138
1483923174      1353   192266    0.366718
1483923175      1354   193620    0.369301
1483923176      1347   194967    0.37187
1483923177      1211   196273    0.374361
1483923178      1356   197629    0.376947
1483923179      1343   198972    0.379509
1483923180      1345   200317    0.382074
1483923181      1215   201633    0.384584
1483923182      1349   202982    0.387157
1483923183      1212   204194    0.389469
1483923184      1224   205545    0.392046
1483923185      1359   206904    0.394638
1483923186      1342   208246    0.397198
1483923187      1346   209592    0.399765
1483923189      1223   210905    0.402269
1483923190      1354   212259    0.404852
1483923191      1354   213613    0.407434
1483923192      1344   214957    0.409998
1483923193      1211   216265    0.412493
1483923194      1105   217370    0.4146
1483923195      1352   218722    0.417179
1483923196      1316   220038    0.419689
1483923197      896   221249    0.421999
1483923198      1358   222607    0.424589
1483923199      1319   223926    0.427105
1483923200      1347   225273    0.429674
1483923201      1195   226609    0.432222
1483923202      1355   227964    0.434807
1483923203      1348   229312    0.437378
1483923204      1099   230521    0.439684
1483923205      1353   231874    0.442265
1483923206      1337   233211    0.444815
1483923207      1348   234559    0.447386
1483923208      1206   235881    0.449907
1483923209      1308   237189    0.452402
1483923210      1344   238533    0.454966
1483923211      1167   239700    0.457191
1483923212      1310   241010    0.45969
1483923213      1198   242313    0.462175
1483923214      1353   243666    0.464756
1483923215      1213   244879    0.46707
1483923216      1338   246217    0.469622
1483923217      1183   247400    0.471878
1483923218      1329   248729    0.474413
1483923219      1351   250080    0.47699
1483923220      1319   251399    0.479506
1483923222      1084   252657    0.481905
1483923223      1356   254013    0.484491
1483923224      1345   255358    0.487057
1483923225      1316   256674    0.489567
1483923226      1054   257728    0.491577
1483923227      1330   259058    0.494114
1483923228      1356   260414    0.4967
1483923229      1329   261743    0.499235
1483923230      1206   263001    0.501635
1483923231      1354   264355    0.504217
1483923232      1330   265685    0.506754
1483923233      1339   267024    0.509308
1483923234      1329   268353    0.511843
1483923235      1170   269523    0.514074
1483923236      1341   270864    0.516632
1483923237      1004   271868    0.518547
1483923238      1310   273178    0.521046
1483923239      1207   274417    0.523409
1483923240      1356   275773    0.525995
1483923241      1355   277128    0.52858
1483923242      1353   278481    0.53116
1483923243      1214   279777    0.533632
1483923244      1346   281123    0.5362
1483923245      1345   282468    0.538765
1483923246      1330   283798    0.541302
1483923247      986   284784    0.543182
1483923248      1354   286138    0.545765
1483923249      1325   287463    0.548292
1483923250      1353   288816    0.550873
1483923251      1190   290121    0.553362
1483923252      1347   291468    0.555931
1483923253      1335   292803    0.558477
1483923254      1340   294143    0.561033
1483923255      1330   295473    0.56357
1483923256      1171   296644    0.565804
1483923257      1348   297992    0.568375
1483923258      764   298756    0.569832
1483923259      1350   300106    0.572407
1483923260      1357   301463    0.574995
1483923261      1174   302637    0.577234
1483923262      1342   303979    0.579794
1483923263      1345   305324    0.582359
1483923264      1341   306665    0.584917
1483923265      1191   307969    0.587404
1483923266      1362   309331    0.590002
1483923267      1327   310658    0.592533
1483923268      968   311881    0.594866
1483923269      1349   313230    0.597439
1483923270      1333   314563    0.599981
1483923271      1341   315904    0.602539
1483923272      1201   317241    0.605089
1483923273      1357   318598    0.607677
1483923274      1318   319916    0.610191
1483923275      1351   321267    0.612768
1483923276      1330   322597    0.615305
1483923277      1016   323673    0.617357
1483923278      1196   324869    0.619638
1483923279      1038   325907    0.621618
1483923280      1166   327073    0.623842
1483923281      1161   328234    0.626057
1483923282      1324   329558    0.628582
1483923283      1176   330801    0.630953
1483923284      1334   332135    0.633497
1483923285      1341   333476    0.636055
1483923286      1340   334816    0.638611
1483923287      1193   336161    0.641176
1483923288      1352   337513    0.643755
1483923289      1300   338813    0.646235
1483923290      1211   340024    0.648544
1483923291      1182   341206    0.650799
1483923292      1312   342518    0.653301
1483923293      1349   343867    0.655874
1483923294      1323   345190    0.658398
1483923296      1195   346505    0.660906
1483923297      1354   347859    0.663488
1483923298      1352   349211    0.666067
1483923299      1342   350553    0.668627
1483923300      1192   351865    0.671129
1483923301      1208   353073    0.673433
1483923302      1301   354374    0.675915
1483923303      1346   355720    0.678482
1483923304      1183   356903    0.680738
1483923305      1321   358224    0.683258
1483923306      1350   359574    0.685833
1483923307      1321   360895    0.688353
1483923308      1202   362209    0.690859
1483923309      1359   363568    0.693451
1483923310      1347   364915    0.69602
1483923311      1018   366121    0.69832
1483923312      1360   367481    0.700914
1483923313      1346   368827    0.703482
1483923314      1339   370166    0.706036
1483923315      1202   371481    0.708544
1483923316      1349   372830    0.711117
1483923317      1328   374158    0.71365
1483923318      1352   375510    0.716228
1483923319      1197   376841    0.718767
1483923320      1360   378201    0.721361
1483923321      1345   379546    0.723927
1483923322      1082   380753    0.726229
1483923323      1360   382113    0.728823
1483923324      1342   383455    0.731382
1483923325      1334   384789    0.733927
1483923326      1198   386113    0.736452
1483923327      1344   387457    0.739016
1483923328      1353   388810    0.741596
1483923329      1320   390130    0.744114
1483923330      1214   391473    0.746675
1483923331      1357   392830    0.749264
1483923332      991   393821    0.751154
1483923333      1159   394980    0.753365
1483923334      1349   396329    0.755938
1483923335      1147   397529    0.758226
1483923336      1331   398860    0.760765
1483923337      1200   400060    0.763054
1483923338      1352   401412    0.765633
1483923339      1277   402689    0.768068
1483923340      1234   403923    0.770422
1483923341      1192   405115    0.772696
1483923342      1346   406461    0.775263
1483923343      1210   407671    0.777571
1483923345      1203   408945    0.780001
1483923346      1357   410302    0.782589
1483923347      1346   411648    0.785156
1483923348      1353   413001    0.787737
1483923349      1218   414305    0.790224
1483923350      1363   415668    0.792824
1483923351      1348   417016    0.795395
1483923352      1352   418368    0.797974
1483923353      1205   419665    0.800447
1483923354      1221   420886    0.802776
1483923355      1345   422231    0.805342
1483923356      1229   423577    0.807909
1483923357      1352   424929    0.810488
1483923358      1352   426281    0.813066
1483923359      1348   427629    0.815638
1483923360      1213   428937    0.818132
1483923361      1347   430284    0.820702
1483923362      1342   431626    0.823261
1483923363      1353   432979    0.825842
1483923364      1067   434046    0.827877
1483923365      1348   435394    0.830448
1483923366      1353   436747    0.833029
1483923367      1342   438089    0.835588
1483923368      1198   439287    0.837873
1483923369      1352   440639    0.840452
1483923370      1344   441983    0.843016
1483923371      1353   443336    0.845596
1483923372      1217   444641    0.848085
1483923373      1360   446001    0.850679
1483923374      1345   447346    0.853245
1483923375      1098   448553    0.855547
1483923376      1353   449906    0.858128
1483923377      1349   451255    0.860701
1483923378      1353   452608    0.863281
1483923379      1211   453913    0.86577
1483923380      1350   455263    0.868345
1483923381      1348   456611    0.870916
1483923382      1353   457964    0.873497
1483923383      1207   459273    0.875994
1483923384      1359   460632    0.878586
1483923385      1215   461847    0.880903
1483923386      1216   463185    0.883455
1483923387      1349   464534    0.886028
1483923388      1350   465884    0.888603
1483923389      1353   467237    0.891184
1483923390      1214   468545    0.893679
1483923391      1349   469894    0.896252
1483923392      1352   471246    0.89883
1483923393      1346   472592    0.901398
1483923394      1215   473905    0.903902
1483923395      1186   475091    0.906164
1483923396      1341   476432    0.908722
1483923397      1353   477785    0.911303
1483923398      1049   478889    0.913408
1483923399      1325   480214    0.915936
1483923400      1248   481462    0.918316
1483923401      1356   482818    0.920902
1483923402      1346   484164    0.92347
1483923403      1194   485358    0.925747
1483923404      1346   486704    0.928314
1483923405      1352   488056    0.930893
1483923407      1075   489233    0.933138
1483923408      1354   490587    0.93572
1483923409      1338   491925    0.938272
1483923410      1346   493271    0.94084
1483923411      1214   494593    0.943361
1483923412      1359   495952    0.945953
1483923413      1343   497295    0.948515
1483923414      1350   498645    0.95109
1483923415      1207   499953    0.953585
