1489503897      200   200    0.000572205
1489503898      200   400    0.00114441
1489503899      200   600    0.00171661
1489503900      200   800    0.00228882
1489503901      200   1000    0.00286102
1489503902      200   1200    0.00343323
1489503903      200   1400    0.00400543
1489503904      200   1600    0.00457764
1489503905      200   1800    0.00514984
1489503906      200   2000    0.00572205
1489503907      200   2200    0.00629425
1489503908      200   2400    0.00686646
1489503909      200   2600    0.00743866
1489503910      200   2800    0.00801086
1489503911      200   3000    0.00858307
1489503912      200   3200    0.00915527
1489503913      200   3400    0.00972748
1489503914      200   3600    0.0102997
1489503915      200   3800    0.0108719
1489503916      200   4000    0.0114441
1489503917      200   4200    0.0120163
1489503918      200   4400    0.0125885
1489503919      200   4600    0.0131607
1489503920      200   4800    0.0137329
1489503921      200   5000    0.0143051
1489503922      200   5200    0.0148773
1489503923      200   5400    0.0154495
1489503924      200   5600    0.0160217
1489503925      200   5800    0.0165939
1489503926      200   6000    0.0171661
1489503927      200   6200    0.0177383
1489503928      200   6400    0.0183105
1489503929      200   6600    0.0188828
1489503930      200   6800    0.019455
1489503931      200   7000    0.0200272
1489503932      200   7200    0.0205994
1489503933      200   7400    0.0211716
1489503934      200   7600    0.0217438
1489503935      200   7800    0.022316
1489503936      200   8000    0.0228882
1489503937      200   8200    0.0234604
1489503938      200   8400    0.0240326
1489503939      200   8600    0.0246048
1489503940      200   8800    0.025177
1489503941      200   9000    0.0257492
1489503942      200   9200    0.0263214
1489503943      200   9400    0.0268936
1489503944      200   9600    0.0274658
1489503945      200   9800    0.028038
