1481882731      1498   1498    0.00285721
1481882732      1499   2997    0.00571632
1481882733      1499   4496    0.00857544
1481882734      1500   5996    0.0114365
1481882735      1499   7496    0.0142975
1481882736      1499   8995    0.0171566
1481882737      1500   10495    0.0200176
1481882738      1499   11994    0.0228767
1481882739      1499   13493    0.0257359
1481882740      1500   14993    0.0285969
1481882741      1437   16430    0.0313377
1481882742      1362   17792    0.0339355
1481882743      1376   19168    0.0365601
1481882744      1262   20430    0.0389671
1481882745      1379   21809    0.0415974
1481882746      1375   23184    0.04422
1481882747      1374   24558    0.0468407
1481882748      1261   25819    0.0492458
1481882749      1381   27200    0.0518799
1481882750      1374   28574    0.0545006
1481882751      1379   29953    0.0571308
1481882752      1244   31197    0.0595036
1481882753      921   32131    0.061285
1481882754      1388   33519    0.0639324
1481882755      1313   34832    0.0664368
1481882756      1369   36201    0.0690479
1481882757      1249   37491    0.0715084
1481882758      1385   38876    0.0741501
1481882759      1379   40255    0.0767803
1481882760      1380   41635    0.0794125
1481882761      1261   42896    0.0818176
1481882762      1379   44275    0.0844479
1481882763      1381   45656    0.0870819
1481882764      1380   47036    0.0897141
1481882765      1050   48196    0.0919266
1481882766      1385   49581    0.0945683
1481882767      1370   50951    0.0971813
1481882768      1312   52263    0.0996838
1481882769      1246   53556    0.10215
1481882770      1380   54936    0.104782
1481882771      1375   56311    0.107405
1481882772      1380   57691    0.110037
1481882773      1253   58944    0.112427
1481882774      1374   60318    0.115047
1481882775      1375   61693    0.11767
1481882776      1380   63073    0.120302
1481882777      1058   64261    0.122568
1481882778      1387   65648    0.125214
1481882779      1322   66970    0.127735
1481882780      1373   68343    0.130354
1481882781      1248   69621    0.132792
1481882782      1387   71008    0.135437
1481882783      1381   72389    0.138071
1481882784      1381   73770    0.140705
1481882785      1226   74996    0.143044
1481882786      1382   76378    0.145679
1481882787      1380   77758    0.148312
1481882788      1380   79138    0.150944
1481882789      1004   80326    0.15321
1481882790      1306   81632    0.155701
1481882791      1287   82919    0.158155
1481882792      1302   84221    0.160639
1481882793      1300   85521    0.163118
1481882794      1203   86758    0.165478
1481882795      1380   88138    0.16811
1481882796      1349   89487    0.170683
1481882797      1366   90853    0.173288
1481882798      1242   92118    0.175701
1481882799      1386   93504    0.178345
1481882800      1377   94882    0.180973
1481882801      1370   96252    0.183586
1481882802      1068   97320    0.185623
1481882804      1181   98535    0.187941
1481882805      1381   99916    0.190575
1481882806      1378   101294    0.193203
1481882807      1359   102653    0.195795
1481882808      1241   103895    0.198164
1481882809      1325   105220    0.200691
1481882810      1378   106598    0.20332
1481882811      1366   107964    0.205925
1481882812      1247   109255    0.208387
1481882813      1371   110626    0.211002
1481882814      1365   111991    0.213606
1481882815      1129   113120    0.215759
1481882816      1379   114499    0.21839
1481882817      1237   115736    0.220749
1481882818      1375   117111    0.223372
1481882819      1381   118492    0.226006
1481882820      1374   119866    0.228626
1481882821      1250   121116    0.23101
1481882822      1311   122427    0.233511
1481882823      1373   123800    0.23613
1481882824      1374   125174    0.23875
1481882825      1255   126429    0.241144
1481882826      1380   127809    0.243776
1481882827      1134   128943    0.245939
1481882828      1381   130324    0.248573
1481882829      1378   131702    0.251202
1481882830      1254   132956    0.253593
1481882831      1381   134337    0.256227
1481882832      1374   135711    0.258848
1481882833      1376   137087    0.261473
1481882834      1252   138339    0.263861
1481882835      1331   139670    0.266399
1481882836      1329   140999    0.268934
1481882837      1381   142380    0.271568
1481882838      1225   143605    0.273905
1481882839      1126   144731    0.276052
1481882840      1375   146106    0.278675
1481882841      1374   147480    0.281296
1481882842      1314   148794    0.283802
1481882843      1253   150047    0.286192
1481882844      1375   151422    0.288815
1481882845      1310   152732    0.291313
1481882846      1375   154107    0.293936
1481882847      1247   155354    0.296314
1481882848      1374   156728    0.298935
1481882849      1381   158109    0.301569
1481882850      1373   159482    0.304188
1481882851      1011   160651    0.306417
1481882852      1388   162039    0.309065
1481882853      1380   163419    0.311697
1481882854      1379   164798    0.314327
1481882855      1250   166048    0.316711
1481882856      1374   167422    0.319332
1481882857      1327   168749    0.321863
1481882858      1369   170118    0.324474
1481882859      1251   171371    0.326864
1481882860      1374   172745    0.329485
1481882861      1380   174125    0.332117
1481882862      1378   175503    0.334745
1481882863      1051   176716    0.337059
1481882864      1386   178102    0.339703
1481882865      1375   179477    0.342325
1481882866      1379   180856    0.344955
1481882867      1261   182117    0.347361
1481882868      1380   183497    0.349993
1481882869      1375   184872    0.352615
1481882870      1324   186196    0.355141
1481882871      1260   187456    0.357544
1481882872      1380   188836    0.360176
1481882873      1335   190171    0.362722
1481882874      1378   191549    0.365351
1481882875      1041   192781    0.367701
1481882876      1382   194163    0.370337
1481882877      1381   195544    0.372971
1481882878      1381   196925    0.375605
1481882879      1203   198141    0.377924
1481882880      1380   199521    0.380556
1481882881      1381   200902    0.38319
1481882882      1346   202248    0.385757
1481882883      1250   203501    0.388147
1481882884      1382   204883    0.390783
1481882885      1356   206239    0.39337
1481882886      1363   207602    0.395969
1481882887      1037   208846    0.398342
1481882888      1322   210168    0.400864
1481882889      1374   211542    0.403484
1481882890      1376   212918    0.406109
1481882891      1254   214206    0.408566
1481882892      1381   215587    0.4112
1481882893      1381   216968    0.413834
1481882894      1335   218303    0.41638
1481882895      1247   219566    0.418789
1481882896      1389   220955    0.421438
1481882897      1380   222335    0.42407
1481882898      1378   223713    0.426699
1481882899      1056   224911    0.428984
1481882900      1374   226285    0.431604
1481882901      1313   227598    0.434109
1481882902      1381   228979    0.436743
1481882903      1229   230271    0.439207
1481882904      1387   231658    0.441853
1481882905      1381   233039    0.444487
1481882906      1374   234413    0.447107
1481882907      1183   235631    0.44943
1481882908      1382   237013    0.452066
1481882909      1379   238392    0.454697
1481882910      1347   239739    0.457266
1481882912      1070   240976    0.459625
1481882913      1379   242355    0.462255
1481882914      1381   243736    0.46489
1481882915      1381   245117    0.467524
1481882916      1253   246370    0.469913
1481882917      1374   247744    0.472534
1481882918      1374   249118    0.475155
1481882919      1374   250492    0.477776
1481882920      1200   251696    0.480072
1481882921      1385   253081    0.482714
1481882922      1381   254462    0.485348
1481882923      1363   255825    0.487947
1481882924      1065   257041    0.490267
1481882925      1382   258423    0.492903
1481882926      1378   259801    0.495531
1481882927      1321   261122    0.498051
1481882928      1257   262401    0.50049
1481882929      1380   263781    0.503122
1481882930      1374   265155    0.505743
1481882931      1378   266533    0.508371
1481882932      1255   267788    0.510765
1481882933      1379   269167    0.513395
1481882934      1375   270542    0.516018
1481882935      1381   271923    0.518652
1481882936      1043   273106    0.520908
1481882937      1375   274481    0.523531
1481882938      1368   275849    0.52614
1481882939      1375   277224    0.528763
1481882940      1248   278472    0.531143
1481882941      1383   279855    0.533781
1481882942      1310   281165    0.53628
1481882943      1378   282543    0.538908
1481882944      1253   283826    0.541355
1481882945      1388   285214    0.544003
1481882946      1381   286595    0.546637
1481882947      1376   287971    0.549261
1481882948      948   289171    0.55155
1481882949      1387   290558    0.554195
1481882950      1376   291934    0.55682
1481882951      1375   293309    0.559443
1481882952      1235   294544    0.561798
1481882953      1373   295917    0.564417
1481882954      1380   297297    0.567049
1481882955      1382   298679    0.569685
1481882956      1255   299934    0.572079
1481882957      1374   301308    0.574699
1481882958      1382   302690    0.577335
1481882959      1372   304062    0.579952
1481882960      1031   305236    0.582191
1481882961      1313   306549    0.584696
1481882962      1378   307927    0.587324
1481882963      1378   309305    0.589952
1481882964      1256   310596    0.592415
1481882965      1385   311981    0.595057
1481882966      1375   313356    0.597679
1481882967      1373   314729    0.600298
1481882968      1222   315956    0.602638
1481882969      1379   317335    0.605268
1481882970      1375   318710    0.607891
1481882971      1379   320089    0.610521
1481882972      1060   321301    0.612833
1481882973      1383   322684    0.615471
1481882974      1314   323998    0.617977
1481882975      1369   325368    0.62059
1481882977      1246   326661    0.623056
1481882978      1368   328029    0.625666
1481882979      1358   329387    0.628256
1481882980      1363   330750    0.630856
1481882981      1167   332021    0.63328
1481882982      1380   333401    0.635912
1481882983      1375   334776    0.638535
1481882984      1365   336141    0.641138
1481882985      1052   337366    0.643475
1481882986      1381   338747    0.646109
1481882987      1361   340108    0.648705
1481882988      1312   341420    0.651207
1481882989      1245   342726    0.653698
1481882990      1370   344096    0.656311
1481882991      1372   345468    0.658928
1481882992      1367   346835    0.661535
1481882993      1239   348086    0.663921
1481882994      1370   349456    0.666534
1481882995      1371   350827    0.669149
1481882996      1374   352201    0.67177
1481882997      1020   353431    0.674116
1481882998      1380   354811    0.676748
1481882999      1362   356173    0.679346
1481883000      1376   357549    0.681971
1481883001      1186   358791    0.68434
1481883002      1384   360175    0.686979
1481883003      1375   361550    0.689602
1481883004      1337   362887    0.692152
1481883005      1236   364151    0.694563
1481883006      1372   365523    0.69718
1481883007      1372   366895    0.699797
1481883008      1364   368259    0.702398
1481883009      1044   369496    0.704758
1481883010      1375   370871    0.70738
1481883011      1358   372229    0.70997
1481883012      1374   373603    0.712591
1481883013      1233   374856    0.714981
1481883014      1368   376224    0.71759
1481883015      1374   377598    0.720211
1481883016      1373   378971    0.72283
1481883017      1180   380216    0.725204
1481883018      1353   381569    0.727785
1481883019      1373   382942    0.730404
1481883020      1315   384257    0.732912
1481883022      1070   385561    0.735399
1481883023      1374   386935    0.73802
1481883024      1336   388271    0.740568
1481883025      1366   389637    0.743174
1481883026      1241   390921    0.745623
1481883027      1317   392238    0.748135
1481883028      1371   393609    0.75075
1481883029      1350   394959    0.753325
1481883030      1241   396281    0.755846
1481883031      1372   397653    0.758463
1481883032      1379   399032    0.761093
1481883033      1378   400410    0.763721
1481883034      1048   401626    0.766041
1481883035      1351   402977    0.768618
1481883036      1381   404358    0.771252
1481883037      1375   405733    0.773874
1481883038      1242   406986    0.776264
1481883039      1388   408374    0.778912
1481883040      1377   409751    0.781538
1481883041      1382   411133    0.784174
1481883042      1247   412380    0.786552
1481883043      1360   413740    0.789146
1481883044      1373   415113    0.791765
1481883045      1381   416494    0.794399
1481883046      1040   417691    0.796682
1481883047      1362   419053    0.79928
1481883048      1375   420428    0.801903
1481883049      1374   421802    0.804523
1481883050      1248   423051    0.806906
1481883051      1380   424431    0.809538
1481883052      1371   425802    0.812153
1481883053      1317   427119    0.814665
1481883054      1259   428411    0.817129
1481883055      1387   429798    0.819775
1481883056      1371   431169    0.82239
1481883057      1381   432550    0.825024
1481883058      1041   433756    0.827324
1481883059      1357   435113    0.829912
1481883060      1380   436493    0.832544
1481883061      1373   437866    0.835163
1481883062      1250   439116    0.837547
1481883063      1387   440503    0.840193
1481883064      1382   441885    0.842829
1481883065      1369   443254    0.84544
1481883066      1263   444517    0.847849
1481883067      1376   445893    0.850473
1481883068      1368   447261    0.853083
1481883069      1301   448562    0.855564
1481883070      1075   449821    0.857965
1481883071      1381   451202    0.8606
1481883072      1380   452582    0.863232
1481883073      1374   453956    0.865852
1481883074      1203   455181    0.868189
1481883075      1387   456568    0.870834
1481883076      1379   457947    0.873465
1481883077      1377   459324    0.876091
1481883078      1262   460586    0.878498
1481883079      1379   461965    0.881128
1481883080      1381   463346    0.883762
1481883081      1379   464725    0.886393
1481883082      1024   465886    0.888607
1481883083      1381   467267    0.891241
1481883084      1374   468641    0.893862
1481883085      1382   470023    0.896498
1481883086      1262   471285    0.898905
1481883087      1380   472665    0.901537
1481883088      1377   474042    0.904163
1481883089      1381   475423    0.906797
1481883090      1253   476676    0.909187
1481883091      1373   478049    0.911806
1481883092      1374   479423    0.914427
1481883093      1376   480799    0.917051
1481883095      1007   481951    0.919249
1481883096      1371   483322    0.921864
1481883097      1371   484693    0.924479
1481883098      1374   486067    0.927099
1481883099      1241   487311    0.929472
1481883100      1380   488691    0.932104
1481883101      1309   490000    0.934601
1481883102      1381   491381    0.937235
1481883103      1246   492671    0.939695
1481883104      1383   494054    0.942333
1481883105      1374   495428    0.944954
1481883106      1377   496805    0.94758
1481883107      1059   498016    0.94989
1481883108      1381   499397    0.952524
