1499935771      65   65    0.000433922
1499935772      58   124    0.000827789
1499935773      70   194    0.00129509
1499935774      63   258    0.00172234
1499935775      58   317    0.0021162
1499935776      57   374    0.00249672
1499935777      63   438    0.00292397
1499935778      70   510    0.00340462
1499935779      61   572    0.00381851
1499935780      59   631    0.00421238
1499935781      56   688    0.0045929
1499935782      68   757    0.00505352
1499935783      71   828    0.0055275
1499935784      69   898    0.0059948
1499935785      66   964    0.00643539
1499935786      62   1026    0.00684929
1499935787      71   1097    0.00732327
1499935788      63   1160    0.00774384
1499935789      73   1233    0.00823116
1499935790      61   1296    0.00865173
1499935791      65   1362    0.00909233
1499935792      70   1432    0.00955963
1499935793      64   1497    0.00999355
1499935794      71   1569    0.0104742
1499935795      58   1627    0.0108614
1499935797      62   1690    0.011282
1499935798      65   1756    0.0117226
1499935799      63   1820    0.0121498
1499935800      73   1894    0.0126438
1499935801      65   1959    0.0130777
1499935802      69   2028    0.0135384
1499935803      65   2093    0.0139723
1499935804      71   2164    0.0144463
1499935805      59   2224    0.0148468
1499935806      51   2275    0.0151873
1499935807      52   2327    0.0155344
1499935808      53   2380    0.0158882
1499935809      57   2437    0.0162687
1499935810      63   2501    0.016696
1499935811      62   2563    0.0171099
1499935812      53   2616    0.0174637
1499935813      55   2672    0.0178375
1499935814      69   2742    0.0183048
1499935815      71   2813    0.0187788
1499935816      72   2886    0.0192661
1499935817      75   2961    0.0197668
1499935818      70   3032    0.0202408
1499935819      77   3110    0.0207615
1499935820      64   3175    0.0211954
1499935821      60   3235    0.021596
1499935822      64   3300    0.0220299
1499935823      66   3367    0.0224771
1499935824      69   3437    0.0229445
1499935825      67   3505    0.0233984
1499935826      63   3569    0.0238256
1499935827      60   3630    0.0242329
1499935828      65   3696    0.0246735
1499935829      70   3766    0.0251408
1499935830      63   3829    0.0255613
1499935831      70   3899    0.0260286
1499935832      58   3957    0.0264158
1499935833      60   4017    0.0268164
1499935834      69   4087    0.0272837
1499935835      66   4154    0.0277309
1499935836      70   4225    0.0282049
1499935837      63   4288    0.0286255
1499935838      58   4347    0.0290194
1499935839      63   4411    0.0294466
1499935840      58   4469    0.0298338
1499935841      55   4524    0.030201
1499935842      47   4571    0.0305147
1499935843      58   4629    0.0309019
1499935844      73   4702    0.0313892
1499935845      61   4764    0.0318031
1499935846      50   4814    0.0321369
1499935847      57   4871    0.0325174
1499935848      60   4931    0.032918
1499935849      68   4999    0.0333719
1499935850      73   5072    0.0338593
1499935851      59   5131    0.0342531
1499935852      55   5187    0.034627
1499935853      61   5249    0.0350409
1499935854      60   5309    0.0354414
1499935855      64   5373    0.0358686
1499935856      70   5444    0.0363426
1499935857      63   5508    0.0367699
1499935858      60   5570    0.0371838
1499935859      57   5628    0.037571
1499935860      57   5685    0.0379515
1499935861      69   5754    0.0384121
1499935862      63   5818    0.0388393
1499935863      68   5887    0.0393
1499935864      84   5972    0.0398674
1499935865      79   6051    0.0403948
1499935866      76   6128    0.0409088
1499935867      64   6193    0.0413427
1499935868      70   6264    0.0418167
1499935869      75   6339    0.0423174
1499935870      85   6425    0.0428915
1499935871      72   6498    0.0433788
1499935872      69   6568    0.0438461
1499935873      69   6637    0.0443068
1499935874      70   6707    0.0447741
