1499772035      999   999    0
1499772036      999   1998    0
1499772037      1000   2998    0
1499772038      999   3997    0
1499772039      1000   4997    0
1499772040      999   5996    0
1499772041      1000   6996    0
1499772042      999   7995    0
1499772043      1000   8995    0
1499772044      999   9994    0
1499772045      996   10990    0
1499772046      999   11989    0
1499772047      1000   12989    0
1499772048      999   13988    0
1499772049      1000   14988    0
1499772050      1000   15988    0
1499772051      999   16987    0
1499772052      996   17983    0
1499772053      999   18982    0
1499772054      1000   19982    0
1499772055      999   20981    0
1499772056      1000   21981    0
1499772057      999   22980    0
1499772058      1000   23980    0
1499772059      998   24978    0
1499772060      1000   25978    0
1499772061      999   26977    0
1499772062      1000   27977    0
1499772063      1000   28977    0
1499772064      999   29976    0
1499772065      1000   30976    0
1499772066      999   31975    0
1499772067      1000   32975    0
1499772068      999   33974    0
1499772069      1000   34974    0
1499772070      1000   35974    0
1499772071      999   36973    0
1499772072      1000   37973    0
1499772073      999   38972    0
1499772074      1000   39972    0
1499772075      999   40971    0
1499772076      1000   41971    0
1499772077      999   42970    0
1499772078      1000   43970    0
1499772079      999   44969    0
1499772080      1000   45969    0
1499772081      999   46968    0
1499772082      1000   47968    0
1499772083      999   48967    0
1499772084      1000   49967    0
1499772085      1000   50967    0
1499772086      999   51966    0
1499772087      1000   52966    0
1499772088      999   53965    0
1499772089      1000   54965    0
1499772090      999   55964    0
1499772091      1000   56964    0
1499772092      999   57963    0
1499772093      1000   58963    0
1499772094      999   59962    0
1499772095      1000   60962    0
1499772096      999   61961    0
1499772097      1000   62961    0
1499772098      999   63960    0
1499772099      1000   64960    0
1499772100      1000   65960    0
1499772101      999   66959    0
1499772102      997   67956    0
1499772103      999   68955    0
1499772104      1000   69955    0
1499772105      999   70954    0
1499772106      969   71923    0
1499772107      999   72922    0
1499772108      1000   73922    0
1499772109      936   74858    0
1499772110      1000   75858    0
1499772111      999   76857    0
1499772112      1000   77857    0
1499772113      916   78773    0
1499772114      1000   79773    0
1499772115      1000   80773    0
1499772116      948   81721    0
1499772117      1000   82721    0
1499772118      999   83720    0
1499772119      949   84669    0
1499772120      999   85668    0
1499772121      1000   86668    0
1499772122      999   87667    0
1499772123      931   88598    0
1499772124      999   89597    0
1499772125      1000   90597    0
1499772126      948   91545    0
1499772127      1000   92545    0
1499772128      1000   93545    0
1499772129      948   94493    0
1499772130      1000   95493    0
1499772131      999   96492    0
1499772132      943   97449    0
1499772133      1006   98455    0
1499772134      1000   99455    0
1499772135      1000   100455    0
1499772136      948   101403    0
1499772137      1000   102403    0
1499772138      999   103402    0
1499772139      949   104351    0
1499772140      999   105350    0
1499772141      1000   106350    0
1499772142      940   107290    0
1499772143      1000   108290    0
1499772144      999   109289    0
1499772145      1000   110289    0
1499772146      948   111237    0
1499772147      1000   112237    0
1499772148      1000   113237    0
1499772149      948   114185    0
1499772150      1000   115185    0
1499772151      999   116184    0
1499772152      949   117133    0
1499772153      999   118132    0
1499772154      1000   119132    0
1499772155      999   120131    0
1499772156      942   121073    0
1499772157      999   122072    0
1499772158      1000   123072    0
1499772159      948   124020    0
1499772160      1000   125020    0
1499772161      1000   126020    0
1499772162      948   126968    0
1499772163      1000   127968    0
1499772164      999   128967    0
1499772165      932   129959    0
1499772166      1006   130965    0
1499772167      1000   131965    0
1499772168      1000   132965    0
1499772169      949   133914    0
1499772170      1000   134914    0
1499772171      999   135913    0
1499772172      950   136863    0
1499772173      999   137862    0
1499772174      1000   138862    0
1499772175      942   139804    0
1499772176      1000   140804    0
1499772177      999   141803    0
1499772178      1000   142803    0
1499772179      821   143624    0
1499772180      1000   144624    0
1499772181      1000   145624    0
1499772182      948   146572    0
1499772183      1000   147572    0
1499772184      999   148571    0
1499772185      949   149520    0
1499772186      999   150519    0
1499772187      1000   151519    0
1499772188      999   152518    0
1499772189      940   153458    0
1499772190      999   154457    0
1499772191      1000   155457    0
1499772192      948   156405    0
1499772193      1000   157405    0
1499772194      1000   158405    0
1499772195      948   159353    0
1499772196      1000   160353    0
1499772197      997   161350    0
1499772198      1000   162350    0
1499772199      901   163251    0
1499772200      1000   164251    0
1499772201      999   165250    0
1499772202      949   166199    0
1499772203      999   167198    0
1499772204      1000   168198    0
1499772205      948   169146    0
1499772206      1000   170146    0
1499772207      999   171145    0
1499772208      945   172140    0
1499772209      1007   173147    0
1499772210      999   174146    0
1499772211      1000   175146    0
1499772212      948   176094    0
1499772213      1000   177094    0
1499772214      999   178093    0
1499772215      949   179042    0
1499772216      999   180041    0
1499772217      1000   181041    0
1499772218      948   181989    0
1499772219      1000   182989    0
1499772220      999   183988    0
1499772221      1000   184988    0
1499772222      950   185938    0
1499772223      999   186937    0
1499772224      1000   187937    0
1499772225      949   188886    0
1499772226      1000   189886    0
1499772227      999   190885    0
1499772228      949   191834    0
1499772229      999   192833    0
1499772230      1000   193833    0
1499772231      999   194832    0
1499772232      924   195756    0
1499772233      999   196755    0
1499772234      1000   197755    0
1499772235      949   198704    0
1499772236      999   199703    0
1499772237      1000   200703    0
1499772238      948   201651    0
1499772239      1000   202651    0
1499772240      999   203650    0
1499772241      945   204650    0
1499772242      1006   205656    0
1499772243      1000   206656    0
1499772244      1000   207656    0
1499772245      948   208604    0
1499772246      1000   209604    0
1499772247      999   210603    0
1499772248      950   211553    0
1499772249      999   212552    0
1499772250      1000   213552    0
1499772251      838   214390    0
1499772252      1000   215390    0
1499772253      999   216389    0
1499772254      1000   217389    0
1499772255      944   218333    0
1499772256      1000   219333    0
1499772257      1000   220333    0
1499772258      948   221281    0
1499772259      1000   222281    0
1499772260      999   223280    0
1499772261      949   224229    0
1499772262      999   225228    0
1499772263      1000   226228    0
1499772264      999   227227    0
1499772265      915   228142    0
1499772266      999   229141    0
1499772267      1000   230141    0
1499772268      948   231089    0
1499772269      1000   232089    0
1499772270      999   233088    0
1499772271      949   234037    0
1499772272      1000   235037    0
1499772273      999   236036    0
1499772274      1000   237036    0
1499772275      928   237964    0
1499772276      1000   238964    0
1499772277      999   239963    0
1499772278      949   240912    0
1499772279      999   241911    0
1499772280      1000   242911    0
1499772281      945   243856    0
1499772282      1000   244856    0
1499772283      999   245855    0
1499772284      944   246831    0
1499772285      1007   247838    0
1499772286      999   248837    0
1499772287      1000   249837    0
1499772288      945   250782    0
1499772289      1000   251782    0
1499772290      999   252781    0
1499772291      949   253730    0
1499772292      999   254729    0
1499772293      1000   255729    0
1499772294      948   256677    0
1499772295      1000   257677    0
1499772296      999   258676    0
1499772297      1000   259676    0
1499772298      949   260625    0
1499772299      999   261624    0
1499772300      1000   262624    0
1499772301      945   263569    0
1499772302      1000   264569    0
1499772303      999   265568    0
1499772304      947   266515    0
1499772305      999   267514    0
1499772306      1000   268514    0
1499772307      999   269513    0
1499772308      931   270444    0
1499772309      999   271443    0
1499772310      1000   272443    0
1499772311      934   273377    0
1499772312      999   274376    0
1499772313      1000   275376    0
1499772314      948   276324    0
1499772315      1000   277324    0
1499772316      999   278323    0
1499772317      1000   279323    0
1499772318      937   280260    0
1499772319      1000   281260    0
1499772320      999   282259    0
1499772321      949   283208    0
1499772322      999   284207    0
1499772323      997   285204    0
1499772324      837   286041    0
1499772325      1000   287041    0
1499772326      1000   288041    0
1499772327      942   289012    0
1499772328      1006   290018    0
1499772329      1000   291018    0
1499772330      999   292017    0
1499772331      949   292966    0
1499772332      1000   293966    0
1499772333      999   294965    0
1499772334      944   295909    0
1499772335      999   296908    0
1499772336      1000   297908    0
1499772337      945   298853    0
1499772338      1000   299853    0
1499772339      999   300852    0
1499772340      999   301851    0
1499772341      948   302799    0
1499772342      1000   303799    0
1499772343      999   304798    0
1499772344      941   305739    0
1499772345      999   306738    0
1499772346      1000   307738    0
1499772347      949   308687    0
1499772348      999   309686    0
1499772349      1000   310686    0
1499772350      999   311685    0
1499772351      931   312616    0
1499772352      999   313615    0
1499772353      1000   314615    0
1499772354      948   315563    0
1499772355      1000   316563    0
1499772356      999   317562    0
1499772357      949   318511    0
1499772358      999   319510    0
1499772359      1000   320510    0
1499772360      999   321509    0
1499772361      937   322446    0
1499772362      1000   323446    0
1499772363      999   324445    0
1499772364      949   325394    0
1499772365      999   326393    0
1499772366      1000   327393    0
1499772367      931   328324    0
1499772368      1000   329324    0
1499772369      999   330323    0
1499772370      942   331275    0
1499772371      1007   332282    0
1499772372      999   333281    0
1499772373      1000   334281    0
1499772374      948   335229    0
1499772375      1000   336229    0
1499772376      999   337228    0
1499772377      949   338177    0
1499772378      999   339176    0
1499772379      1000   340176    0
1499772380      948   341124    0
1499772381      1000   342124    0
1499772382      995   343119    0
1499772383      1000   344119    0
1499772384      945   345064    0
1499772385      999   346063    0
1499772386      1000   347063    0
1499772387      948   348011    0
1499772388      1000   349011    0
1499772389      999   350010    0
1499772390      949   350959    0
1499772391      999   351958    0
1499772392      1000   352958    0
1499772393      999   353957    0
1499772394      929   354886    0
1499772395      999   355885    0
1499772396      1000   356885    0
1499772397      838   357723    0
1499772398      999   358722    0
1499772399      997   359719    0
1499772400      948   360667    0
1499772401      1000   361667    0
1499772402      999   362666    0
1499772403      1000   363666    0
1499772404      924   364590    0
1499772405      1000   365590    0
1499772406      999   366589    0
1499772407      949   367538    0
1499772408      999   368537    0
1499772409      1000   369537    0
1499772410      949   370486    0
1499772411      999   371485    0
1499772412      1000   372485    0
1499772413      943   373456    0
1499772414      1006   374462    0
1499772415      1000   375462    0
1499772416      1000   376462    0
1499772417      938   377400    0
1499772418      1000   378400    0
1499772419      999   379399    0
1499772420      949   380348    0
1499772421      999   381347    0
1499772422      1000   382347    0
1499772423      947   383294    0
1499772424      1000   384294    0
1499772425      999   385293    0
1499772426      1000   386293    0
1499772427      948   387241    0
1499772428      1000   388241    0
1499772429      1000   389241    0
1499772430      948   390189    0
1499772431      998   391187    0
1499772432      999   392186    0
1499772433      949   393135    0
1499772434      999   394134    0
1499772435      1000   395134    0
1499772436      999   396133    0
1499772437      927   397060    0
1499772438      999   398059    0
1499772439      1000   399059    0
1499772440      931   399990    0
1499772441      1000   400990    0
1499772442      1000   401990    0
1499772443      948   402938    0
1499772444      1000   403938    0
1499772445      999   404937    0
1499772446      1000   405937    0
1499772447      931   406868    0
1499772448      1000   407868    0
1499772449      999   408867    0
1499772450      949   409816    0
1499772451      999   410815    0
1499772452      1000   411815    0
1499772453      948   412763    0
1499772454      1000   413763    0
1499772455      999   414762    0
1499772456      943   415719    0
1499772457      1007   416726    0
1499772458      999   417725    0
1499772459      1000   418725    0
1499772460      948   419673    0
1499772461      1000   420673    0
1499772462      999   421672    0
1499772463      949   422621    0
1499772464      999   423620    0
1499772465      1000   424620    0
1499772466      948   425568    0
1499772467      1000   426568    0
1499772468      999   427567    0
1499772469      1000   428567    0
1499772470      822   429389    0
1499772471      1000   430389    0
1499772472      1000   431389    0
1499772473      946   432335    0
1499772474      1000   433335    0
1499772475      999   434334    0
1499772476      949   435283    0
1499772477      999   436282    0
1499772478      1000   437282    0
1499772479      999   438281    0
1499772480      926   439207    0
1499772481      999   440206    0
1499772482      1000   441206    0
1499772483      948   442154    0
1499772484      1000   443154    0
1499772485      1000   444154    0
1499772486      948   445102    0
1499772487      1000   446102    0
1499772488      999   447101    0
1499772489      1000   448101    0
1499772490      920   449021    0
1499772491      1000   450021    0
1499772492      999   451020    0
1499772493      950   451970    0
1499772494      999   452969    0
1499772495      1000   453969    0
1499772496      948   454917    0
1499772497      1000   455917    0
1499772498      1000   456917    0
1499772499      943   457900    0
1499772500      1007   458907    0
1499772501      999   459906    0
1499772502      1000   460906    0
1499772503      948   461854    0
1499772504      1000   462854    0
1499772505      999   463853    0
1499772506      949   464802    0
1499772507      999   465801    0
1499772508      1000   466801    0
1499772509      948   467749    0
1499772510      1000   468749    0
1499772511      999   469748    0
1499772512      1000   470748    0
1499772513      926   471674    0
1499772514      997   472671    0
1499772515      1000   473671    0
1499772516      948   474619    0
1499772517      1000   475619    0
1499772518      999   476618    0
1499772519      948   477566    0
1499772520      999   478565    0
1499772521      1000   479565    0
1499772522      999   480564    0
1499772523      930   481494    0
1499772524      999   482493    0
1499772525      1000   483493    0
1499772526      949   484442    0
1499772527      999   485441    0
1499772528      1000   486441    0
1499772529      948   487389    0
1499772530      1000   488389    0
1499772531      999   489388    0
1499772532      1000   490388    0
1499772533      924   491312    0
1499772534      1000   492312    0
1499772535      999   493311    0
1499772536      949   494260    0
1499772537      999   495259    0
1499772538      1000   496259    0
1499772539      948   497207    0
1499772540      1000   498207    0
1499772541      1000   499207    0
