1481134011      1498   1498    0.0014286
1481134012      1499   2997    0.00285816
1481134013      1500   4497    0.00428867
1481134014      1499   5996    0.00571823
1481134015      1499   7495    0.00714779
1481134016      1500   8995    0.0085783
1481134017      1499   10494    0.0100079
1481134018      1499   11993    0.0114374
1481134019      1500   13493    0.0128679
1481134020      1499   14992    0.0142975
1481134021      1500   16492    0.015728
1481134022      1499   17991    0.0171576
1481134023      1499   19490    0.0185871
1481134024      1500   20990    0.0200176
1481134025      1499   22489    0.0214472
1481134026      1499   23988    0.0228767
1481134027      1459   25447    0.0242682
1481134028      1332   26779    0.0255384
1481134029      1379   28185    0.0268793
1481134030      1507   29692    0.0283165
1481134031      1384   31076    0.0296364
1481134032      1387   32463    0.0309591
1481134033      1388   33851    0.0322828
1481134034      1374   35225    0.0335932
1481134035      1387   36612    0.0349159
1481134036      1387   37999    0.0362387
1481134037      1386   39469    0.0376406
1481134038      1507   40976    0.0390778
1481134039      1386   42362    0.0403996
1481134040      1376   43738    0.0417118
1481134041      1387   45125    0.0430346
1481134042      1386   46511    0.0443563
1481134043      1384   47895    0.0456762
1481134044      1388   49283    0.0469999
1481134045      1326   50609    0.0482645
1481134046      1378   51987    0.0495787
1481134047      1384   53371    0.0508986
1481134049      1327   54757    0.0522203
1481134050      1505   56262    0.0536556
1481134051      1377   57639    0.0549688
1481134052      1381   59020    0.0562859
1481134053      1385   60405    0.0576067
1481134054      1380   61785    0.0589228
1481134055      1380   63165    0.0602388
1481134056      1374   64539    0.0615492
1481134057      1499   66038    0.0629787
1481134058      1380   67418    0.0642948
1481134059      1385   68803    0.0656157
1481134060      1383   70186    0.0669346
1481134061      1383   71569    0.0682535
1481134062      1379   72948    0.0695686
1481134063      1379   74327    0.0708838
1481134064      1321   75648    0.0721436
1481134065      1381   77029    0.0734606
1481134066      1381   78410    0.0747776
1481134067      1384   79794    0.0760975
1481134068      1499   81293    0.077527
1481134069      1357   82650    0.0788212
1481134070      1378   84028    0.0801353
1481134071      1384   85412    0.0814552
1481134072      1381   86793    0.0827723
1481134073      1381   88174    0.0840893
1481134074      1381   89555    0.0854063
1481134075      1383   91001    0.0867853
1481134076      1506   92507    0.0882215
1481134077      1376   93883    0.0895338
1481134078      1379   95262    0.0908489
1481134079      1381   96643    0.0921659
1481134080      1375   98018    0.0934772
1481134081      1385   99403    0.0947981
1481134082      1320   100723    0.0960569
1481134083      1386   102109    0.0973787
1481134084      1373   103482    0.0986881
1481134085      1371   104853    0.0999956
1481134086      1375   106289    0.101365
1481134087      1506   107795    0.102801
1481134088      1380   109175    0.104117
1481134089      1377   110552    0.105431
1481134090      1378   111930    0.106745
1481134091      1362   113292    0.108044
1481134092      1387   114679    0.109366
1481134093      1379   116058    0.110682
1481134094      1500   117558    0.112112
1481134095      1385   118943    0.113433
1481134096      1384   120327    0.114753
1481134097      1384   121711    0.116073
1481134098      1383   123094    0.117392
1481134099      1380   124474    0.118708
1481134100      1320   125794    0.119967
1481134101      1372   127166    0.121275
1481134102      1373   128539    0.122584
1481134103      1381   129920    0.123901
1481134104      1374   131294    0.125212
1481134105      1499   132793    0.126641
1481134106      1382   134175    0.127959
1481134107      1379   135554    0.129274
1481134108      1377   136931    0.130588
1481134109      1381   138312    0.131905
1481134110      1380   139692    0.133221
1481134111      1327   141019    0.134486
1481134112      1500   142519    0.135917
1481134113      1372   143891    0.137225
1481134114      1385   145276    0.138546
1481134115      1384   146660    0.139866
1481134116      1374   148034    0.141176
1481134117      1380   149414    0.142492
1481134118      1322   150736    0.143753
1481134119      1371   152107    0.145061
1481134120      1363   153470    0.14636
1481134121      1385   154855    0.147681
1481134122      1376   156231    0.148993
1481134123      1500   157731    0.150424
1481134124      1375   159106    0.151735
1481134125      1387   160493    0.153058
1481134126      1387   161880    0.154381
1481134127      1383   163263    0.1557
1481134128      1382   164645    0.157018
1481134129      1377   166022    0.158331
1481134130      1379   167493    0.159734
1481134131      1507   169000    0.161171
1481134132      1385   170385    0.162492
1481134133      1376   171761    0.163804
1481134134      1385   173146    0.165125
1481134135      1377   174523    0.166438
1481134136      1228   175751    0.167609
1481134137      1387   177138    0.168932
1481134138      1379   178517    0.170247
1481134139      1386   179903    0.171569
1481134140      1382   181285    0.172887
1481134141      1387   182781    0.174314
1481134142      1506   184287    0.17575
1481134143      1385   185672    0.177071
1481134144      1379   187051    0.178386
1481134145      1378   188429    0.1797
1481134146      1388   189817    0.181024
1481134147      1375   191192    0.182335
1481134148      1387   192579    0.183658
1481134149      1386   194065    0.185075
1481134150      1507   195572    0.186512
1481134151      1387   196959    0.187835
1481134152      1376   198335    0.189147
1481134153      1205   199681    0.190431
1481134154      1506   201187    0.191867
1481134155      1379   202566    0.193182
1481134156      1378   203944    0.194496
1481134157      1386   205330    0.195818
1481134158      1377   206707    0.197131
1481134159      1377   208084    0.198444
1481134160      1386   209470    0.199766
1481134161      1382   210965    0.201192
1481134162      1506   212471    0.202628
1481134163      1380   213851    0.203944
1481134164      1380   215231    0.20526
1481134165      1384   216615    0.20658
1481134166      1387   218002    0.207903
1481134167      1385   219387    0.209224
1481134168      1387   220774    0.210546
1481134169      1385   222249    0.211953
1481134170      1506   223755    0.213389
1481134171      1174   224929    0.214509
1481134172      1377   226306    0.215822
1481134173      1499   227805    0.217252
1481134174      1388   229193    0.218575
1481134175      1380   230573    0.219892
1481134176      1377   231950    0.221205
1481134177      1386   233336    0.222527
1481134178      1387   234723    0.223849
1481134179      1385   236108    0.22517
1481134180      1376   237537    0.226533
1481134181      1506   239043    0.227969
1481134182      1387   240430    0.229292
1481134183      1387   241817    0.230615
1481134184      1387   243204    0.231937
1481134185      1388   244592    0.233261
1481134186      1382   245974    0.234579
1481134187      1385   247359    0.2359
1481134188      1380   248821    0.237294
1481134189      1334   250155    0.238566
1481134190      1376   251531    0.239879
1481134191      1387   252918    0.241201
1481134192      1500   254418    0.242632
1481134193      1387   255805    0.243955
1481134194      1380   257185    0.245271
1481134195      1381   258566    0.246588
1481134196      1379   259945    0.247903
1481134197      1386   261331    0.249225
1481134198      1386   262717    0.250546
1481134199      1374   264109    0.251874
1481134200      1506   265615    0.25331
1481134201      1386   267001    0.254632
1481134202      1387   268388    0.255955
1481134203      1382   269770    0.257273
1481134204      1384   271154    0.258593
1481134205      1381   272535    0.25991
1481134206      1385   273920    0.26123
1481134207      1321   275241    0.26249
1481134208      1387   276628    0.263813
1481134209      1385   278013    0.265134
1481134210      1379   279397    0.266454
1481134211      1507   280904    0.267891
1481134212      1378   282282    0.269205
1481134213      1388   283670    0.270529
1481134214      1380   285050    0.271845
1481134215      1353   286403    0.273135
1481134216      1374   287777    0.274446
1481134217      1387   289164    0.275768
1481134218      1499   290663    0.277198
1481134219      1378   292041    0.278512
1481134220      1388   293429    0.279836
1481134221      1387   294816    0.281158
1481134222      1384   296200    0.282478
1481134223      1376   297576    0.283791
1481134224      1386   298962    0.285112
1481134225      1199   300161    0.286256
1481134226      1378   301539    0.28757
1481134227      1382   302921    0.288888
1481134228      1367   304357    0.290257
1481134229      1507   305864    0.291695
1481134230      1385   307249    0.293015
1481134231      1387   308636    0.294338
1481134232      1388   310024    0.295662
1481134233      1377   311401    0.296975
1481134234      1385   312786    0.298296
1481134235      1388   314174    0.29962
1481134236      1378   315641    0.301019
1481134237      1506   317147    0.302455
1481134238      1380   318527    0.303771
1481134239      1386   319913    0.305093
1481134240      1387   321300    0.306416
1481134241      1382   322682    0.307734
1481134242      1383   324065    0.309052
1481134243      1323   325388    0.310314
1481134244      1385   326773    0.311635
1481134245      1380   328153    0.312951
1481134246      1386   329539    0.314273
1481134247      1379   330929    0.315598
1481134248      1507   332436    0.317036
1481134249      1385   333821    0.318357
1481134250      1386   335207    0.319678
1481134251      1388   336595    0.321002
1481134252      1380   337975    0.322318
1481134253      1379   339354    0.323633
1481134254      1388   340742    0.324957
1481134255      1384   342213    0.32636
1481134256      1506   343719    0.327796
1481134257      1379   345098    0.329111
1481134258      1387   346485    0.330434
1481134259      1385   347870    0.331755
1481134260      1383   349253    0.333074
1481134261      1326   350579    0.334338
1481134262      1379   351958    0.335653
1481134263      1388   353346    0.336977
1481134264      1388   354734    0.338301
1481134265      1386   356120    0.339622
1481134266      1380   357501    0.34094
1481134267      1507   359008    0.342377
1481134268      1379   360387    0.343692
1481134269      1387   361774    0.345015
1481134270      1387   363161    0.346337
1481134271      1380   364541    0.347653
1481134272      1382   365923    0.348971
1481134273      1385   367308    0.350292
1481134274      1386   368785    0.351701
1481134275      1506   370291    0.353137
1481134276      1388   371679    0.354461
1481134277      1387   373066    0.355783
1481134279      1138   374401    0.357057
1481134280      1507   375908    0.358494
1481134281      1386   377294    0.359816
1481134282      1382   378676    0.361134
1481134283      1382   380058    0.362452
1481134284      1386   381444    0.363773
1481134285      1377   382821    0.365087
1481134286      1379   384200    0.366402
1481134287      1387   385685    0.367818
1481134288      1507   387192    0.369255
1481134289      1380   388572    0.370571
1481134290      1385   389957    0.371892
1481134291      1387   391344    0.373215
1481134292      1387   392731    0.374537
1481134293      1378   394109    0.375852
1481134294      1389   395498    0.377176
1481134295      1387   396969    0.378579
1481134296      1506   398475    0.380015
1481134297      1205   399680    0.381165
1481134298      1385   401065    0.382485
1481134299      1499   402564    0.383915
1481134300      1386   403950    0.385237
1481134301      1383   405333    0.386556
1481134302      1385   406718    0.387877
1481134303      1387   408105    0.389199
1481134304      1373   409478    0.390509
1481134305      1387   410865    0.391831
1481134306      1379   412257    0.393159
1481134307      1506   413763    0.394595
1481134308      1389   415152    0.39592
1481134309      1379   416531    0.397235
1481134310      1380   417911    0.398551
1481134311      1382   419293    0.399869
1481134312      1382   420675    0.401187
1481134313      1384   422059    0.402507
1481134314      1385   423541    0.40392
1481134315      1191   424732    0.405056
1481134316      1385   426117    0.406377
1481134317      1380   427545    0.407739
1481134318      1506   429051    0.409175
1481134319      1372   430423    0.410483
1481134320      1384   431807    0.411803
1481134321      1384   433191    0.413123
1481134322      1382   434573    0.414441
1481134323      1379   435952    0.415756
1481134324      1375   437327    0.417068
1481134325      1500   438827    0.418498
1481134326      1359   440186    0.419794
1481134327      1378   441564    0.421108
1481134328      1384   442948    0.422428
1481134329      1367   444315    0.423732
1481134330      1360   445675    0.425029
1481134331      1337   447012    0.426304
1481134332      1383   448501    0.427724
1481134333      1325   449826    0.428988
1481134334      1384   451210    0.430307
1481134335      1387   452597    0.43163
1481134336      1499   454096    0.43306
1481134337      1382   455478    0.434378
1481134338      1378   456856    0.435692
1481134339      1384   458240    0.437012
1481134340      1376   459616    0.438324
1481134341      1375   460991    0.439635
1481134342      1379   462370    0.44095
1481134343      1384   463789    0.442304
1481134344      1507   465296    0.443741
1481134345      1381   466677    0.445058
1481134346      1379   468056    0.446373
1481134347      1382   469438    0.447691
1481134348      1380   470818    0.449007
1481134349      1380   472198    0.450323
1481134350      1377   473575    0.451636
1481134351      1325   474900    0.4529
1481134352      1381   476281    0.454217
1481134353      1384   477665    0.455537
1481134354      1376   479077    0.456883
1481134355      1506   480583    0.45832
1481134356      1384   481967    0.45964
1481134357      1376   483343    0.460952
1481134358      1383   484726    0.462271
1481134359      1378   486104    0.463585
1481134360      1385   487489    0.464906
1481134361      1379   488868    0.466221
1481134362      1386   490361    0.467645
1481134363      1507   491868    0.469082
1481134364      1385   493253    0.470403
1481134365      1381   494634    0.47172
1481134366      1378   496012    0.473034
1481134367      1321   497333    0.474294
1481134368      1378   498711    0.475608
