1484741863      1434   1434    0.0109406
1484741864      1448   2882    0.0219879
1484741865      1444   4326    0.0330048
1484741866      1308   5634    0.042984
1484741867      954   6721    0.0512772
1484741868      1214   7935    0.0605392
1484741869      912   8866    0.0676422
1484741870      1217   10083    0.0769272
1484741871      522   10605    0.0809097
1484741872      1198   11803    0.0900497
1484741873      910   12726    0.0970917
1484741874      976   13702    0.104538
1484741875      990   14871    0.113457
1484741876      881   15871    0.121086
1484741877      1195   17066    0.130203
1484741879      800   18016    0.137451
1484741880      1114   19130    0.14595
1484741881      900   20161    0.153816
1484741882      783   21161    0.161446
1484741883      1155   22316    0.170258
1484741884      956   23272    0.177551
1484741885      715   24021    0.183266
1484741886      1163   25184    0.192139
1484741887      820   26166    0.199631
1484741888      847   27166    0.20726
1484741889      1153   28319    0.216057
1484741890      928   29311    0.223625
1484741891      910   30221    0.230568
1484741892      1196   31417    0.239693
1484741893      919   32336    0.246704
1484741895      694   33171    0.253075
1484741896      1116   34287    0.261589
1484741897      824   35316    0.26944
1484741898      974   36290    0.276871
1484741899      809   37099    0.283043
1484741900      876   37975    0.289726
1484741901      1079   39054    0.297958
1484741902      895   39949    0.304787
1484741903      1018   40967    0.312553
1484741904      830   42036    0.320709
1484741905      979   43036    0.328339
1484741906      1165   44201    0.337227
1484741907      854   45181    0.344704
1484741908      1025   46206    0.352524
1484741910      934   47326    0.361069
1484741911      882   48326    0.368698
1484741912      1201   49527    0.377861
1484741913      817   50471    0.385063
1484741914      1088   51559    0.393364
1484741915      852   52411    0.399864
1484741916      972   53383    0.40728
1484741917      795   54331    0.414513
1484741918      1138   55469    0.423195
1484741919      964   56433    0.43055
1484741920      735   57191    0.436333
1484741921      893   58191    0.443962
1484741922      1198   59389    0.453102
1484741923      817   60336    0.460327
1484741924      1202   61538    0.469498
1484741926      796   62481    0.476692
1484741927      977   63458    0.484146
1484741928      806   64264    0.490295
1484741929      560   64911    0.495232
1484741930      1199   66110    0.504379
1484741931      802   67056    0.511597
1484741932      1035   68091    0.519493
1484741933      713   68804    0.524933
1484741934      1075   69879    0.533134
1484741935      1002   70881    0.540779
1484741936      910   71791    0.547722
1484741937      1037   72828    0.555634
1484741938      924   73776    0.562866
1484741939      868   74776    0.570496
1484741940      1198   75974    0.579636
1484741941      802   76921    0.586861
1484741942      1101   78022    0.595261
1484741943      899   79066    0.603226
1484741944      966   80066    0.610855
1484741945      1057   81123    0.618919
1484741947      948   82211    0.62722
1484741948      1185   83396    0.636261
1484741949      896   84356    0.643585
1484741950      837   85356    0.651215
1484741951      1215   86571    0.660484
1484741952      844   87501    0.66758
1484741953      1081   88582    0.675827
1484741954      905   89646    0.683945
1484741955      891   90646    0.691574
1484741956      1207   91853    0.700783
1484741957      759   92791    0.707939
1484741958      1194   93985    0.717049
1484741960      745   94936    0.724304
1484741961      892   95936    0.731934
1484741962      856   96792    0.738464
1484741963      1192   97984    0.747559
1484741964      905   98889    0.754463
1484741965      1189   100078    0.763535
1484741966      747   100825    0.769234
1484741967      913   101941    0.777748
1484741968      1080   103021    0.785988
1484741969      842   104086    0.794113
1484741970      1177   105263    0.803093
1484741971      881   106144    0.809814
1484741972      1071   107215    0.817986
1484741973      871   108086    0.824631
1484741974      1032   109118    0.832504
1484741976      766   110091    0.839928
1484741977      930   111091    0.847557
1484741978      997   112088    0.855164
1484741979      862   113236    0.863922
1484741980      1214   114450    0.873184
1484741981      783   115381    0.880287
1484741982      974   116355    0.887718
1484741983      726   117096    0.893372
1484741984      1049   118145    0.901375
1484741985      852   119241    0.909737
1484741986      1116   120357    0.918251
1484741988      806   121386    0.926102
1484741989      940   122326    0.933273
1484741990      696   123101    0.939186
1484741991      1109   124210    0.947647
1484741992      935   125145    0.954781
1484741993      837   125982    0.961166
1484741994      860   126961    0.968636
1484741995      842   127803    0.97506
1484741996      1166   128969    0.983955
1484741997      794   129821    0.990456
1484741998      1199   131020    0.999603
1484741999      810   131966    1.00682
1484742000      858   132966    1.01445
1484742001      1218   134184    1.02374
1484742003      821   135111    1.03082
1484742004      1079   136190    1.03905
1484742005      1040   137230    1.04698
1484742006      970   138200    1.05438
1484742007      759   138971    1.06026
1484742008      1036   140007    1.06817
1484742009      1097   141104    1.07654
1484742010      729   141833    1.0821
1484742011      879   142831    1.08971
1484742012      917   143748    1.09671
1484742013      1201   144949    1.10587
1484742014      740   145691    1.11153
1484742015      1214   146905    1.1208
1484742016      762   147836    1.1279
1484742017      799   148836    1.13553
1484742018      975   149811    1.14297
1484742019      1090   150901    1.15128
1484742020      743   151696    1.15735
1484742021      1205   152901    1.16654
1484742022      787   153688    1.17255
1484742023      966   154654    1.17992
1484742024      889   155556    1.1868
1484742025      1046   156602    1.19478
1484742027      884   157701    1.20316
1484742028      787   158701    1.21079
1484742029      1061   159762    1.21889
1484742030      961   160723    1.22622
1484742031      772   161561    1.23261
1484742032      1200   162761    1.24177
1484742033      799   163706    1.24898
1484742034      828   164706    1.25661
1484742035      1085   165791    1.26488
1484742036      1057   166848    1.27295
1484742037      787   167635    1.27895
1484742038      1028   168663    1.2868
1484742039      611   169281    1.29151
1484742040      1212   170493    1.30076
1484742041      760   171426    1.30788
1484742042      1198   172624    1.31702
1484742044      765   173571    1.32424
1484742045      976   174571    1.33187
1484742046      1190   175761    1.34095
1484742047      834   176716    1.34824
1484742048      1045   177761    1.35621
1484742049      1068   178829    1.36436
1484742050      735   179576    1.37006
1484742051      791   180576    1.37769
1484742052      1101   181677    1.38609
1484742053      834   182721    1.39405
1484742054      1079   183800    1.40228
1484742056      857   184866    1.41042
1484742057      931   185866    1.41805
1484742058      1085   186951    1.42632
1484742059      874   188011    1.43441
1484742060      1087   189098    1.4427
1484742061      885   190156    1.45078
1484742062      531   190687    1.45483
1484742063      1023   191710    1.46263
1484742064      793   192586    1.46931
1484742065      951   193537    1.47657
1484742067      930   194731    1.48568
1484742068      942   195731    1.49331
1484742069      1082   196813    1.50156
1484742070      896   197876    1.50967
1484742071      1030   198906    1.51753
1484742072      1111   200017    1.52601
1484742073      870   200887    1.53265
1484742074      836   201736    1.53912
1484742075      1037   202773    1.54704
1484742076      1079   203852    1.55527
1484742077      861   204713    1.56184
1484742078      908   205621    1.56876
1484742079      889   206510    1.57555
1484742080      1201   207711    1.58471
1484742081      891   208602    1.59151
1484742082      957   209559    1.59881
1484742083      826   210601    1.60676
1484742084      979   211601    1.61439
1484742085      1207   212808    1.6236
1484742086      837   213746    1.63075
1484742087      1095   214841    1.63911
1484742088      939   215891    1.64712
1484742089      955   216846    1.6544
1484742090      736   217606    1.6602
1484742091      1092   218698    1.66853
1484742093      844   219751    1.67657
1484742094      1193   220944    1.68567
1484742095      852   221896    1.69293
1484742096      963   222896    1.70056
1484742097      1090   223986    1.70888
1484742098      874   225041    1.71693
1484742099      1212   226253    1.72617
1484742100      775   227186    1.73329
1484742101      942   228186    1.74092
1484742102      1097   229283    1.74929
1484742103      843   230331    1.75729
1484742104      1214   231545    1.76655
1484742106      714   232476    1.77365
1484742107      903   233476    1.78128
1484742108      1085   234561    1.78956
1484742109      875   235621    1.79765
1484742110      1165   236786    1.80653
1484742111      893   237766    1.81401
1484742112      899   238766    1.82164
1484742113      1207   239973    1.83085
1484742114      798   240911    1.83801
1484742115      1085   241996    1.84628
1484742117      925   243056    1.85437
1484742118      920   244056    1.862
1484742119      1201   245257    1.87116
1484742120      910   246201    1.87836
1484742121      1195   247396    1.88748
1484742122      847   248346    1.89473
1484742123      749   249346    1.90236
1484742124      1215   250561    1.91163
1484742125      904   251491    1.91872
1484742126      1208   252699    1.92794
1484742127      912   253636    1.93509
1484742128      977   254636    1.94272
1484742129      1207   255843    1.95193
1484742130      771   256781    1.95908
1484742131      1160   257941    1.96793
1484742133      879   258926    1.97545
1484742134      932   259926    1.98308
1484742135      1166   261092    1.99197
1484742136      919   262071    1.99944
1484742137      1204   263275    2.00863
1484742138      906   264216    2.01581
1484742139      982   265216    2.02344
1484742140      1205   266421    2.03263
1484742141      860   267361    2.0398
1484742142      1203   268564    2.04898
1484742143      854   269506    2.05617
1484742144      939   270506    2.0638
1484742145      1209   271715    2.07302
1484742146      897   272651    2.08016
1484742147      1212   273863    2.08941
1484742148      909   274796    2.09653
1484742149      973   275796    2.10416
1484742150      1211   277007    2.1134
1484742151      871   277941    2.12052
1484742152      1172   279113    2.12946
1484742153      890   280086    2.13689
1484742154      980   281086    2.14452
1484742155      1206   282292    2.15372
1484742156      896   283231    2.16088
1484742157      1201   284432    2.17004
1484742158      915   285376    2.17725
1484742159      852   286228    2.18375
1484742160      850   287091    2.19033
1484742161      1198   288289    2.19947
1484742163      824   289236    2.2067
1484742164      1200   290436    2.21585
1484742165      579   291015    2.22027
1484742166      1200   292215    2.22942
1484742167      742   293096    2.23615
1484742168      988   294084    2.24368
1484742169      902   295241    2.25251
1484742170      949   296241    2.26014
1484742171      962   297203    2.26748
1484742172      1076   298279    2.27569
1484742173      737   299101    2.28196
1484742174      1182   300283    2.29098
1484742175      957   301240    2.29828
1484742176      964   302204    2.30563
1484742177      713   302961    2.31141
1484742178      1096   304057    2.31977
1484742180      784   305106    2.32777
1484742181      1212   306318    2.33702
1484742182      563   306881    2.34132
1484742183      1201   308082    2.35048
1484742184      775   308966    2.35722
1484742185      1095   310061    2.36558
1484742186      863   310924    2.37216
1484742187      913   311837    2.37913
1484742188      838   312675    2.38552
1484742189      766   313541    2.39213
1484742190      1099   314640    2.40051
1484742191      855   315686    2.40849
1484742192      1207   316893    2.4177
1484742193      488   317401    2.42158
1484742194      1211   318612    2.43082
1484742195      918   319546    2.43794
1484742196      1026   320572    2.44577
1484742197      877   321691    2.45431
1484742198      957   322691    2.46194
1484742199      1219   323910    2.47124
1484742201      769   324836    2.4783
1484742202      954   325790    2.48558
1484742203      1125   326915    2.49416
1484742204      682   327696    2.50012
1484742205      911   328696    2.50775
1484742206      1024   329720    2.51556
1484742207      944   330841    2.52412
1484742208      851   331692    2.53061
1484742209      1211   332903    2.53985
1484742210      417   333320    2.54303
1484742211      1084   334404    2.5513
1484742212      793   335416    2.55902
1484742213      1207   336623    2.56823
1484742215      790   337561    2.57539
1484742216      687   338561    2.58302
1484742217      1197   339758    2.59215
1484742218      798   340706    2.59938
1484742219      1211   341917    2.60862
1484742220      801   342851    2.61575
1484742222      823   343851    2.62337
1484742223      1188   345039    2.63244
1484742224      773   345996    2.63974
1484742225      1088   347084    2.64804
1484742226      865   348141    2.65611
1484742227      975   349141    2.66373
1484742228      1216   350357    2.67301
1484742229      824   351286    2.6801
1484742230      1046   352332    2.68808
1484742231      954   353431    2.69646
1484742233      715   354431    2.70409
1484742234      1101   355532    2.71249
1484742235      837   356576    2.72046
1484742236      1059   357635    2.72854
1484742237      1043   358678    2.7365
1484742238      744   359436    2.74228
1484742239      967   360436    2.74991
1484742240      929   361365    2.757
1484742241      1167   362532    2.7659
1484742242      750   363296    2.77173
1484742243      1207   364503    2.78094
1484742244      498   365011    2.78481
1484742245      1216   366227    2.79409
1484742246      789   367156    2.80118
1484742247      1080   368236    2.80942
1484742248      920   369156    2.81644
1484742249      897   370053    2.82328
1484742250      800   370853    2.82938
1484742251      852   371731    2.83608
1484742252      964   372695    2.84344
1484742254      874   373876    2.85245
1484742255      1183   375059    2.86147
1484742256      965   376024    2.86884
1484742257      924   377021    2.87644
1484742258      1048   378069    2.88444
1484742259      920   379166    2.89281
1484742260      944   380110    2.90001
1484742261      921   381031    2.90704
1484742262      958   381989    2.91434
1484742263      857   383026    2.92226
1484742264      859   383885    2.92881
1484742265      1195   385080    2.93793
1484742266      751   385886    2.94408
1484742267      813   386886    2.95171
1484742268      1196   388082    2.96083
1484742270      751   389031    2.96807
1484742271      1199   390230    2.97722
1484742272      879   391109    2.98392
1484742273      862   391971    2.9905
1484742274      918   392889    2.99751
1484742275      873   393762    3.00417
1484742276      1206   394968    3.01337
1484742277      730   395751    3.01934
1484742278      719   396751    3.02697
1484742279      1079   397830    3.0352
1484742280      839   398896    3.04333
1484742281      1166   400062    3.05223
1484742283      799   401041    3.0597
1484742284      922   402041    3.06733
1484742285      967   403008    3.07471
1484742286      1148   404156    3.08347
1484742287      683   404901    3.08915
1484742288      1095   405996    3.0975
1484742289      821   407046    3.10551
1484742290      885   408046    3.11314
1484742291      1146   409192    3.12189
1484742292      937   410191    3.12951
1484742293      1046   411237    3.13749
1484742294      1093   412330    3.14583
1484742295      802   413132    3.15195
1484742296      781   414051    3.15896
1484742297      1204   415255    3.16814
1484742299      826   416196    3.17532
1484742300      1197   417393    3.18446
1484742301      707   418100    3.18985
1484742302      1023   419123    3.19765
1484742303      843   420056    3.20477
1484742304      1042   421098    3.21272
1484742305      952   422201    3.22114
1484742306      983   423184    3.22864
1484742307      676   423916    3.23422
1484742308      1106   425022    3.24266
1484742309      919   426061    3.25059
1484742310      1048   427109    3.25858
1484742311      888   428206    3.26695
1484742312      894   429206    3.27458
1484742313      982   430188    3.28207
1484742314      1086   431274    3.29036
1484742315      765   432066    3.2964
1484742316      1166   433232    3.3053
1484742317      787   434019    3.3113
1484742318      1188   435207    3.32037
1484742319      700   435926    3.32585
1484742320      1162   437088    3.33472
1484742322      846   438071    3.34222
1484742323      883   439071    3.34985
1484742324      1207   440278    3.35905
1484742325      805   441216    3.36621
1484742326      1086   442302    3.3745
1484742327      899   443361    3.38258
1484742328      996   444357    3.39017
1484742329      869   445226    3.3968
1484742330      1127   446353    3.4054
1484742331      902   447255    3.41228
1484742332      1048   448303    3.42028
1484742333      868   449366    3.42839
1484742334      974   450366    3.43602
1484742335      1089   451455    3.44433
1484742337      887   452511    3.45238
1484742338      1091   453602    3.46071
1484742339      898   454656    3.46875
1484742340      870   455656    3.47638
1484742341      1092   456748    3.48471
1484742342      1043   457791    3.49267
1484742343      901   458692    3.49954
1484742344      1088   459780    3.50784
1484742345      342   460231    3.51128
1484742346      980   461211    3.51876
1484742347      991   462376    3.52765
1484742348      1199   463575    3.5368
1484742350      806   464521    3.54401
1484742351      980   465521    3.55164
1484742352      1203   466724    3.56082
1484742353      793   467666    3.56801
1484742354      885   468551    3.57476
1484742355      1203   469754    3.58394
1484742356      671   470526    3.58983
1484742357      822   471526    3.59746
1484742358      1217   472743    3.60674
1484742359      872   473671    3.61382
1484742360      1157   474828    3.62265
1484742361      866   475816    3.63019
1484742362      950   476816    3.63782
1484742363      932   477748    3.64493
1484742364      1201   478949    3.65409
1484742365      779   479728    3.66003
1484742366      1207   480935    3.66924
1484742367      895   481830    3.67607
1484742368      923   482821    3.68363
1484742369      1090   483911    3.69195
1484742371      938   484966    3.7
1484742372      1091   486057    3.70832
1484742373      652   486709    3.71329
1484742374      1200   487909    3.72245
1484742375      562   488826    3.72945
1484742376      1070   489896    3.73761
1484742377      961   490971    3.74581
1484742378      977   491948    3.75327
1484742379      847   492795    3.75973
1484742380      1091   493886    3.76805
1484742381      838   494831    3.77526
1484742382      1078   495909    3.78349
1484742384      906   496976    3.79163
1484742385      899   497976    3.79926
1484742386      852   498828    3.80576
1484742387      1126   499954    3.81435
