1500037069      999   999    0.00381088
1500037070      999   1998    0.00762177
1500037071      1000   2998    0.0114365
1500037072      999   3997    0.0152473
1500037073      1000   4997    0.019062
1500037074      999   5996    0.0228729
1500037075      1000   6996    0.0266876
1500037076      999   7995    0.0304985
1500037077      1000   8995    0.0343132
1500037078      1000   9995    0.0381279
1500037079      999   10994    0.0419388
1500037080      1000   11994    0.0457535
1500037081      999   12993    0.0495644
1500037082      1000   13993    0.0533791
1500037083      906   14899    0.0568352
1500037084      1000   15899    0.0606499
1500037085      827   16726    0.0638046
1500037086      1000   17726    0.0676193
1500037087      839   18654    0.0711594
1500037088      1006   19660    0.0749969
1500037089      1000   20660    0.0788116
1500037090      825   21485    0.0819588
1500037091      1000   22485    0.0857735
1500037092      831   23316    0.0889435
1500037093      1000   24316    0.0927582
1500037095      820   25239    0.0962791
1500037096      1006   26245    0.100117
1500037097      1000   27245    0.103931
1500037098      813   28058    0.107033
1500037099      578   28636    0.109238
1500037100      999   29635    0.113049
1500037101      1000   30635    0.116863
1500037102      803   31438    0.119926
1500037103      1000   32438    0.123741
1500037104      833   33271    0.126919
1500037105      1000   34271    0.130733
1500037106      828   35112    0.133942
1500037107      1006   36118    0.137779
1500037108      1000   37118    0.141594
1500037109      831   37949    0.144764
1500037110      999   38948    0.148575
1500037111      831   39779    0.151745
1500037112      999   40778    0.155556
1500037113      838   41697    0.159061
1500037114      1007   42704    0.162903
1500037115      768   43472    0.165833
1500037116      1000   44472    0.169647
1500037117      797   45269    0.172688
1500037118      1000   46269    0.176502
1500037119      821   47180    0.179977
1500037120      1007   48187    0.183819
1500037121      999   49186    0.18763
1500037122      802   49988    0.190689
1500037123      1000   50988    0.194504
1500037124      804   51792    0.197571
1500037125      1000   52792    0.201385
1500037126      846   53765    0.205097
1500037127      1006   54771    0.208935
1500037128      1000   55771    0.212749
1500037129      833   56604    0.215927
1500037130      617   57221    0.218281
1500037131      1000   58221    0.222095
1500037132      999   59220    0.225906
1500037133      761   59981    0.228809
1500037134      999   60980    0.23262
1500037135      821   61801    0.235752
1500037136      999   62800    0.239563
1500037137      792   63638    0.24276
1500037138      1007   64645    0.246601
1500037139      999   65644    0.250412
1500037140      832   66476    0.253586
1500037141      999   67475    0.257397
1500037142      832   68307    0.260571
1500037143      999   69306    0.264381
1500037144      755   70223    0.267879
1500037145      1006   71229    0.271717
1500037146      722   71951    0.274471
1500037147      999   72950    0.278282
1500037148      790   73740    0.281296
1500037149      999   74739    0.285107
1500037150      847   75706    0.288795
1500037151      1006   76712    0.292633
1500037152      1000   77712    0.296448
1500037153      833   78545    0.299625
1500037154      999   79544    0.303436
1500037155      805   80349    0.306507
1500037156      999   81348    0.310318
1500037157      844   82291    0.313915
1500037158      1007   83298    0.317757
1500037159      999   84297    0.321568
1500037160      805   85102    0.324638
1500037161      615   85717    0.326984
1500037162      1000   86717    0.330799
1500037163      1000   87717    0.334614
1500037164      828   88545    0.337772
1500037165      1000   89545    0.341587
1500037166      804   90349    0.344654
1500037167      1000   91349    0.348469
1500037168      810   92164    0.351578
1500037169      1007   93171    0.355419
1500037170      1000   94171    0.359234
1500037171      756   94927    0.362118
1500037172      1000   95927    0.365932
1500037173      817   96744    0.369049
1500037174      1000   97744    0.372864
1500037175      999   98743    0.376675
1500037176      829   99572    0.379837
1500037177      765   100337    0.382755
1500037178      1000   101337    0.38657
1500037179      826   102163    0.389721
1500037180      1000   103163    0.393536
1500037181      1000   104163    0.39735
1500037182      826   104989    0.400501
1500037183      1000   105989    0.404316
1500037184      833   106822    0.407494
1500037185      1000   107822    0.411308
1500037186      794   108622    0.41436
1500037187      1007   109629    0.418201
1500037188      999   110628    0.422012
1500037189      808   111436    0.425095
1500037190      1000   112436    0.428909
1500037191      834   113270    0.432091
1500037193      681   114105    0.435276
1500037194      1007   115112    0.439117
1500037195      1000   116112    0.442932
1500037196      832   116944    0.446106
1500037197      1000   117944    0.449921
1500037198      830   118774    0.453087
1500037199      1000   119774    0.456902
1500037200      838   120690    0.460396
1500037201      1006   121696    0.464233
1500037202      1000   122696    0.468048
1500037203      829   123525    0.47121
1500037204      1000   124525    0.475025
1500037205      833   125358    0.478203
1500037206      999   126357    0.482014
1500037207      838   127275    0.485516
1500037208      1007   128282    0.489357
1500037209      750   129032    0.492218
1500037210      1000   130032    0.496033
1500037211      815   130847    0.499142
1500037212      1000   131847    0.502956
1500037213      812   132758    0.506432
1500037214      1007   133765    0.510273
1500037215      999   134764    0.514084
1500037216      805   135569    0.517155
1500037217      999   136568    0.520966
1500037218      831   137399    0.524136
1500037219      999   138398    0.527946
1500037220      820   139343    0.531551
1500037221      1006   140349    0.535389
1500037222      1000   141349    0.539204
1500037223      779   142128    0.542175
1500037224      617   142745    0.544529
1500037225      999   143744    0.54834
1500037226      1000   144744    0.552155
1500037227      833   145577    0.555332
1500037228      1000   146577    0.559147
1500037229      827   147404    0.562302
1500037230      1000   148404    0.566116
1500037231      799   149216    0.569214
1500037232      1007   150223    0.573055
1500037233      999   151222    0.576866
1500037234      832   152054    0.58004
1500037235      999   153053    0.583851
1500037236      832   153885    0.587025
1500037237      999   154884    0.590836
1500037238      841   155801    0.594334
1500037239      1006   156807    0.598171
1500037240      712   157519    0.600887
1500037241      999   158518    0.604698
1500037242      828   159346    0.607857
1500037243      999   160345    0.611668
1500037244      826   161284    0.61525
1500037245      1006   162290    0.619087
1500037246      1000   163290    0.622902
1500037247      831   164121    0.626072
1500037248      1000   165121    0.629887
1500037249      804   165925    0.632954
1500037250      1000   166925    0.636768
1500037251      835   167869    0.640369
1500037252      1006   168875    0.644207
1500037253      1000   169875    0.648022
1500037254      833   170708    0.651199
1500037255      593   171301    0.653461
1500037256      1000   172301    0.657276
1500037257      999   173300    0.661087
1500037258      832   174132    0.664261
1500037259      999   175131    0.668072
1500037260      804   175935    0.671139
1500037261      999   176934    0.67495
1500037262      803   177742    0.678032
1500037263      1007   178749    0.681873
1500037264      1000   179749    0.685688
1500037265      760   180509    0.688587
1500037266      1000   181509    0.692402
1500037267      828   182337    0.69556
1500037268      1000   183337    0.699375
1500037270      848   184327    0.703152
1500037271      1007   185334    0.706993
1500037272      705   186039    0.709682
1500037273      1000   187039    0.713497
1500037274      806   187845    0.716572
1500037275      1000   188845    0.720387
1500037276      783   189810    0.724068
1500037277      1006   190816    0.727905
1500037278      1000   191816    0.73172
1500037279      831   192647    0.73489
1500037280      1000   193647    0.738705
1500037281      831   194478    0.741875
1500037282      1000   195478    0.745689
1500037283      814   196395    0.749187
1500037284      1007   197402    0.753029
1500037285      1000   198402    0.756844
1500037286      827   199229    0.759998
1500037287      592   199821    0.762257
1500037288      999   200820    0.766068
1500037289      1000   201820    0.769882
1500037290      821   202641    0.773014
1500037291      1000   203641    0.776829
1500037292      833   204474    0.780006
1500037293      1000   205474    0.783821
1500037294      831   206305    0.786991
1500037295      1000   207305    0.790806
1500037296      1000   208305    0.794621
1500037297      814   209119    0.797726
1500037298      1000   210119    0.80154
1500037299      790   210909    0.804554
1500037300      1000   211909    0.808369
1500037301      824   212853    0.81197
1500037302      1007   213860    0.815811
1500037303      721   214581    0.818562
1500037304      1000   215581    0.822376
1500037305      803   216384    0.825439
1500037306      1000   217384    0.829254
1500037307      842   218336    0.832886
1500037308      1007   219343    0.836727
1500037309      999   220342    0.840538
1500037310      832   221174    0.843712
1500037311      999   222173    0.847523
1500037312      833   223006    0.8507
1500037313      999   224005    0.854511
1500037314      836   224921    0.858006
1500037315      1006   225927    0.861843
1500037316      1000   226927    0.865658
1500037317      830   227757    0.868824
1500037318      583   228340    0.871048
1500037319      1000   229340    0.874863
1500037320      999   230339    0.878674
1500037321      833   231172    0.881851
1500037322      999   232171    0.885662
1500037323      832   233003    0.888836
1500037324      999   234002    0.892647
1500037325      791   234794    0.895668
1500037326      1006   235800    0.899506
1500037327      1000   236800    0.90332
1500037328      793   237593    0.906345
1500037329      1000   238593    0.91016
1500037330      832   239425    0.913334
1500037331      1000   240425    0.917149
1500037332      845   241379    0.920788
1500037333      1006   242385    0.924625
1500037334      725   243110    0.927391
1500037335      999   244109    0.931202
1500037336      833   244942    0.93438
1500037337      1000   245942    0.938194
1500037339      839   246862    0.941704
1500037340      1007   247869    0.945545
1500037341      999   248868    0.949356
1500037342      832   249700    0.95253
1500037343      1000   250700    0.956345
1500037344      796   251496    0.959381
1500037345      1000   252496    0.963196
1500037346      835   253447    0.966824
1500037347      1006   254453    0.970661
1500037348      1000   255453    0.974476
1500037349      805   256258    0.977547
1500037350      604   256862    0.979851
1500037351      999   257861    0.983662
1500037352      1000   258861    0.987476
1500037353      831   259692    0.990646
1500037354      1000   260692    0.994461
1500037355      786   261478    0.997459
1500037356      999   262477    1.00127
1500037357      795   263320    1.00449
1500037358      1007   264327    1.00833
1500037359      999   265326    1.01214
1500037360      809   266135    1.01522
1500037361      999   267134    1.01904
1500037362      827   267961    1.02219
1500037363      999   268960    1.026
1500037364      845   269905    1.02961
1500037365      1006   270911    1.03344
1500037366      720   271631    1.03619
1500037367      999   272630    1.04
1500037368      806   273436    1.04308
1500037369      999   274435    1.04689
1500037370      829   275388    1.05052
1500037371      1006   276394    1.05436
1500037372      1000   277394    1.05817
1500037373      810   278204    1.06126
1500037374      1000   279204    1.06508
1500037375      831   280035    1.06825
1500037376      1000   281035    1.07206
1500037377      844   281973    1.07564
1500037378      1007   282980    1.07948
1500037379      999   283979    1.08329
1500037380      833   284812    1.08647
1500037381      517   285329    1.08844
1500037382      1000   286329    1.09226
1500037383      999   287328    1.09607
1500037384      721   288049    1.09882
1500037385      999   289048    1.10263
1500037386      810   289858    1.10572
1500037387      999   290857    1.10953
1500037388      849   291846    1.1133
1500037389      1007   292853    1.11715
1500037390      999   293852    1.12096
1500037391      831   294683    1.12413
1500037392      1000   295683    1.12794
1500037393      830   296513    1.13111
1500037394      1000   297513    1.13492
1500037395      841   298431    1.13842
1500037396      1006   299437    1.14226
1500037397      708   300145    1.14496
1500037398      999   301144    1.14877
1500037399      809   301953    1.15186
1500037400      999   302952    1.15567
1500037402      825   303914    1.15934
1500037403      1007   304921    1.16318
1500037404      999   305920    1.16699
1500037405      833   306753    1.17017
1500037406      999   307752    1.17398
1500037407      831   308583    1.17715
1500037408      999   309582    1.18096
1500037409      834   310499    1.18446
1500037410      1007   311506    1.1883
1500037411      999   312505    1.19211
1500037412      828   313333    1.19527
1500037413      609   313942    1.19759
1500037414      1000   314942    1.20141
1500037415      999   315941    1.20522
1500037416      833   316774    1.2084
1500037417      999   317773    1.21221
1500037418      785   318558    1.2152
1500037419      999   319557    1.21901
1500037420      830   320387    1.22218
1500037421      999   321386    1.22599
1500037422      1000   322386    1.2298
1500037423      833   323219    1.23298
1500037424      999   324218    1.23679
1500037425      800   325018    1.23985
1500037426      999   326017    1.24366
1500037427      839   326957    1.24724
1500037428      1006   327963    1.25108
1500037429      705   328668    1.25377
1500037430      999   329667    1.25758
1500037431      830   330497    1.26075
1500037432      999   331496    1.26456
1500037433      842   332440    1.26816
1500037434      1006   333446    1.272
1500037435      1000   334446    1.27581
1500037436      830   335276    1.27898
1500037437      1000   336276    1.28279
1500037438      831   337107    1.28596
1500037439      1000   338107    1.28978
1500037440      837   339025    1.29328
1500037441      1006   340031    1.29712
1500037442      1000   341031    1.30093
1500037443      830   341861    1.3041
1500037444      571   342432    1.30627
1500037445      999   343431    1.31009
1500037446      1000   344431    1.3139
1500037447      829   345260    1.31706
1500037448      1000   346260    1.32088
1500037449      829   347089    1.32404
1500037450      1000   348089    1.32785
1500037451      832   348921    1.33103
1500037452      999   349920    1.33484
1500037453      1000   350920    1.33865
1500037454      831   351751    1.34182
1500037455      1000   352751    1.34564
1500037456      825   353576    1.34879
1500037457      1000   354576    1.3526
1500037458      838   355483    1.35606
1500037459      1007   356490    1.3599
1500037460      681   357171    1.3625
1500037461      1000   358171    1.36631
1500037462      829   359000    1.36948
1500037463      1000   360000    1.37329
1500037464      845   360966    1.37698
1500037465      1006   361972    1.38081
1500037466      1000   362972    1.38463
1500037467      825   363797    1.38778
1500037468      1000   364797    1.39159
1500037469      756   365553    1.39447
1500037470      1000   366553    1.39829
1500037471      849   367551    1.4021
1500037472      1007   368558    1.40594
1500037473      1000   369558    1.40975
1500037474      830   370388    1.41292
1500037475      611   370999    1.41525
1500037476      999   371998    1.41906
1500037477      1000   372998    1.42287
1500037478      794   373792    1.4259
1500037479      1000   374792    1.42972
1500037480      834   375626    1.4329
1500037481      1000   376626    1.43671
1500037482      829   377455    1.43988
1500037483      1000   378455    1.44369
1500037484      1000   379455    1.44751
1500037485      727   380182    1.45028
1500037486      1000   381182    1.45409
1500037487      833   382015    1.45727
1500037488      1000   383015    1.46109
1500037490      851   384009    1.46488
1500037491      1007   385016    1.46872
1500037492      682   385698    1.47132
1500037493      1000   386698    1.47514
1500037494      834   387532    1.47832
1500037495      1000   388532    1.48213
1500037496      846   389492    1.48579
1500037497      1007   390499    1.48964
1500037498      999   391498    1.49345
1500037499      780   392278    1.49642
1500037500      999   393277    1.50023
1500037501      831   394108    1.5034
1500037502      1000   395108    1.50722
1500037503      815   396077    1.51091
1500037504      1007   397084    1.51476
1500037505      999   398083    1.51857
1500037506      809   398892    1.52165
1500037507      612   399504    1.52399
1500037508      1000   400504    1.5278
1500037509      999   401503    1.53161
1500037510      832   402335    1.53479
1500037511      999   403334    1.5386
1500037512      833   404167    1.54177
1500037513      999   405166    1.54559
1500037514      833   405999    1.54876
1500037515      1000   406999    1.55258
1500037516      999   407998    1.55639
1500037517      722   408720    1.55914
1500037518      999   409719    1.56295
1500037519      753   410472    1.56583
1500037520      999   411471    1.56964
1500037521      1000   412471    1.57345
1500037522      702   413173    1.57613
1500037523      596   413769    1.5784
1500037524      1000   414769    1.58222
1500037525      999   415768    1.58603
1500037526      829   416597    1.58919
1500037527      999   417596    1.593
1500037528      833   418429    1.59618
1500037529      999   419428    1.59999
1500037530      832   420260    1.60316
1500037531      999   421259    1.60698
1500037532      1000   422259    1.61079
1500037533      728   422987    1.61357
1500037534      1000   423987    1.61738
1500037535      834   424821    1.62056
1500037536      999   425820    1.62437
1500037537      791   426798    1.62811
1500037538      1007   427805    1.63195
1500037539      609   428414    1.63427
1500037540      999   429413    1.63808
1500037541      828   430241    1.64124
1500037542      999   431240    1.64505
1500037543      1000   432240    1.64886
1500037544      830   433070    1.65203
1500037545      1000   434070    1.65585
1500037546      832   434902    1.65902
1500037547      1000   435902    1.66283
1500037548      830   436732    1.666
1500037549      1000   437732    1.66982
1500037550      1000   438732    1.67363
1500037551      827   439559    1.67678
1500037552      1000   440559    1.6806
1500037553      830   441389    1.68377
1500037554      673   442154    1.68668
1500037555      1007   443161    1.69053
1500037556      999   444160    1.69434
1500037557      832   444992    1.69751
1500037558      999   445991    1.70132
1500037559      828   446819    1.70448
1500037560      999   447818    1.70829
1500037561      838   448739    1.7118
1500037562      1007   449746    1.71564
1500037563      1000   450746    1.71946
1500037564      831   451577    1.72263
1500037565      1000   452577    1.72644
1500037566      830   453407    1.72961
1500037567      1000   454407    1.73343
1500037568      841   455324    1.73692
1500037569      1007   456331    1.74076
1500037570      637   456968    1.74319
1500037571      1000   457968    1.74701
1500037572      832   458800    1.75018
1500037573      1000   459800    1.754
1500037574      1000   460800    1.75781
1500037575      833   461633    1.76099
1500037576      1000   462633    1.7648
1500037577      811   463444    1.7679
1500037578      1000   464444    1.77171
1500037579      831   465275    1.77488
1500037580      1000   466275    1.7787
1500037581      999   467274    1.78251
1500037582      831   468105    1.78568
1500037583      1000   469105    1.78949
1500037584      830   469935    1.79266
1500037585      664   470680    1.7955
1500037586      1006   471686    1.79934
1500037587      1000   472686    1.80315
1500037588      830   473516    1.80632
1500037589      1000   474516    1.81013
1500037590      830   475346    1.8133
1500037591      999   476345    1.81711
1500037593      789   477265    1.82062
1500037594      1007   478272    1.82446
1500037595      999   479271    1.82827
1500037596      832   480103    1.83145
1500037597      999   481102    1.83526
1500037598      832   481934    1.83843
1500037599      999   482933    1.84224
1500037600      838   483850    1.84574
1500037601      1007   484857    1.84958
1500037602      623   485480    1.85196
1500037603      1000   486480    1.85577
1500037604      793   487273    1.8588
1500037605      999   488272    1.86261
1500037606      1000   489272    1.86642
1500037607      831   490103    1.86959
1500037608      1000   491103    1.87341
1500037609      822   491925    1.87654
1500037610      1000   492925    1.88036
1500037611      829   493754    1.88352
1500037612      1000   494754    1.88734
1500037613      999   495753    1.89115
1500037614      825   496578    1.89429
1500037615      1000   497578    1.89811
1500037616      834   498412    1.90129
1500037617      661   499206    1.90432
