1486380456      959   961    0.0100813
1486380457      995   1956    0.0205193
1486380458      997   2954    0.0309887
1486380459      993   3949    0.0414267
1486380460      651   4600    0.0482559
1486380461      734   5334    0.0559559
1486380462      730   6064    0.0636139
1486380463      537   6700    0.0702858
1486380464      738   7438    0.0780277
1486380465      554   8049    0.0844374
1486380466      736   8785    0.0921583
1486380467      735   9520    0.0998688
1486380468      554   10189    0.106887
1486380469      739   10928    0.114639
1486380470      735   11663    0.12235
1486380471      406   12073    0.126651
1486380472      606   12679    0.133008
1486380473      755   13434    0.140928
1486380474      621   14055    0.147443
1486380475      555   14748    0.154713
1486380476      813   15561    0.163241
1486380478      434   16097    0.168864
1486380479      817   16914    0.177435
1486380480      425   17339    0.181893
1486380481      639   17978    0.188597
1486380482      613   18772    0.196926
1486380483      801   19573    0.205329
1486380484      447   20121    0.211078
1486380485      472   20656    0.21669
1486380486      810   21466    0.225187
1486380487      716   22182    0.232698
1486380488      596   22796    0.23914
1486380489      812   23608    0.247658
1486380490      534   24145    0.253291
1486380491      722   24867    0.260865
1486380492      814   25681    0.269404
1486380493      578   26285    0.275741
1486380494      761   27046    0.283724
1486380495      808   27854    0.2922
1486380496      567   28421    0.298148
1486380497      660   29081    0.305072
1486380498      610   29774    0.312342
1486380499      812   30586    0.32086
1486380500      761   31347    0.328843
1486380501      565   31914    0.334791
1486380502      809   32723    0.343278
1486380503      508   33263    0.348943
1486380504      755   34018    0.356863
1486380505      775   34793    0.364993
1486380506      596   35403    0.371392
1486380508      667   36217    0.379931
1486380509      812   37029    0.38845
1486380510      666   37822    0.396769
1486380511      815   38637    0.405318
1486380512      780   39417    0.413501
1486380513      614   40031    0.419942
1486380514      650   40776    0.427757
1486380515      817   41593    0.436328
1486380516      666   42381    0.444594
1486380517      813   43194    0.453123
1486380518      661   43986    0.461432
1486380519      777   44763    0.469583
1486380520      559   45322    0.475447
1486380521      526   45870    0.481195
1486380522      818   46688    0.489777
1486380524      657   47475    0.498033
1486380525      811   48286    0.50654
1486380526      591   48877    0.51274
1486380527      801   49678    0.521143
1486380528      647   50429    0.529021
1486380529      795   51224    0.537361
1486380530      769   51993    0.545428
1486380531      569   52562    0.551397
1486380532      801   53363    0.5598
1486380533      589   53952    0.565979
1486380534      699   54651    0.573312
1486380535      727   55378    0.580938
1486380536      612   56058    0.588072
1486380537      797   56855    0.596433
1486380538      597   57452    0.602695
1486380539      772   58224    0.610794
1486380540      665   59012    0.619061
1486380541      654   59666    0.625921
1486380542      630   60361    0.633212
1486380543      811   61172    0.64172
1486380544      706   61878    0.649126
1486380545      534   62501    0.655662
1486380546      789   63290    0.663939
1486380547      726   64016    0.671555
1486380548      578   64594    0.677618
1486380549      708   65302    0.685045
1486380551      601   65990    0.692263
1486380552      388   66525    0.697875
1486380553      764   67289    0.70589
1486380554      736   68025    0.713611
1486380555      345   68409    0.717639
1486380556      813   69222    0.726168
1486380557      725   69947    0.733773
1486380558      532   70549    0.740088
1486380559      691   71240    0.747337
1486380560      778   72018    0.755499
1486380561      541   72559    0.761174
1486380562      756   73315    0.769105
1486380563      607   74038    0.77669
1486380564      807   74845    0.785155
1486380565      773   75618    0.793264
1486380566      556   76178    0.799139
1486380567      809   76987    0.807626
1486380568      507   77527    0.813291
1486380569      755   78282    0.821211
1486380570      808   79090    0.829687
1486380571      561   79667    0.83574
1486380572      789   80456    0.844017
1486380574      519   81016    0.849892
1486380575      742   81758    0.857676
1486380576      809   82567    0.866162
1486380577      572   83156    0.872341
1486380578      812   83968    0.880859
1486380579      562   84530    0.886755
1486380580      792   85322    0.895063
1486380581      668   86110    0.90333
1486380582      795   86905    0.91167
1486380583      807   87712    0.920135
1486380584      600   88312    0.92643
1486380585      656   89064    0.934319
1486380586      802   89866    0.942732
1486380587      672   90669    0.951156
1486380588      814   91483    0.959695
1486380589      789   92272    0.967972
1486380590      575   92847    0.974004
1486380591      665   93623    0.982144
1486380592      796   94419    0.990495
1486380593      791   95210    0.998793
1486380594      582   95792    1.0049
1486380595      645   96577    1.01313
1486380596      814   97391    1.02167
1486380598      660   98182    1.02997
1486380599      812   98994    1.03849
1486380600      664   99787    1.04681
1486380601      677   100601    1.05535
1486380602      818   101419    1.06393
1486380603      670   102206    1.07218
1486380604      800   103006    1.08058
1486380605      792   103798    1.08888
1486380606      609   104407    1.09527
1486380607      655   105160    1.10317
1486380608      795   105955    1.11151
1486380610      677   106765    1.12001
1486380611      780   107545    1.12819
1486380612      781   108326    1.13638
1486380613      613   108939    1.14282
1486380614      638   109719    1.151
1486380615      814   110533    1.15954
1486380616      656   111324    1.16784
1486380617      815   112139    1.17638
1486380618      361   112673    1.18199
1486380619      809   113482    1.19047
1486380621      666   114278    1.19882
1486380622      815   115093    1.20737
1486380623      644   115883    1.21566
1486380624      659   116542    1.22257
1486380625      582   117232    1.22981
1486380626      784   118016    1.23804
1486380627      794   118810    1.24637
1486380628      594   119404    1.2526
1486380629      770   120174    1.26068
1486380630      471   120721    1.26641
1486380631      813   121534    1.27494
1486380632      670   122204    1.28197
1486380633      577   122861    1.28886
1486380634      804   123665    1.2973
1486380635      750   124415    1.30517
1486380636      420   124835    1.30957
1486380637      718   125553    1.3171
1486380638      671   126224    1.32414
1486380639      600   126885    1.33108
1486380640      702   127587    1.33844
1486380641      724   128311    1.34604
1486380642      567   128878    1.35198
1486380643      706   129584    1.35939
1486380645      635   130374    1.36768
1486380646      813   131187    1.37621
1486380647      759   131946    1.38417
1486380648      552   132514    1.39013
1486380649      793   133307    1.39845
1486380650      527   133863    1.40428
1486380651      764   134627    1.41229
1486380652      806   135433    1.42075
1486380653      570   136003    1.42673
1486380654      764   136767    1.43474
1486380655      516   137352    1.44088
1486380656      816   138168    1.44944
1486380657      770   138938    1.45752
1486380658      575   139513    1.46355
1486380659      806   140319    1.472
1486380660      591   140910    1.4782
1486380661      808   141718    1.48668
1486380662      651   142446    1.49432
1486380663      813   143259    1.50285
1486380664      787   144046    1.5111
1486380665      603   144649    1.51743
1486380666      613   145400    1.52531
1486380667      811   146211    1.53381
1486380669      624   147005    1.54214
1486380670      780   147785    1.55033
1486380671      806   148591    1.55878
1486380672      592   149183    1.56499
1486380673      648   149959    1.57313
1486380674      815   150774    1.58168
1486380675      659   151564    1.58997
1486380676      796   152360    1.59832
1486380677      590   152950    1.60451
1486380678      811   153761    1.61302
1486380679      652   154518    1.62096
1486380680      658   155176    1.62786
1486380681      337   155588    1.63218
1486380682      814   156402    1.64072
1486380683      609   157011    1.64711
1486380684      789   157800    1.65539
1486380685      654   158542    1.66317
1486380686      814   159356    1.67171
1486380687      783   160139    1.67992
1486380688      603   160742    1.68625
1486380690      657   161496    1.69416
1486380691      812   162308    1.70268
1486380692      662   163101    1.711
1486380693      813   163914    1.71953
1486380694      760   164674    1.7275
1486380695      383   165057    1.73152
1486380696      802   165859    1.73993
1486380697      693   166552    1.7472
1486380698      570   167125    1.75321
1486380699      806   167931    1.76167
1486380700      761   168692    1.76965
1486380701      376   169068    1.77359
1486380702      799   169867    1.78198
1486380703      668   170535    1.78898
1486380704      532   171149    1.79542
1486380705      816   171965    1.80398
1486380706      746   172711    1.81181
1486380707      418   173129    1.8162
1486380708      801   173930    1.8246
1486380709      661   174591    1.83153
1486380710      525   175173    1.83764
1486380711      763   175936    1.84564
1486380712      813   176749    1.85417
1486380713      565   177314    1.8601
1486380714      703   178017    1.86747
1486380715      595   178662    1.87424
1486380716      818   179480    1.88282
1486380717      208   179732    1.88546
1486380718      812   180544    1.89398
1486380720      431   181081    1.89962
1486380721      813   181894    1.90814
1486380722      768   182662    1.9162
1486380723      577   183239    1.92225
1486380724      790   184029    1.93054
1486380725      782   184811    1.93874
1486380726      343   185154    1.94234
1486380727      672   185826    1.94939
1486380728      790   186616    1.95768
1486380729      585   187245    1.96428
1486380730      815   188060    1.97283
1486380731      616   188850    1.98112
1486380732      784   189634    1.98934
1486380733      610   190244    1.99574
1486380734      771   191015    2.00383
1486380735      665   191804    2.0121
1486380736      781   192585    2.0203
1486380737      588   193173    2.02647
1486380738      730   193903    2.03412
1486380739      725   194628    2.04173
1486380740      586   195293    2.04871
1486380741      803   196096    2.05713
1486380742      786   196882    2.06537
1486380743      570   197452    2.07135
1486380744      654   198247    2.07969
1486380745      819   199066    2.08829
1486380746      717   199783    2.09581
1486380748      527   200387    2.10214
1486380749      781   201168    2.11034
1486380750      593   201761    2.11656
1486380751      792   202553    2.12487
1486380752      776   203329    2.13301
1486380753      610   203939    2.13941
1486380754      803   204742    2.14783
1486380755      525   205267    2.15334
1486380756      810   206077    2.16183
1486380757      640   206830    2.16973
1486380758      806   207636    2.17819
1486380759      773   208409    2.1863
1486380760      602   209011    2.19261
1486380761      653   209784    2.20072
1486380762      811   210595    2.20923
1486380763      662   211389    2.21756
1486380764      807   212196    2.22602
1486380765      795   212991    2.23436
1486380766      595   213586    2.24061
1486380767      731   214317    2.24827
1486380768      591   214908    2.25447
1486380769      737   215645    2.26221
1486380770      739   216384    2.26996
1486380771      615   217018    2.27661
1486380772      800   217818    2.285
1486380773      611   218429    2.29141
1486380774      813   219242    2.29994
1486380775      650   219972    2.3076
1486380776      753   220725    2.3155
1486380778      494   221321    2.32175
1486380779      802   222123    2.33016
1486380780      714   222837    2.33765
1486380781      584   223461    2.3442
1486380782      811   224272    2.35271
1486380783      780   225052    2.36089
1486380784      258   225345    2.36396
1486380785      794   226139    2.37229
1486380786      753   226892    2.38019
1486380787      565   227485    2.38641
1486380788      806   228291    2.39487
1486380789      747   229038    2.4027
1486380790      420   229458    2.40711
1486380791      805   230263    2.41556
1486380792      662   230925    2.4225
1486380793      516   231509    2.42863
1486380794      766   232275    2.43666
1486380795      805   233080    2.44511
1486380796      559   233639    2.45097
1486380797      712   234351    2.45844
1486380798      594   234998    2.46523
1486380799      811   235809    2.47373
1486380800      769   236578    2.4818
1486380801      563   237141    2.48771
1486380802      805   237946    2.49615
1486380803      522   238487    2.50183
1486380804      783   239270    2.51004
1486380805      812   240082    2.51856
1486380806      584   240666    2.52469
1486380807      644   241441    2.53282
1486380808      667   242108    2.53981
1486380809      704   242812    2.5472
1486380810      662   243581    2.55527
1486380811      816   244397    2.56383
1486380813      671   245186    2.5721
1486380814      788   245974    2.58037
1486380815      551   246535    2.58626
1486380816      749   247284    2.59411
1486380817      805   248089    2.60256
1486380818      614   248703    2.609
1486380819      662   249489    2.61724
