1481208701      1498   1498    0.0014286
1481208702      1499   2997    0.00285816
1481208703      1499   4496    0.00428772
1481208704      1500   5996    0.00571823
1481208705      1499   7495    0.00714779
1481208706      1499   8994    0.00857735
1481208707      1500   10494    0.0100079
1481208708      1499   11993    0.0114374
1481208709      1499   13492    0.012867
1481208710      1500   14992    0.0142975
1481208711      1499   16491    0.015727
1481208712      1499   17990    0.0171566
1481208713      1500   19490    0.0185871
1481208714      1499   20989    0.0200167
1481208715      1499   22488    0.0214462
1481208716      1500   23988    0.0228767
1481208717      1464   25452    0.0242729
1481208718      1386   26901    0.0256548
1481208719      1506   28407    0.027091
1481208720      1389   29796    0.0284157
1481208721      1390   31186    0.0297413
1481208722      1389   32575    0.0310659
1481208723      1391   33966    0.0323925
1481208724      1388   35354    0.0337162
1481208725      1390   36744    0.0350418
1481208727      1387   38185    0.0364161
1481208728      1506   39691    0.0378523
1481208729      1391   41082    0.0391788
1481208729      1387   42469    0.0405016
1481208730      1389   43858    0.0418262
1481208731      1389   45247    0.0431509
1481208732      1388   46635    0.0444746
1481208733      1389   48024    0.0457993
1481208735      1387   49469    0.0471773
1481208736      1266   50735    0.0483847
1481208737      1372   52189    0.0497713
1481208738      1506   53695    0.0512075
1481208739      1391   55086    0.0525341
1481208740      1387   56473    0.0538568
1481208741      1389   57862    0.0551815
1481208742      1391   59253    0.0565081
1481208743      1390   60643    0.0578337
1481208744      1390   62033    0.0591593
1481208745      1385   63473    0.0605326
1481208746      1506   64979    0.0619688
1481208747      1390   66369    0.0632944
1481208748      1391   67760    0.064621
1481208749      1388   69148    0.0659447
1481208750      1383   70531    0.0672636
1481208751      1389   71920    0.0685883
1481208752      1390   73310    0.0699139
1481208753      1388   74757    0.0712938
1481208754      1264   76021    0.0724993
1481208755      1388   77477    0.0738878
1481208756      1506   78983    0.0753241
1481208757      1381   80364    0.0766411
1481208758      1387   81751    0.0779638
1481208759      1387   83138    0.0792866
1481208760      1384   84522    0.0806065
1481208761      1389   85911    0.0819311
1481208762      1390   87301    0.0832567
1481208763      1389   88761    0.0846491
1481208764      1506   90267    0.0860853
1481208765      1392   91659    0.0874128
1481208766      1359   93018    0.0887089
1481208767      1391   94409    0.0900354
1481208768      1375   95784    0.0913467
1481208769      1391   97175    0.0926733
1481208770      1231   98433    0.093873
1481208771      1506   99939    0.0953093
1481208772      1133   101153    0.096467
1481208773      1506   102659    0.0979033
1481208774      1390   104049    0.0992289
1481208775      1341   105390    0.100508
1481208776      1388   106778    0.101831
1481208777      1390   108168    0.103157
1481208778      1391   109559    0.104484
1481208779      1390   110949    0.105809
1481208780      1391   112437    0.107228
1481208781      1507   113944    0.108665
1481208782      1390   115334    0.109991
1481208783      1389   116723    0.111316
1481208784      1391   118114    0.112642
1481208785      1390   119504    0.113968
1481208786      1390   120894    0.115294
1481208787      1391   122285    0.11662
1481208788      1385   123721    0.11799
1481208789      1507   125228    0.119427
1481208790      1078   126441    0.120584
1481208791      1506   127947    0.12202
1481208792      1390   129337    0.123345
1481208793      1390   130727    0.124671
1481208794      1391   132118    0.125998
1481208795      1390   133508    0.127323
1481208796      1390   134898    0.128649
1481208797      1390   136288    0.129974
1481208798      1386   137725    0.131345
1481208799      1507   139232    0.132782
1481208800      1390   140622    0.134108
1481208801      1390   142012    0.135433
1481208802      1391   143403    0.13676
1481208803      1389   144792    0.138084
1481208804      1391   146183    0.139411
1481208805      1391   147574    0.140738
1481208806      1388   149009    0.142106
1481208807      1507   150516    0.143543
1481208808      1161   151729    0.1447
1481208809      1506   153235    0.146136
1481208810      1391   154626    0.147463
1481208811      1390   156016    0.148788
1481208812      1391   157407    0.150115
1481208813      1391   158798    0.151442
1481208814      1390   160188    0.152767
1481208815      1391   161579    0.154094
1481208816      1387   163013    0.155461
1481208817      1507   164520    0.156898
1481208818      1390   165910    0.158224
1481208819      1390   167300    0.15955
1481208820      1391   168691    0.160876
1481208821      1390   170081    0.162202
1481208822      1389   171470    0.163527
1481208823      1391   172861    0.164853
1481208824      1387   174297    0.166223
1481208825      1507   175804    0.16766
1481208826      1159   177017    0.168817
1481208827      1506   178523    0.170253
1481208828      1385   179908    0.171574
1481208829      1391   181299    0.1729
1481208830      1388   182687    0.174224
1481208831      1390   184077    0.17555
1481208832      1234   185311    0.176726
1481208833      1371   186689    0.178041
1481208834      1506   188195    0.179477
1481208835      1330   189525    0.180745
1481208836      1243   190768    0.181931
1481208837      1386   192154    0.183252
1481208838      1380   193534    0.184568
1481208839      1386   194920    0.18589
1481208840      1380   196361    0.187264
1481208841      1506   197867    0.188701
1481208842      1389   199256    0.190025
1481208843      1390   200646    0.191351
1481208844      1390   202036    0.192677
1481208845      1247   203283    0.193866
1481208846      1390   204673    0.195191
1481208847      1390   206063    0.196517
1481208848      1389   207452    0.197842
1481208849      1391   208843    0.199168
1481208850      1499   210342    0.200598
1481208851      1386   211728    0.20192
1481208852      1390   213118    0.203245
1481208853      1389   214507    0.20457
1481208854      1390   215897    0.205895
1481208855      1389   217286    0.20722
1481208856      1386   218672    0.208542
1481208857      1390   220062    0.209867
1481208858      1500   221562    0.211298
1481208859      1390   222952    0.212624
1481208860      1390   224342    0.213949
1481208861      1384   225726    0.215269
1481208862      1390   227116    0.216595
1481208863      1260   228376    0.217796
1481208864      1391   229767    0.219123
1481208865      1389   231156    0.220448
1481208866      1388   232544    0.221771
1481208867      1392   234041    0.223199
1481208868      1506   235547    0.224635
1481208869      1391   236938    0.225962
1481208870      1389   238327    0.227286
1481208871      1390   239717    0.228612
1481208872      1391   241108    0.229939
1481208873      1390   242498    0.231264
1481208874      1389   243887    0.232589
1481208875      1387   245325    0.23396
1481208876      1507   246832    0.235397
1481208877      1390   248222    0.236723
1481208878      1390   249612    0.238049
1481208879      1390   251002    0.239374
1481208880      1390   252392    0.2407
1481208881      1253   253645    0.241895
1481208882      1389   255034    0.243219
1481208883      1390   256424    0.244545
1481208884      1390   257814    0.245871
1481208885      1500   259314    0.247301
1481208886      1385   260699    0.248622
1481208887      1390   262089    0.249948
1481208888      1392   263481    0.251275
1481208889      1390   264871    0.252601
1481208890      1390   266261    0.253926
1481208891      1390   267651    0.255252
1481208892      1389   269040    0.256577
1481208893      1499   270539    0.258006
1481208894      1390   271929    0.259332
1481208895      1369   273298    0.260637
1481208896      1366   274664    0.26194
1481208897      1313   275977    0.263192
1481208898      1233   277210    0.264368
1481208899      1206   278416    0.265518
1481208900      1355   279781    0.26682
1481208901      1507   281288    0.268257
1481208902      1332   282620    0.269527
1481208903      1390   284010    0.270853
1481208904      1389   285399    0.272178
1481208905      1390   286789    0.273503
1481208906      1390   288179    0.274829
1481208907      1391   289570    0.276155
1481208909      1391   291065    0.277581
1481208910      1507   292572    0.279018
1481208911      1390   293962    0.280344
1481208912      1389   295351    0.281669
1481208913      1391   296742    0.282995
1481208914      1390   298132    0.284321
1481208915      1390   299522    0.285646
1481208916      1391   300913    0.286973
1481208917      1386   302349    0.288342
1481208918      1266   303615    0.28955
1481208919      1389   305069    0.290936
1481208920      1506   306575    0.292373
1481208921      1391   307966    0.293699
1481208922      1390   309356    0.295025
1481208923      1389   310745    0.29635
1481208924      1391   312136    0.297676
1481208925      1390   313526    0.299002
1481208926      1389   314915    0.300326
1481208927      1388   316353    0.301698
1481208928      1506   317859    0.303134
1481208929      1391   319250    0.304461
1481208930      1391   320641    0.305787
1481208931      1390   322031    0.307113
1481208932      1390   323421    0.308438
1481208933      1391   324812    0.309765
1481208934      1389   326201    0.31109
1481208935      1387   327637    0.312459
1481208936      1090   328745    0.313516
1481208937      1506   330251    0.314952
1481208938      1389   331640    0.316277
1481208939      1391   333031    0.317603
1481208940      1388   334419    0.318927
1481208941      1384   335803    0.320247
1481208942      1389   337192    0.321571
1481208943      1390   338582    0.322897
1481208944      1388   340029    0.324277
1481208945      1506   341535    0.325713
1481208946      1391   342926    0.32704
1481208947      1390   344316    0.328365
1481208948      1389   345705    0.32969
1481208949      1392   347097    0.331017
1481208950      1391   348488    0.332344
1481208951      1390   349878    0.33367
1481208952      1387   351313    0.335038
1481208953      1506   352819    0.336474
1481208954      1045   354033    0.337632
1481208955      1506   355539    0.339068
1481208956      1391   356930    0.340395
1481208957      1391   358321    0.341722
1481208958      1283   359604    0.342945
1481208959      1392   360996    0.344273
1481208960      1388   362384    0.345596
1481208961      1388   363772    0.34692
1481208962      1500   365272    0.348351
1481208963      1387   366659    0.349673
1481208964      1388   368047    0.350997
1481208965      1389   369436    0.352322
1481208966      1389   370825    0.353646
1481208967      1389   372214    0.354971
1481208968      1392   373606    0.356298
1481208969      1385   374991    0.357619
1481208970      1504   376495    0.359054
1481208971      1390   377885    0.360379
1481208972      1388   379273    0.361703
1481208973      1083   380356    0.362736
1481208974      1389   381745    0.36406
1481208975      1390   383135    0.365386
1481208976      1389   384524    0.366711
1481208977      1391   385915    0.368037
1481208978      1389   387381    0.369435
1481208979      1506   388887    0.370872
1481208980      1389   390276    0.372196
1481208981      1390   391666    0.373522
1481208982      1390   393056    0.374847
1481208983      1388   394444    0.376171
1481208984      1390   395834    0.377497
1481208985      1390   397224    0.378822
1481208986      1388   398665    0.380197
1481208987      1506   400171    0.381633
1481208988      1391   401562    0.382959
1481208989      1390   402952    0.384285
1481208990      1390   404342    0.385611
1481208991      1126   405468    0.386684
1481208992      1390   406858    0.38801
1481208993      1389   408247    0.389335
1481208994      1389   409636    0.390659
1481208995      1384   411057    0.392015
1481208996      1506   412563    0.393451
1481208997      1390   413953    0.394776
1481208998      1390   415343    0.396102
1481208999      1391   416734    0.397429
1481209000      1391   418125    0.398755
1481209001      1391   419516    0.400082
1481209002      1388   420904    0.401405
1481209003      1387   422341    0.402776
1481209004      1507   423848    0.404213
1481209005      1391   425239    0.40554
1481209006      1391   426630    0.406866
1481209007      1391   428021    0.408193
1481209008      1391   429412    0.409519
1481209009      1259   430671    0.41072
1481209010      1391   432062    0.412046
1481209011      1390   433452    0.413372
1481209012      1391   434843    0.414699
1481209013      1500   436343    0.416129
1481209014      1387   437730    0.417452
1481209015      1391   439121    0.418778
1481209016      1391   440512    0.420105
1481209017      1390   441902    0.421431
1481209018      1389   443291    0.422755
1481209019      1391   444682    0.424082
1481209020      1242   446017    0.425355
1481209021      1506   447523    0.426791
1481209022      1317   448840    0.428047
1481209023      1372   450212    0.429356
1481209024      1253   451465    0.430551
1481209025      1287   452752    0.431778
1481209026      1298   454077    0.433042
1481209027      1224   455301    0.434209
1481209028      1390   456797    0.435636
1481209029      1506   458303    0.437072
1481209030      1389   459692    0.438396
1481209031      1389   461081    0.439721
1481209032      1390   462471    0.441047
1481209033      1390   463861    0.442372
1481209034      1390   465251    0.443698
1481209035      1387   466638    0.445021
1481209036      1387   468081    0.446397
1481209037      1507   469588    0.447834
1481209038      1390   470978    0.44916
1481209039      1390   472368    0.450485
1481209040      1390   473758    0.451811
1481209041      1390   475148    0.453136
1481209042      1390   476538    0.454462
1481209043      1391   477929    0.455789
1481209044      1386   479365    0.457158
1481209045      1267   480632    0.458366
1481209046      1388   482085    0.459752
1481209047      1506   483591    0.461188
1481209048      1390   484981    0.462514
1481209049      1391   486372    0.46384
1481209050      1388   487760    0.465164
1481209051      1388   489148    0.466488
1481209052      1391   490539    0.467814
1481209053      1385   491924    0.469135
1481209054      1388   493369    0.470513
1481209055      1507   494876    0.471951
1481209056      1391   496267    0.473277
1481209057      1389   497656    0.474602
1481209058      1342   498998    0.475882
