1500030891      0   0    0
1500030892      0   0    0
1500030893      0   0    0
1500030894      0   0    0
1500030895      0   0    0
1500030896      0   0    0
1500030897      0   0    0
1500030898      0   0    0
1500030899      0   0    0
1500030900      0   0    0
1500030901      0   0    0
1500030902      0   0    0
1500030903      0   0    0
1500030904      0   0    0
1500030905      0   0    0
1500030906      16   16    0.000106812
1500030907      67   83    0.000554085
1500030908      67   151    0.00100803
1500030909      22   173    0.0011549
1500030910      0   173    0.0011549
1500030911      0   173    0.0011549
1500030912      0   173    0.0011549
1500030913      0   173    0.0011549
1500030914      0   173    0.0011549
1500030915      0   173    0.0011549
1500030916      0   173    0.0011549
1500030917      0   173    0.0011549
1500030918      0   173    0.0011549
1500030919      0   173    0.0011549
1500030920      0   173    0.0011549
1500030921      0   173    0.0011549
1500030922      0   173    0.0011549
1500030923      0   173    0.0011549
1500030924      0   173    0.0011549
1500030925      0   173    0.0011549
1500030926      28   201    0.00134182
1500030927      65   267    0.00178242
1500030928      68   335    0.00223637
1500030929      63   398    0.00265694
1500030930      69   468    0.00312424
1500030931      69   537    0.00358486
1500030932      69   606    0.00404549
1500030933      71   677    0.00451946
1500030934      45   722    0.00481987
1500030935      46   769    0.00513363
1500030936      42   812    0.00542068
1500030937      43   855    0.00570774
1500030938      40   896    0.00598145
1500030939      43   940    0.00627518
1500030940      43   984    0.00656891
1500030941      44   1028    0.00686264
1500030942      42   1071    0.0071497
1500030943      40   1112    0.0074234
1500030944      44   1156    0.00771713
1500030945      44   1200    0.00801086
1500030946      42   1242    0.00829124
1500030947      44   1287    0.00859165
1500030948      44   1332    0.00889206
1500030949      43   1376    0.00918579
1500030950      44   1420    0.00947952
1500030951      43   1464    0.00977325
1500030952      42   1506    0.0100536
1500030953      43   1550    0.0103474
1500030954      39   1589    0.0106077
1500030955      41   1631    0.0108881
1500030956      41   1673    0.0111685
1500030957      46   1719    0.0114756
1500030958      44   1763    0.0117693
1500030959      43   1807    0.012063
1500030960      46   1853    0.0123701
1500030961      44   1897    0.0126638
1500030962      46   1944    0.0129776
1500030963      37   1982    0.0132313
1500030964      44   2027    0.0135317
1500030965      44   2072    0.0138321
1500030966      40   2113    0.0141058
1500030967      42   2155    0.0143862
1500030968      41   2196    0.0146599
1500030969      41   2238    0.0149403
1500030970      41   2280    0.0152206
1500030971      41   2321    0.0154943
1500030972      43   2365    0.0157881
1500030973      37   2402    0.0160351
1500030974      47   2450    0.0163555
1500030975      44   2494    0.0166492
1500030976      43   2538    0.016943
1500030977      45   2583    0.0172434
1500030979      42   2626    0.0175304
1500030980      44   2670    0.0178242
1500030981      45   2715    0.0181246
1500030982      41   2757    0.018405
1500030983      38   2796    0.0186653
1500030984      43   2839    0.0189524
1500030985      45   2885    0.0192595
