1487372044      995   997    0.0104589
1487372045      985   1985    0.0208235
1487372046      962   2947    0.0309153
1487372047      973   3920    0.0411224
1487372048      750   4670    0.0489902
1487372049      713   5383    0.0564699
1487372050      608   6037    0.0633307
1487372051      752   6789    0.0712194
1487372052      777   7566    0.0793705
1487372053      489   8055    0.0845003
1487372054      794   8849    0.0928297
1487372055      470   9398    0.0985889
1487372056      707   10105    0.106006
1487372057      792   10897    0.114314
1487372058      602   11538    0.121038
1487372059      656   12224    0.128235
1487372060      802   13026    0.136648
1487372061      794   13820    0.144978
1487372062      579   14399    0.151052
1487372063      790   15189    0.159339
1487372064      643   15832    0.166084
1487372065      798   16630    0.174456
1487372066      592   17222    0.180666
1487372067      787   18009    0.188922
1487372069      650   18795    0.197167
1487372070      657   19481    0.204364
1487372071      797   20278    0.212725
1487372072      799   21077    0.221107
1487372073      572   21649    0.227107
1487372074      795   22444    0.235447
1487372075      647   23226    0.24365
1487372076      653   23912    0.250847
1487372077      801   24713    0.25925
1487372078      781   25494    0.267443
1487372079      559   26053    0.273307
1487372080      485   26587    0.278909
1487372081      656   27273    0.286105
1487372082      801   28074    0.294508
1487372083      795   28869    0.302848
1487372084      591   29460    0.309048
1487372085      794   30254    0.317377
1487372086      745   30999    0.325192
1487372087      641   31640    0.331917
1487372088      582   32239    0.338201
1487372089      806   33045    0.346656
1487372090      788   33833    0.354922
1487372091      570   34403    0.360902
1487372092      642   35065    0.367846
1487372093      801   35866    0.376249
1487372094      792   36658    0.384558
1487372095      589   37247    0.390737
1487372096      793   38040    0.399055
1487372097      647   38810    0.407133
1487372098      653   39496    0.41433
1487372099      743   40239    0.422124
1487372100      719   40958    0.429667
1487372101      569   41636    0.436779
1487372102      802   42438    0.445192
1487372103      553   42991    0.450994
1487372104      781   43772    0.459187
1487372106      587   44462    0.466425
1487372107      782   45244    0.474628
1487372108      789   46033    0.482905
1487372109      600   46633    0.4892
1487372110      646   47288    0.496071
1487372111      723   48011    0.503655
1487372112      799   48810    0.512037
1487372113      597   49428    0.51852
1487372114      810   50238    0.527018
1487372115      648   50886    0.533815
1487372116      803   51689    0.542239
1487372117      587   52276    0.548397
1487372118      791   53067    0.556695
1487372119      790   53857    0.564982
1487372120      530   54394    0.570616
1487372121      614   55080    0.577812
1487372122      803   55883    0.586236
1487372123      772   56655    0.594335
1487372124      503   57220    0.600262
1487372125      713   57933    0.607741
1487372126      647   58580    0.614529
1487372127      799   59379    0.62291
1487372128      623   60046    0.629908
1487372129      806   60852    0.638363
1487372130      665   61651    0.646745
1487372131      663   62337    0.653941
1487372132      803   63140    0.662365
1487372133      795   63935    0.670705
1487372134      524   64477    0.676391
1487372135      801   65278    0.684793
1487372136      696   65974    0.692095
1487372137      644   66618    0.698851
1487372139      533   67303    0.706037
1487372140      690   67993    0.713275
1487372141      543   68536    0.718971
1487372142      792   69328    0.72728
1487372143      618   69946    0.733763
1487372144      650   70596    0.740582
1487372145      579   71199    0.746907
1487372146      795   71994    0.755247
1487372147      754   72748    0.763157
1487372148      587   73339    0.769357
1487372149      663   74025    0.776553
1487372150      801   74826    0.784956
1487372151      780   75606    0.793139
1487372152      596   76202    0.799391
1487372153      785   76987    0.807626
1487372154      655   77770    0.81584
1487372155      669   78456    0.823036
1487372156      791   79247    0.831334
1487372157      800   80047    0.839726
1487372158      584   80631    0.845853
1487372159      797   81428    0.854214
1487372160      657   82085    0.861106
1487372161      793   82878    0.869425
1487372162      584   83462    0.875551
1487372163      793   84255    0.88387
1487372164      647   85027    0.891969
1487372165      660   85713    0.899165
1487372166      791   86504    0.907463
1487372167      796   87300    0.915813
1487372168      581   87881    0.921908
1487372169      796   88677    0.930259
1487372170      647   89458    0.938452
1487372171      665   90144    0.945648
1487372172      806   90950    0.954103
1487372173      790   91740    0.962391
1487372174      469   92284    0.968098
1487372175      803   93087    0.976521
1487372177      346   93505    0.980906
1487372178      798   94303    0.989278
1487372179      758   95061    0.99723
1487372180      565   95645    1.00336
1487372181      802   96447    1.01177
1487372182      796   97243    1.02012
1487372183      639   97882    1.02682
1487372184      586   98471    1.033
1487372185      803   99274    1.04143
1487372186      795   100069    1.04977
1487372187      594   100663    1.056
1487372188      635   101298    1.06266
1487372189      794   102092    1.07099
1487372190      794   102886    1.07932
1487372191      580   103466    1.0854
1487372192      790   104256    1.09369
1487372193      651   105042    1.10193
1487372194      654   105728    1.10913
1487372195      799   106527    1.11751
1487372196      781   107308    1.12571
1487372197      581   107889    1.1318
1487372198      789   108678    1.14008
1487372199      644   109322    1.14683
1487372200      793   110115    1.15515
1487372201      602   110717    1.16147
1487372202      795   111512    1.16981
1487372203      657   112299    1.17806
1487372204      615   112985    1.18526
1487372205      798   113783    1.19363
1487372206      713   114496    1.20111
1487372207      555   115125    1.20771
1487372208      732   115857    1.21539
1487372209      721   116578    1.22295
1487372210      480   117058    1.22799
1487372211      795   117853    1.23633
1487372213      585   118486    1.24297
1487372214      785   119271    1.2512
1487372215      804   120075    1.25964
1487372216      564   120639    1.26555
1487372217      657   121312    1.27261
1487372218      803   122115    1.28104
1487372219      799   122914    1.28942
1487372220      594   123508    1.29565
1487372221      775   124283    1.30378
1487372222      618   124901    1.31026
1487372223      763   125664    1.31827
1487372224      583   126278    1.32471
1487372225      801   127079    1.33311
1487372226      713   127792    1.34059
1487372227      554   128418    1.34716
1487372228      656   129104    1.35435
1487372229      715   129819    1.36186
1487372230      710   130529    1.3693
1487372231      706   131235    1.37671
1487372232      585   131820    1.38285
1487372233      640   132465    1.38961
1487372234      807   133272    1.39808
1487372235      660   134070    1.40645
1487372236      802   134872    1.41486
1487372237      795   135667    1.4232
1487372238      593   136260    1.42942
1487372239      583   136896    1.4361
1487372240      802   137698    1.44451
1487372241      344   138042    1.44812
1487372242      753   138795    1.45602
1487372243      605   139571    1.46416
1487372244      658   140257    1.47135
1487372245      800   141057    1.47975
1487372246      791   141848    1.48804
1487372247      588   142436    1.49421
1487372248      784   143220    1.50244
1487372250      653   144002    1.51064
1487372251      662   144688    1.51784
1487372252      798   145486    1.52621
1487372253      789   146275    1.53449
1487372254      587   146862    1.54064
1487372255      788   147650    1.54891
1487372256      654   148304    1.55577
1487372257      782   149086    1.56397
1487372258      592   149678    1.57018
1487372259      788   150466    1.57845
1487372260      657   151259    1.58677
1487372261      635   151894    1.59343
1487372262      527   152480    1.59958
1487372263      735   153215    1.60729
1487372264      798   154013    1.61566
1487372265      515   154620    1.62203
1487372266      769   155389    1.6301
1487372267      640   156029    1.63681
1487372268      788   156817    1.64508
1487372269      600   157446    1.65167
1487372270      801   158247    1.66008
1487372271      771   159018    1.66817
1487372272      590   159608    1.67435
1487372273      643   160272    1.68132
1487372274      802   161074    1.68973
1487372275      782   161856    1.69794
1487372276      591   162447    1.70414
1487372277      783   163230    1.71235
1487372278      648   163878    1.71915
1487372279      796   164674    1.7275
1487372280      584   165258    1.73363
1487372281      794   166052    1.74195
1487372282      649   166843    1.75025
1487372283      655   167529    1.75745
1487372284      797   168326    1.76581
1487372285      792   169118    1.77412
1487372286      572   169690    1.78012
1487372287      799   170489    1.7885
1487372289      652   171274    1.79674
1487372290      669   171960    1.80393
1487372291      807   172767    1.8124
1487372292      795   173562    1.82074
1487372293      600   174162    1.82703
1487372294      799   174961    1.83541
1487372295      585   175546    1.84155
1487372296      792   176338    1.84986
1487372297      584   176926    1.85603
1487372298      805   177731    1.86447
1487372299      674   178405    1.87154
1487372300      545   179066    1.87848
1487372301      567   179752    1.88567
1487372302      803   180555    1.8941
1487372303      679   181234    1.90122
1487372304      617   181892    1.90812
1487372305      798   182690    1.91649
1487372306      657   183347    1.92339
1487372307      798   184145    1.93176
1487372308      534   184718    1.93777
1487372309      778   185496    1.94593
1487372310      740   186236    1.95369
1487372311      561   186858    1.96022
1487372312      616   187544    1.96741
1487372313      732   188276    1.97509
1487372314      710   188986    1.98254
1487372316      587   189684    1.98986
1487372317      713   190397    1.99734
1487372318      616   191013    2.00381
1487372319      784   191797    2.01203
1487372320      631   192510    2.01951
1487372321      801   193311    2.02791
1487372322      796   194107    2.03626
1487372323      593   194700    2.04248
1487372324      654   195354    2.04935
1487372325      789   196143    2.05762
1487372326      654   196941    2.06599
1487372327      788   197729    2.07426
1487372328      779   198508    2.08243
1487372329      654   199162    2.08929
1487372330      586   199767    2.09564
1487372331      774   200541    2.10376
1487372332      794   201335    2.11209
1487372333      481   201907    2.11809
1487372334      655   202593    2.12529
1487372335      712   203305    2.13275
1487372336      739   204044    2.14051
1487372337      615   204733    2.14773
1487372338      806   205539    2.15619
1487372339      648   206187    2.16299
1487372340      645   206832    2.16975
1487372342      630   207559    2.17738
1487372343      791   208350    2.18568
1487372344      792   209142    2.19399
1487372345      588   209730    2.20016
1487372346      649   210385    2.20703
1487372347      804   211189    2.21546
1487372348      797   211986    2.22382
1487372349      590   212576    2.23001
1487372350      791   213367    2.23831
1487372351      646   214130    2.24631
1487372352      667   214816    2.25351
1487372353      807   215623    2.26198
1487372354      654   216421    2.27035
1487372355      797   217218    2.27871
1487372356      789   218007    2.28698
1487372357      651   218658    2.29381
1487372358      581   219247    2.29999
1487372359      805   220052    2.30844
1487372360      796   220848    2.31679
1487372361      571   221419    2.32278
1487372362      649   222073    2.32964
1487372363      806   222879    2.33809
1487372364      783   223662    2.34631
1487372365      600   224262    2.3526
1487372366      794   225056    2.36093
1487372367      650   225818    2.36893
1487372368      658   226504    2.37612
1487372369      804   227308    2.38456
1487372370      798   228106    2.39293
1487372371      574   228680    2.39895
1487372372      794   229474    2.40728
1487372373      644   230118    2.41403
1487372374      783   230901    2.42225
1487372375      58   230959    2.42286
1487372376      797   231756    2.43122
1487372377      650   232540    2.43944
1487372378      795   233335    2.44778
1487372379      636   233971    2.45445
1487372380      795   234766    2.46279
1487372381      589   235366    2.46909
1487372382      803   236169    2.47751
1487372383      797   236966    2.48587
1487372384      535   237506    2.49154
1487372386      569   238192    2.49873
1487372387      781   238973    2.50693
1487372388      627   239600    2.5135
1487372389      552   240332    2.52118
1487372390      802   241134    2.5296
1487372391      637   241771    2.53628
1487372392      788   242559    2.54455
1487372393      592   243158    2.55083
1487372394      792   243950    2.55914
1487372395      792   244742    2.56745
1487372396      552   245298    2.57328
1487372397      613   245984    2.58047
1487372398      798   246782    2.58885
1487372399      792   247574    2.59715
1487372400      568   248142    2.60311
1487372401      788   248930    2.61138
1487372402      620   249550    2.61788
