1484830778      1425   1426    0.0108795
1484830779      1442   2868    0.0218811
1484830780      1418   4286    0.0326996
1484830781      1379   5665    0.0432205
1484830782      972   6761    0.0515823
1484830783      946   7707    0.0587997
1484830784      915   8906    0.0679474
1484830785      1160   10066    0.0767975
1484830786      670   10736    0.0819092
1484830787      1206   11942    0.0911102
1484830788      902   12844    0.0979919
1484830789      1199   14043    0.10714
1484830791      782   14951    0.114067
1484830792      975   15926    0.121506
1484830793      869   16795    0.128136
1484830794      1048   17843    0.136131
1484830795      798   18851    0.143822
1484830796      1195   20046    0.152939
1484830797      791   20996    0.160187
1484830798      967   22036    0.168121
1484830799      1203   23239    0.177299
1484830800      816   24181    0.184486
1484830801      1203   25384    0.193665
1484830802      809   26326    0.200851
1484830803      1011   27337    0.208565
1484830804      695   28081    0.214241
1484830805      1215   29296    0.223511
1484830807      907   30226    0.230606
1484830808      1203   31429    0.239784
1484830809      735   32164    0.245392
1484830810      955   33119    0.252678
1484830811      938   34126    0.260361
1484830812      1023   35149    0.268166
1484830813      874   36271    0.276726
1484830814      836   37311    0.28466
1484830815      1205   38516    0.293854
1484830816      796   39456    0.301025
1484830817      1206   40662    0.310226
1484830818      813   41601    0.31739
1484830820      786   42641    0.325325
1484830821      1211   43852    0.334564
1484830822      782   44786    0.34169
1484830823      1101   45887    0.35009
1484830824      905   46931    0.358055
1484830825      1025   47956    0.365875
1484830826      708   48686    0.371445
1484830827      1200   49886    0.3806
1484830828      821   50831    0.38781
1484830829      1211   52042    0.397049
1484830830      791   52976    0.404175
1484830831      976   53952    0.411621
1484830833      716   54731    0.417564
1484830834      1211   55942    0.426804
1484830835      808   56876    0.433929
1484830836      1205   58081    0.443123
1484830837      516   58631    0.447319
1484830838      1210   59841    0.456551
1484830839      808   60776    0.463684
1484830840      1168   61944    0.472595
1484830841      841   62921    0.480049
1484830842      997   63918    0.487656
1484830843      722   64676    0.493439
1484830844      1206   65882    0.50264
1484830845      815   66821    0.509804
1484830846      1206   68027    0.519005
1484830848      712   68966    0.526169
1484830849      937   70006    0.534103
1484830850      953   70959    0.541374
1484830851      876   72151    0.550468
1484830852      1208   73359    0.559685
1484830853      785   74296    0.566833
1484830854      884   75336    0.574768
1484830855      1209   76545    0.583992
1484830857      863   77481    0.591133
1484830858      1098   78579    0.59951
1484830859      827   79626    0.607498
1484830860      887   80666    0.615433
1484830861      1183   81849    0.624458
1484830862      832   82811    0.631798
1484830863      1206   84017    0.640999
1484830864      821   84956    0.648163
1484830865      1033   85989    0.656044
1484830866      897   86886    0.662888
1484830867      1203   88089    0.672066
1484830868      737   88856    0.677917
1484830869      1205   90061    0.687111
1484830870      738   90799    0.692741
1484830871      964   91763    0.700096
1484830872      929   92756    0.707672
1484830873      1207   93963    0.716881
1484830875      831   94901    0.724037
1484830876      948   95941    0.731972
1484830877      1215   97156    0.741241
1484830878      808   98086    0.748337
1484830879      1203   99289    0.757515
1484830880      813   100231    0.764702
1484830881      979   101210    0.772171
1484830882      727   101986    0.778091
1484830883      1208   103194    0.787308
1484830884      811   104131    0.794456
1484830885      1203   105334    0.803635
1484830886      816   106276    0.810822
1484830887      965   107316    0.818756
1484830888      952   108268    0.826019
1484830890      872   109461    0.835121
1484830891      1209   110670    0.844345
1484830892      810   111606    0.851486
1484830893      835   112646    0.859421
1484830894      1199   113845    0.868568
1484830895      787   114791    0.875786
1484830896      1202   115993    0.884956
1484830897      805   116936    0.892151
1484830899      845   117976    0.900085
1484830900      1206   119182    0.909286
1484830901      793   120121    0.916451
1484830902      1204   121325    0.925636
1484830903      815   122266    0.932816
1484830904      596   122862    0.937363
1484830905      984   124021    0.946205
1484830906      960   124981    0.953529
1484830907      991   126166    0.96257
1484830908      1012   127178    0.970291
1484830910      693   127921    0.97596
1484830911      1206   129127    0.985161
1484830912      791   130066    0.992325
1484830913      958   131024    0.999634
1484830914      869   132211    1.00869
1484830915      969   133251    1.01662
1484830916      1201   134452    1.02579
1484830917      825   135396    1.03299
1484830918      1207   136603    1.0422
1484830919      825   137541    1.04935
1484830921      883   138581    1.05729
1484830922      948   139529    1.06452
1484830923      1179   140708    1.07352
1484830924      682   141441    1.07911
1484830925      945   142386    1.08632
1484830926      1198   143584    1.09546
1484830927      933   144517    1.10258
1484830928      782   145341    1.10886
1484830929      1195   146536    1.11798
1484830930      847   147486    1.12523
1484830931      1064   148550    1.13335
1484830932      635   149241    1.13862
1484830933      1206   150447    1.14782
1484830934      729   151386    1.15498
1484830935      1202   152588    1.16415
1484830936      913   153531    1.17135
1484830938      802   154571    1.17928
1484830939      1209   155780    1.18851
1484830940      787   156716    1.19565
1484830941      1208   157924    1.20486
1484830942      833   158861    1.21201
1484830943      802   159901    1.21995
1484830944      1208   161109    1.22916
1484830945      789   162046    1.23631
1484830946      972   163018    1.24373
1484830948      990   164191    1.25268
1484830949      973   165164    1.2601
1484830950      733   165946    1.26607
1484830951      1211   167157    1.27531
1484830952      791   168091    1.28243
1484830953      1078   169169    1.29066
1484830954      801   170236    1.2988
1484830955      973   171276    1.30673
1484830956      1209   172485    1.31596
1484830957      904   173421    1.3231
1484830958      1201   174622    1.33226
1484830959      913   175566    1.33946
1484830960      965   176606    1.3474
1484830961      1198   177804    1.35654
1484830962      910   178751    1.36376
1484830963      1206   179957    1.37296
1484830964      867   180896    1.38013
1484830966      962   181936    1.38806
1484830967      1211   183147    1.3973
1484830968      913   184081    1.40443
1484830969      1212   185293    1.41367
1484830970      904   186226    1.42079
1484830971      966   187266    1.42873
1484830972      1205   188471    1.43792
1484830973      917   189411    1.44509
1484830974      1208   190619    1.45431
1484830975      909   191556    1.46146
1484830976      962   192596    1.46939
1484830977      1208   193804    1.47861
1484830978      912   194741    1.48576
1484830979      1204   195945    1.49494
1484830980      912   196886    1.50212
1484830981      964   197926    1.51006
1484830982      1205   199131    1.51925
1484830983      900   200071    1.52642
1484830984      1207   201278    1.53563
1484830985      905   202216    1.54279
1484830986      962   203256    1.55072
1484830987      1197   204453    1.55985
1484830988      909   205401    1.56709
1484830989      1201   206602    1.57625
1484830990      911   207546    1.58345
1484830991      969   208586    1.59138
1484830992      1125   209711    1.59997
1484830993      951   210731    1.60775
1484830994      1204   211935    1.61694
1484830995      903   212876    1.62411
1484830996      908   213916    1.63205
1484830997      1208   215124    1.64127
1484830999      906   216061    1.64841
1484831000      1207   217268    1.65762
1484831001      904   218206    1.66478
1484831002      965   219246    1.67271
1484831003      1197   220443    1.68185
1484831004      910   221391    1.68908
1484831005      1210   222601    1.69831
1484831006      905   223536    1.70544
1484831007      965   224576    1.71338
1484831008      1208   225784    1.7226
1484831009      910   226721    1.72974
1484831010      1208   227929    1.73896
1484831011      906   228866    1.74611
1484831012      965   229906    1.75404
1484831013      1208   231114    1.76326
1484831014      903   232051    1.77041
1484831015      1209   233260    1.77963
1484831016      913   234196    1.78677
1484831017      975   235236    1.79471
1484831018      1211   236447    1.80395
1484831019      908   237381    1.81107
1484831020      1205   238586    1.82027
1484831021      914   239526    1.82744
1484831022      969   240566    1.83537
1484831023      1205   241771    1.84457
1484831024      917   242711    1.85174
1484831025      1211   243922    1.86098
1484831026      719   244856    1.8681
1484831028      969   245896    1.87604
1484831029      1207   247103    1.88525
1484831030      793   248041    1.8924
1484831031      1213   249254    1.90166
1484831032      776   250186    1.90877
1484831033      835   251226    1.9167
1484831034      1203   252429    1.92588
1484831035      938   253367    1.93304
1484831036      769   254136    1.9389
1484831037      1168   255304    1.94781
1484831038      681   255985    1.95301
1484831039      1205   257190    1.9622
1484831040      748   257986    1.96828
1484831041      1206   259192    1.97748
1484831042      805   260131    1.98464
1484831043      961   261092    1.99197
1484831044      914   262006    1.99895
1484831045      1213   263219    2.0082
1484831047      731   264031    2.0144
1484831048      1203   265234    2.02357
1484831049      805   266176    2.03076
1484831050      996   267172    2.03836
1484831051      868   268040    2.04498
1484831052      933   268973    2.0521
1484831053      864   270076    2.06052
1484831054      1213   271289    2.06977
1484831055      703   271992    2.07513
1484831056      1200   273192    2.08429
1484831057      736   273976    2.09027
1484831058      1208   275184    2.09949
1484831059      799   276121    2.10664
1484831060      827   277161    2.11457
1484831061      1142   278303    2.12328
1484831063      762   279306    2.13094
1484831064      1217   280523    2.14022
1484831065      799   281451    2.1473
1484831066      883   282491    2.15524
1484831067      1207   283698    2.16444
1484831068      807   284636    2.1716
1484831069      1209   285845    2.18082
1484831070      808   286781    2.18797
1484831071      965   287746    2.19533
1484831072      851   288597    2.20182
1484831073      945   289542    2.20903
1484831075      971   290681    2.21772
1484831076      1212   291893    2.22697
1484831077      786   292826    2.23409
1484831078      900   293866    2.24202
1484831079      1211   295077    2.25126
1484831080      799   296011    2.25838
1484831081      971   296982    2.26579
1484831082      903   298156    2.27475
1484831083      794   298950    2.28081
1484831084      926   299911    2.28814
1484831085      1017   300928    2.2959
1484831087      973   302056    2.3045
1484831088      1200   303256    2.31366
1484831089      751   304007    2.31939
1484831090      975   304982    2.32683
1484831091      902   305956    2.33426
1484831092      1031   306987    2.34212
1484831093      850   308101    2.35062
1484831094      975   309141    2.35856
1484831095      1107   310248    2.367
1484831096      902   311286    2.37492
1484831097      971   312257    2.38233
1484831099      867   313431    2.39129
1484831100      960   314471    2.39922
1484831101      1206   315677    2.40842
1484831102      807   316616    2.41559
1484831103      1215   317831    2.42486
1484831104      797   318761    2.43195
1484831105      970   319801    2.43989
1484831106      1210   321011    2.44912
1484831107      816   321946    2.45625
1484831108      1005   322951    2.46392
1484831110      875   324091    2.47262
1484831111      847   325131    2.48055
1484831112      1203   326334    2.48973
1484831113      786   327276    2.49692
1484831114      1199   328475    2.50607
1484831115      919   329421    2.51328
1484831116      1030   330451    2.52114
1484831117      716   331176    2.52667
1484831118      1211   332387    2.53591
1484831119      817   333321    2.54304
1484831120      1145   334466    2.55177
1484831121      993   335459    2.55935
1484831122      707   336166    2.56474
1484831123      829   337221    2.57279
1484831124      1207   338428    2.582
1484831125      919   339366    2.58916
1484831126      1209   340575    2.59838
1484831127      735   341310    2.60399
1484831128      998   342308    2.6116
1484831129      487   342795    2.61532
1484831130      973   343768    2.62274
1484831132      753   344696    2.62982
1484831133      1211   345907    2.63906
1484831134      712   346619    2.64449
1484831135      1212   347831    2.65374
1484831136      702   348596    2.65958
1484831137      1206   349802    2.66878
1484831138      807   350741    2.67594
1484831139      878   351781    2.68388
1484831140      952   352733    2.69114
1484831141      988   353926    2.70024
1484831142      1031   354957    2.70811
1484831144      872   356071    2.71661
1484831145      963   357111    2.72454
1484831146      1202   358313    2.73371
1484831147      787   359256    2.74091
1484831148      1208   360464    2.75012
1484831149      818   361401    2.75727
1484831150      836   362441    2.76521
1484831151      1200   363641    2.77436
1484831152      787   364586    2.78157
1484831153      1134   365720    2.79022
1484831155      870   366731    2.79794
1484831156      1023   367754    2.80574
1484831157      916   368670    2.81273
1484831158      994   369664    2.82031
1484831159      791   370631    2.82769
1484831160      1177   371808    2.83667
1484831161      952   372760    2.84393
1484831162      928   373688    2.85101
1484831163      899   374587    2.85787
1484831164      1012   375599    2.86559
1484831165      951   376676    2.87381
1484831166      961   377637    2.88114
1484831167      928   378565    2.88822
1484831168      1144   379709    2.89695
1484831169      782   380576    2.90356
1484831170      1200   381776    2.91272
1484831171      811   382721    2.91993
1484831172      1004   383725    2.92759
1484831173      711   384476    2.93332
1484831174      1188   385664    2.94238
1484831175      878   386621    2.94968
1484831176      1091   387712    2.95801
1484831178      839   388766    2.96605
1484831179      873   389806    2.97398
1484831180      1185   390991    2.98302
1484831181      822   391951    2.99035
1484831182      1203   393154    2.99953
1484831183      814   394096    3.00671
1484831184      963   395059    3.01406
1484831185      899   395958    3.02092
1484831186      1124   397082    3.0295
1484831187      836   397996    3.03647
1484831188      1017   399013    3.04423
1484831189      737   399751    3.04986
1484831190      1211   400962    3.0591
1484831191      810   401896    3.06622
1484831192      1205   403101    3.07542
1484831194      820   404041    3.08259
1484831195      960   405081    3.09052
1484831196      1202   406283    3.09969
1484831197      836   407226    3.10689
1484831198      1193   408419    3.11599
1484831199      838   409371    3.12325
1484831200      888   410411    3.13119
1484831201      983   411394    3.13869
1484831202      861   412556    3.14755
1484831203      1200   413756    3.15671
1484831204      908   414701    3.16392
1484831206      722   415741    3.17185
1484831207      1214   416955    3.18111
1484831208      831   417886    3.18822
1484831209      1058   418944    3.19629
1484831210      887   420031    3.20458
1484831211      826   421071    3.21252
1484831212      1203   422274    3.22169
1484831214      788   423216    3.22888
1484831215      1198   424414    3.23802
1484831216      856   425361    3.24525
1484831217      939   426401    3.25318
1484831218      973   427374    3.2606
1484831219      842   428546    3.26955
1484831220      1190   429736    3.27863
1484831221      935   430671    3.28576
1484831222      690   431406    3.29137
1484831224      877   432446    3.2993
1484831225      1200   433646    3.30846
1484831226      815   434591    3.31567
1484831227      954   435545    3.32294
1484831228      895   436736    3.33203
1484831229      869   437605    3.33866
1484831230      779   438491    3.34542
1484831231      1201   439692    3.35458
1484831232      838   440636    3.36179
1484831233      1059   441695    3.36987
1484831234      892   442587    3.37667
1484831235      1192   443779    3.38577
1484831236      762   444541    3.39158
1484831237      1201   445742    3.40074
1484831238      835   446681    3.40791
1484831240      881   447721    3.41584
1484831241      965   448686    3.4232
1484831242      867   449866    3.43221
1484831243      1204   451070    3.44139
1484831244      906   452011    3.44857
1484831245      969   453051    3.4565
1484831246      1209   454260    3.46573
1484831247      907   455196    3.47287
1484831248      1205   456401    3.48206
1484831249      896   457341    3.48923
1484831250      971   458381    3.49717
1484831251      1207   459588    3.50638
1484831252      498   460086    3.51018
1484831253      966   461241    3.51899
1484831254      1209   462450    3.52821
1484831255      905   463386    3.53535
1484831256      970   464426    3.54329
1484831257      1209   465635    3.55251
1484831259      913   466571    3.55965
1484831260      1198   467769    3.56879
1484831261      911   468716    3.57602
1484831262      967   469756    3.58395
1484831263      1212   470968    3.5932
1484831264      905   471901    3.60032
1484831265      1157   473058    3.60915
1484831266      901   474046    3.61668
1484831267      966   475086    3.62462
1484831268      1204   476290    3.6338
1484831269      909   477231    3.64098
1484831270      1204   478435    3.65017
1484831271      911   479376    3.65735
1484831272      969   480416    3.66528
1484831273      1188   481604    3.67435
1484831274      917   482561    3.68165
1484831275      1203   483764    3.69083
1484831276      912   484706    3.69801
1484831277      967   485746    3.70595
1484831278      1171   486917    3.71488
1484831279      916   487891    3.72231
1484831280      1206   489097    3.73151
1484831281      909   490036    3.73868
1484831282      965   491076    3.74661
1484831283      1196   492272    3.75574
1484831284      915   493221    3.76298
1484831285      1219   494441    3.77229
1484831286      879   495366    3.77934
1484831287      965   496406    3.78728
1484831288      1154   497560    3.79608
1484831290      930   498551    3.80364
1484831291      1161   499712    3.8125
