1483678152      1420   1420    0.00270844
1483678153      1499   2920    0.00556946
1483678154      1499   4420    0.00843048
1483678155      1500   5921    0.0112934
1483678156      1499   7420    0.0141525
1483678157      1499   8920    0.0170135
1483678158      1499   10420    0.0198746
1483678159      1499   11920    0.0227356
1483678160      1500   13421    0.0255985
1483678161      1070   14653    0.0279484
1483678162      1267   15920    0.030365
1483678163      1282   17202    0.0328102
1483678164      1180   18382    0.0350609
1483678165      1343   19725    0.0376225
1483678166      1191   20916    0.0398941
1483678167      1207   22123    0.0421963
1483678168      1052   23229    0.0443058
1483678169      1344   24573    0.0468693
1483678170      1328   25901    0.0494022
1483678171      1102   27161    0.0518055
1483678172      1357   28518    0.0543938
1483678173      1355   29873    0.0569782
1483678174      1349   31222    0.0595512
1483678175      1215   32521    0.0620289
1483678176      1308   33829    0.0645237
1483678177      1347   35176    0.0670929
1483678178      1353   36529    0.0696735
1483678179      1346   37875    0.0722408
1483678180      1200   39075    0.0745296
1483678181      1353   40428    0.0771103
1483678182      1207   41635    0.0794125
1483678183      1207   42885    0.0817966
1483678184      1359   44244    0.0843887
1483678185      1345   45589    0.0869541
1483678186      499   46101    0.0879307
1483678187      1357   47458    0.090519
1483678188      1356   48814    0.0931053
1483678189      1348   50162    0.0956764
1483678190      1196   51461    0.0981541
1483678191      1360   52821    0.100748
1483678192      1345   54166    0.103313
1483678193      1202   55368    0.105606
1483678194      1199   56567    0.107893
1483678195      1343   57910    0.110455
1483678196      1345   59255    0.11302
1483678197      1353   60608    0.115601
1483678198      1197   61825    0.117922
1483678199      1352   63177    0.120501
1483678200      1350   64527    0.123075
1483678201      1356   65883    0.125662
1483678202      1213   67185    0.128145
1483678203      1210   68395    0.130453
1483678204      1344   69739    0.133017
1483678205      1347   71086    0.135586
1483678206      1200   72286    0.137875
1483678207      1352   73638    0.140453
1483678208      1354   74992    0.143036
1483678209      1346   76338    0.145603
1483678210      1204   77549    0.147913
1483678211      1351   78900    0.15049
1483678212      1353   80253    0.15307
1483678214      1099   81481    0.155413
1483678215      1357   82838    0.158001
1483678216      1355   84193    0.160585
1483678217      1343   85536    0.163147
1483678218      1296   86832    0.165619
1483678219      1202   88034    0.167912
1483678220      1353   89387    0.170492
1483678221      1353   90740    0.173073
1483678222      1354   92094    0.175655
1483678223      1194   93288    0.177933
1483678224      1282   94570    0.180378
1483678225      1080   95650    0.182438
1483678226      1180   96830    0.184689
1483678227      1185   98015    0.186949
1483678228      1297   99312    0.189423
1483678229      1208   100520    0.191727
1483678230      1345   101865    0.194292
1483678231      1355   103220    0.196877
1483678232      1344   104564    0.19944
1483678233      1205   105781    0.201761
1483678234      1353   107134    0.204342
1483678235      1336   108470    0.20689
1483678236      1075   109545    0.208941
1483678237      1204   110785    0.211306
1483678238      1361   112146    0.213902
1483678239      1348   113494    0.216473
1483678240      1339   114833    0.219027
1483678241      1189   116145    0.221529
1483678242      1359   117504    0.224121
1483678243      1314   118818    0.226627
1483678244      1348   120166    0.229198
1483678245      1208   121505    0.231752
1483678246      1214   122719    0.234068
1483678247      1346   124065    0.236635
1483678248      1335   125400    0.239182
1483678249      1180   126580    0.241432
1483678250      1354   127934    0.244015
1483678251      1320   129254    0.246532
1483678252      1347   130601    0.249102
1483678253      1197   131869    0.25152
1483678254      1325   133194    0.254047
1483678255      1354   134548    0.25663
1483678256      1100   135801    0.25902
1483678257      1360   137161    0.261614
1483678258      1344   138505    0.264177
1483678259      1352   139857    0.266756
1483678260      1204   141161    0.269243
1483678261      1348   142509    0.271814
1483678262      1343   143852    0.274376
1483678263      1327   145179    0.276907
1483678264      1202   146521    0.279467
1483678265      1354   147875    0.282049
1483678266      1340   149215    0.284605
1483678267      1208   150423    0.286909
1483678268      1179   151602    0.289158
1483678269      1323   152925    0.291681
1483678270      1344   154269    0.294245
1483678271      1317   155586    0.296757
1483678272      1199   156885    0.299234
1483678273      1347   158232    0.301804
1483678274      1336   159568    0.304352
1483678275      1344   160912    0.306915
1483678276      1330   162242    0.309452
1483678277      1048   163290    0.311451
1483678278      1353   164643    0.314032
1483678279      1326   165969    0.316561
1483678280      1053   167249    0.319002
1483678281      1193   168442    0.321278
1483678282      1200   169642    0.323566
1483678283      1170   170812    0.325798
1483678284      1307   172119    0.328291
1483678285      1170   173289    0.330523
1483678286      1187   174476    0.332787
1483678287      1346   175822    0.335354
1483678288      1048   176870    0.337353
1483678289      1353   178223    0.339933
1483678290      1339   179562    0.342487
1483678292      1195   180829    0.344904
1483678293      1324   182153    0.347429
1483678294      1350   183503    0.350004
1483678295      1320   184823    0.352522
1483678296      1353   186176    0.355103
1483678297      1192   187368    0.357376
1483678298      1355   188723    0.359961
1483678299      1353   190076    0.362541
1483678300      1056   191132    0.364555
1483678301      1206   192338    0.366856
1483678302      1325   193663    0.369383
1483678303      1355   195018    0.371967
1483678304      1321   196339    0.374487
1483678305      1213   197625    0.37694
1483678306      1330   198955    0.379477
1483678307      1353   200308    0.382057
1483678308      1354   201662    0.38464
1483678309      1319   202981    0.387156
1483678310      1028   204009    0.389116
1483678311      1343   205352    0.391678
1483678312      1330   206682    0.394215
1483678313      1197   207989    0.396708
1483678314      1349   209338    0.399281
1483678315      1318   210656    0.401794
1483678316      1349   212005    0.404367
1483678317      1208   213349    0.406931
1483678318      1359   214708    0.409523
1483678319      1320   216028    0.412041
1483678320      1027   217281    0.414431
1483678321      1354   218635    0.417013
1483678322      1342   219977    0.419573
1483678323      1356   221333    0.422159
1483678324      1211   222641    0.424654
1483678325      1364   224005    0.427256
1483678326      1325   225330    0.429783
1483678327      1352   226682    0.432362
1483678328      1208   228001    0.434877
1483678329      1337   229338    0.437428
1483678330      1354   230692    0.44001
1483678331      991   231683    0.4419
1483678332      1218   233005    0.444422
1483678333      1356   234361    0.447008
1483678334      1354   235715    0.449591
1483678335      1328   237043    0.452124
1483678336      1095   238365    0.454645
1483678337      1196   239561    0.456926
1483678338      1142   240703    0.459105
1483678339      1169   241872    0.461334
1483678340      1182   243054    0.463589
1483678341      1306   244360    0.46608
1483678343      1024   245513    0.468279
1483678344      1359   246872    0.470871
1483678345      1177   248049    0.473116
1483678346      1342   249391    0.475676
1483678347      1354   250745    0.478258
1483678348      1193   251945    0.480547
1483678349      1349   253294    0.48312
1483678350      1342   254636    0.48568
1483678351      1328   255964    0.488213
1483678352      1199   257305    0.49077
1483678353      1211   258516    0.49308
1483678354      1347   259863    0.495649
1483678355      1353   261216    0.49823
1483678356      1179   262395    0.500479
1483678357      1349   263744    0.503052
1483678358      1338   265082    0.505604
1483678359      1356   266438    0.50819
1483678360      1189   267669    0.510538
1483678361      1309   268978    0.513035
1483678362      1323   270301    0.515558
1483678363      997   271601    0.518038
1483678364      1358   272959    0.520628
1483678365      1356   274315    0.523214
1483678366      1326   275641    0.525743
1483678367      1210   276961    0.528261
1483678368      1356   278317    0.530848
1483678369      1357   279674    0.533436
1483678370      1331   281005    0.535975
1483678371      1213   282321    0.538485
1483678372      1361   283682    0.54108
1483678373      1345   285027    0.543646
1483678374      1206   286233    0.545946
1483678375      1199   287432    0.548233
1483678376      1355   288787    0.550817
1483678377      1346   290133    0.553385
1483678378      1350   291483    0.55596
1483678379      670   292153    0.557238
1483678380      1354   293507    0.55982
1483678381      1213   294829    0.562342
1483678382      1352   296181    0.56492
1483678383      1355   297536    0.567505
1483678384      1094   298761    0.569841
1483678385      1355   300116    0.572426
1483678386      1323   301439    0.574949
1483678387      1347   302786    0.577518
1483678389      1225   304121    0.580065
1483678390      1356   305477    0.582651
1483678391      1354   306831    0.585234
1483678392      1345   308176    0.587799
1483678393      1220   309481    0.590288
1483678394      1349   310830    0.592861
1483678395      1351   312181    0.595438
1483678396      1195   313376    0.597717
1483678397      1135   314511    0.599882
1483678398      1350   315861    0.602457
1483678399      1356   317217    0.605043
1483678400      1347   318564    0.607613
1483678401      1211   319845    0.610056
1483678402      1360   321205    0.61265
1483678403      1347   322552    0.615219
1483678404      1343   323895    0.617781
1483678405      1222   325205    0.620279
1483678406      1214   326419    0.622595
1483678407      1224   327643    0.624929
1483678408      1310   328953    0.627428
1483678409      1208   330209    0.629824
1483678410      1358   331567    0.632414
1483678411      1343   332910    0.634975
1483678412      1347   334257    0.637545
1483678413      1216   335569    0.640047
1483678414      1360   336929    0.642641
1483678415      1349   338278    0.645214
1483678416      1093   339501    0.647547
1483678417      1359   340860    0.650139
1483678418      1342   342202    0.652699
1483678419      1356   343558    0.655285
1483678420      1210   344861    0.65777
1483678421      1364   346225    0.660372
1483678422      1350   347575    0.662947
1483678423      1355   348930    0.665531
1483678424      1213   350221    0.667994
1483678425      1344   351565    0.670557
1483678426      1346   352911    0.673124
1483678427      1209   354120    0.67543
1483678428      1201   355321    0.677721
1483678429      1342   356663    0.680281
1483678430      1352   358015    0.682859
1483678431      1354   359369    0.685442
1483678432      1197   360585    0.687761
1483678433      1359   361944    0.690353
1483678434      1341   363285    0.692911
1483678435      1351   364636    0.695488
1483678436      1216   365945    0.697985
1483678437      1212   367157    0.700296
1483678438      1350   368507    0.702871
1483678439      1352   369859    0.70545
1483678440      1197   371056    0.707733
1483678441      1356   372412    0.71032
1483678442      1348   373760    0.712891
1483678443      1353   375113    0.715471
1483678444      1191   376309    0.717752
1483678445      1357   377666    0.720341
1483678446      1356   379022    0.722927
1483678447      1094   380241    0.725252
1483678448      1352   381593    0.727831
1483678449      1352   382945    0.73041
1483678450      1357   384302    0.732998
1483678451      1212   385601    0.735476
1483678452      1351   386952    0.738052
1483678453      1352   388304    0.740631
1483678454      1356   389660    0.743217
1483678455      1215   390961    0.745699
1483678456      1353   392314    0.74828
1483678457      1204   393518    0.750576
1483678458      1086   394604    0.752647
1483678459      1348   395952    0.755219
1483678461      962   397037    0.757288
1483678462      1188   398225    0.759554
1483678463      1189   399414    0.761822
1483678464      1209   400623    0.764128
1483678465      1346   401969    0.766695
1483678466      1352   403321    0.769274
1483678467      1199   404541    0.771601
1483678468      1354   405895    0.774183
1483678469      1352   407247    0.776762
1483678470      1206   408453    0.779062
1483678471      1202   409655    0.781355
1483678472      1354   411009    0.783937
1483678473      1327   412336    0.786469
1483678474      1350   413686    0.789043
1483678475      1200   414905    0.791368
1483678476      1359   416264    0.793961
1483678477      1355   417619    0.796545
1483678478      1350   418969    0.79912
1483678479      1217   420265    0.801592
1483678480      1214   421479    0.803907
1483678481      1084   422563    0.805975
1483678482      1351   423914    0.808552
1483678483      1348   425262    0.811123
1483678484      1204   426466    0.813419
1483678485      1353   427819    0.816
1483678486      1340   429159    0.818556
1483678487      1352   430511    0.821135
1483678488      1204   431715    0.823431
1483678489      1352   433067    0.82601
1483678490      1356   434423    0.828596
1483678491      1207   435630    0.830898
1483678492      1201   436831    0.833189
1483678493      1353   438184    0.83577
1483678494      1355   439539    0.838354
1483678495      1323   440862    0.840878
1483678496      1193   442065    0.843172
1483678497      1350   443415    0.845747
1483678498      1335   444750    0.848293
1483678499      1347   446097    0.850863
1483678500      1199   447425    0.853395
1483678501      1212   448637    0.855707
1483678502      1346   449983    0.858274
1483678503      1334   451317    0.860819
1483678504      1180   452497    0.86307
1483678505      1350   453847    0.865644
1483678506      1338   455185    0.868196
1483678507      1344   456529    0.87076
1483678508      1198   457789    0.873163
1483678509      1331   459120    0.875702
1483678510      1352   460472    0.878281
1483678511      1097   461721    0.880663
1483678512      1341   463062    0.883221
1483678513      1356   464418    0.885807
1483678514      1328   465746    0.88834
1483678515      1215   467081    0.890886
1483678516      1350   468431    0.893461
1483678517      1335   469766    0.896008
1483678518      1343   471109    0.898569
1483678519      1325   472434    0.901096
1483678520      1171   473605    0.90333
1483678521      1350   474955    0.905905
1483678522      1099   476054    0.908001
1483678523      1356   477410    0.910587
1483678524      950   478517    0.912699
1483678525      1194   479711    0.914976
1483678526      1310   481021    0.917475
1483678527      1213   482234    0.919788
1483678528      1328   483562    0.922321
1483678529      1352   484914    0.9249
1483678530      1192   486106    0.927174
1483678531      1340   487446    0.929729
1483678532      1357   488803    0.932318
1483678533      998   489801    0.934221
1483678534      1198   491025    0.936556
1483678535      1353   492378    0.939137
1483678536      1349   493727    0.94171
1483678537      1343   495070    0.944271
1483678538      1211   496385    0.946779
1483678539      1354   497739    0.949362
1483678540      1337   499076    0.951912
