1499680161      384   384    0.0113525
1499680162      367   751    0.0222025
1499680163      380   1131    0.0334368
1499680165      300   1665    0.0492239
1499680166      296   2117    0.0625868
1499680168      262   2425    0.0716925
1499680169      302   2877    0.0850554
1499680171      299   3329    0.0984182
1499680172      267   3637    0.107524
1499680173      300   4089    0.120887
1499680175      298   4541    0.13425
1499680176      266   4849    0.143355
1499680177      303   5301    0.156718
1499680179      301   5753    0.170081
1499680180      267   6061    0.179187
1499680182      301   6513    0.19255
1499680183      300   6965    0.205913
1499680184      267   7273    0.215018
1499680186      301   7725    0.228381
1499680187      301   8177    0.241744
1499680188      265   8485    0.25085
1499680190      298   8937    0.264213
1499680191      300   9389    0.277575
1499680193      263   9697    0.286681
1499680194      261   10149    0.300044
1499680196      269   10601    0.313407
1499680197      265   10909    0.322513
1499680199      302   11361    0.335876
1499680200      301   11813    0.349238
1499680201      267   12121    0.358344
1499680203      302   12573    0.371707
1499680204      299   13025    0.38507
1499680206      265   13333    0.394176
1499680207      300   13785    0.407538
1499680209      293   14237    0.420901
1499680210      260   14545    0.430007
1499680211      299   14997    0.44337
1499680213      301   15449    0.456733
1499680214      267   15757    0.465838
1499680215      298   16209    0.479201
1499680217      302   16661    0.492564
1499680218      262   16969    0.50167
1499680220      295   17421    0.515033
1499680221      300   17873    0.528396
1499680222      267   18181    0.537501
1499680224      288   18633    0.550864
1499680225      301   19085    0.564227
1499680227      259   19393    0.573333
1499680228      296   19845    0.586696
