1487875380      998   998    0.0104694
1487875381      1000   1998    0.0209599
1487875382      1000   2998    0.0314503
1487875383      969   3967    0.0416155
1487875384      765   4732    0.0496407
1487875385      645   5510    0.0578022
1487875386      803   6313    0.066226
1487875387      783   7096    0.07444
1487875388      584   7680    0.0805664
1487875389      654   8344    0.087532
1487875390      795   9139    0.0958719
1487875391      792   9931    0.10418
1487875392      546   10484    0.109982
1487875393      799   11283    0.118363
1487875394      658   11941    0.125266
1487875395      797   12738    0.133627
1487875396      588   13326    0.139795
1487875397      790   14116    0.148083
1487875398      797   14913    0.156444
1487875399      586   15499    0.162591
1487875400      650   16152    0.169441
1487875401      800   16952    0.177834
1487875402      789   17741    0.18611
1487875403      570   18311    0.19209
1487875404      790   19101    0.200377
1487875405      649   19750    0.207186
1487875406      790   20540    0.215473
1487875407      583   21126    0.221621
1487875408      792   21918    0.229929
1487875409      795   22713    0.238269
1487875410      582   23295    0.244374
1487875411      650   23960    0.25135
1487875412      803   24763    0.259774
1487875413      795   25558    0.268114
1487875414      600   26158    0.274408
1487875415      405   26635    0.279412
1487875417      652   27329    0.286693
1487875418      803   28132    0.295116
1487875419      796   28928    0.303467
1487875420      589   29517    0.309646
1487875421      801   30318    0.318048
1487875422      644   31074    0.325979
1487875423      665   31768    0.33326
1487875424      802   32570    0.341673
1487875425      662   33373    0.350097
1487875426      809   34182    0.358583
1487875427      665   34978    0.366934
1487875428      668   35672    0.374214
1487875429      804   36476    0.382648
1487875430      791   37267    0.390946
1487875431      604   37871    0.397283
1487875432      797   38668    0.405643
1487875433      653   39321    0.412494
1487875434      665   40111    0.420781
1487875435      801   40912    0.429184
1487875436      789   41701    0.437461
1487875437      595   42296    0.443703
1487875438      658   42954    0.450605
1487875439      794   43748    0.458935
1487875440      799   44547    0.467317
1487875441      602   45149    0.473632
1487875442      701   45850    0.480986
1487875443      804   46654    0.48942
1487875444      582   47236    0.495525
1487875446      459   47919    0.50269
1487875447      370   48454    0.508303
1487875448      741   49195    0.516076
1487875449      629   49824    0.522675
1487875450      705   50529    0.53007
1487875451      593   51122    0.536291
1487875452      625   51747    0.542848
1487875454      515   52358    0.549257
1487875455      744   53102    0.557062
1487875456      793   53895    0.565381
1487875457      585   54498    0.571707
1487875458      667   55192    0.578987
1487875459      789   55981    0.587264
1487875460      794   56775    0.595593
1487875461      569   57344    0.601562
1487875462      741   58085    0.609336
1487875463      624   58709    0.615882
1487875464      751   59460    0.62376
1487875465      674   60134    0.630831
1487875466      585   60719    0.636968
1487875467      722   61441    0.644542
1487875468      693   62134    0.651812
1487875469      554   62688    0.657623
1487875470      751   63439    0.665502
1487875471      596   64070    0.672121
1487875472      798   64868    0.680492
1487875473      794   65662    0.688822
1487875474      577   66239    0.694875
1487875475      652   66904    0.701851
1487875476      800   67704    0.710243
1487875477      794   68498    0.718573
1487875478      520   69044    0.7243
1487875479      696   69740    0.731602
1487875480      637   70377    0.738284
1487875481      740   71117    0.746047
1487875482      752   71869    0.753936
1487875483      8   71878    0.75403
1487875484      775   72653    0.76216
1487875485      793   73446    0.770479
1487875486      498   74018    0.77648
1487875487      598   74616    0.782753
1487875488      515   75247    0.789372
1487875489      800   76047    0.797765
1487875490      716   76763    0.805276
1487875491      559   77387    0.811822
1487875492      685   78072    0.819008
1487875494      462   78616    0.824715
1487875495      760   79376    0.832687
1487875496      796   80172    0.841038
1487875497      493   80756    0.847164
1487875498      803   81559    0.855588
1487875499      651   82210    0.862417
1487875500      794   83004    0.870747
1487875501      605   83609    0.877093
1487875502      804   84413    0.885528
1487875503      654   85195    0.893731
1487875504      666   85889    0.901011
1487875505      814   86703    0.909551
1487875506      664   87494    0.917849
1487875507      806   88300    0.926304
1487875508      797   89097    0.934665
1487875509      586   89683    0.940812
1487875510      655   90338    0.947683
1487875511      803   91141    0.956107
1487875512      662   91933    0.964416
1487875513      801   92734    0.972818
1487875514      793   93527    0.981137
1487875515      659   94186    0.98805
1487875516      579   94767    0.994145
1487875517      802   95569    1.00256
1487875518      795   96364    1.0109
1487875519      592   96956    1.01711
1487875520      655   97611    1.02398
1487875521      797   98408    1.03234
1487875522      791   99199    1.04064
1487875523      587   99786    1.0468
1487875524      791   100577    1.05509
1487875526      645   101346    1.06316
1487875527      662   102040    1.07044
1487875528      805   102845    1.07889
1487875529      791   103636    1.08718
1487875530      580   104216    1.09327
1487875531      789   105005    1.10155
1487875532      651   105656    1.10838
1487875533      782   106438    1.11658
1487875534      585   107023    1.12272
1487875535      794   107817    1.13105
1487875536      794   108611    1.13937
1487875537      576   109187    1.14542
1487875538      647   109848    1.15235
1487875539      797   110645    1.16071
1487875540      790   111435    1.169
1487875541      486   111988    1.1748
1487875542      794   112782    1.18313
1487875543      647   113429    1.18992
1487875544      779   114208    1.19809
1487875545      488   114822    1.20453
1487875546      798   115620    1.2129
1487875547      796   116416    1.22125
1487875548      585   117001    1.22739
1487875549      651   117656    1.23426
1487875550      802   118458    1.24267
1487875551      791   119249    1.25097
1487875552      559   119808    1.25684
1487875553      712   120520    1.26431
1487875554      658   121178    1.27121
1487875555      790   121968    1.2795
1487875556      607   122630    1.28644
1487875557      804   123434    1.29487
1487875558      722   124156    1.30245
1487875559      596   124770    1.30889
1487875560      670   125464    1.31617
1487875561      798   126262    1.32454
1487875562      794   127056    1.33287
1487875563      568   127624    1.33883
1487875564      791   128415    1.34713
1487875565      654   129069    1.35399
1487875566      796   129865    1.36234
1487875567      573   130438    1.36835
1487875568      806   131244    1.3768
1487875569      700   131944    1.38415
1487875570      585   132578    1.3908
1487875571      651   133272    1.39808
1487875572      793   134065    1.4064
1487875573      783   134848    1.41461
1487875574      504   135412    1.42053
1487875576      447   135947    1.42614
1487875577      636   136583    1.43281
1487875578      493   137176    1.43903
1487875579      784   137960    1.44726
1487875580      662   138622    1.4542
1487875581      602   139316    1.46148
1487875582      786   140102    1.46973
1487875583      624   140726    1.47627
1487875584      637   141363    1.48296
1487875585      644   142150    1.49121
1487875586      800   142950    1.49961
1487875587      789   143739    1.50788
1487875588      593   144332    1.5141
1487875589      642   144984    1.52094
1487875590      803   145787    1.52937
1487875591      784   146571    1.53759
1487875592      587   147158    1.54375
1487875593      780   147938    1.55193
1487875594      651   148589    1.55876
1487875595      796   149385    1.56711
1487875596      583   149968    1.57323
1487875597      799   150767    1.58161
1487875598      792   151559    1.58992
1487875599      589   152148    1.5961
1487875600      645   152793    1.60286
1487875601      790   153583    1.61115
1487875602      796   154379    1.6195
1487875603      576   154955    1.62554
1487875604      800   155755    1.63393
1487875605      666   156421    1.64092
1487875606      798   157219    1.64929
1487875607      603   157822    1.65562
1487875608      801   158623    1.66402
1487875609      644   159371    1.67187
1487875610      676   160065    1.67915
1487875611      809   160874    1.68764
1487875613      667   161670    1.69599
1487875614      812   162482    1.7045
1487875615      654   163275    1.71282
1487875616      666   163941    1.71981
1487875617      493   164504    1.72572
1487875618      747   165251    1.73355
1487875619      805   166056    1.742
1487875620      527   166644    1.74817
1487875621      814   167458    1.7567
1487875622      377   167873    1.76106
1487875623      816   168689    1.76962
1487875624      766   169455    1.77765
1487875625      554   170013    1.78351
1487875626      651   170664    1.79034
1487875627      803   171467    1.79876
1487875628      656   172123    1.80564
1487875629      647   172847    1.81324
1487875630      799   173646    1.82162
1487875631      805   174451    1.83006
1487875632      592   175043    1.83627
1487875633      661   175704    1.84321
1487875634      800   176504    1.8516
1487875635      763   177267    1.8596
1487875636      542   177821    1.86542
1487875637      805   178626    1.87386
1487875638      787   179413    1.88212
1487875639      659   180072    1.88903
1487875640      604   180676    1.89537
1487875641      797   181473    1.90373
1487875643      651   182260    1.91198
1487875644      422   182795    1.9176
1487875645      638   183489    1.92488
1487875646      773   184262    1.93299
1487875647      791   185053    1.94128
1487875648      525   185629    1.94733
1487875649      718   186347    1.95486
1487875650      759   187106    1.96282
1487875651      576   187682    1.96886
1487875652      757   188439    1.9768
1487875653      561   189000    1.98269
1487875654      800   189800    1.99108
1487875655      777   190577    1.99923
1487875656      590   191167    2.00542
1487875657      652   191832    2.0124
1487875658      806   192638    2.02085
1487875659      791   193429    2.02915
1487875660      577   194006    2.0352
1487875661      792   194798    2.04351
1487875662      645   195443    2.05028
1487875663      739   196182    2.05803
1487875664      577   196806    2.06458
1487875665      709   197515    2.07201
1487875666      792   198307    2.08032
1487875667      558   198946    2.08703
1487875668      632   199640    2.09431
1487875669      707   200347    2.10172
1487875670      704   201051    2.10911
1487875672      602   201780    2.11676
1487875673      802   202582    2.12517
1487875674      648   203230    2.13197
1487875675      264   203544    2.13526
1487875676      802   204346    2.14367
1487875677      794   205140    2.152
1487875678      592   205732    2.15821
1487875679      784   206516    2.16644
1487875680      576   207092    2.17248
1487875681      713   207805    2.17996
1487875682      616   208518    2.18744
1487875683      789   209307    2.19572
1487875684      804   210111    2.20415
1487875685      601   210712    2.21046
1487875686      659   211371    2.21737
1487875687      806   212177    2.22583
1487875688      657   212957    2.23401
1487875689      813   213770    2.24254
1487875690      664   214562    2.25084
1487875691      668   215256    2.25813
1487875692      797   216053    2.26649
1487875693      799   216852    2.27487
1487875694      602   217454    2.28118
1487875695      805   218259    2.28963
1487875696      667   218926    2.29663
1487875697      654   219695    2.30469
1487875698      810   220505    2.31319
1487875700      658   221300    2.32153
1487875701      813   222113    2.33006
1487875702      664   222777    2.33702
1487875703      649   223426    2.34383
1487875704      629   224134    2.35126
1487875705      748   224882    2.35911
1487875706      793   225675    2.36742
1487875707      501   226274    2.37371
1487875708      598   226872    2.37998
1487875709      583   227503    2.3866
1487875710      790   228293    2.39489
1487875711      770   229063    2.40297
1487875712      540   229643    2.40905
1487875713      649   230292    2.41586
1487875714      513   230872    2.42194
1487875715      803   231675    2.43037
1487875716      788   232463    2.43863
1487875717      587   233050    2.44479
1487875718      783   233833    2.45301
1487875719      650   234483    2.45982
1487875720      787   235270    2.46808
1487875721      584   235854    2.47421
1487875722      792   236646    2.48252
1487875723      797   237443    2.49088
1487875724      586   238029    2.49702
1487875725      634   238680    2.50385
1487875726      798   239478    2.51222
1487875727      796   240274    2.52057
1487875728      588   240862    2.52674
1487875729      789   241651    2.53502
1487875730      640   242291    2.54173
1487875731      795   243086    2.55007
1487875732      583   243669    2.55619
1487875733      794   244463    2.56452
1487875734      738   245201    2.57226
1487875735      585   245794    2.57848
1487875736      659   246488    2.58576
1487875737      717   247205    2.59328
1487875738      799   248004    2.60167
1487875739      558   248628    2.60821
1487875740      796   249424    2.61656
1487875742      387   249857    2.6211
