1485164336      1460   1461    0.0111465
1485164337      1428   2889    0.0220413
1485164338      1444   4334    0.0330658
1485164339      1399   5733    0.0437393
1485164340      970   6703    0.0511398
1485164341      917   7620    0.058136
1485164342      1038   8658    0.0660553
1485164343      818   9626    0.0734406
1485164344      980   10671    0.0814133
1485164345      1212   11883    0.0906601
1485164346      917   12816    0.0977783
1485164347      1052   13868    0.105804
1485164349      883   14961    0.114143
1485164350      846   16006    0.122116
1485164351      1201   17207    0.131279
1485164352      835   18151    0.138481
1485164353      1213   19364    0.147736
1485164354      822   20296    0.154846
1485164355      973   21341    0.162819
1485164356      1217   22558    0.172104
1485164357      791   23486    0.179184
1485164358      1206   24692    0.188385
1485164360      824   25631    0.195549
1485164361      838   26676    0.203522
1485164362      1196   27872    0.212646
1485164363      804   28821    0.219887
1485164364      1199   30020    0.229034
1485164366      615   30966    0.236252
1485164367      715   32011    0.244225
1485164368      1212   33223    0.253471
1485164369      804   34156    0.26059
1485164370      981   35137    0.268074
1485164372      830   36301    0.276955
1485164373      973   37346    0.284927
1485164374      1216   38562    0.294205
1485164375      917   39491    0.301292
1485164376      1196   40687    0.310417
1485164377      840   41636    0.317657
1485164378      885   42681    0.32563
1485164379      1022   43703    0.333427
1485164380      984   44826    0.341995
1485164381      1044   45870    0.34996
1485164382      876   46971    0.35836
1485164384      848   48016    0.366333
1485164385      1215   49231    0.375603
1485164386      911   50161    0.382698
1485164387      987   51148    0.390228
1485164388      995   52306    0.399063
1485164389      911   53351    0.407036
1485164390      987   54338    0.414566
1485164391      876   55496    0.423401
1485164392      1213   56709    0.432655
1485164393      849   57641    0.439766
1485164394      977   58686    0.447739
1485164395      1180   59866    0.456741
1485164396      916   60831    0.464104
1485164397      981   61812    0.471588
1485164399      877   62976    0.480469
1485164400      946   64021    0.488441
1485164401      1211   65232    0.497681
1485164402      804   66166    0.504807
1485164403      1209   67375    0.51403
1485164404      849   68311    0.521172
1485164405      953   69356    0.529144
1485164406      1068   70424    0.537292
1485164407      953   71501    0.545509
1485164408      1114   72615    0.554008
1485164410      892   73646    0.561874
1485164411      815   74691    0.569847
1485164412      1214   75905    0.579109
1485164413      763   76668    0.58493
1485164414      751   77551    0.591667
1485164415      1220   78771    0.600975
1485164416      915   79696    0.608032
1485164417      957   80741    0.616005
1485164418      1160   81901    0.624855
1485164419      897   82886    0.63237
1485164420      1093   83979    0.640709
1485164421      899   85031    0.648735
1485164423      850   86076    0.656708
1485164424      1209   87285    0.665932
1485164425      915   88221    0.673073
1485164426      1097   89318    0.681442
1485164427      894   90366    0.689438
1485164428      854   91220    0.695953
1485164429      749   92126    0.702866
1485164430      1211   93337    0.712105
1485164431      796   94271    0.719231
1485164432      1091   95362    0.727554
1485164433      568   96031    0.732658
1485164434      1154   97185    0.741463
1485164435      937   98176    0.749023
1485164436      1201   99377    0.758186
1485164438      817   100321    0.765388
1485164439      747   101366    0.773361
1485164440      1200   102566    0.782516
1485164441      845   103511    0.789726
1485164442      1073   104584    0.797913
1485164443      900   105656    0.806091
1485164445      780   106701    0.814064
1485164446      1094   107795    0.822411
1485164447      912   108846    0.830429
1485164448      1217   110063    0.839714
1485164449      858   110991    0.846794
1485164450      972   112036    0.854767
1485164451      1209   113245    0.863991
1485164452      913   114181    0.871132
1485164453      1083   115264    0.879395
1485164454      898   116326    0.887497
1485164455      973   117371    0.89547
1485164456      1185   118556    0.90451
1485164457      845   119516    0.911835
1485164458      1110   120626    0.920303
1485164459      953   121661    0.9282
1485164460      973   122706    0.936172
1485164461      1213   123919    0.945427
1485164463      839   124851    0.952538
1485164464      1218   126069    0.96183
1485164465      899   126996    0.968903
1485164466      976   128041    0.976875
1485164467      1204   129245    0.986061
1485164468      918   130186    0.99324
1485164469      1207   131393    1.00245
1485164470      888   132331    1.00961
1485164471      900   133376    1.01758
1485164472      1206   134582    1.02678
1485164473      915   135521    1.03394
1485164474      1094   136615    1.04229
1485164475      889   137666    1.05031
1485164476      971   138711    1.05828
1485164477      1210   139921    1.06751
1485164478      844   140856    1.07465
1485164479      1207   142063    1.08385
1485164480      892   143001    1.09101
1485164481      936   144046    1.09898
1485164482      1145   145191    1.10772
1485164484      886   146191    1.11535
1485164485      1151   147342    1.12413
1485164486      879   148336    1.13171
1485164487      950   149381    1.13969
1485164488      1152   150533    1.14848
1485164489      874   151526    1.15605
1485164490      1039   152565    1.16398
1485164491      859   153671    1.17242
1485164492      886   154716    1.18039
1485164493      1095   155811    1.18874
1485164495      858   156861    1.19675
1485164496      1205   158066    1.20595
1485164497      912   159006    1.21312
1485164498      1037   160043    1.22103
1485164499      871   160914    1.22768
1485164500      1074   161988    1.23587
1485164501      812   162911    1.24291
1485164502      942   163853    1.2501
1485164503      1176   165029    1.25907
1485164504      347   165386    1.2618
1485164505      1218   166604    1.27109
1485164506      743   167531    1.27816
1485164507      981   168512    1.28564
1485164508      858   169676    1.29453
1485164510      664   170721    1.3025
1485164511      1114   171835    1.311
1485164512      1023   172858    1.3188
1485164513      872   173730    1.32545
1485164514      1018   174748    1.33322
1485164515      802   175726    1.34068
1485164516      961   176771    1.34866
1485164517      1201   177972    1.35782
1485164518      817   178916    1.36502
1485164519      1206   180122    1.37422
1485164521      783   181061    1.38139
1485164522      812   181873    1.38758
1485164523      810   182821    1.39481
1485164524      862   183683    1.40139
1485164525      1184   184867    1.41042
1485164526      694   185681    1.41663
1485164527      941   186726    1.42461
1485164528      987   187713    1.43214
1485164529      890   188871    1.44097
1485164530      1100   189971    1.44936
1485164531      1020   190991    1.45715
1485164532      720   191731    1.46279
1485164534      857   192776    1.47076
1485164535      1159   193935    1.47961
1485164536      760   194921    1.48713
1485164537      1210   196131    1.49636
1485164538      806   197066    1.50349
1485164539      852   198111    1.51147
1485164540      1092   199203    1.5198
1485164542      866   200256    1.52783
1485164543      1216   201472    1.53711
1485164544      813   202401    1.5442
1485164545      922   203446    1.55217
1485164546      1096   204542    1.56053
1485164547      827   205591    1.56853
1485164548      1098   206689    1.57691
1485164549      1031   207720    1.58478
1485164550      671   208391    1.5899
1485164551      913   209496    1.59833
1485164552      1027   210523    1.60616
1485164553      1099   211622    1.61455
1485164554      729   212356    1.62015
1485164555      962   213401    1.62812
1485164556      1078   214479    1.63634
1485164558      834   215546    1.64449
1485164559      1082   216628    1.65274
1485164560      1043   217671    1.6607
1485164561      696   218406    1.66631
1485164562      973   219451    1.67428
1485164563      1049   220500    1.68228
1485164564      886   221596    1.69064
1485164565      1128   222724    1.69925
1485164566      816   223741    1.70701
1485164568      830   224786    1.71498
1485164569      1208   225994    1.7242
1485164570      770   226931    1.73135
1485164571      1147   228078    1.7401
1485164572      793   229076    1.74771
1485164573      994   230070    1.75529
1485164574      903   230973    1.76218
1485164575      1014   231987    1.76992
1485164576      770   232981    1.7775
1485164577      1198   234179    1.78664
1485164578      490   234741    1.79093
1485164579      1192   235934    1.80003
1485164581      795   236886    1.8073
1485164582      988   237874    1.81483
1485164583      986   239031    1.82366
1485164584      885   240076    1.83163
1485164585      1214   241290    1.8409
1485164586      825   242221    1.848
1485164587      1205   243426    1.85719
1485164588      823   244366    1.86436
1485164589      979   245345    1.87183
1485164590      757   246126    1.87779
1485164591      1213   247339    1.88705
1485164592      792   248271    1.89416
1485164593      1209   249480    1.90338
1485164595      821   250416    1.91052
1485164596      839   251461    1.9185
1485164597      1214   252675    1.92776
1485164598      741   253606    1.93486
1485164599      985   254591    1.94238
1485164600      964   255751    1.95123
1485164601      785   256536    1.95721
1485164603      773   257511    1.96465
1485164604      1204   258715    1.97384
1485164605      918   259633    1.98084
1485164606      775   260408    1.98676
1485164607      766   261416    1.99445
1485164608      1215   262631    2.00372
1485164609      804   263561    2.01081
1485164610      1175   264736    2.01978
1485164611      905   265706    2.02718
1485164612      877   266751    2.03515
1485164613      1217   267968    2.04443
1485164615      771   268896    2.05151
1485164616      1204   270100    2.0607
1485164617      803   271041    2.06788
1485164618      730   272086    2.07585
1485164619      1209   273295    2.08508
1485164620      792   274231    2.09222
1485164621      907   275138    2.09914
1485164622      1212   276350    2.10838
1485164623      713   277091    2.11404
1485164624      946   278136    2.12201
1485164625      1197   279333    2.13114
1485164627      787   280281    2.13837
1485164628      1049   281330    2.14638
1485164629      833   282426    2.15474
1485164630      848   283471    2.16271
1485164631      1164   284635    2.17159
1485164632      962   285597    2.17893
1485164633      804   286401    2.18507
1485164634      1087   287488    2.19336
1485164635      888   288376    2.20013
1485164636      982   289358    2.20763
1485164637      837   290236    2.21432
1485164638      1128   291364    2.22293
1485164639      840   292381    2.23069
1485164641      862   293426    2.23866
1485164642      1215   294641    2.24793
1485164643      908   295549    2.25486
1485164644      919   296468    2.26187
1485164645      1029   297497    2.26972
1485164646      908   298431    2.27685
1485164647      816   299247    2.28307
1485164648      539   300191    2.29028
1485164649      977   301168    2.29773
1485164651      993   302336    2.30664
1485164652      1045   303381    2.31461
1485164653      698   304096    2.32007
1485164654      1217   305313    2.32935
1485164655      814   306241    2.33643
1485164656      1215   307456    2.3457
1485164657      747   308386    2.3528
1485164658      985   309371    2.36031
1485164659      757   310146    2.36623
1485164660      1056   311202    2.37428
1485164661      903   312291    2.38259
1485164662      1161   313452    2.39145
1485164663      842   314436    2.39896
1485164664      957   315393    2.40626
1485164665      905   316298    2.41316
1485164666      963   317261    2.42051
1485164668      851   318341    2.42875
1485164669      1211   319552    2.43799
1485164670      535   320101    2.44218
1485164671      1030   321131    2.45004
1485164672      856   322246    2.45854
1485164673      1165   323411    2.46743
1485164674      867   324391    2.47491
1485164675      970   325436    2.48288
1485164676      890   326326    2.48967
1485164677      1203   327529    2.49885
1485164678      713   328296    2.5047
1485164679      841   329137    2.51112
1485164680      1195   330332    2.52023
1485164681      433   330771    2.52358
1485164682      1212   331983    2.53283
1485164683      852   332916    2.53995
1485164684      1091   334007    2.54827
1485164686      874   335061    2.55631
1485164687      905   335966    2.56322
1485164688      753   336821    2.56974
1485164689      1209   338030    2.57896
1485164690      854   338966    2.58611
1485164691      1214   340180    2.59537
1485164692      781   341111    2.60247
1485164693      913   342024    2.60944
1485164694      754   342871    2.6159
1485164695      1214   344085    2.62516
1485164696      853   345016    2.63226
1485164697      1216   346232    2.64154
1485164698      809   347041    2.64771
1485164699      972   348013    2.65513
1485164700      783   348921    2.66206
1485164701      1197   350118    2.67119
1485164703      795   351066    2.67842
1485164704      978   352044    2.68588
1485164705      948   352992    2.69312
1485164706      990   353982    2.70067
1485164707      881   354971    2.70821
1485164708      1130   356101    2.71684
1485164709      882   357116    2.72458
1485164710      855   358161    2.73255
1485164711      1211   359372    2.74179
1485164712      790   360306    2.74892
1485164713      1009   361315    2.75661
1485164714      977   362292    2.76407
1485164715      933   363225    2.77119
1485164716      875   364211    2.77871
1485164717      1209   365420    2.78793
1485164718      912   366356    2.79507
1485164719      1084   367440    2.80334
1485164720      926   368366    2.81041
1485164721      1165   369531    2.8193
1485164722      857   370388    2.82584
1485164723      1205   371593    2.83503
1485164724      907   372500    2.84195
1485164726      870   373451    2.84921
1485164727      1208   374659    2.85842
1485164728      914   375596    2.86557
1485164729      1211   376807    2.87481
1485164730      891   377741    2.88194
1485164731      974   378786    2.88991
1485164732      1224   380010    2.89925
1485164733      910   380931    2.90627
1485164734      1200   382131    2.91543
1485164735      884   383076    2.92264
1485164736      967   384121    2.93061
1485164737      1195   385316    2.93973
1485164738      892   386266    2.94698
1485164739      1201   387467    2.95614
1485164740      909   388411    2.96334
1485164741      931   389456    2.97131
1485164742      1125   390581    2.9799
1485164743      935   391601    2.98768
1485164744      1209   392810    2.9969
1485164745      901   393746    3.00404
1485164746      901   394791    3.01202
1485164747      1216   396007    3.02129
1485164748      841   396936    3.02838
1485164749      1157   398093    3.03721
1485164750      940   399081    3.04475
1485164752      972   400126    3.05272
1485164753      1156   401282    3.06154
1485164754      900   402271    3.06908
1485164755      1182   403453    3.0781
1485164756      920   404416    3.08545
1485164757      969   405461    3.09342
1485164758      1216   406677    3.1027
1485164759      915   407606    3.10979
1485164760      1205   408811    3.11898
1485164761      904   409751    3.12615
1485164762      957   410796    3.13412
1485164763      1213   412009    3.14338
1485164764      881   412941    3.15049
1485164765      1117   414058    3.15901
1485164766      933   415086    3.16685
1485164767      971   416131    3.17483
1485164768      1210   417341    3.18406
1485164769      916   418276    3.19119
1485164770      1108   419384    3.19965
1485164771      954   420421    3.20756
1485164772      928   421466    3.21553
1485164773      1106   422572    3.22397
1485164775      892   423611    3.2319
1485164776      1194   424805    3.241
1485164777      736   425756    3.24826
1485164778      910   426801    3.25623
1485164779      1221   428022    3.26555
1485164780      897   428946    3.2726
1485164781      1203   430149    3.28178
1485164782      872   431091    3.28896
1485164783      975   432136    3.29694
1485164784      1201   433337    3.3061
1485164785      913   434281    3.3133
1485164786      1207   435488    3.32251
1485164787      909   436426    3.32967
1485164788      904   437471    3.33764
1485164789      1096   438567    3.346
1485164791      940   439616    3.354
1485164792      1085   440701    3.36228
1485164793      946   441761    3.37037
1485164794      929   442806    3.37834
1485164795      1204   444010    3.38753
1485164796      863   444951    3.39471
1485164797      1210   446161    3.40394
1485164798      859   447096    3.41107
1485164799      966   448141    3.41904
1485164800      1210   449351    3.42828
1485164801      912   450286    3.43541
1485164802      1023   451309    3.44321
1485164803      861   452431    3.45177
1485164804      938   453476    3.45975
1485164805      1014   454490    3.46748
1485164807      824   455621    3.47611
1485164808      1120   456741    3.48466
1485164809      973   457714    3.49208
1485164810      910   458624    3.49902
1485164811      868   459492    3.50565
1485164812      696   460241    3.51136
1485164813      1124   461365    3.51994
1485164814      887   462252    3.5267
1485164815      899   463151    3.53356
1485164816      944   464146    3.54115
1485164817      1087   465233    3.54945
1485164818      809   466291    3.55752
1485164819      1182   467473    3.56654
1485164820      825   468436    3.57388
1485164821      914   469350    3.58086
1485164822      826   470196    3.58731
1485164823      1003   471199    3.59496
1485164824      1131   472330    3.60359
1485164825      705   473056    3.60913
1485164826      1212   474268    3.61838
1485164827      727   474995    3.62392
1485164828      1204   476199    3.63311
1485164830      740   476961    3.63892
1485164831      978   477939    3.64639
1485164832      963   479106    3.65529
1485164833      895   480151    3.66326
1485164834      860   481011    3.66982
1485164835      1203   482214    3.679
1485164836      830   483044    3.68533
1485164837      1046   484090    3.69331
1485164838      865   485156    3.70145
1485164839      863   486201    3.70942
1485164840      1166   487367    3.71832
1485164842      829   488346    3.72578
1485164843      1212   489558    3.73503
1485164844      719   490491    3.74215
1485164845      678   491536    3.75012
1485164846      1083   492619    3.75838
1485164847      1001   493620    3.76602
1485164848      717   494396    3.77194
1485164849      1211   495607    3.78118
1485164850      603   496210    3.78578
1485164851      1215   497425    3.79505
1485164853      779   498301    3.80173
1485164854      977   499278    3.80919
