1488630261      996   997    0.0104589
1488630262      994   1991    0.0208864
1488630263      999   2990    0.0313663
1488630264      973   3963    0.0415735
1488630265      765   4728    0.0495987
1488630266      722   5450    0.0571728
1488630267      570   6033    0.0632887
1488630268      803   6836    0.0717125
1488630269      781   7617    0.0799055
1488630270      652   8269    0.0867453
1488630271      568   8855    0.0928926
1488630272      798   9653    0.101264
1488630273      702   10355    0.108628
1488630274      606   10995    0.115342
1488630275      641   11677    0.122497
1488630276      784   12461    0.130721
1488630277      778   13239    0.138883
1488630278      566   13817    0.144946
1488630279      800   14617    0.153338
1488630280      791   15408    0.161636
1488630281      632   16040    0.168266
1488630282      576   16639    0.17455
1488630283      801   17440    0.182953
1488630284      728   18168    0.19059
1488630285      544   18779    0.197
1488630287      650   19461    0.204154
1488630288      802   20263    0.212567
1488630289      798   21061    0.220939
1488630290      501   21601    0.226604
1488630291      749   22350    0.234461
1488630292      806   23156    0.242916
1488630293      637   23793    0.249599
1488630294      611   24423    0.256207
1488630295      807   25230    0.264673
1488630296      659   26028    0.273045
1488630297      809   26837    0.281531
1488630298      650   27487    0.28835
1488630299      799   28286    0.296732
1488630300      596   28882    0.302984
1488630301      719   29601    0.310527
1488630302      771   30372    0.318615
1488630303      550   30990    0.325098
1488630304      650   31672    0.332253
1488630305      757   32429    0.340194
1488630306      785   33214    0.348429
1488630307      603   33817    0.354754
1488630308      802   34619    0.363168
1488630309      661   35280    0.370102
1488630310      792   36072    0.37841
1488630311      599   36671    0.384694
1488630312      801   37472    0.393097
1488630313      655   38239    0.401143
1488630314      662   38921    0.408298
1488630315      807   39728    0.416763
1488630316      657   40526    0.425135
1488630317      804   41330    0.433569
1488630318      799   42129    0.441951
1488630319      593   42722    0.448172
1488630320      662   43384    0.455116
1488630321      795   44179    0.463456
1488630323      651   44953    0.471576
1488630324      799   45752    0.479958
1488630325      794   46546    0.488287
1488630326      658   47204    0.49519
1488630327      566   47775    0.50118
1488630328      798   48573    0.509551
1488630329      792   49365    0.517859
1488630330      572   49937    0.52386
1488630331      650   50597    0.530784
1488630332      798   51395    0.539155
1488630333      782   52177    0.547359
1488630334      579   52756    0.553432
1488630335      785   53541    0.561667
1488630336      797   54338    0.570028
1488630337      653   54991    0.576879
1488630338      562   55559    0.582837
1488630339      803   56362    0.591261
1488630340      796   57158    0.599611
1488630341      588   57746    0.60578
1488630342      635   58381    0.612441
1488630343      792   59173    0.620749
1488630344      797   59970    0.62911
1488630345      587   60557    0.635268
1488630346      782   61339    0.643472
1488630347      654   62126    0.651728
1488630348      641   62808    0.658882
1488630349      795   63603    0.667222
1488630350      784   64387    0.675447
1488630351      579   64966    0.68152
1488630352      794   65760    0.68985
1488630353      627   66387    0.696427
1488630354      787   67174    0.704683
1488630355      582   67770    0.710936
1488630356      795   68565    0.719275
1488630357      792   69357    0.727584
1488630358      588   69945    0.733752
1488630360      395   70592    0.74054
1488630361      811   71403    0.749047
1488630362      652   72197    0.757377
1488630363      809   73006    0.765863
1488630364      794   73800    0.774193
1488630365      657   74457    0.781085
1488630366      593   75050    0.787306
1488630367      797   75847    0.795667
1488630368      646   76624    0.803818
1488630369      805   77429    0.812263
1488630370      642   78071    0.818997
1488630371      778   78849    0.827159
1488630372      583   79446    0.833422
1488630373      785   80231    0.841657
1488630374      805   81036    0.850101
1488630375      573   81609    0.856112
1488630376      653   82268    0.863026
1488630377      784   83052    0.87125
1488630378      791   83843    0.879548
1488630379      500   84408    0.885475
1488630380      807   85215    0.893941
1488630381      631   85846    0.90056
1488630382      798   86644    0.908932
1488630383      589   87233    0.915111
1488630384      797   88030    0.923471
1488630385      797   88827    0.931832
1488630386      596   89423    0.938085
1488630387      650   90073    0.944903
1488630388      770   90843    0.952981
1488630389      710   91553    0.960429
1488630391      368   92192    0.967133
1488630392      798   92990    0.975504
1488630393      630   93620    0.982113
1488630394      786   94406    0.990358
1488630395      583   95014    0.996737
1488630396      688   95702    1.00395
1488630397      788   96490    1.01222
1488630398      604   97154    1.01919
1488630399      651   97836    1.02634
1488630400      801   98637    1.03474
1488630401      788   99425    1.04301
1488630402      590   100015    1.0492
1488630403      784   100799    1.05742
1488630404      626   101425    1.06399
1488630405      793   102218    1.07231
1488630406      565   102798    1.07839
1488630407      801   103599    1.0868
1488630408      781   104380    1.09499
1488630409      524   104938    1.10084
1488630410      636   105620    1.108
1488630411      752   106372    1.11589
1488630412      773   107145    1.124
1488630413      586   107760    1.13045
1488630414      770   108530    1.13853
1488630415      622   109152    1.14505
1488630416      792   109944    1.15336
1488630417      588   110582    1.16005
1488630418      800   111382    1.16844
1488630419      785   112167    1.17668
1488630420      572   112739    1.18268
1488630421      654   113404    1.18966
1488630422      802   114206    1.19807
1488630423      799   115005    1.20645
1488630424      586   115591    1.2126
1488630425      798   116389    1.22097
1488630426      657   117046    1.22786
1488630428      652   117831    1.2361
1488630429      806   118637    1.24455
1488630430      789   119426    1.25283
1488630431      599   120025    1.25911
1488630432      635   120660    1.26577
1488630433      809   121469    1.27426
1488630434      653   122258    1.28254
1488630435      809   123067    1.29102
1488630436      660   123863    1.29937
1488630437      655   124545    1.30653
1488630438      812   125357    1.31505
1488630439      651   126150    1.32337
1488630440      804   126954    1.3318
1488630441      794   127748    1.34013
1488630442      596   128344    1.34638
1488630443      660   129004    1.35331
1488630444      777   129781    1.36146
1488630445      659   130577    1.36981
1488630446      780   131357    1.37799
1488630447      801   132158    1.38639
1488630448      655   132813    1.39326
1488630449      580   133399    1.39941
1488630450      786   134185    1.40766
1488630451      793   134978    1.41598
1488630452      576   135554    1.42202
1488630453      653   136221    1.42902
1488630454      798   137019    1.43739
1488630455      790   137809    1.44567
1488630456      578   138387    1.45174
1488630457      553   138940    1.45754
1488630458      783   139723    1.46575
1488630459      649   140372    1.47256
1488630460      797   141169    1.48092
1488630461      579   141748    1.487
1488630462      794   142542    1.49533
1488630463      731   143273    1.50299
1488630465      578   143858    1.50913
1488630466      661   144540    1.51628
1488630467      803   145343    1.52471
1488630468      784   146127    1.53293
1488630469      580   146707    1.53902
1488630470      793   147500    1.54734
1488630471      633   148133    1.55398
1488630472      768   148901    1.56203
1488630473      586   149502    1.56834
1488630474      789   150291    1.57662
1488630475      791   151082    1.58491
1488630476      587   151669    1.59107
1488630477      618   152324    1.59794
1488630478      801   153125    1.60635
1488630479      789   153914    1.61462
1488630480      581   154495    1.62072
1488630481      793   155288    1.62904
1488630482      627   155915    1.63561
1488630483      794   156709    1.64394
1488630484      549   157286    1.65
1488630485      766   158052    1.65803
1488630486      779   158831    1.6662
1488630487      575   159426    1.67245
1488630488      653   160108    1.6796
1488630489      800   160908    1.68799
1488630490      785   161693    1.69623
1488630491      590   162283    1.70242
1488630492      785   163068    1.71065
1488630493      653   163721    1.7175
1488630494      801   164522    1.7259
1488630495      526   165070    1.73165
1488630496      777   165847    1.7398
1488630497      663   166510    1.74676
1488630498      576   167210    1.7541
1488630499      616   167892    1.76126
1488630500      728   168620    1.76889
1488630501      779   169399    1.77707
1488630502      571   170032    1.78371
1488630503      809   170841    1.79219
1488630504      660   171501    1.79912
1488630505      799   172300    1.8075
1488630506      607   172907    1.81387
1488630507      801   173708    1.82227
1488630508      652   174459    1.83015
1488630509      661   175141    1.8373
1488630510      786   175927    1.84555
1488630511      803   176730    1.85397
1488630512      586   177316    1.86012
1488630513      800   178116    1.86851
1488630515      656   178886    1.87659
1488630516      653   179568    1.88374
1488630517      792   180360    1.89205
1488630518      791   181151    1.90035
1488630519      596   181747    1.9066
1488630520      783   182530    1.91482
1488630521      355   182885    1.91854
1488630522      665   183550    1.92552
1488630523      793   184343    1.93384
1488630524      623   185065    1.94141
1488630525      798   185863    1.94978
1488630526      796   186659    1.95813
1488630527      630   187289    1.96474
1488630528      592   187887    1.97101
1488630529      800   188687    1.97941
1488630530      791   189478    1.9877
1488630531      592   190070    1.99391
1488630532      622   190709    2.00062
1488630533      796   191505    2.00897
1488630534      783   192288    2.01718
1488630535      571   192859    2.02317
1488630536      784   193643    2.0314
1488630537      774   194417    2.03952
1488630538      629   195046    2.04611
1488630539      596   195671    2.05267
1488630540      783   196454    2.06088
1488630541      796   197250    2.06923
1488630542      588   197838    2.0754
1488630543      629   198493    2.08227
1488630544      801   199294    2.09068
1488630545      796   200090    2.09903
1488630546      596   200686    2.10528
1488630547      795   201481    2.11362
1488630548      645   202238    2.12156
1488630549      647   202920    2.12872
1488630550      815   203735    2.13727
1488630551      583   204318    2.14338
1488630552      653   205060    2.15117
1488630553      785   205845    2.1594
1488630554      652   206497    2.16624
1488630555      772   207269    2.17434
1488630556      604   207882    2.18077
1488630557      800   208682    2.18916
1488630558      792   209474    2.19747
1488630559      609   210083    2.20386
1488630560      656   210739    2.21074
1488630561      786   211525    2.21899
1488630562      659   212309    2.22721
1488630563      811   213120    2.23572
1488630564      749   213869    2.24358
1488630565      648   214517    2.25037
1488630567      547   215131    2.25681
1488630568      791   215922    2.26511
1488630569      778   216700    2.27327
1488630570      493   217271    2.27926
1488630571      651   217953    2.28642
1488630572      768   218721    2.29447
1488630573      794   219515    2.3028
1488630574      590   220105    2.30899
1488630575      800   220905    2.31739
1488630576      651   221698    2.3257
1488630577      649   222380    2.33286
1488630578      792   223172    2.34117
1488630579      787   223959    2.34942
1488630580      560   224520    2.35531
1488630581      743   225263    2.3631
1488630582      495   225758    2.3683
1488630583      758   226516    2.37625
1488630584      795   227311    2.38459
1488630585      558   227877    2.39052
1488630586      788   228665    2.39879
1488630587      797   229462    2.40715
1488630588      634   230096    2.4138
1488630589      576   230699    2.42013
1488630590      782   231481    2.42833
1488630591      779   232260    2.4365
1488630592      580   232840    2.44259
1488630593      645   233521    2.44973
1488630594      793   234314    2.45805
1488630595      788   235102    2.46632
1488630596      587   235689    2.47248
1488630597      788   236477    2.48074
1488630598      760   237237    2.48872
1488630599      624   237861    2.49526
1488630600      595   238483    2.50179
1488630601      711   239194    2.50924
1488630602      765   239959    2.51727
1488630603      591   240623    2.52424
1488630604      635   241305    2.53139
1488630605      786   242091    2.53964
1488630606      795   242886    2.54798
1488630607      565   243451    2.5539
1488630608      799   244250    2.56228
1488630609      785   245035    2.57052
1488630610      625   245660    2.57708
1488630611      584   246267    2.58344
1488630612      772   247039    2.59154
1488630613      793   247832    2.59986
1488630615      512   248407    2.60589
1488630616      635   249042    2.61255
1488630617      440   249624    2.61866
