1483149402      1498   1498    0.00285721
1483149403      1499   2997    0.00571632
1483149404      1499   4496    0.00857544
1483149405      1500   5996    0.0114365
1483149406      1499   7495    0.0142956
1483149407      1499   8995    0.0171566
1483149408      1500   10495    0.0200176
1483149409      1499   11994    0.0228767
1483149410      1499   13493    0.0257359
1483149411      1293   14786    0.0282021
1483149412      1356   16142    0.0307884
1483149413      1345   17487    0.0333538
1483149414      1353   18840    0.0359344
1483149415      1199   20039    0.0382214
1483149416      1344   21383    0.0407848
1483149417      1350   22733    0.0433598
1483149418      1354   24087    0.0459423
1483149419      1206   25358    0.0483665
1483149420      1348   26706    0.0509377
1483149421      1211   27917    0.0532475
1483149422      1352   29269    0.0558262
1483149423      1201   30470    0.0581169
1483149424      1345   31815    0.0606823
1483149425      1347   33162    0.0632515
1483149426      1344   34506    0.065815
1483149427      1198   35707    0.0681057
1483149428      1355   37062    0.0706902
1483149429      1353   38415    0.0732708
1483149430      1347   39762    0.07584
1483149431      1068   40830    0.077877
1483149432      1344   42174    0.0804405
1483149433      1349   43523    0.0830135
1483149434      1356   44879    0.0855999
1483149435      1198   46077    0.0878849
1483149436      1345   47422    0.0904503
1483149437      1346   48768    0.0930176
1483149438      1354   50122    0.0956001
1483149439      1212   51416    0.0980682
1483149440      1363   52779    0.100668
1483149441      1347   54126    0.103237
1483149442      1094   55333    0.105539
1483149443      1361   56694    0.108135
1483149444      1348   58042    0.110706
1483149445      1340   59382    0.113262
1483149446      1209   60693    0.115763
1483149447      1335   62028    0.118309
1483149448      1348   63376    0.12088
1483149449      1353   64729    0.123461
1483149450      1215   66053    0.125986
1483149451      1352   67405    0.128565
1483149452      1210   68615    0.130873
1483149453      1351   69966    0.13345
1483149454      1200   71166    0.135738
1483149455      1347   72513    0.138308
1483149456      1353   73866    0.140888
1483149457      1292   75158    0.143353
1483149458      1202   76402    0.145725
1483149459      1351   77753    0.148302
1483149460      1351   79104    0.150879
1483149461      1354   80458    0.153461
1483149462      1060   81518    0.155483
1483149463      1344   82862    0.158047
1483149464      1354   84216    0.160629
1483149465      1350   85566    0.163204
1483149466      1203   86769    0.165499
1483149467      1350   88119    0.168074
1483149468      1352   89471    0.170652
1483149469      1344   90815    0.173216
1483149470      1219   92111    0.175688
1483149471      1355   93466    0.178272
1483149472      1352   94818    0.180851
1483149473      1207   96025    0.183153
1483149474      1201   97226    0.185444
1483149475      1346   98572    0.188011
1483149476      1344   99916    0.190575
1483149477      1353   101269    0.193155
1483149478      1197   102466    0.195438
1483149479      1355   103821    0.198023
1483149480      1350   105171    0.200598
1483149481      1340   106511    0.203154
1483149482      1210   107820    0.20565
1483149483      1219   109039    0.207975
1483149484      1350   110389    0.21055
1483149486      1221   111737    0.213121
1483149487      1359   113096    0.215714
1483149488      1347   114443    0.218283
1483149489      1352   115795    0.220861
1483149490      1214   117097    0.223345
1483149491      1358   118455    0.225935
1483149492      1354   119809    0.228518
1483149493      1348   121157    0.231089
1483149494      1062   122219    0.233114
1483149495      1351   123570    0.235691
1483149496      1354   124924    0.238274
1483149497      1342   126266    0.240833
1483149498      1197   127463    0.243116
1483149499      1356   128819    0.245703
1483149500      1349   130168    0.248276
1483149501      1349   131517    0.250849
1483149502      1210   132806    0.253307
1483149503      1353   134159    0.255888
1483149504      1356   135515    0.258474
1483149505      1100   136723    0.260778
1483149506      1352   138075    0.263357
1483149507      1343   139418    0.265919
1483149508      1334   140752    0.268463
1483149509      1225   142083    0.271002
1483149510      1181   143264    0.273254
1483149511      1183   144447    0.275511
1483149512      1223   145670    0.277843
1483149513      1343   147013    0.280405
1483149514      1352   148365    0.282984
1483149515      1060   149425    0.285006
1483149516      1345   150770    0.287571
1483149517      1352   152122    0.29015
1483149518      1340   153462    0.292706
1483149519      1197   154659    0.294989
1483149520      1355   156014    0.297573
1483149521      1345   157359    0.300138
1483149522      1352   158711    0.302717
1483149523      1199   159936    0.305054
1483149524      1359   161295    0.307646
1483149525      1341   162636    0.310204
1483149526      1212   163848    0.312515
1483149527      1209   165057    0.314821
1483149528      1344   166401    0.317385
1483149529      1353   167754    0.319965
1483149530      1349   169103    0.322538
1483149531      1201   170304    0.324829
1483149532      1339   171643    0.327383
1483149533      1346   172989    0.32995
1483149534      1344   174333    0.332514
1483149535      1196   175645    0.335016
1483149536      1044   176689    0.337008
1483149537      1342   178031    0.339567
1483149538      1346   179377    0.342134
1483149539      1188   180634    0.344532
1483149540      1342   181976    0.347092
1483149541      1343   183319    0.349653
1483149542      1332   184651    0.352194
1483149543      1202   185994    0.354755
1483149544      1360   187354    0.357349
1483149545      1343   188697    0.359911
1483149546      1061   189911    0.362226
1483149547      1351   191262    0.364803
1483149548      1336   192598    0.367352
1483149549      1335   193933    0.369898
1483149550      1329   195262    0.372433
1483149551      1169   196431    0.374662
1483149552      1348   197779    0.377234
1483149553      1335   199114    0.37978
1483149554      1337   200451    0.38233
1483149555      1182   201703    0.384718
1483149556      1333   203036    0.38726
1483149557      1212   204248    0.389572
1483149558      1336   205584    0.39212
1483149559      1183   206767    0.394377
1483149560      1344   208111    0.39694
1483149561      1330   209441    0.399477
1483149562      1353   210794    0.402058
1483149563      1171   212052    0.404457
1483149564      1359   213411    0.407049
1483149565      1354   214765    0.409632
1483149566      1339   216104    0.412186
1483149567      910   217041    0.413973
1483149568      1358   218399    0.416563
1483149569      1345   219744    0.419128
1483149570      1342   221086    0.421688
1483149571      1202   222401    0.424196
1483149572      1354   223755    0.426779
1483149573      1325   225080    0.429306
1483149574      1350   226430    0.431881
1483149576      1212   227761    0.43442
1483149577      1280   229041    0.436861
1483149578      1334   230375    0.439405
1483149579      1121   231496    0.441544
1483149580      1187   232750    0.443935
1483149581      1360   234110    0.446529
1483149582      1321   235431    0.449049
1483149583      1353   236784    0.45163
1483149584      1209   238110    0.454159
1483149585      1359   239469    0.456751
1483149586      1321   240790    0.45927
1483149587      1351   242141    0.461847
1483149588      1301   243442    0.464329
1483149589      1052   244494    0.466335
1483149590      1346   245840    0.468903
1483149591      1328   247168    0.471436
1483149592      1196   248459    0.473898
1483149593      1356   249815    0.476484
1483149594      1336   251151    0.479033
1483149595      1344   252495    0.481596
1483149596      1202   253819    0.484121
1483149597      1337   255156    0.486671
1483149598      1352   256508    0.48925
1483149599      580   257088    0.490356
1483149600      1011   258099    0.492285
1483149601      1343   259442    0.494846
1483149602      1353   260795    0.497427
1483149603      1178   262024    0.499771
1483149604      1332   263356    0.502312
1483149605      1353   264709    0.504892
1483149606      1322   266031    0.507414
1483149607      1351   267382    0.509991
1483149608      1165   268547    0.512213
1483149609      1313   269860    0.514717
1483149610      1351   271211    0.517294
1483149611      999   272210    0.519199
1483149612      1204   273445    0.521555
1483149613      1356   274801    0.524141
1483149614      1355   276156    0.526726
1483149615      1324   277480    0.529251
1483149616      1192   278805    0.531778
1483149617      1354   280159    0.534361
1483149618      1339   281498    0.536915
1483149619      1342   282840    0.539474
1483149620      1205   284165    0.542002
1483149621      1013   285178    0.543934
1483149622      1346   286524    0.546501
1483149623      1353   287877    0.549082
1483149624      1201   289154    0.551517
1483149625      1349   290503    0.55409
1483149626      1348   291851    0.556662
1483149627      1332   293183    0.559202
1483149628      1196   294514    0.561741
1483149629      1350   295864    0.564316
1483149630      1322   297186    0.566837
1483149632      969   298431    0.569212
1483149633      1353   299784    0.571793
1483149634      1220   301004    0.57412
1483149635      1172   302176    0.576355
1483149636      1199   303375    0.578642
1483149637      1328   304703    0.581175
1483149638      1108   305935    0.583525
1483149639      1361   307296    0.586121
1483149640      1346   308642    0.588688
1483149641      1336   309978    0.591236
1483149642      1197   311295    0.593748
1483149643      1216   312511    0.596067
1483149644      1310   313821    0.598566
1483149645      1347   315168    0.601135
1483149646      1173   316341    0.603373
1483149647      1343   317684    0.605934
1483149648      1334   319018    0.608479
1483149649      1345   320363    0.611044
1483149650      1192   321644    0.613487
1483149651      1344   322988    0.616051
1483149652      1344   324332    0.618614
1483149653      1104   325561    0.620958
1483149654      1346   326907    0.623526
1483149655      1348   328255    0.626097
1483149656      1340   329595    0.628653
1483149657      1177   330921    0.631182
1483149658      1347   332268    0.633751
1483149659      1349   333617    0.636324
1483149660      1352   334969    0.638903
1483149661      1205   336281    0.641405
1483149662      1360   337641    0.643999
1483149663      1347   338988    0.646568
1483149664      1096   340198    0.648876
1483149665      1351   341549    0.651453
1483149666      1339   342888    0.654007
1483149667      1348   344236    0.656578
1483149668      1195   345558    0.6591
1483149669      1354   346912    0.661682
1483149670      1351   348263    0.664259
1483149671      1344   349607    0.666822
1483149673      1216   350918    0.669323
1483149674      1350   352268    0.671898
1483149675      1211   353479    0.674208
1483149676      1345   354824    0.676773
1483149677      1192   356016    0.679047
1483149678      1342   357358    0.681606
1483149679      1349   358707    0.684179
1483149680      1344   360051    0.686743
1483149681      1190   361267    0.689062
1483149682      1354   362621    0.691645
1483149683      1353   363974    0.694225
1483149684      1344   365318    0.696789
1483149685      1064   366382    0.698818
1483149686      1351   367733    0.701395
1483149687      1289   369022    0.703854
1483149688      1250   370272    0.706238
1483149689      1341   371613    0.708796
1483149690      1053   372688    0.710846
1483149691      1348   374036    0.713417
1483149692      1252   375288    0.715805
1483149693      1339   376627    0.718359
1483149694      1350   377977    0.720934
1483149695      758   379120    0.723114
1483149696      1215   380335    0.725431
1483149697      1344   381679    0.727995
1483149698      1344   383023    0.730558
1483149699      1196   384219    0.73284
1483149700      1348   385567    0.735411
1483149701      1329   386896    0.737946
1483149702      1340   388236    0.740501
1483149703      1203   389469    0.742853
1483149704      1349   390818    0.745426
1483149705      1348   392166    0.747997
1483149706      1101   393386    0.750324
1483149707      1357   394743    0.752913
1483149708      1339   396082    0.755466
1483149709      1347   397429    0.758036
1483149710      1210   398746    0.760548
1483149711      1356   400102    0.763134
1483149712      1348   401450    0.765705
1483149713      1343   402793    0.768267
1483149714      1211   404106    0.770771
1483149715      1356   405462    0.773357
1483149716      1344   406806    0.775921
1483149717      1211   408017    0.778231
1483149718      1194   409211    0.780508
1483149719      1341   410552    0.783066
1483149720      1348   411900    0.785637
1483149721      1333   413233    0.788179
1483149722      1192   414455    0.79051
1483149723      1354   415809    0.793093
1483149724      1351   417160    0.79567
1483149725      1345   418505    0.798235
1483149726      1205   419815    0.800734
1483149727      1216   421031    0.803053
1483149728      1352   422383    0.805632
1483149729      1341   423724    0.808189
1483149730      1188   424912    0.810455
1483149731      1349   426261    0.813028
1483149732      1338   427599    0.81558
1483149733      1341   428940    0.818138
1483149734      1201   430164    0.820473
1483149735      1350   431514    0.823048
1483149736      1350   432864    0.825623
1483149738      1101   434081    0.827944
1483149739      1357   435438    0.830532
1483149740      1345   436783    0.833097
1483149741      1349   438132    0.83567
1483149742      1215   439441    0.838167
1483149743      1356   440797    0.840754
1483149744      1343   442140    0.843315
1483149745      1350   443490    0.84589
1483149746      1209   444801    0.848391
1483149747      1352   446153    0.850969
1483149748      1347   447500    0.853539
1483149749      1192   448692    0.855812
1483149750      1187   449879    0.858076
1483149751      1333   451212    0.860619
1483149752      1334   452546    0.863163
1483149753      1190   453736    0.865433
1483149754      1184   454920    0.867691
1483149755      1221   456141    0.87002
1483149756      1008   457294    0.872219
1483149757      1305   458599    0.874708
1483149758      1340   459939    0.877264
1483149759      1109   461211    0.87969
1483149760      1354   462565    0.882273
1483149761      1349   463914    0.884846
1483149762      1343   465257    0.887407
1483149763      1205   466571    0.889914
1483149764      1352   467923    0.892492
1483149765      1350   469273    0.895067
1483149766      1344   470617    0.897631
1483149767      1218   471931    0.900137
1483149768      1350   473281    0.902712
1483149769      1350   474631    0.905287
1483149770      1212   475843    0.907598
1483149771      1163   477006    0.909817
1483149772      1345   478351    0.912382
1483149773      1334   479685    0.914927
1483149774      1339   481024    0.91748
1483149775      1186   482280    0.919876
1483149776      1334   483614    0.922421
1483149777      1344   484958    0.924984
1483149778      1326   486284    0.927513
1483149779      1340   487624    0.930069
1483149780      1039   488663    0.932051
1483149781      1333   489996    0.934593
1483149782      1343   491339    0.937155
1483149783      1201   492629    0.939615
1483149784      1334   493963    0.94216
1483149785      1352   495315    0.944738
1483149786      1322   496637    0.94726
1483149787      1348   497985    0.949831
1483149788      1181   499166    0.952084
