1481711958      1499   1499    0.00285912
1481711959      1499   2998    0.00571823
1481711960      1499   4497    0.00857735
1481711961      1500   5997    0.0114384
1481711962      1499   7496    0.0142975
1481711963      1499   8995    0.0171566
1481711964      1500   10495    0.0200176
1481711965      1499   11994    0.0228767
1481711966      1499   13493    0.0257359
1481711967      1500   14993    0.0285969
1481711968      1433   16426    0.0313301
1481711969      1224   17650    0.0336647
1481711970      1384   19034    0.0363045
1481711971      1382   20416    0.0389404
1481711972      1234   21650    0.0412941
1481711973      1383   23033    0.043932
1481711974      1383   24416    0.0465698
1481711975      1315   25731    0.049078
1481711976      1267   26998    0.0514946
1481711977      1383   28381    0.0541325
1481711978      1374   29755    0.0567532
1481711979      1384   31139    0.0593929
1481711981      1122   32371    0.0617428
1481711982      1391   33762    0.0643959
1481711983      1383   35145    0.0670338
1481711984      1383   36528    0.0696716
1481711985      1268   37796    0.0720901
1481711985      1332   39128    0.0746307
1481711986      1382   40510    0.0772667
1481711987      1383   41893    0.0799046
1481711988      1232   43125    0.0822544
1481711989      1382   44507    0.0848904
1481711990      1383   45890    0.0875282
1481711991      1381   47271    0.0901623
1481711992      1210   48481    0.0924702
1481711994      74   48556    0.0926132
1481711995      1389   49945    0.0952625
1481711996      1383   51328    0.0979004
1481711997      1346   52674    0.100468
1481711998      1263   53937    0.102877
1481711999      1383   55320    0.105515
1481712000      1384   56704    0.108154
1481712001      1383   58087    0.110792
1481712002      1266   59353    0.113207
1481712003      1357   60710    0.115795
1481712004      1371   62081    0.11841
1481712005      1383   63464    0.121048
1481712006      1257   64721    0.123446
1481712007      1152   65873    0.125643
1481712008      1382   67255    0.128279
1481712009      1384   68639    0.130919
1481712010      1382   70021    0.133554
1481712011      1267   71288    0.135971
1481712012      1384   72672    0.138611
1481712013      1382   74054    0.141247
1481712014      1378   75432    0.143875
1481712015      1261   76693    0.14628
1481712016      1382   78075    0.148916
1481712017      1378   79453    0.151545
1481712018      1276   80821    0.154154
1481712019      1195   82016    0.156433
1481712020      1383   83399    0.159071
1481712021      1366   84765    0.161676
1481712022      1382   86147    0.164312
1481712023      1260   87407    0.166716
1481712024      1316   88723    0.169226
1481712025      1381   90104    0.17186
1481712026      1382   91486    0.174496
1481712027      1227   92718    0.176846
1481712028      1390   94108    0.179497
1481712029      1382   95490    0.182133
1481712030      1383   96873    0.184771
1481712031      736   97609    0.186174
1481712032      1382   98991    0.18881
1481712033      1172   100327    0.191359
1481712034      1227   101554    0.193699
1481712035      1371   102925    0.196314
1481712036      1324   104249    0.198839
1481712037      1349   105598    0.201412
1481712038      1177   106775    0.203657
1481712039      1381   108156    0.206291
1481712040      1382   109538    0.208927
1481712041      1226   110764    0.211266
1481712042      1272   112119    0.21385
1481712043      1204   113323    0.216146
1481712044      1379   114702    0.218777
1481712045      1382   116084    0.221413
1481712046      1383   117467    0.224051
1481712047      1265   118732    0.226463
1481712048      1382   120114    0.229099
1481712049      1384   121498    0.231739
1481712050      1382   122880    0.234375
1481712051      1266   124146    0.23679
1481712052      1383   125529    0.239428
1481712053      1382   126911    0.242064
1481712054      1370   128281    0.244677
1481712055      1104   129481    0.246965
1481712056      1390   130871    0.249617
1481712057      1377   132248    0.252243
1481712058      1382   133630    0.254879
1481712059      1267   134897    0.257296
1481712060      1382   136279    0.259932
1481712061      1382   137661    0.262568
1481712062      1384   139045    0.265207
1481712063      1267   140312    0.267624
1481712064      1359   141671    0.270216
1481712065      1385   143056    0.272858
1481712066      1382   144438    0.275494
1481712067      1115   145666    0.277836
1481712068      1388   147054    0.280483
1481712069      1383   148437    0.283121
1481712070      1381   149818    0.285755
1481712071      1265   151083    0.288168
1481712072      1383   152466    0.290806
1481712073      1382   153848    0.293442
1481712074      1383   155231    0.29608
1481712075      1267   156498    0.298496
1481712076      1383   157881    0.301134
1481712077      1383   159264    0.303772
1481712078      1383   160647    0.30641
1481712079      1101   161851    0.308706
1481712080      1390   163241    0.311357
1481712081      1382   164623    0.313993
1481712082      1382   166005    0.316629
1481712083      1266   167271    0.319044
1481712084      1382   168653    0.32168
1481712085      1381   170034    0.324314
1481712086      1384   171418    0.326954
1481712087      1266   172684    0.329369
1481712088      1383   174067    0.332006
1481712089      1381   175448    0.334641
1481712090      1382   176830    0.337276
1481712091      1191   178021    0.339548
1481712092      1192   179213    0.341822
1481712093      1381   180594    0.344456
1481712094      1382   181976    0.347092
1481712095      1383   183359    0.34973
1481712096      1087   184468    0.351845
1481712097      1228   185696    0.354187
1481712098      1382   187078    0.356823
1481712099      1384   188462    0.359463
1481712100      1359   189821    0.362055
1481712101      1230   191051    0.364401
1481712102      1374   192425    0.367022
1481712103      1355   193780    0.369606
1481712104      919   194699    0.371359
1481712105      1379   196078    0.373989
1481712106      1275   197437    0.376581
1481712107      1384   198821    0.379221
1481712108      1381   200202    0.381855
1481712109      1383   201585    0.384493
1481712110      1262   202847    0.3869
1481712111      1316   204163    0.38941
1481712112      1382   205545    0.392046
1481712113      1383   206928    0.394684
1481712114      1267   208195    0.3971
1481712115      1382   209577    0.399736
1481712116      966   210543    0.401579
1481712117      1381   211924    0.404213
1481712118      1383   213307    0.406851
1481712119      1383   214690    0.409489
1481712120      1263   215953    0.411898
1481712121      1383   217336    0.414536
1481712122      1356   218692    0.417122
1481712123      1275   220054    0.41972
1481712124      1389   221443    0.422369
1481712125      1321   222764    0.424889
1481712126      1381   224145    0.427523
1481712127      1261   225414    0.429943
1481712128      1005   226591    0.432188
1481712129      1385   227976    0.43483
1481712130      1381   229357    0.437464
1481712131      1380   230737    0.440096
1481712132      1264   232001    0.442507
1481712133      1383   233384    0.445145
1481712134      1383   234767    0.447783
1481712135      1383   236150    0.45042
1481712136      1265   237415    0.452833
1481712137      1383   238798    0.455471
1481712138      1381   240179    0.458105
1481712139      1384   241563    0.460745
1481712141      1048   242776    0.463058
1481712142      1390   244166    0.46571
1481712143      1354   245520    0.468292
1481712144      1383   246903    0.47093
1481712145      1235   248138    0.473286
1481712145      1388   249526    0.475933
1481712146      1381   250907    0.478567
1481712147      1322   252229    0.481089
1481712149      1261   253496    0.483505
1481712150      1389   254885    0.486155
1481712151      1381   256266    0.488789
1481712152      1383   257649    0.491426
1481712153      1266   258915    0.493841
1481712154      1204   260119    0.496138
1481712155      1366   261485    0.498743
1481712156      1379   262864    0.501373
1481712156      1379   264243    0.504004
1481712158      1095   265393    0.506197
1481712159      1368   266761    0.508806
1481712160      1253   268014    0.511196
1481712161      1383   269397    0.513834
1481712162      1260   270753    0.51642
1481712163      1388   272141    0.519068
1481712164      1383   273524    0.521706
1481712165      1368   274892    0.524315
1481712166      1191   276083    0.526587
1481712167      1260   277343    0.52899
1481712168      1382   278725    0.531626
1481712169      1344   280069    0.534189
1481712170      1383   281452    0.536827
1481712171      1265   282717    0.53924
1481712172      1382   284099    0.541876
1481712173      1384   285483    0.544516
1481712174      1382   286865    0.547152
1481712175      1208   288073    0.549456
1481712176      1384   289457    0.552095
1481712177      1382   290839    0.554731
1481712178      1212   292051    0.557043
1481712179      1384   293435    0.559683
1481712180      1262   294697    0.56209
1481712181      1380   296077    0.564722
1481712182      1383   297460    0.56736
1481712183      1276   298835    0.569983
1481712184      1389   300224    0.572632
1481712185      1317   301541    0.575144
1481712186      1380   302921    0.577776
1481712187      1261   304195    0.580206
1481712188      1387   305582    0.582851
1481712189      1384   306966    0.585491
1481712190      1196   308162    0.587772
1481712191      1382   309544    0.590408
1481712192      1267   310811    0.592825
1481712193      1382   312193    0.595461
1481712194      1383   313576    0.598099
1481712195      1384   314960    0.600739
1481712196      1265   316225    0.603151
1481712197      1383   317608    0.605789
1481712198      1384   318992    0.608429
1481712199      1378   320370    0.611057
1481712200      1259   321629    0.613459
1481712201      1381   323010    0.616093
1481712202      1198   324208    0.618378
1481712203      1326   325534    0.620907
1481712204      1380   326914    0.623539
1481712205      1261   328175    0.625944
1481712206      1377   329552    0.628571
1481712207      1383   330935    0.631208
1481712208      1269   332277    0.633768
1481712209      1389   333666    0.636417
1481712210      1383   335049    0.639055
1481712211      1382   336431    0.641691
1481712212      1265   337696    0.644104
1481712213      1382   339078    0.64674
1481712214      1211   340289    0.64905
1481712215      1369   341658    0.651661
1481712216      1382   343040    0.654297
1481712217      1209   344249    0.656603
1481712218      1207   345456    0.658905
1481712219      1383   346839    0.661543
1481712220      1381   348220    0.664177
1481712221      1205   349534    0.666683
1481712222      1390   350924    0.669334
1481712223      1315   352239    0.671843
1481712224      1243   353482    0.674213
1481712225      1383   354865    0.676851
1481712226      1106   356071    0.679152
1481712227      1330   357401    0.681688
1481712228      1383   358784    0.684326
1481712229      1382   360166    0.686962
1481712230      1258   361431    0.689375
1481712231      1388   362819    0.692022
1481712232      1381   364200    0.694656
1481712233      1382   365582    0.697292
1481712234      1267   366849    0.699709
1481712235      1382   368231    0.702345
1481712236      1383   369614    0.704983
1481712237      1382   370996    0.707619
1481712238      1129   372256    0.710022
1481712239      1389   373645    0.712671
1481712240      1382   375027    0.715307
1481712241      1362   376389    0.717905
1481712242      1265   377654    0.720318
1481712243      1381   379035    0.722952
1481712244      1346   380381    0.725519
1481712245      1382   381763    0.728155
1481712246      1265   383028    0.730568
1481712247      1311   384339    0.733068
1481712248      1383   385722    0.735706
1481712249      1382   387104    0.738342
1481712250      1261   388365    0.740747
1481712251      1140   389513    0.742937
1481712252      1388   390901    0.745584
1481712253      1382   392283    0.74822
1481712254      1384   393667    0.75086
1481712255      1262   394929    0.753267
1481712256      1383   396312    0.755905
1481712257      1384   397696    0.758545
1481712258      1348   399044    0.761116
1481712259      1212   400256    0.763428
1481712260      1383   401639    0.766066
1481712261      1333   402972    0.768608
1481712262      1383   404355    0.771246
1481712263      1212   405567    0.773558
1481712264      1254   406821    0.775949
1481712265      1376   408197    0.778574
1481712266      1384   409581    0.781214
1481712267      1382   410963    0.78385
1481712268      1206   412169    0.78615
1481712269      1383   413552    0.788788
1481712270      1382   414934    0.791424
1481712271      1382   416316    0.79406
1481712272      1265   417581    0.796473
1481712273      1375   418956    0.799095
1481712274      1382   420338    0.801731
1481712275      1170   421508    0.803963
1481712276      1382   422890    0.806599
1481712277      1254   424144    0.80899
1481712278      1321   425465    0.81151
1481712279      1286   426751    0.813963
1481712280      1383   428134    0.816601
1481712281      1095   429387    0.818991
1481712282      1391   430778    0.821644
1481712283      1382   432160    0.82428
1481712284      1333   433493    0.826822
1481712285      1246   434747    0.829214
1481712286      1383   436130    0.831852
1481712287      1050   437180    0.833855
1481712288      1383   438563    0.836493
1481712289      1381   439944    0.839127
1481712290      1269   441284    0.841682
1481712291      1390   442674    0.844334
1481712292      1383   444057    0.846972
1481712293      1383   445440    0.849609
1481712294      1264   446704    0.85202
1481712295      1383   448087    0.854658
1481712296      1383   449470    0.857296
1481712297      1382   450852    0.859932
1481712298      1265   452117    0.862345
1481712299      1211   453328    0.864655
1481712300      1381   454709    0.867289
1481712301      1383   456092    0.869926
1481712302      1276   457469    0.872553
1481712303      1320   458789    0.875071
1481712304      1382   460171    0.877707
1481712305      1383   461554    0.880344
1481712306      1259   462829    0.882776
1481712307      1390   464219    0.885427
1481712308      1382   465601    0.888063
1481712309      1377   466978    0.89069
1481712310      1265   468243    0.893103
1481712311      1208   469451    0.895407
1481712312      1383   470834    0.898045
1481712313      1382   472216    0.900681
1481712314      1382   473598    0.903316
1481712315      1243   474841    0.905687
1481712316      1383   476224    0.908325
1481712317      1320   477544    0.910843
1481712318      1382   478926    0.913479
1481712319      1248   480174    0.915859
1481712320      1383   481557    0.918497
1481712321      1382   482939    0.921133
1481712322      1382   484321    0.923769
1481712323      1105   485551    0.926115
1481712324      1390   486941    0.928766
1481712325      1382   488323    0.931402
1481712326      1377   489700    0.934029
1481712327      1255   490955    0.936422
1481712328      1383   492338    0.93906
1481712329      1384   493722    0.9417
1481712330      1338   495060    0.944252
1481712331      1265   496325    0.946665
1481712332      1383   497708    0.949303
1481712333      1382   499090    0.951939
