1499682102      379   381    0.0112638
1499682103      378   759    0.022439
1499682104      377   1136    0.0335846
1499682105      297   1661    0.0491056
1499682107      298   2113    0.0624685
1499682108      263   2417    0.071456
1499682110      300   2869    0.0848188
1499682111      297   3321    0.0981817
1499682112      264   3625    0.107169
1499682114      298   4077    0.120532
1499682115      283   4529    0.133895
1499682117      262   4833    0.142882
1499682118      297   5285    0.156245
1499682120      299   5737    0.169608
1499682121      261   6041    0.178596
1499682122      297   6493    0.191958
1499682124      298   6945    0.205321
1499682125      262   7249    0.214309
1499682126      295   7701    0.227672
1499682128      288   8153    0.241035
1499682129      267   8457    0.250022
1499682131      296   8909    0.263385
1499682132      300   9361    0.276748
1499682133      266   9665    0.285735
1499682135      299   10117    0.299098
1499682136      283   10569    0.312461
1499682138      267   10873    0.321448
1499682139      296   11325    0.334811
1499682141      301   11777    0.348174
1499682142      266   12081    0.357162
1499682143      301   12533    0.370524
1499682145      295   12985    0.383887
1499682146      264   13289    0.392875
1499682147      302   13741    0.406238
1499682149      297   14193    0.4196
1499682150      266   14497    0.428588
1499682152      300   14949    0.441951
1499682153      301   15401    0.455314
1499682154      266   15705    0.464301
1499682156      295   16157    0.477664
1499682157      301   16609    0.491027
1499682158      267   16913    0.500014
1499682160      296   17365    0.513377
1499682161      297   17817    0.52674
1499682163      267   18121    0.535728
1499682164      296   18573    0.54909
1499682166      299   19025    0.562453
1499682167      266   19329    0.571441
1499682169      257   19781    0.584804
