1485944194      1210   1211    0.0092392
1485944195      1223   2435    0.0185776
1485944196      1199   3634    0.0277252
1485944197      1210   4846    0.036972
1485944198      972   5818    0.0443878
1485944199      1165   6983    0.0532761
1485944200      841   7941    0.060585
1485944201      1163   9104    0.069458
1485944202      858   10086    0.0769501
1485944203      892   10978    0.0837555
1485944204      1156   12134    0.0925751
1485944205      846   13021    0.0993423
1485944206      1170   14191    0.108269
1485944207      883   15166    0.115707
1485944208      896   16062    0.122543
1485944209      1150   17212    0.131317
1485944210      834   18101    0.1381
1485944211      1160   19262    0.146957
1485944212      889   20246    0.154465
1485944213      850   21096    0.16095
1485944214      1145   22241    0.169685
1485944215      863   23181    0.176857
1485944216      1159   24340    0.185699
1485944218      894   25326    0.193222
1485944219      873   26199    0.199883
1485944220      1169   27368    0.208801
1485944221      846   28261    0.215614
1485944222      1112   29373    0.224098
1485944223      900   30406    0.231979
1485944224      889   31295    0.238762
1485944225      1140   32435    0.247459
1485944226      867   33341    0.254372
1485944227      1175   34516    0.263336
1485944228      881   35486    0.270737
1485944229      906   36392    0.277649
1485944230      1168   37560    0.28656
1485944231      841   38421    0.293129
1485944232      1177   39598    0.302109
1485944233      886   40566    0.309494
1485944234      881   41447    0.316216
1485944235      1172   42619    0.325157
1485944236      853   43501    0.331886
1485944237      1168   44669    0.340797
1485944238      849   45646    0.348251
1485944239      913   46559    0.355217
1485944240      1166   47725    0.364113
1485944241      742   48581    0.370644
1485944242      1169   49750    0.379562
1485944244      852   50726    0.387009
1485944245      894   51620    0.393829
1485944246      1168   52788    0.40274
1485944247      843   53661    0.409401
1485944248      1165   54826    0.418289
1485944249      854   55806    0.425766
1485944250      949   56755    0.433006
1485944251      1164   57919    0.441887
1485944252      781   58741    0.448158
1485944253      1162   59903    0.457024
1485944254      876   60886    0.464523
1485944255      736   61676    0.470551
1485944256      1158   62834    0.479385
1485944257      881   63821    0.486916
1485944258      1166   64987    0.495811
1485944259      875   65966    0.503281
1485944260      884   66850    0.510025
1485944261      1165   68015    0.518913
1485944262      828   68901    0.525673
1485944263      1160   70061    0.534523
1485944264      880   71046    0.542038
1485944265      884   71930    0.548782
1485944266      1161   73091    0.55764
1485944267      856   73981    0.56443
1485944268      1150   75131    0.573204
1485944270      894   76126    0.580795
1485944271      889   77015    0.587578
1485944272      1149   78164    0.596344
1485944273      804   79061    0.603188
1485944274      1171   80232    0.612122
1485944275      886   81118    0.618881
1485944276      716   81996    0.62558
1485944277      1178   83174    0.634567
1485944278      796   84141    0.641945
1485944279      1033   85174    0.649826
1485944280      858   86286    0.65831
1485944281      758   87076    0.664337
1485944282      1132   88208    0.672974
1485944284      900   89221    0.680702
1485944285      999   90220    0.688324
1485944286      870   91366    0.697067
1485944287      732   92156    0.703094
1485944288      1169   93325    0.712013
1485944289      817   94301    0.71946
1485944290      1181   95482    0.72847
1485944292      510   96446    0.735825
1485944293      1007   97453    0.743507
1485944294      1167   98620    0.752411
1485944295      818   99438    0.758652
1485944296      1152   100590    0.767441
1485944297      871   101526    0.774582
1485944298      875   102401    0.781258
1485944299      1153   103554    0.790054
1485944300      849   104461    0.796974
1485944301      1153   105614    0.805771
1485944302      875   106606    0.813339
1485944303      828   107434    0.819656
1485944304      1131   108565    0.828285
1485944305      840   109541    0.835732
1485944306      1130   110671    0.844353
1485944308      855   111686    0.852097
1485944309      893   112579    0.85891
1485944310      1130   113709    0.867531
1485944311      821   114621    0.874489
1485944312      1134   115755    0.883141
1485944313      881   116766    0.890854
1485944314      865   117631    0.897453
1485944315      1134   118765    0.906105
1485944316      834   119701    0.913246
1485944317      1163   120864    0.922119
1485944318      879   121846    0.929611
1485944319      887   122733    0.936378
1485944320      1164   123897    0.945259
1485944321      842   124781    0.952003
1485944322      1164   125945    0.960884
1485944323      898   126926    0.968369
1485944324      883   127809    0.975105
1485944325      1166   128975    0.984001
1485944326      825   129861    0.990761
1485944327      1158   131019    0.999596
1485944329      852   132006    1.00713
1485944330      891   132897    1.01392
1485944331      1171   134068    1.02286
1485944332      841   134941    1.02952
1485944333      1163   136104    1.03839
1485944334      876   137086    1.04588
1485944335      855   137941    1.05241
1485944336      1144   139085    1.06113
1485944337      862   140021    1.06828
1485944338      1159   141180    1.07712
1485944339      877   142166    1.08464
1485944340      876   143042    1.09132
1485944341      1160   144202    1.10017
1485944342      839   145101    1.10703
1485944343      1167   146268    1.11594
1485944344      887   147246    1.1234
1485944345      895   148141    1.13023
1485944346      1174   149315    1.13918
1485944347      852   150181    1.14579
1485944348      1174   151355    1.15475
1485944349      895   152326    1.16216
1485944350      891   153217    1.16895
1485944351      1172   154389    1.17789
1485944352      836   155261    1.18455
1485944353      1169   156430    1.19347
1485944354      889   157406    1.20091
1485944355      898   158304    1.20776
1485944356      1161   159465    1.21662
1485944357      829   160341    1.2233
1485944358      1080   161421    1.23154
1485944359      415   161836    1.23471
1485944360      893   162729    1.24152
1485944361      1164   163893    1.2504
1485944362      850   164743    1.25689
1485944363      1097   165840    1.26526
1485944364      898   166851    1.27297
1485944365      897   167748    1.27982
1485944366      1108   168856    1.28827
1485944368      820   169786    1.29536
1485944369      1154   170940    1.30417
1485944370      856   171931    1.31173
1485944371      870   172801    1.31837
1485944372      1133   173934    1.32701
1485944373      865   174866    1.33412
1485944374      1135   176001    1.34278
1485944375      867   177011    1.35049
1485944376      882   177893    1.35722
1485944377      1170   179063    1.36614
1485944378      841   179946    1.37288
1485944379      1163   181109    1.38175
1485944380      883   182091    1.38924
1485944381      889   182980    1.39603
1485944382      1170   184150    1.40495
1485944383      853   185026    1.41164
1485944384      1175   186201    1.4206
1485944385      851   187171    1.428
1485944386      884   188055    1.43475
1485944387      1164   189219    1.44363
1485944388      819   190106    1.45039
1485944389      1182   191288    1.45941
1485944391      851   192251    1.46676
1485944392      899   193150    1.47362
1485944393      1156   194306    1.48244
1485944394      846   195186    1.48915
1485944395      1160   196346    1.498
1485944396      881   197331    1.50552
1485944397      874   198205    1.51218
1485944398      1135   199340    1.52084
1485944399      837   200266    1.52791
1485944400      1133   201399    1.53655
1485944401      858   202411    1.54427
1485944402      891   203302    1.55107
1485944403      1120   204422    1.55962
1485944404      864   205346    1.56667
1485944405      1190   206536    1.57574
1485944406      830   207491    1.58303
1485944407      658   208281    1.58906
1485944408      1177   209458    1.59804
1485944410      807   210426    1.60542
1485944411      1011   211437    1.61314
1485944412      1085   212522    1.62141
1485944413      733   213286    1.62724
1485944414      793   214079    1.63329
1485944415      1004   215083    1.64095
1485944416      943   216221    1.64964
1485944417      1175   217396    1.6586
1485944418      811   218366    1.666
1485944419      824   219190    1.67229
1485944420      977   220167    1.67974
1485944421      953   221301    1.68839
1485944422      1032   222333    1.69627
1485944423      874   223446    1.70476
1485944425      739   224236    1.71078
1485944426      1178   225414    1.71977
1485944427      885   226381    1.72715
1485944428      1182   227563    1.73617
1485944429      887   228526    1.74352
1485944430      903   229429    1.7504
1485944431      1175   230604    1.75937
1485944432      824   231461    1.76591
1485944433      1178   232639    1.77489
1485944434      839   233606    1.78227
1485944435      933   234539    1.78939
1485944436      1153   235692    1.79819
1485944437      834   236541    1.80466
1485944438      1158   237699    1.8135
1485944439      894   238686    1.82103
1485944440      897   239583    1.82787
1485944441      1166   240749    1.83677
1485944442      838   241621    1.84342
1485944443      1173   242794    1.85237
1485944444      852   243766    1.85979
1485944445      951   244717    1.86704
1485944446      1158   245875    1.87588
1485944447      824   246701    1.88218
1485944448      1162   247863    1.89104
1485944449      833   248846    1.89854
1485944450      933   249779    1.90566
1485944451      1157   250936    1.91449
1485944452      827   251781    1.92094
1485944453      1110   252891    1.92941
1485944455      910   253926    1.9373
1485944456      890   254816    1.94409
1485944457      1162   255978    1.95296
1485944458      856   256861    1.95969
1485944459      1173   258034    1.96864
1485944460      886   259006    1.97606
1485944461      892   259898    1.98286
1485944462      1156   261054    1.99168
1485944463      820   261941    1.99845
1485944464      1164   263105    2.00733
1485944465      883   264086    2.01482
1485944466      896   264982    2.02165
1485944467      1079   266061    2.02988
1485944468      874   267021    2.03721
1485944469      1158   268179    2.04604
1485944470      869   269166    2.05357
1485944471      894   270060    2.06039
1485944472      1167   271227    2.0693
1485944473      838   272101    2.07597
1485944474      1178   273279    2.08495
1485944475      879   274246    2.09233
1485944476      872   275118    2.09898
1485944477      1169   276287    2.1079
1485944478      860   277181    2.11472
1485944479      1178   278359    2.12371
1485944480      882   279326    2.13109
1485944481      908   280234    2.13802
1485944482      1119   281353    2.14655
1485944484      810   282261    2.15348
1485944485      1159   283420    2.16232
1485944486      898   284406    2.16985
1485944487      890   285296    2.17664
1485944488      1115   286411    2.18514
1485944489      868   287341    2.19224
1485944490      1186   288527    2.20129
1485944491      875   289486    2.2086
1485944492      897   290383    2.21545
1485944493      1166   291549    2.22434
1485944494      853   292421    2.231
1485944495      1173   293594    2.23994
1485944496      810   294566    2.24736
1485944497      789   295356    2.25339
1485944498      1000   296357    2.26102
1485944499      1118   297475    2.26955
1485944500      818   298293    2.27579
1485944501      1155   299448    2.28461
1485944502      876   300324    2.29129
1485944503      812   301151    2.2976
1485944504      1177   302328    2.30658
1485944505      871   303296    2.31396
1485944506      1165   304461    2.32285
1485944507      883   305344    2.32959
1485944508      840   306231    2.33636
1485944509      1105   307336    2.34479
1485944510      902   308376    2.35272
1485944511      1165   309541    2.36161
1485944512      880   310421    2.36832
1485944513      821   311311    2.37511
1485944514      1169   312480    2.38403
1485944516      877   313456    2.39148
1485944517      1163   314619    2.40035
1485944518      876   315495    2.40704
1485944519      848   316391    2.41387
1485944520      1167   317558    2.42278
1485944521      850   318536    2.43024
1485944522      1171   319707    2.43917
1485944523      879   320586    2.44588
1485944524      845   321471    2.45263
1485944525      1166   322637    2.46152
1485944526      884   323616    2.46899
1485944527      1096   324712    2.47736
1485944528      866   325578    2.48396
1485944529      799   326551    2.49139
1485944530      1160   327711    2.50024
1485944531      879   328696    2.50775
1485944532      901   329597    2.51463
1485944533      875   330472    2.5213
1485944534      439   330916    2.52469
1485944535      704   331631    2.53014
1485944536      1178   332809    2.53913
1485944537      795   333776    2.54651
1485944538      1181   334957    2.55552
1485944539      642   335599    2.56042
1485944541      815   336711    2.5689
1485944542      1180   337891    2.5779
1485944543      807   338856    2.58527
1485944544      1176   340032    2.59424
1485944545      728   340760    2.59979
1485944546      839   341791    2.60766
1485944547      1178   342969    2.61665
1485944549      764   343936    2.62402
1485944550      1179   345115    2.63302
1485944551      888   346003    2.63979
1485944552      847   346871    2.64642
1485944553      1044   347915    2.65438
1485944554      897   349016    2.66278
1485944555      1170   350186    2.67171
1485944556      889   351075    2.67849
1485944557      850   351951    2.68517
1485944558      1180   353131    2.69418
1485944559      881   354096    2.70154
1485944560      1175   355271    2.7105
1485944561      877   356148    2.71719
1485944562      790   357031    2.72393
1485944563      1183   358214    2.73296
1485944564      862   359176    2.7403
1485944565      1138   360314    2.74898
1485944566      861   361175    2.75555
1485944567      771   362111    2.76269
1485944568      1166   363277    2.77158
1485944569      854   364256    2.77905
1485944570      1104   365360    2.78748
1485944571      874   366234    2.79414
1485944573      875   367191    2.80145
1485944574      1171   368362    2.81038
1485944575      851   369336    2.81781
1485944576      1174   370510    2.82677
1485944577      880   371390    2.83348
1485944578      822   372271    2.8402
1485944579      1129   373400    2.84882
1485944580      865   374416    2.85657
1485944581      1131   375547    2.8652
1485944582      860   376407    2.87176
1485944583      842   377351    2.87896
1485944584      1141   378492    2.88766
1485944585      858   379496    2.89532
1485944586      1157   380653    2.90415
1485944587      860   381513    2.91071
1485944588      854   382431    2.91772
1485944589      1171   383602    2.92665
1485944590      847   384576    2.93408
1485944591      1166   385742    2.94298
1485944592      880   386622    2.94969
1485944594      838   387511    2.95647
1485944595      1142   388653    2.96519
1485944596      850   389656    2.97284
1485944597      1168   390824    2.98175
1485944598      893   391717    2.98856
1485944599      848   392591    2.99523
1485944600      1174   393765    3.00419
1485944601      830   394736    3.0116
1485944602      1174   395910    3.02055
1485944603      882   396792    3.02728
1485944604      857   397671    3.03399
1485944605      1176   398847    3.04296
1485944606      888   399816    3.05035
1485944607      1171   400987    3.05929
1485944608      894   401881    3.06611
1485944609      848   402751    3.07275
1485944610      1184   403935    3.08178
1485944611      889   404896    3.08911
1485944612      1166   406062    3.09801
1485944613      893   406955    3.10482
1485944614      850   407831    3.1115
1485944615      1175   409006    3.12047
1485944616      882   409976    3.12787
1485944617      1174   411150    3.13683
1485944618      887   412037    3.14359
1485944619      846   412911    3.15026
1485944620      1175   414086    3.15923
1485944621      885   415056    3.16663
1485944622      1178   416234    3.17561
1485944623      895   417129    3.18244
1485944624      842   417991    3.18902
1485944625      1053   419044    3.19705
1485944627      897   420136    3.20538
1485944628      1130   421266    3.214
1485944629      851   422117    3.2205
1485944630      838   423071    3.22778
1485944631      1149   424220    3.23654
1485944632      852   425216    3.24414
1485944633      1127   426343    3.25274
1485944634      813   427156    3.25894
1485944635      862   428151    3.26653
1485944636      1131   429282    3.27516
1485944637      881   430296    3.2829
1485944638      1158   431454    3.29173
1485944639      854   432308    3.29825
1485944640      852   433231    3.30529
1485944641      1162   434393    3.31416
1485944642      898   435376    3.32166
1485944643      1168   436544    3.33057
1485944644      893   437437    3.33738
1485944645      829   438311    3.34405
1485944646      1175   439486    3.35301
1485944648      850   440456    3.36041
1485944649      1166   441622    3.36931
1485944650      872   442494    3.37596
1485944651      814   443391    3.3828
1485944652      1167   444558    3.39171
1485944653      887   445536    3.39917
1485944654      1179   446715    3.40816
1485944655      869   447584    3.41479
1485944656      807   448471    3.42156
1485944657      1158   449629    3.4304
1485944658      885   450616    3.43793
1485944659      1163   451779    3.4468
1485944660      857   452636    3.45334
1485944661      804   453551    3.46032
1485944662      1092   454643    3.46865
1485944663      837   455696    3.47668
1485944664      802   456498    3.4828
1485944665      883   457381    3.48954
1485944666      1160   458541    3.49839
1485944667      789   459346    3.50453
1485944668      1006   460352    3.51221
1485944670      853   461491    3.5209
1485944671      767   462281    3.52692
1485944672      1062   463343    3.53503
1485944673      894   464426    3.54329
1485944674      1060   465486    3.55138
1485944675      850   466571    3.55965
1485944676      706   467361    3.56568
1485944677      1168   468529    3.57459
1485944678      883   469412    3.58133
1485944680      678   470221    3.5875
1485944681      1178   471399    3.59649
1485944682      860   472366    3.60387
1485944683      900   473266    3.61073
1485944684      1168   474434    3.61964
1485944685      848   475301    3.62626
1485944686      1183   476484    3.63528
1485944687      867   477446    3.64262
1485944688      896   478342    3.64946
1485944689      1171   479513    3.65839
1485944690      861   480381    3.66502
1485944691      1166   481547    3.67391
1485944692      850   482526    3.68138
1485944693      940   483466    3.68855
1485944694      1106   484572    3.69699
1485944695      704   485276    3.70236
1485944696      829   486176    3.70923
1485944697      1162   487338    3.71809
1485944698      885   488223    3.72485
1485944699      850   489111    3.73162
1485944700      1165   490276    3.74051
1485944701      886   491256    3.74799
1485944702      1179   492435    3.75698
1485944703      884   493319    3.76373
1485944704      845   494191    3.77038
1485944705      1183   495374    3.7794
1485944706      874   496336    3.78674
1485944707      1177   497513    3.79572
1485944708      878   498391    3.80242
1485944709      846   499271    3.80914
