1500020630      68   69    0.000460625
1500020631      67   136    0.000907898
1500020632      66   203    0.00135517
1500020633      67   270    0.00180244
1500020634      68   338    0.00225639
1500020635      71   410    0.00273705
1500020636      70   480    0.00320435
1500020637      69   550    0.00367165
1500020638      65   616    0.00411224
1500020639      70   687    0.00458622
1500020640      69   756    0.00504684
1500020641      66   823    0.00549412
1500020642      71   894    0.00596809
1500020643      69   963    0.00642872
1500020644      68   1032    0.00688934
1500020645      66   1099    0.00733662
1500020646      69   1169    0.00780392
1500020647      69   1238    0.00826454
1500020648      66   1305    0.00871181
1500020649      70   1375    0.00917912
1500020650      70   1446    0.00965309
1500020651      68   1514    0.010107
1500020652      73   1588    0.010601
1500020653      67   1656    0.011055
1500020654      66   1723    0.0115023
1500020655      70   1793    0.0119696
1500020656      66   1859    0.0124102
1500020657      70   1930    0.0128841
1500020658      69   1999    0.0133448
1500020659      65   2065    0.0137854
1500020660      71   2137    0.014266
1500020661      68   2206    0.0147266
1500020662      70   2276    0.0151939
1500020663      67   2344    0.0156479
1500020664      71   2415    0.0161219
1500020665      69   2485    0.0165892
1500020666      69   2554    0.0170498
1500020667      72   2627    0.0175371
1500020668      64   2692    0.017971
1500020669      71   2763    0.018445
1500020671      71   2835    0.0189257
1500020672      67   2902    0.0193729
1500020673      69   2972    0.0198402
1500020674      67   3040    0.0202942
1500020675      70   3111    0.0207682
1500020676      67   3179    0.0212221
1500020677      67   3246    0.0216694
1500020678      70   3316    0.0221367
1500020679      71   3387    0.0226107
1500020680      72   3460    0.023098
1500020681      69   3530    0.0235653
1500020682      71   3601    0.0240393
1500020683      73   3675    0.0245333
1500020684      66   3741    0.0249739
1500020685      68   3809    0.0254278
1500020686      69   3878    0.0258884
1500020687      68   3946    0.0263424
1500020688      68   4014    0.0267963
1500020689      58   4072    0.0271835
1500020690      72   4144    0.0276642
1500020691      70   4215    0.0281382
1500020692      72   4287    0.0286188
1500020693      72   4359    0.0290995
1500020694      71   4431    0.0295801
1500020695      68   4500    0.0300407
1500020696      70   4571    0.0305147
1500020697      70   4642    0.0309887
1500020698      72   4715    0.031476
1500020699      69   4785    0.0319433
1500020700      71   4856    0.0324173
