1500459250      998   998    0
1500459251      1000   1998    0
1500459252      999   2997    0
1500459253      1000   3997    0
1500459254      999   4996    0
1500459255      1000   5996    0
1500459256      999   6995    0
1500459257      1000   7995    0
1500459258      999   8994    0
1500459259      1000   9994    0
1500459260      999   10993    0
1500459261      1000   11993    0
1500459262      1000   12993    0
1500459263      999   13992    0
1500459264      1000   14992    0
1500459265      999   15991    0
1500459266      1000   16991    0
1500459267      999   17990    0
1500459268      1000   18990    0
1500459269      1000   19990    0
1500459270      999   20989    0
1500459271      1000   21989    0
1500459272      995   22984    0
1500459273      1000   23984    0
1500459274      999   24983    0
1500459275      1000   25983    0
1500459276      1000   26983    0
1500459277      999   27982    0
1500459278      1000   28982    0
1500459279      999   29981    0
1500459280      1000   30981    0
1500459281      999   31980    0
1500459282      1000   32980    0
1500459283      999   33979    0
1500459284      1000   34979    0
1500459285      999   35978    0
1500459286      1000   36978    0
1500459287      999   37977    0
1500459288      1000   38977    0
1500459289      999   39976    0
1500459290      1000   40976    0
1500459291      1000   41976    0
1500459292      999   42975    0
1500459293      1000   43975    0
1500459294      999   44974    0
1500459295      1000   45974    0
1500459296      999   46973    0
1500459297      1000   47973    0
1500459298      999   48972    0
1500459299      1000   49972    0
1500459300      999   50971    0
1500459301      1000   51971    0
1500459302      999   52970    0
1500459303      1000   53970    0
1500459304      999   54969    0
1500459305      1000   55969    0
1500459306      1000   56969    0
1500459307      999   57968    0
1500459308      1000   58968    0
1500459309      999   59967    0
1500459310      1000   60967    0
1500459311      999   61966    0
1500459312      1000   62966    0
1500459313      999   63965    0
1500459314      1000   64965    0
1500459315      999   65964    0
1500459316      1000   66964    0
1500459317      999   67963    0
1500459318      1000   68963    0
1500459319      999   69962    0
1500459320      1000   70962    0
1500459321      1000   71962    0
1500459322      999   72961    0
1500459323      1000   73961    0
1500459324      999   74960    0
1500459325      1000   75960    0
1500459326      999   76959    0
1500459327      1000   77959    0
1500459328      978   78937    0
1500459329      1000   79937    0
1500459330      999   80936    0
1500459331      937   81873    0
1500459332      999   82872    0
1500459333      1000   83872    0
1500459334      951   84823    0
1500459335      999   85822    0
1500459336      1000   86822    0
1500459337      999   87821    0
1500459338      939   88760    0
1500459339      999   89759    0
1500459340      1000   90759    0
1500459341      950   91709    0
1500459342      1000   92709    0
1500459343      999   93708    0
1500459344      951   94659    0
1500459345      1000   95659    0
1500459346      999   96658    0
1500459347      1000   97658    0
1500459348      949   98607    0
1500459349      1000   99607    0
1500459350      999   100606    0
1500459351      952   101558    0
1500459352      999   102557    0
1500459353      1000   103557    0
1500459354      925   104482    0
1500459355      1000   105482    0
1500459356      999   106481    0
1500459357      1000   107481    0
1500459358      928   108409    0
1500459359      999   109408    0
1500459360      1000   110408    0
1500459361      949   111357    0
1500459362      1000   112357    0
1500459363      999   113356    0
1500459364      951   114307    0
1500459365      996   115303    0
1500459366      1000   116303    0
1500459367      946   117301    0
1500459368      1007   118308    0
1500459369      999   119307    0
1500459370      1000   120307    0
1500459371      949   121256    0
1500459372      1000   122256    0
1500459373      999   123255    0
1500459374      930   124185    0
1500459375      999   125184    0
1500459376      1000   126184    0
1500459377      950   127134    0
1500459378      1000   128134    0
1500459379      1000   129134    0
1500459380      999   130133    0
1500459381      951   131084    0
1500459382      999   132083    0
1500459383      1000   133083    0
1500459384      950   134033    0
1500459385      1000   135033    0
1500459386      999   136032    0
1500459387      950   136982    0
1500459388      999   137981    0
1500459389      1000   138981    0
1500459390      999   139980    0
1500459391      933   140913    0
1500459392      999   141912    0
1500459393      1000   142912    0
1500459394      933   143845    0
1500459395      996   144841    0
1500459396      1000   145841    0
1500459397      950   146791    0
1500459398      996   147787    0
1500459399      999   148786    0
1500459400      1000   149786    0
1500459401      942   150728    0
1500459402      1000   151728    0
1500459403      999   152727    0
1500459404      951   153678    0
1500459405      999   154677    0
1500459406      1000   155677    0
1500459407      942   156619    0
1500459408      999   157618    0
1500459409      1000   158618    0
1500459410      999   159617    0
1500459411      951   160568    0
1500459412      999   161567    0
1500459413      1000   162567    0
1500459414      950   163517    0
1500459415      1000   164517    0
1500459416      999   165516    0
1500459417      951   166467    0
1500459418      999   167466    0
1500459419      1000   168466    0
1500459420      1000   169466    0
1500459421      941   170407    0
1500459422      1000   171407    0
1500459423      999   172406    0
1500459424      938   173344    0
1500459425      999   174343    0
1500459426      1000   175343    0
1500459427      950   176293    0
1500459428      1000   177293    0
1500459429      999   178292    0
1500459430      1000   179292    0
1500459431      926   180218    0
1500459432      1000   181218    0
1500459433      1000   182218    0
1500459434      950   183168    0
1500459435      1000   184168    0
1500459436      999   185167    0
1500459437      951   186118    0
1500459438      999   187117    0
1500459439      1000   188117    0
1500459440      945   189087    0
1500459441      1007   190094    0
1500459442      999   191093    0
1500459443      1000   192093    0
1500459444      951   193044    0
1500459445      1000   194044    0
1500459446      999   195043    0
1500459447      951   195994    0
1500459448      999   196993    0
1500459449      1000   197993    0
1500459450      950   198943    0
1500459451      1000   199943    0
1500459452      999   200942    0
1500459453      1000   201942    0
1500459454      952   202894    0
1500459455      999   203893    0
1500459456      1000   204893    0
1500459457      938   205831    0
1500459458      1000   206831    0
1500459459      999   207830    0
1500459460      951   208781    0
1500459461      999   209780    0
1500459462      1000   210780    0
1500459463      999   211779    0
1500459464      929   212708    0
1500459465      999   213707    0
1500459466      1000   214707    0
1500459467      952   215659    0
1500459468      999   216658    0
1500459469      1000   217658    0
1500459470      951   218609    0
1500459471      1000   219609    0
1500459472      999   220608    0
1500459473      946   221597    0
1500459474      1006   222603    0
1500459475      1000   223603    0
1500459476      999   224602    0
1500459477      952   225554    0
1500459478      999   226553    0
1500459479      1000   227553    0
1500459480      951   228504    0
1500459481      999   229503    0
1500459482      1000   230503    0
1500459483      950   231453    0
1500459484      1000   232453    0
1500459485      999   233452    0
1500459486      1000   234452    0
1500459487      939   235391    0
1500459488      1000   236391    0
1500459489      999   237390    0
1500459490      951   238341    0
1500459491      999   239340    0
1500459492      1000   240340    0
1500459493      1000   241340    0
1500459494      942   242282    0
1500459495      1000   243282    0
1500459496      999   244281    0
1500459497      951   245232    0
1500459498      999   246231    0
1500459499      1000   247231    0
1500459500      951   248182    0
1500459501      1000   249182    0
1500459502      999   250181    0
1500459503      951   251132    0
1500459504      999   252131    0
1500459505      1000   253131    0
1500459506      1000   254131    0
1500459507      951   255082    0
1500459508      1000   256082    0
1500459509      999   257081    0
1500459510      952   258033    0
1500459511      999   259032    0
1500459512      1000   260032    0
1500459513      951   260983    0
1500459514      1000   261983    0
1500459515      999   262982    0
1500459516      1000   263982    0
1500459517      937   264919    0
1500459518      1000   265919    0
1500459519      1000   266919    0
1500459520      943   267862    0
1500459521      1000   268862    0
1500459522      999   269861    0
1500459523      952   270813    0
1500459524      997   271810    0
1500459525      996   272806    0
1500459526      999   273805    0
1500459527      930   274735    0
1500459528      999   275734    0
1500459529      1000   276734    0
1500459530      951   277685    0
1500459531      999   278684    0
1500459532      1000   279684    0
1500459533      950   280634    0
1500459534      1000   281634    0
1500459535      999   282633    0
1500459536      947   283630    0
1500459537      1007   284637    0
1500459538      999   285636    0
1500459539      1000   286636    0
1500459540      951   287587    0
1500459541      1000   288587    0
1500459542      1000   289587    0
1500459543      951   290538    0
1500459544      1000   291538    0
1500459545      999   292537    0
1500459546      952   293489    0
1500459547      999   294488    0
1500459548      1000   295488    0
1500459549      999   296487    0
1500459550      952   297439    0
1500459551      999   298438    0
1500459552      1000   299438    0
1500459553      940   300378    0
1500459554      1000   301378    0
1500459555      1000   302378    0
1500459556      950   303328    0
1500459557      1000   304328    0
1500459558      999   305327    0
1500459559      999   306326    0
1500459560      927   307253    0
1500459561      1000   308253    0
1500459562      999   309252    0
1500459563      952   310204    0
1500459564      999   311203    0
1500459565      1000   312203    0
1500459566      929   313132    0
1500459567      989   314121    0
1500459568      1000   315121    0
1500459569      999   316120    0
1500459570      951   317071    0
1500459571      999   318070    0
1500459572      1000   319070    0
1500459573      935   320005    0
1500459574      1000   321005    0
1500459575      999   322004    0
1500459576      951   322955    0
1500459577      999   323954    0
1500459578      1000   324954    0
1500459579      999   325953    0
1500459580      944   326897    0
1500459581      1000   327897    0
1500459582      999   328896    0
1500459583      951   329847    0
1500459584      999   330846    0
1500459585      1000   331846    0
1500459586      950   332796    0
1500459587      1000   333796    0
1500459588      999   334795    0
1500459589      1000   335795    0
1500459590      940   336735    0
1500459591      1000   337735    0
1500459592      999   338734    0
1500459593      951   339685    0
1500459594      1000   340685    0
1500459595      999   341684    0
1500459596      951   342635    0
1500459597      999   343634    0
1500459598      1000   344634    0
1500459599      999   345633    0
1500459600      933   346566    0
1500459601      999   347565    0
1500459602      1000   348565    0
1500459603      950   349515    0
1500459604      1000   350515    0
1500459605      999   351514    0
1500459606      946   352460    0
1500459607      1000   353460    0
1500459608      999   354459    0
1500459609      944   355416    0
1500459610      1007   356423    0
1500459611      999   357422    0
1500459612      1000   358422    0
1500459613      942   359364    0
1500459614      1000   360364    0
1500459615      999   361363    0
1500459616      951   362314    0
1500459617      999   363313    0
1500459618      1000   364313    0
1500459619      950   365263    0
1500459620      1000   366263    0
1500459621      999   367262    0
1500459622      1000   368262    0
1500459623      945   369207    0
1500459624      999   370206    0
1500459625      1000   371206    0
1500459626      929   372135    0
1500459627      1000   373135    0
1500459628      999   374134    0
1500459629      940   375074    0
1500459630      999   376073    0
1500459631      1000   377073    0
1500459632      999   378072    0
1500459633      933   379005    0
1500459634      999   380004    0
1500459635      1000   381004    0
1500459636      930   381934    0
1500459637      1000   382934    0
1500459638      1000   383934    0
1500459639      950   384884    0
1500459640      1000   385884    0
1500459641      999   386883    0
1500459642      1000   387883    0
1500459643      907   388790    0
1500459644      1000   389790    0
1500459645      999   390789    0
1500459646      934   391723    0
1500459647      999   392722    0
1500459648      1000   393722    0
1500459649      945   394692    0
1500459650      1006   395698    0
1500459651      996   396694    0
1500459652      999   397693    0
1500459653      951   398644    0
1500459654      999   399643    0
1500459655      1000   400643    0
1500459656      951   401594    0
1500459657      999   402593    0
1500459658      1000   403593    0
1500459659      950   404543    0
1500459660      1000   405543    0
1500459661      999   406542    0
1500459662      1000   407542    0
1500459663      950   408492    0
1500459664      1000   409492    0
1500459665      999   410491    0
1500459666      936   411427    0
1500459667      999   412426    0
1500459668      1000   413426    0
1500459669      951   414377    0
1500459670      999   415376    0
1500459671      1000   416376    0
1500459672      999   417375    0
1500459673      932   418307    0
1500459674      999   419306    0
1500459675      1000   420306    0
1500459676      929   421235    0
1500459677      1000   422235    0
1500459678      999   423234    0
1500459679      951   424185    0
1500459680      999   425184    0
1500459681      1000   426184    0
1500459682      1000   427184    0
1500459683      928   428112    0
1500459684      1000   429112    0
1500459685      999   430111    0
1500459686      952   431063    0
1500459687      999   432062    0
1500459688      1000   433062    0
1500459689      943   434005    0
1500459690      1000   435005    0
1500459691      999   436004    0
1500459692      945   436955    0
1500459693      1007   437962    0
1500459694      1000   438962    0
1500459695      999   439961    0
1500459696      952   440913    0
1500459697      999   441912    0
1500459698      1000   442912    0
1500459699      951   443863    0
1500459700      1000   444863    0
1500459701      999   445862    0
1500459702      952   446814    0
1500459703      999   447813    0
1500459704      1000   448813    0
1500459705      1000   449813    0
1500459706      951   450764    0
1500459707      1000   451764    0
1500459708      999   452763    0
1500459709      952   453715    0
1500459710      999   454714    0
1500459711      1000   455714    0
1500459712      951   456665    0
1500459713      1000   457665    0
1500459714      999   458664    0
1500459715      1000   459664    0
1500459716      932   460596    0
1500459717      999   461595    0
1500459718      1000   462595    0
1500459719      950   463545    0
1500459720      1000   464545    0
1500459721      999   465544    0
1500459722      948   466492    0
1500459723      999   467491    0
1500459724      1000   468491    0
1500459725      946   469465    0
1500459726      998   470463    0
1500459727      999   471462    0
1500459728      1000   472462    0
1500459729      951   473413    0
1500459730      1000   474413    0
1500459731      1000   475413    0
1500459732      951   476364    0
1500459733      997   477361    0
1500459734      999   478360    0
1500459735      1000   479360    0
1500459736      944   480304    0
1500459737      1000   481304    0
1500459738      999   482303    0
1500459739      952   483255    0
1500459740      999   484254    0
1500459741      1000   485254    0
1500459742      952   486206    0
1500459743      999   487205    0
1500459744      1000   488205    0
1500459745      999   489204    0
1500459746      927   490131    0
1500459747      999   491130    0
1500459748      1000   492130    0
1500459749      948   493078    0
1500459750      1000   494078    0
1500459751      999   495077    0
1500459752      940   496017    0
1500459753      999   497016    0
1500459754      1000   498016    0
1500459755      946   498988    0
1500459756      1007   499995    0
