1484316720      1465   1466    0.0111847
1484316721      1460   2926    0.0223236
1484316722      1469   4395    0.0335312
1484316723      1392   5787    0.0441513
1484316724      981   6876    0.0524597
1484316725      1203   8079    0.0616379
1484316726      938   9021    0.0688248
1484316727      1227   10248    0.078186
1484316728      824   11072    0.0844727
1484316729      1214   12286    0.0937347
1484316730      935   13221    0.100868
1484316731      1209   14430    0.110092
1484316732      939   15369    0.117256
1484316733      905   16336    0.124634
1484316734      1226   17562    0.133987
1484316735      943   18505    0.141182
1484316736      1225   19730    0.150528
1484316737      948   20678    0.157761
1484316738      950   21781    0.166176
1484316739      1228   23009    0.175545
1484316740      934   23943    0.182671
1484316741      1222   25165    0.191994
1484316742      936   26101    0.199135
1484316743      957   27226    0.207718
1484316744      1231   28457    0.21711
1484316745      943   29400    0.224304
1484316746      1223   30623    0.233635
1484316747      937   31560    0.240784
1484316748      953   32671    0.24926
1484316749      1226   33897    0.258614
1484316750      946   34843    0.265831
1484316751      1226   36069    0.275185
1484316752      938   37007    0.282341
1484316753      957   38116    0.290802
1484316754      893   39009    0.297615
1484316755      1217   40226    0.3069
1484316756      940   41166    0.314072
1484316757      1217   42383    0.323357
1484316758      944   43327    0.330559
1484316759      894   44276    0.337799
1484316760      1232   45508    0.347198
1484316761      937   46445    0.354347
1484316762      1225   47670    0.363693
1484316763      943   48613    0.370888
1484316765      956   49721    0.379341
1484316766      1228   50949    0.38871
1484316767      940   51889    0.395882
1484316768      1226   53115    0.405235
1484316769      939   54054    0.412399
1484316770      955   55166    0.420883
1484316771      1235   56401    0.430305
1484316772      943   57344    0.4375
1484316773      1218   58562    0.446793
1484316774      943   59505    0.453987
1484316775      950   60611    0.462425
1484316776      1230   61841    0.471809
1484316777      950   62791    0.479057
1484316778      1217   64008    0.488342
1484316779      947   64955    0.495567
1484316780      953   66056    0.503967
1484316781      1225   67281    0.513313
1484316782      933   68214    0.520432
1484316783      1220   69434    0.529739
1484316784      947   70381    0.536964
1484316785      960   71501    0.545509
1484316786      1234   72735    0.554924
1484316787      948   73683    0.562157
1484316788      1217   74900    0.571442
1484316789      946   75846    0.578659
1484316790      1046   76892    0.586639
1484316791      805   77697    0.592781
1484316792      1229   78926    0.602158
1484316793      801   79806    0.608871
1484316794      1220   81026    0.618179
1484316795      637   81676    0.623138
1484316796      1161   82837    0.631996
1484316797      869   83821    0.639503
1484316798      1011   84832    0.647217
1484316800      882   85966    0.655869
1484316801      944   87121    0.66468
1484316802      1220   88341    0.673988
1484316803      824   89266    0.681046
1484316804      1228   90494    0.690414
1484316805      812   91411    0.697411
1484316806      1026   92437    0.705238
1484316807      724   93281    0.711678
1484316808      1040   94321    0.719612
1484316810      878   95426    0.728043
1484316811      1232   96658    0.737442
1484316812      802   97571    0.744408
1484316813      870   98726    0.75322
1484316814      1204   99930    0.762405
1484316815      821   100871    0.769585
1484316816      1029   101900    0.777435
1484316817      998   103016    0.78595
1484316818      838   103854    0.792343
1484316820      853   104886    0.800217
1484316821      1231   106117    0.809608
1484316822      549   106666    0.813797
1484316823      881   107746    0.822037
1484316824      972   108901    0.830849
1484316825      1019   109920    0.838623
1484316826      887   111046    0.847214
1484316827      1229   112275    0.85659
1484316828      826   113191    0.863579
1484316830      830   114346    0.872391
1484316831      1235   115581    0.881813
1484316832      824   116491    0.888756
1484316833      1226   117717    0.898109
1484316834      831   118636    0.905121
1484316835      1029   119665    0.912971
1484316836      858   120523    0.919518
1484316837      1037   121560    0.927429
1484316838      884   122651    0.935753
1484316839      1223   123874    0.945084
1484316840      818   124796    0.952118
1484316842      868   125951    0.96093
1484316843      1230   127181    0.970314
1484316844      812   128096    0.977295
1484316845      1021   129117    0.985085
1484316846      927   130241    0.99366
1484316847      808   131049    0.999825
1484316848      866   132111    1.00793
1484316849      1230   133341    1.01731
1484316850      812   134256    1.02429
1484316851      1028   135284    1.03214
1484316853      705   136126    1.03856
1484316854      1230   137356    1.04794
1484316855      791   138271    1.05492
1484316856      1228   139499    1.06429
1484316857      838   140416    1.07129
1484316858      1035   141451    1.07919
1484316859      741   142286    1.08556
1484316860      1232   143518    1.09496
1484316861      835   144431    1.10192
1484316862      1234   145665    1.11134
1484316863      840   146576    1.11829
1484316864      845   147421    1.12473
1484316865      861   148446    1.13255
1484316866      1237   149683    1.14199
1484316867      833   150591    1.14892
1484316868      1233   151824    1.15833
1484316869      672   152496    1.16345
1484316870      1015   153511    1.1712
1484316872      931   154606    1.17955
1484316873      1172   155778    1.18849
1484316874      859   156751    1.19592
1484316875      828   157906    1.20473
1484316876      1224   159130    1.21407
1484316877      818   160051    1.22109
1484316878      1225   161276    1.23044
1484316879      771   162196    1.23746
1484316881      973   163351    1.24627
1484316882      1141   164492    1.25497
1484316883      850   165496    1.26263
1484316884      1219   166715    1.27193
1484316885      819   167641    1.279
1484316886      1016   168657    1.28675
1484316887      762   169511    1.29327
1484316888      1064   170575    1.30138
1484316889      870   171656    1.30963
1484316890      1225   172881    1.31898
1484316891      819   173801    1.326
1484316893      972   174956    1.33481
1484316894      1225   176181    1.34415
1484316895      840   177101    1.35117
1484316896      962   178063    1.35851
1484316897      911   179246    1.36754
1484316898      931   180401    1.37635
1484316899      1142   181543    1.38506
1484316900      872   182546    1.39272
1484316901      1204   183750    1.4019
1484316902      831   184691    1.40908
1484316903      844   185535    1.41552
1484316905      848   186561    1.42335
1484316906      1230   187791    1.43273
1484316907      834   188706    1.43971
1484316908      1230   189936    1.4491
1484316909      705   190641    1.45448
1484316910      1013   191654    1.4622
1484316911      983   192721    1.47034
1484316912      1066   193787    1.47848
1484316913      882   194866    1.48671
1484316914      851   196021    1.49552
1484316915      1227   197248    1.50488
1484316917      789   198166    1.51189
1484316918      1106   199272    1.52032
1484316919      849   200311    1.52825
1484316920      1110   201421    1.53672
1484316921      671   202181    1.54252
1484316922      1110   203291    1.55099
1484316923      944   204235    1.55819
1484316924      682   205041    1.56434
1484316925      1103   206144    1.57275
1484316926      614   206911    1.57861
1484316927      1178   208089    1.58759
1484316929      840   209056    1.59497
1484316930      1106   210162    1.60341
1484316931      886   211201    1.61134
1484316932      820   212356    1.62015
1484316933      1200   213556    1.6293
1484316934      810   214501    1.63651
1484316935      1025   215526    1.64433
1484316937      881   216646    1.65288
1484316938      937   217801    1.66169
1484316939      1229   219030    1.67107
1484316940      806   219946    1.67805
1484316941      1222   221168    1.68738
1484316942      858   222091    1.69442
1484316943      1102   223193    1.70283
1484316944      703   223961    1.70869
1484316945      1195   225156    1.7178
1484316946      812   226106    1.72505
1484316947      1107   227213    1.7335
1484316948      869   228251    1.74142
1484316950      421   228691    1.74477
1484316951      1102   229793    1.75318
1484316952      997   230790    1.76079
1484316953      750   231551    1.76659
1484316954      1229   232780    1.77597
1484316955      795   233696    1.78296
1484316956      1070   234766    1.79112
1484316957      818   235584    1.79736
1484316958      1079   236663    1.8056
1484316959      846   237711    1.81359
1484316960      1236   238947    1.82302
1484316961      736   239683    1.82864
1484316962      991   240674    1.8362
1484316963      961   241635    1.84353
1484316964      944   242579    1.85073
1484316965      1228   243807    1.8601
1484316966      923   244730    1.86714
1484316967      904   245741    1.87486
1484316968      1231   246972    1.88425
1484316969      780   247886    1.89122
1484316970      1230   249116    1.9006
1484316971      836   250031    1.90759
1484316972      1078   251109    1.91581
1484316973      934   252043    1.92294
1484316974      1214   253257    1.9322
1484316975      939   254196    1.93936
1484316976      1206   255402    1.94856
1484316977      845   256247    1.95501
1484316979      894   257346    1.96339
1484316980      1196   258542    1.97252
1484316981      606   259148    1.97714
1484316982      946   260206    1.98521
1484316983      948   261361    1.99403
1484316984      1227   262588    2.00339
1484316985      889   263506    2.01039
1484316986      1205   264711    2.01958
1484316987      885   265651    2.02676
1484316988      922   266806    2.03557
1484316989      1223   268029    2.0449
1484316990      918   268951    2.05193
1484316991      1231   270182    2.06133
1484316992      938   271120    2.06848
1484316993      1099   272219    2.07687
1484316994      866   273085    2.08347
1484316995      1226   274311    2.09283
1484316996      921   275232    2.09985
1484316997      1180   276412    2.10886
1484316998      818   277256    2.1153
1484316999      1145   278401    2.12403
1484317000      944   279345    2.13123
1484317001      1101   280446    2.13963
1484317002      921   281367    2.14666
1484317003      1220   282587    2.15597
1484317004      863   283450    2.16255
1484317005      969   284571    2.1711
1484317006      1233   285804    2.18051
1484317007      847   286716    2.18747
1484317008      1133   287849    2.19611
1484317009      763   288612    2.20193
1484317010      1141   289753    2.21064
1484317012      949   290731    2.2181
1484317013      1222   291953    2.22742
1484317014      911   292876    2.23447
1484317015      955   294031    2.24328
1484317016      1095   295126    2.25163
1484317017      917   296176    2.25964
1484317018      1229   297405    2.26902
1484317019      843   298321    2.27601
1484317020      1122   299443    2.28457
1484317021      870   300313    2.29121
1484317022      1183   301496    2.30023
1484317023      935   302431    2.30737
1484317024      1224   303655    2.3167
1484317025      831   304486    2.32304
1484317026      1143   305629    2.33176
1484317027      848   306477    2.33823
1484317028      1208   307685    2.34745
1484317029      761   308496    2.35364
1484317030      1229   309725    2.36301
1484317031      684   310409    2.36823
1484317032      947   311356    2.37546
1484317033      949   312511    2.38427
1484317034      1146   313657    2.39301
1484317035      854   314656    2.40063
1484317037      822   315811    2.40945
1484317038      1233   317044    2.41885
1484317039      798   317956    2.42581
1484317040      1199   319155    2.43496
1484317041      699   320101    2.44218
1484317042      753   320854    2.44792
1484317044      881   321971    2.45644
1484317045      1214   323186    2.46571
1484317046      831   324116    2.47281
1484317047      1019   325135    2.48058
1484317048      856   326261    2.48917
1484317049      1147   327408    2.49792
1484317050      753   328161    2.50367
1484317051      1120   329281    2.51221
1484317052      817   330276    2.51981
1484317053      1015   331291    2.52755
1484317054      667   332146    2.53407
1484317055      1226   333372    2.54343
1484317057      808   334291    2.55044
1484317058      1097   335388    2.55881
1484317059      873   336436    2.5668
1484317060      998   337434    2.57442
1484317061      715   338306    2.58107
1484317062      1221   339527    2.59039
1484317063      828   340451    2.59743
1484317064      1224   341675    2.60677
1484317065      801   342596    2.6138
1484317066      1004   343600    2.62146
1484317067      763   344466    2.62807
1484317068      1185   345651    2.63711
1484317070      797   346611    2.64443
1484317071      1106   347717    2.65287
1484317072      699   348481    2.6587
1484317073      1014   349495    2.66644
1484317074      1110   350605    2.6749
1484317075      740   351345    2.68055
1484317076      1134   352479    2.6892
1484317077      805   353486    2.69688
1484317078      707   354193    2.70228
1484317079      1141   355334    2.71098
1484317080      717   356071    2.71661
1484317081      1012   357083    2.72433
1484317082      877   358216    2.73297
1484317084      969   359371    2.74178
1484317085      1141   360512    2.75049
1484317086      856   361516    2.75815
1484317087      1191   362707    2.76723
1484317088      840   363661    2.77451
1484317089      876   364537    2.7812
1484317090      804   365531    2.78878
1484317091      1229   366760    2.79816
1484317092      808   367676    2.80515
1484317093      1147   368823    2.8139
1484317094      830   369821    2.82151
1484317095      759   370580    2.8273
1484317097      890   371691    2.83578
1484317098      1237   372928    2.84521
1484317099      791   373836    2.85214
1484317100      1100   374936    2.86053
1484317101      764   375706    2.86641
1484317102      953   376659    2.87368
1484317103      862   377851    2.88277
1484317104      1234   379085    2.89219
1484317105      829   379996    2.89914
1484317107      820   381151    2.90795
1484317108      1173   382324    2.9169
1484317109      437   382761    2.92023
1484317110      1222   383983    2.92956
1484317111      778   384761    2.93549
1484317112      1025   385786    2.94331
1484317113      685   386596    2.94949
1484317114      1225   387821    2.95884
1484317115      858   388741    2.96586
1484317116      1054   389795    2.9739
1484317117      892   390886    2.98222
1484317119      819   392041    2.99104
1484317120      1234   393275    3.00045
1484317121      800   394186    3.0074
1484317122      1038   395224    3.01532
1484317123      934   396331    3.02377
1484317124      1041   397372    3.03171
1484317125      739   398201    3.03803
1484317126      1231   399432    3.04742
1484317127      779   400346    3.0544
1484317128      1072   401418    3.06258
1484317129      932   402491    3.07076
1484317130      838   403329    3.07716
1484317132      848   404361    3.08503
1484317133      1221   405582    3.09435
1484317134      810   406506    3.10139
1484317135      1237   407743    3.11083
1484317136      668   408411    3.11593
1484317137      988   409399    3.12347
1484317138      868   410521    3.13203
1484317139      631   411236    3.13748
1484317140      1014   412250    3.14522
1484317141      895   413381    3.15385
1484317142      1153   414534    3.16264
1484317143      687   415251    3.16811
1484317144      1229   416480    3.17749
1484317145      835   417396    3.18448
1484317146      1014   418410    3.19221
1484317148      740   419266    3.19875
1484317149      1232   420498    3.20815
1484317150      834   421411    3.21511
1484317151      1173   422584    3.22406
1484317152      857   423556    3.23148
1484317153      1019   424575    3.23925
1484317154      741   425426    3.24574
1484317155      1236   426662    3.25517
1484317156      829   427571    3.26211
1484317157      1192   428763    3.2712
1484317158      850   429716    3.27847
1484317159      841   430557    3.28489
1484317161      796   431586    3.29274
1484317162      1211   432797    3.30198
1484317163      759   433731    3.3091
1484317164      1028   434759    3.31695
1484317165      803   435601    3.32337
1484317166      1136   436737    3.33204
1484317167      908   437645    3.33897
1484317168      900   438545    3.34583
1484317169      1140   439685    3.35453
1484317170      862   440606    3.36156
1484317171      1153   441759    3.37035
1484317172      710   442476    3.37582
1484317173      977   443453    3.38328
1484317174      1122   444575    3.39184
1484317175      823   445398    3.39812
1484317176      1087   446485    3.40641
1484317177      751   447236    3.41214
1484317178      1220   448456    3.42145
1484317179      846   449351    3.42828
1484317180      1101   450452    3.43668
1484317181      885   451496    3.44464
1484317182      1103   452599    3.45306
1484317183      726   453366    3.45891
1484317184      1078   454444    3.46713
1484317185      867   455511    3.47527
1484317186      1210   456721    3.4845
1484317187      626   457381    3.48954
1484317188      1012   458393    3.49726
1484317190      955   459526    3.50591
1484317191      1192   460718    3.515
1484317192      823   461671    3.52227
1484317193      825   462826    3.53108
1484317194      1133   463959    3.53973
1484317195      888   464971    3.54745
1484317196      1070   466041    3.55561
1484317197      984   467025    3.56312
1484317198      945   467970    3.57033
1484317200      840   468986    3.57808
1484317201      1229   470215    3.58746
1484317202      790   471131    3.59444
1484317203      1029   472160    3.60229
1484317204      907   473276    3.61081
1484317205      826   474102    3.61711
1484317206      829   475146    3.62508
1484317207      1228   476374    3.63445
1484317208      813   477291    3.64144
1484317209      1140   478431    3.65014
1484317210      765   479196    3.65598
1484317211      1013   480209    3.6637
1484317212      993   481306    3.67207
1484317213      1047   482353    3.68006
1484317215      845   483451    3.68844
1484317216      825   484606    3.69725
1484317217      1227   485833    3.70661
1484317218      818   486751    3.71362
1484317219      1222   487973    3.72294
1484317220      798   488896    3.72998
1484317221      1013   489909    3.73771
1484317223      728   490766    3.74425
1484317224      1043   491809    3.7522
1484317225      846   492911    3.76061
1484317226      1135   494046    3.76927
1484317227      990   495036    3.77682
1484317228      441   495496    3.78033
1484317229      1203   496699    3.78951
1484317230      923   497622    3.79655
1484317231      650   498356    3.80215
1484317232      1187   499543    3.81121
