1499688015      449   449    0.0132742
1499688016      438   887    0.0262232
1499688017      441   1328    0.0392609
1499688018      447   1777    0.0525351
1499688019      478   2256    0.0666962
1499688020      379   2635    0.0779009
1499688021      398   3033    0.0896673
1499688022      293   3433    0.101493
1499688023      402   3885    0.114856
1499688024      436   4321    0.127746
1499688025      399   4721    0.139571
1499688026      395   5116    0.151249
1499688027      400   5516    0.163074
1499688029      313   5961    0.17623
1499688030      437   6398    0.18915
1499688031      390   6788    0.20068
1499688032      399   7187    0.212476
1499688033      405   7592    0.224449
1499688034      415   8037    0.237605
1499688035      412   8449    0.249785
1499688036      403   8852    0.2617
1499688037      382   9234    0.272993
1499688038      408   9661    0.285617
1499688039      420   10113    0.29898
1499688040      432   10545    0.311751
1499688041      406   10951    0.323754
1499688042      401   11352    0.335609
1499688043      395   11748    0.347317
1499688044      419   12189    0.360354
1499688045      422   12611    0.37283
1499688046      217   12909    0.38164
1499688048      420   13361    0.395003
1499688049      416   13813    0.408366
1499688050      419   14265    0.421729
1499688051      436   14701    0.434619
1499688052      398   15099    0.446385
1499688053      402   15501    0.45827
1499688054      401   15902    0.470125
1499688055      418   16341    0.483104
1499688056      436   16777    0.495994
1499688057      394   17171    0.507642
1499688058      385   17558    0.519083
1499688059      400   17965    0.531116
1499688060      419   18417    0.544478
1499688061      420   18838    0.556925
1499688062      390   19228    0.568455
1499688063      389   19618    0.579985
