1482249862      1497   1497    0.0028553
1482249863      1499   2996    0.00571442
1482249864      1499   4495    0.00857353
1482249865      1500   5995    0.0114346
1482249866      1499   7494    0.0142937
1482249867      1499   8993    0.0171528
1482249868      1500   10493    0.0200138
1482249869      1499   11992    0.0228729
1482249870      1499   13491    0.025732
1482249871      1500   14991    0.0285931
1482249872      1499   16490    0.0314522
1482249873      1343   17833    0.0340137
1482249874      1387   19220    0.0366592
1482249875      1388   20608    0.0393066
1482249876      1389   21997    0.0419559
1482249877      1275   23272    0.0443878
1482249878      1366   24638    0.0469933
1482249879      1386   26024    0.0496368
1482249880      1277   27361    0.052187
1482249881      1390   28751    0.0548382
1482249882      1390   30141    0.0574894
1482249883      1389   31530    0.0601387
1482249885      1108   32721    0.0624104
1482249886      1312   34033    0.0649128
1482249887      1256   35289    0.0673084
1482249888      1155   36497    0.0696125
1482249889      1301   37798    0.072094
1482249890      1388   39186    0.0747414
1482249891      1383   40569    0.0773792
1482249892      1273   41857    0.0798359
1482249893      1392   43249    0.0824909
1482249894      1386   44635    0.0851345
1482249895      1387   46022    0.08778
1482249896      1278   47300    0.0902176
1482249897      1388   48688    0.092865
1482249898      1108   49921    0.0952168
1482249899      1395   51316    0.0978775
1482249900      1384   52700    0.100517
1482249901      1388   54088    0.103165
1482249902      1272   55360    0.105591
1482249903      1387   56747    0.108236
1482249904      1388   58135    0.110884
1482249905      1387   59522    0.113529
1482249906      1272   60794    0.115955
1482249907      1388   62182    0.118603
1482249908      1389   63571    0.121252
1482249909      1276   64929    0.123842
1482249910      1396   66325    0.126505
1482249911      1218   67633    0.129
1482249912      1395   69028    0.13166
1482249913      1366   70394    0.134266
1482249914      1388   71782    0.136913
1482249915      1276   73058    0.139347
1482249916      1389   74447    0.141996
1482249917      1383   75830    0.144634
1482249918      1388   77218    0.147282
1482249919      1279   78497    0.149721
1482249920      1388   79885    0.152369
1482249921      1386   81271    0.155012
1482249922      1284   82641    0.157625
1482249923      1322   83963    0.160147
1482249924      1286   85345    0.162783
1482249925      1396   86741    0.165445
1482249926      1388   88129    0.168093
1482249927      1387   89516    0.170738
1482249928      1277   90793    0.173174
1482249929      1387   92180    0.175819
1482249930      1389   93569    0.178469
1482249931      1389   94958    0.181118
1482249932      1270   96228    0.18354
1482249933      1383   97611    0.186178
1482249934      1389   99000    0.188828
1482249935      1047   100047    0.190825
1482249936      1382   101429    0.19346
1482249937      1389   102818    0.19611
1482249938      1276   104129    0.19861
1482249939      1395   105524    0.201271
1482249940      1387   106911    0.203917
1482249941      1383   108294    0.206554
1482249942      1167   109489    0.208834
1482249943      1287   110776    0.211288
1482249944      1328   112104    0.213821
1482249945      1229   113333    0.216166
1482249946      1290   114623    0.218626
1482249947      1222   115921    0.221102
1482249948      1322   117243    0.223623
1482249949      1286   118625    0.226259
1482249950      1397   120022    0.228924
1482249951      1388   121410    0.231571
1482249952      1388   122798    0.234219
1482249953      1278   124076    0.236656
1482249954      1388   125464    0.239304
1482249955      1388   126852    0.241951
1482249956      1388   128240    0.244598
1482249957      1271   129511    0.247023
1482249958      1384   130895    0.249662
1482249959      1389   132284    0.252312
1482249960      981   133265    0.254183
1482249961      1387   134652    0.256828
1482249962      1389   136041    0.259478
1482249963      1283   137409    0.262087
1482249964      1394   138803    0.264746
1482249965      1388   140191    0.267393
1482249966      1389   141580    0.270042
1482249967      1275   142855    0.272474
1482249968      1388   144243    0.275122
1482249969      1389   145632    0.277771
1482249970      1388   147020    0.280418
1482249971      1272   148292    0.282845
1482249972      1390   149682    0.285496
1482249973      1199   150881    0.287783
1482249974      1388   152269    0.29043
1482249975      1389   153658    0.293079
1482249976      1387   155045    0.295725
1482249977      1278   156323    0.298162
1482249978      1390   157713    0.300814
1482249979      1388   159101    0.303461
1482249980      1287   160481    0.306093
1482249981      1390   161871    0.308744
1482249982      1388   163259    0.311392
1482249983      1387   164646    0.314037
1482249984      1272   165918    0.316463
1482249985      1315   167233    0.318972
1482249986      1274   168545    0.321474
1482249987      1395   169940    0.324135
1482249988      1388   171328    0.326782
1482249989      1388   172716    0.32943
1482249990      1276   173992    0.331863
1482249991      1388   175380    0.334511
1482249992      1389   176769    0.33716
1482249993      1388   178157    0.339808
1482249994      1268   179425    0.342226
1482249995      1389   180814    0.344875
1482249996      1387   182201    0.347521
1482249997      1203   183404    0.349815
1482249998      1389   184793    0.352465
1482249999      1388   186181    0.355112
1482250000      1272   187453    0.357538
1482250001      1290   188743    0.359999
1482250002      1273   190016    0.362427
1482250003      1374   191390    0.365047
1482250004      1295   192685    0.367517
1482250005      1234   193919    0.369871
1482250006      1370   195289    0.372484
1482250007      1388   196677    0.375132
1482250008      1174   198049    0.377748
1482250009      1298   199347    0.380224
1482250010      1292   200639    0.382689
1482250011      1275   201914    0.38512
1482250012      1387   203301    0.387766
1482250013      1382   204683    0.390402
1482250014      1387   206070    0.393047
1482250015      1270   207340    0.39547
1482250016      1384   208724    0.398109
1482250017      1387   210111    0.400755
1482250019      1279   211473    0.403353
1482250020      1390   212863    0.406004
1482250021      1388   214251    0.408651
1482250022      1388   215639    0.411299
1482250023      1203   216842    0.413593
1482250024      1388   218230    0.416241
1482250025      1275   219537    0.418734
1482250026      1390   220927    0.421385
1482250027      1388   222315    0.424032
1482250028      1388   223703    0.42668
1482250029      1277   224980    0.429115
1482250030      1388   226368    0.431763
1482250031      1388   227756    0.43441
1482250032      1388   229144    0.437057
1482250033      1255   230399    0.439451
1482250034      1388   231787    0.442099
1482250035      1196   232983    0.44438
1482250036      1388   234371    0.447027
1482250037      1387   235758    0.449673
1482250038      1388   237146    0.45232
1482250039      1274   238420    0.45475
1482250040      1388   239808    0.457397
1482250041      1389   241197    0.460047
1482250042      1387   242584    0.462692
1482250043      1269   243853    0.465113
1482250044      1386   245239    0.467756
1482250045      1388   246627    0.470404
1482250046      1279   247969    0.472963
1482250047      1395   249364    0.475624
1482250048      1213   250673    0.478121
1482250049      1395   252068    0.480782
1482250050      1387   253455    0.483427
1482250051      1389   254844    0.486076
1482250052      1278   256122    0.488514
1482250053      1383   257505    0.491152
1482250054      1387   258892    0.493797
1482250055      1389   260281    0.496447
1482250056      1271   261552    0.498871
1482250057      1387   262939    0.501516
1482250058      1389   264328    0.504166
1482250059      1281   265681    0.506746
1482250060      1182   266863    0.509001
1482250061      1389   268252    0.51165
1482250062      1161   269457    0.513948
1482250063      1394   270851    0.516607
1482250064      1389   272240    0.519257
1482250065      1255   273495    0.52165
1482250066      1286   274781    0.524103
1482250067      1151   275932    0.526299
1482250068      1383   277315    0.528936
1482250069      1388   278703    0.531584
1482250070      1381   280084    0.534218
1482250071      1272   281356    0.536644
1482250072      1388   282744    0.539291
1482250073      1186   283953    0.541597
1482250074      1394   285347    0.544256
1482250075      1389   286736    0.546906
1482250076      1388   288124    0.549553
1482250077      1273   289397    0.551981
1482250078      1389   290786    0.55463
1482250079      1388   292174    0.557278
1482250080      1388   293562    0.559925
1482250081      1268   294830    0.562344
1482250082      1388   296218    0.564991
1482250083      1389   297607    0.56764
1482250084      1279   298961    0.570223
1482250085      1250   300211    0.572607
1482250086      1388   301599    0.575254
1482250087      1278   302877    0.577692
1482250088      1385   304262    0.580334
1482250089      1388   305650    0.582981
1482250090      1284   307025    0.585604
1482250091      1395   308420    0.588264
1482250092      1387   309807    0.59091
1482250093      1385   311192    0.593552
1482250094      1278   312470    0.595989
1482250095      1388   313858    0.598637
1482250096      1385   315243    0.601278
1482250097      1063   316306    0.603306
1482250098      1383   317689    0.605944
1482250099      1388   319077    0.608591
1482250100      1282   320449    0.611208
1482250101      1395   321844    0.613869
1482250102      1385   323229    0.61651
1482250103      1388   324617    0.619158
1482250104      1276   325893    0.621592
1482250105      1388   327281    0.624239
1482250106      1388   328669    0.626886
1482250107      1387   330056    0.629532
1482250108      1272   331328    0.631958
1482250109      1387   332715    0.634604
1482250110      1177   333892    0.636848
1482250111      1389   335281    0.639498
1482250112      1388   336669    0.642145
1482250113      1388   338057    0.644793
1482250114      1278   339335    0.64723
1482250115      1388   340723    0.649878
1482250116      1388   342111    0.652525
1482250117      1387   343498    0.65517
1482250118      1273   344771    0.657598
1482250119      1386   346157    0.660242
1482250120      1382   347539    0.662878
1482250121      1278   348881    0.665438
1482250122      1265   350146    0.66785
1482250123      1387   351533    0.670496
1482250124      1270   352803    0.672918
1482250125      1389   354192    0.675568
1482250126      1388   355580    0.678215
1482250127      1284   356945    0.680819
1482250128      1330   358275    0.683355
1482250129      1372   359647    0.685972
1482250130      1384   361031    0.688612
1482250131      1271   362305    0.691042
1482250132      1397   363702    0.693707
1482250133      1388   365090    0.696354
1482250134      1204   366294    0.69865
1482250135      1389   367683    0.7013
1482250136      1387   369070    0.703945
1482250137      1274   370369    0.706423
1482250138      1396   371765    0.709085
1482250139      1388   373153    0.711733
1482250140      1389   374542    0.714382
1482250141      1278   375820    0.71682
1482250142      1389   377209    0.719469
1482250143      1386   378595    0.722113
1482250144      1389   379984    0.724762
1482250145      1274   381258    0.727192
1482250146      1384   382642    0.729832
1482250147      1191   383833    0.732103
1482250148      1388   385221    0.734751
1482250149      1388   386609    0.737398
1482250150      1389   387998    0.740047
1482250151      1275   389273    0.742479
1482250152      1387   390660    0.745125
1482250153      1387   392047    0.74777
1482250154      1388   393435    0.750418
1482250155      1268   394703    0.752836
1482250156      1389   396092    0.755486
1482250157      1383   397475    0.758123
1482250158      1277   398801    0.760653
1482250159      1318   400119    0.763166
1482250160      1286   401505    0.76581
1482250161      1395   402900    0.768471
1482250162      1383   404283    0.771109
1482250163      1388   405671    0.773756
1482250164      1280   406951    0.776197
1482250165      1389   408340    0.778847
1482250166      1388   409728    0.781494
1482250167      1389   411117    0.784143
1482250168      1274   412391    0.786573
1482250169      1388   413779    0.789221
1482250170      1387   415166    0.791866
1482250171      1202   416368    0.794159
1482250172      1387   417755    0.796804
1482250173      1390   419145    0.799456
1482250174      1277   420422    0.801891
1482250175      1385   421807    0.804533
1482250176      1390   423197    0.807184
1482250177      1196   424577    0.809816
1482250178      1374   425951    0.812437
1482250179      1297   427248    0.814911
1482250180      1387   428635    0.817556
1482250181      1274   429937    0.82004
1482250182      1374   431311    0.82266
1482250183      1299   432610    0.825138
1482250184      1015   433713    0.827242
1482250185      1384   435097    0.829882
1482250186      1372   436469    0.832499
1482250187      1349   437818    0.835072
1482250188      1275   439093    0.837503
1482250189      1384   440477    0.840143
1482250190      1375   441852    0.842766
1482250191      1387   443239    0.845411
1482250192      1275   444514    0.847843
1482250193      1386   445900    0.850487
1482250194      1388   447288    0.853134
1482250195      1387   448675    0.85578
1482250196      1195   449870    0.858059
1482250197      1388   451258    0.860706
1482250198      1267   452525    0.863123
1482250199      1387   453912    0.865768
1482250200      1388   455300    0.868416
1482250201      1388   456688    0.871063
1482250202      1266   457954    0.873478
1482250203      1388   459342    0.876125
1482250204      1387   460729    0.878771
1482250205      1385   462114    0.881413
1482250206      1262   463376    0.88382
1482250207      1387   464763    0.886465
1482250208      1200   465963    0.888754
1482250209      1384   467347    0.891394
1482250210      1388   468735    0.894041
1482250211      1380   470115    0.896673
1482250212      1274   471389    0.899103
1482250213      1387   472776    0.901749
1482250214      1386   474162    0.904392
1482250215      1380   475542    0.907024
1482250216      1265   476807    0.909437
1482250217      1383   478190    0.912075
1482250218      1388   479578    0.914722
1482250219      1268   480929    0.917299
1482250220      1393   482322    0.919956
1482250221      1306   483628    0.922447
1482250222      1273   484901    0.924875
1482250223      1378   486279    0.927504
1482250224      1389   487668    0.930153
1482250226      1273   488993    0.93268
1482250227      1395   490388    0.935341
1482250228      1312   491700    0.937843
1482250229      1376   493076    0.940468
1482250230      1271   494353    0.942904
1482250231      1395   495748    0.945564
1482250232      1388   497136    0.948212
1482250233      1306   498442    0.950703
1482250234      1193   499635    0.952978
