1481290373      1498   1498    0.0014286
1481290374      1500   2998    0.00285912
1481290375      1499   4497    0.00428867
1481290376      1499   5996    0.00571823
1481290377      1500   7496    0.00714874
1481290378      1499   8995    0.0085783
1481290379      1499   10494    0.0100079
1481290380      1500   11994    0.0114384
1481290381      1499   13493    0.0128679
1481290382      1499   14992    0.0142975
1481290383      1500   16492    0.015728
1481290384      1499   17991    0.0171576
1481290385      1499   19490    0.0185871
1481290386      1500   20990    0.0200176
1481290387      1499   22489    0.0214472
1481290388      1499   23988    0.0228767
1481290389      1461   25449    0.0242701
1481290390      1381   26830    0.0255871
1481290391      1382   28265    0.0269556
1481290392      1507   29772    0.0283928
1481290393      1387   31159    0.0297155
1481290394      1366   32525    0.0310183
1481290395      1380   33905    0.0323343
1481290396      1372   35277    0.0336428
1481290397      1387   36664    0.0349655
1481290398      1382   38046    0.0362835
1481290399      1494   39540    0.0377083
1481290400      1382   40922    0.0390263
1481290401      1385   42307    0.0403471
1481290402      1387   43694    0.0416698
1481290403      1319   45013    0.0429277
1481290404      1386   46399    0.0442495
1481290405      1384   47783    0.0455694
1481290406      1383   49221    0.0469408
1481290407      1229   50450    0.0481129
1481290408      1382   51832    0.0494308
1481290409      1383   53305    0.0508356
1481290410      1506   54811    0.0522718
1481290411      1377   56188    0.0535851
1481290412      1379   57567    0.0549002
1481290413      1384   58951    0.0562201
1481290414      1335   60286    0.0574932
1481290415      1387   61673    0.058816
1481290416      1385   63058    0.0601368
1481290417      1499   64557    0.0615664
1481290418      1377   65934    0.0628796
1481290419      1379   67313    0.0641947
1481290420      1383   68696    0.0655136
1481290421      1388   70084    0.0668373
1481290422      1380   71464    0.0681534
1481290423      1387   72851    0.0694761
1481290424      1384   74261    0.0708208
1481290425      1176   75437    0.0719423
1481290426      1385   76822    0.0732632
1481290427      1499   78321    0.0746927
1481290428      1380   79701    0.0760088
1481290429      1384   81085    0.0773287
1481290430      1387   82472    0.0786514
1481290431      1384   83856    0.0799713
1481290432      1384   85240    0.0812912
1481290433      1378   86618    0.0826054
1481290434      1377   88017    0.0839396
1481290435      1506   89523    0.0853758
1481290436      1385   90908    0.0866966
1481290437      1381   92289    0.0880136
1481290438      1387   93676    0.0893364
1481290439      1369   95045    0.090642
1481290440      1386   96431    0.0919638
1481290441      1386   97817    0.0932856
1481290442      1386   99301    0.0947008
1481290443      1182   100483    0.0958281
1481290444      1387   101870    0.0971508
1481290445      1499   103369    0.0985804
1481290446      1384   104753    0.0999002
1481290447      1377   106130    0.101213
1481290448      1386   107516    0.102535
1481290449      1387   108903    0.103858
1481290450      1381   110284    0.105175
1481290451      1389   111673    0.1065
1481290452      1379   113057    0.10782
1481290453      1506   114563    0.109256
1481290454      1384   115947    0.110576
1481290455      1381   117328    0.111893
1481290456      1367   118695    0.113196
1481290457      1343   120038    0.114477
1481290458      1365   121403    0.115779
1481290459      1375   122778    0.11709
1481290460      1500   124278    0.118521
1481290461      1125   125403    0.119594
1481290462      1314   126813    0.120938
1481290463      1507   128320    0.122375
1481290464      1386   129706    0.123697
1481290465      1308   131014    0.124945
1481290466      1389   132403    0.126269
1481290467      1350   133753    0.127557
1481290468      1387   135140    0.12888
1481290469      1372   136512    0.130188
1481290470      1499   138011    0.131618
1481290471      1383   139394    0.132936
1481290472      1385   140779    0.134257
1481290473      1303   142082    0.1355
1481290474      1378   143460    0.136814
1481290475      1385   144845    0.138135
1481290476      1375   146220    0.139446
1481290477      1499   147719    0.140876
1481290478      1376   149095    0.142188
1481290479      1196   150291    0.143329
1481290480      1499   151790    0.144758
1481290481      1387   153177    0.146081
1481290482      1387   154564    0.147404
1481290483      1385   155949    0.148725
1481290484      1387   157336    0.150047
1481290485      1382   158718    0.151365
1481290486      1382   160100    0.152683
1481290488      1383   161525    0.154042
1481290489      1506   163031    0.155478
1481290490      1384   164415    0.156798
1481290491      1384   165799    0.158118
1481290492      1381   167180    0.159435
1481290493      1375   168555    0.160747
1481290494      1387   169942    0.162069
1481290495      1380   171322    0.163385
1481290496      1383   172809    0.164804
1481290497      1506   174315    0.16624
1481290498      1183   175498    0.167368
1481290499      1382   176893    0.168698
1481290500      1506   178399    0.170135
1481290501      1384   179783    0.171454
1481290502      1388   181171    0.172778
1481290503      1381   182552    0.174095
1481290504      1381   183933    0.175412
1481290505      1382   185315    0.17673
1481290506      1382   186697    0.178048
1481290507      1382   188177    0.17946
1481290508      1506   189683    0.180896
1481290509      1382   191065    0.182214
1481290510      1382   192447    0.183532
1481290511      1367   193814    0.184835
1481290512      1318   195132    0.186092
1481290513      1331   196463    0.187362
1481290514      1380   197849    0.188684
1481290515      1507   199356    0.190121
1481290516      1200   200556    0.191265
1481290517      1372   201933    0.192578
1481290518      1506   203439    0.194015
1481290519      1389   204828    0.195339
1481290520      1387   206215    0.196662
1481290521      1386   207601    0.197984
1481290522      1388   208989    0.199307
1481290523      1387   210376    0.20063
1481290524      1382   211758    0.201948
1481290525      1387   213217    0.20334
1481290526      1506   214723    0.204776
1481290527      1387   216110    0.206099
1481290528      1387   217497    0.207421
1481290529      1387   218884    0.208744
1481290530      1388   220272    0.210068
1481290531      1379   221651    0.211383
1481290532      1388   223039    0.212707
1481290533      1387   224501    0.214101
1481290534      1313   225814    0.215353
1481290535      1240   227054    0.216536
1481290536      1499   228553    0.217965
1481290537      1385   229938    0.219286
1481290538      1387   231325    0.220609
1481290539      1387   232712    0.221931
1481290540      1295   234007    0.223166
1481290541      1387   235394    0.224489
1481290542      1372   236766    0.225798
1481290543      1387   238257    0.22722
1481290544      1506   239763    0.228656
1481290545      1384   241147    0.229976
1481290546      1386   242533    0.231297
1481290547      1387   243920    0.23262
1481290548      1386   245306    0.233942
1481290549      1387   246693    0.235265
1481290550      1383   248076    0.236584
1481290551      1388   249541    0.237981
1481290552      1320   250861    0.23924
1481290553      1386   252247    0.240561
1481290554      1388   253635    0.241885
1481290555      1500   255135    0.243316
1481290556      1388   256523    0.244639
1481290557      1382   257905    0.245957
1481290558      1389   259294    0.247282
1481290559      1387   260681    0.248605
1481290560      1386   262067    0.249927
1481290561      1388   263455    0.25125
1481290562      1386   264909    0.252637
1481290563      1506   266415    0.254073
1481290564      1360   267775    0.25537
1481290565      1388   269163    0.256694
1481290566      1387   270550    0.258017
1481290567      1386   271936    0.259338
1481290568      1389   273325    0.260663
1481290569      1388   274713    0.261987
1481290570      1312   276025    0.263238
1481290571      1388   277413    0.264562
1481290572      1388   278801    0.265885
1481290573      1388   280277    0.267293
1481290574      1506   281783    0.268729
1481290575      1341   283124    0.270008
1481290576      1387   284511    0.271331
1481290577      1381   285892    0.272648
1481290578      1387   287279    0.273971
1481290579      1387   288666    0.275293
1481290580      1389   290055    0.276618
1481290581      1499   291554    0.278048
1481290582      1381   292935    0.279365
1481290583      1386   294321    0.280686
1481290584      1388   295709    0.28201
1481290585      1387   297096    0.283333
1481290586      1389   298485    0.284657
1481290587      1383   299868    0.285976
1481290588      1170   301038    0.287092
1481290589      1389   302427    0.288417
1481290590      1385   303812    0.289738
1481290591      1499   305311    0.291167
1481290592      1382   306693    0.292485
1481290593      1388   308081    0.293809
1481290594      1388   309469    0.295133
1481290595      1389   310858    0.296457
1481290596      1388   312246    0.297781
1481290597      1387   313633    0.299104
1481290598      1301   314989    0.300397
1481290599      1507   316496    0.301834
1481290600      1343   317839    0.303115
1481290601      1387   319226    0.304438
1481290602      1162   320388    0.305546
1481290603      1344   321732    0.306828
1481290604      1358   323090    0.308123
1481290605      1499   324589    0.309552
1481290606      1059   325648    0.310562
1481290607      1389   327133    0.311978
1481290608      1507   328640    0.313416
1481290609      1387   330027    0.314738
1481290610      1387   331414    0.316061
1481290611      1389   332803    0.317386
1481290612      1384   334187    0.318706
1481290613      1387   335574    0.320028
1481290614      1388   336962    0.321352
1481290615      1386   338417    0.32274
1481290616      1506   339923    0.324176
1481290617      1381   341304    0.325493
1481290618      1388   342692    0.326817
1481290619      1387   344079    0.328139
1481290620      1382   345461    0.329457
1481290621      1389   346850    0.330782
1481290622      1389   348239    0.332107
1481290623      1388   349701    0.333501
1481290624      1313   351014    0.334753
1481290625      1384   352398    0.336073
1481290626      1381   353785    0.337396
1481290627      1506   355291    0.338832
1481290628      1389   356680    0.340157
1481290629      1388   358068    0.34148
1481290630      1387   359455    0.342803
1481290631      1389   360844    0.344128
1481290632      1388   362232    0.345451
1481290633      1386   363618    0.346773
1481290634      1387   365069    0.348157
1481290635      1506   366575    0.349593
1481290636      1389   367964    0.350918
1481290637      1387   369351    0.352241
1481290638      1388   370739    0.353564
1481290639      1389   372128    0.354889
1481290640      1388   373516    0.356213
1481290641      1387   374903    0.357535
1481290642      1311   376214    0.358786
1481290643      1387   377601    0.360108
1481290644      1386   378987    0.36143
1481290645      1385   380437    0.362813
1481290646      1507   381944    0.36425
1481290647      1388   383332    0.365574
1481290648      1387   384719    0.366897
1481290649      1388   386107    0.36822
1481290650      1387   387494    0.369543
1481290651      1386   388880    0.370865
1481290652      1389   390269    0.37219
1481290653      1385   391721    0.373574
1481290654      1506   393227    0.37501
1481290655      1372   394599    0.376319
1481290656      1385   395984    0.37764
1481290657      1388   397372    0.378963
1481290658      1388   398760    0.380287
1481290659      1388   400148    0.381611
1481290660      1311   401459    0.382861
1481290661      1389   402848    0.384186
1481290662      1380   404228    0.385502
1481290663      1388   405616    0.386826
1481290664      1388   407089    0.38823
1481290665      1506   408595    0.389667
1481290666      1388   409983    0.39099
1481290667      1229   411212    0.392162
1481290668      1316   412528    0.393417
1481290669      1388   413916    0.394741
1481290670      1381   415297    0.396058
1481290671      1388   416761    0.397454
1481290672      1506   418267    0.39889
1481290673      1389   419656    0.400215
1481290674      1387   421043    0.401538
1481290675      1387   422430    0.402861
1481290676      1388   423818    0.404184
1481290677      1387   425205    0.405507
1481290678      1303   426508    0.40675
1481290679      1389   427897    0.408074
1481290680      1388   429285    0.409398
1481290681      1385   430670    0.410719
1481290682      1387   432129    0.41211
1481290683      1507   433636    0.413548
1481290684      1388   435024    0.414871
1481290685      1387   436411    0.416194
1481290686      1389   437800    0.417519
1481290687      1388   439188    0.418842
1481290688      1387   440575    0.420165
1481290689      1388   441963    0.421489
1481290691      1386   443413    0.422872
1481290692      1507   444920    0.424309
1481290693      1387   446307    0.425632
1481290694      1387   447694    0.426954
1481290695      1388   449082    0.428278
1481290696      1387   450469    0.429601
1481290697      1311   451780    0.430851
1481290698      1389   453169    0.432176
1481290699      1387   454556    0.433498
1481290700      1387   455943    0.434821
1481290701      1388   457331    0.436145
1481290702      1386   458781    0.437528
1481290703      1507   460288    0.438965
1481290704      1386   461674    0.440287
1481290705      1389   463063    0.441611
1481290706      1389   464452    0.442936
1481290707      1388   465840    0.44426
1481290708      1389   467229    0.445584
1481290709      1347   468576    0.446869
1481290710      1389   470065    0.448289
1481290711      1506   471571    0.449725
1481290712      1386   472957    0.451047
1481290713      1388   474345    0.452371
1481290714      1387   475732    0.453693
1481290715      1195   476927    0.454833
1481290716      1387   478314    0.456156
1481290717      1387   479701    0.457479
1481290718      1388   481089    0.458802
1481290719      1388   482477    0.460126
1481290720      1386   483863    0.461448
1481290721      1500   485363    0.462878
1481290722      1388   486751    0.464202
1481290723      1388   488139    0.465526
1481290724      1389   489528    0.46685
1481290725      1387   490915    0.468173
1481290726      1379   492294    0.469488
1481290727      1375   493669    0.470799
1481290728      1278   495105    0.472169
1481290729      1506   496611    0.473605
1481290730      1387   497998    0.474928
1481290731      1386   499384    0.47625
