1487031507      991   991    0.010396
1487031508      992   1983    0.0208025
1487031509      999   2983    0.0312929
1487031510      1000   3983    0.0417833
1487031511      775   4758    0.0499134
1487031512      797   5555    0.0582743
1487031513      590   6149    0.0645056
1487031514      805   6954    0.0729504
1487031515      668   7754    0.0813427
1487031516      624   8552    0.0897141
1487031517      806   9358    0.0981693
1487031518      744   10102    0.105974
1487031519      540   10692    0.112164
1487031520      735   11427    0.119874
1487031521      597   12025    0.126147
1487031522      809   12834    0.134634
1487031524      666   13630    0.142984
1487031525      813   14443    0.151513
1487031526      662   15235    0.159822
1487031527      670   16033    0.168193
1487031528      806   16839    0.176648
1487031529      792   17631    0.184957
1487031530      578   18209    0.19102
1487031531      797   19006    0.199381
1487031532      640   19778    0.207479
1487031533      667   20576    0.215851
1487031534      811   21387    0.224359
1487031536      660   22181    0.232688
1487031537      811   22992    0.241196
1487031538      660   23786    0.249525
1487031539      663   24584    0.257896
1487031540      811   25395    0.266404
1487031541      668   26189    0.274734
1487031542      464   26724    0.280346
1487031543      811   27535    0.288854
1487031544      602   28137    0.295169
1487031545      655   28792    0.30204
1487031546      801   29593    0.310443
1487031548      546   30197    0.316779
1487031549      760   30957    0.324752
1487031550      800   31757    0.333144
1487031551      564   32321    0.339061
1487031552      663   32984    0.346016
1487031553      576   33670    0.353212
1487031554      816   34486    0.361773
1487031555      742   35228    0.369556
1487031556      553   35810    0.375662
1487031557      586   36608    0.384033
1487031558      812   37420    0.392551
1487031559      639   38059    0.399255
1487031560      586   38748    0.406483
1487031561      802   39550    0.414896
1487031562      544   40094    0.420603
1487031563      640   40734    0.427317
1487031564      804   41538    0.435751
1487031565      634   42172    0.442402
1487031566      527   42756    0.448528
1487031567      814   43570    0.457067
1487031568      547   44117    0.462806
1487031569      655   44772    0.469677
1487031570      806   45578    0.478132
1487031572      544   46229    0.484962
1487031573      652   46881    0.491801
1487031574      802   47683    0.500215
1487031575      403   48097    0.504558
1487031576      721   48818    0.512121
1487031577      795   49613    0.520461
1487031578      552   50237    0.527007
1487031579      812   51049    0.535525
1487031580      758   51807    0.543477
1487031581      334   52141    0.546981
1487031582      805   52946    0.555426
1487031583      725   53671    0.563031
1487031584      562   54245    0.569053
1487031585      809   55054    0.577539
1487031586      757   55811    0.585481
1487031587      342   56153    0.589068
1487031588      801   56954    0.597471
1487031589      734   57688    0.605171
1487031590      566   58254    0.611109
1487031591      748   59002    0.618956
1487031592      776   59778    0.627096
1487031593      336   60121    0.630694
1487031594      814   60935    0.639234
1487031595      756   61691    0.647164
1487031596      567   62261    0.653144
1487031597      716   62977    0.660655
1487031598      795   63772    0.668995
1487031599      343   64129    0.67274
1487031600      798   64927    0.681111
1487031601      762   65689    0.689105
1487031602      560   66269    0.695189
1487031603      808   67077    0.703666
1487031604      518   67874    0.712027
1487031606      668   68672    0.720398
1487031607      802   69474    0.728811
1487031608      796   70270    0.737162
1487031609      542   70812    0.742847
1487031610      743   71555    0.750642
1487031611      551   72145    0.756831
1487031612      777   72922    0.764982
1487031613      792   73714    0.773291
1487031614      610   74324    0.77969
1487031615      775   75099    0.78782
1487031616      659   75890    0.796118
1487031617      652   76688    0.804489
1487031618      798   77486    0.81286
1487031619      805   78291    0.821305
1487031620      594   78885    0.827537
1487031621      805   79690    0.835981
1487031622      613   80303    0.842412
1487031623      794   81097    0.850741
1487031624      620   81766    0.857759
1487031625      809   82575    0.866246
1487031626      729   83304    0.873894
1487031627      599   83906    0.880209
1487031628      627   84704    0.88858
1487031629      805   85509    0.897025
1487031631      668   86309    0.905417
1487031632      800   87109    0.91381
1487031633      801   87910    0.922213
1487031634      614   88524    0.928654
1487031635      439   89247    0.936238
1487031636      796   90043    0.944589
1487031637      801   90844    0.952991
1487031638      603   91447    0.959317
1487031639      653   92185    0.967059
1487031640      813   92998    0.975588
1487031641      789   93787    0.983865
1487031642      608   94395    0.990243
1487031643      798   95193    0.998614
1487031645      650   95930    1.00635
1487031646      674   96728    1.01472
1487031647      808   97536    1.02319
1487031648      662   98333    1.03155
1487031649      804   99137    1.03999
1487031650      671   99938    1.04839
1487031651      762   100700    1.05639
1487031652      593   101293    1.06261
1487031653      807   102100    1.07107
1487031654      656   102876    1.07921
1487031655      807   103683    1.08768
1487031656      617   104300    1.09415
1487031657      794   105094    1.10248
1487031658      645   105814    1.11003
1487031659      807   106621    1.1185
1487031661      668   107419    1.12687
1487031662      676   108217    1.13524
1487031663      812   109029    1.14376
1487031664      666   109822    1.15208
1487031665      811   110633    1.16059
1487031666      301   110934    1.16374
1487031667      803   111737    1.17217
1487031668      605   112342    1.17851
1487031669      801   113143    1.18692
1487031670      621   113830    1.19412
1487031671      808   114638    1.2026
1487031672      657   115435    1.21096
1487031674      666   116233    1.21933
1487031675      811   117044    1.22784
1487031676      660   117838    1.23617
1487031677      812   118650    1.24469
1487031678      662   119443    1.25301
1487031679      662   120241    1.26138
1487031680      812   121053    1.2699
1487031681      656   121846    1.27822
1487031682      774   122620    1.28633
1487031683      792   123412    1.29464
1487031684      556   123986    1.30066
1487031686      672   124784    1.30904
1487031687      806   125590    1.31749
1487031688      795   126385    1.32583
1487031689      611   126996    1.33224
1487031690      801   127797    1.34064
1487031691      609   128406    1.34703
1487031692      800   129206    1.35542
1487031693      624   129862    1.36231
1487031694      809   130671    1.37079
1487031695      659   131467    1.37914
1487031696      642   132265    1.38752
1487031697      717   132982    1.39504
1487031698      801   133783    1.40344
1487031699      585   134405    1.40996
1487031700      811   135216    1.41847
1487031701      793   136009    1.42679
1487031702      613   136622    1.43322
1487031703      583   137343    1.44079
1487031704      772   138115    1.44888
1487031705      790   138905    1.45717
1487031706      610   139515    1.46357
1487031708      655   140281    1.47161
1487031709      796   141077    1.47996
1487031710      800   141877    1.48835
1487031711      602   142479    1.49466
1487031712      642   143121    1.5014
1487031713      802   143923    1.50981
1487031714      433   144356    1.51435
1487031715      750   145106    1.52222
1487031716      661   145894    1.53049
1487031717      722   146616    1.53806
1487031718      805   147421    1.54651
1487031719      583   148034    1.55294
1487031720      576   148610    1.55898
1487031721      585   149367    1.56692
1487031722      797   150164    1.57528
1487031723      733   150897    1.58297
1487031724      566   151507    1.58937
1487031726      562   152305    1.59774
1487031727      812   153117    1.60626
1487031728      684   153801    1.61344
1487031729      582   154445    1.62019
1487031730      808   155253    1.62867
1487031731      744   155997    1.63647
1487031732      435   156432    1.64104
1487031733      752   157184    1.64893
1487031734      647   157831    1.65571
1487031735      549   158453    1.66224
1487031736      809   159262    1.67072
1487031737      739   160001    1.67848
1487031738      407   160408    1.68275
1487031739      807   161215    1.69121
1487031740      662   161877    1.69816
1487031741      510   162461    1.70428
1487031742      809   163270    1.71277
1487031743      652   163922    1.71961
1487031744      508   164430    1.72494
1487031745      805   165235    1.73338
1487031746      652   165887    1.74022
1487031747      514   166469    1.74633
1487031748      804   167273    1.75476
1487031749      641   167914    1.76149
1487031750      606   168520    1.76785
1487031751      806   169326    1.7763
1487031752      531   169942    1.78276
1487031753      717   170659    1.79028
1487031754      797   171456    1.79865
1487031755      549   172082    1.80521
1487031757      671   172880    1.81358
1487031758      750   173630    1.82145
1487031759      794   174424    1.82978
1487031760      579   175020    1.83603
1487031761      799   175819    1.84441
1487031762      592   176411    1.85063
1487031763      700   177111    1.85797
1487031764      801   177912    1.86637
1487031765      184   178096    1.8683
1487031766      770   178866    1.87638
1487031767      614   179563    1.88369
1487031768      764   180327    1.89171
1487031769      540   180867    1.89737
1487031770      596   181463    1.90362
1487031771      799   182262    1.912
1487031772      658   183036    1.92012
1487031773      805   183841    1.92857
1487031774      603   184444    1.93489
1487031775      807   185251    1.94336
1487031776      648   185974    1.95094
1487031777      812   186786    1.95946
1487031778      768   187554    1.96752
1487031779      526   188114    1.97339
1487031780      787   188901    1.98165
1487031781      580   189481    1.98773
1487031782      713   190194    1.99521
1487031783      808   191002    2.00369
1487031784      548   191587    2.00983
1487031785      658   192385    2.0182
1487031786      796   193181    2.02655
1487031787      800   193981    2.03494
1487031788      604   194585    2.04128
1487031789      793   195378    2.0496
1487031790      657   196130    2.05749
1487031792      674   196928    2.06586
1487031793      794   197722    2.07419
1487031794      802   198524    2.0826
1487031795      495   199068    2.08831
1487031796      809   199877    2.09679
1487031797      541   200418    2.10247
1487031798      797   201215    2.11083
1487031799      780   201995    2.11901
1487031800      602   202597    2.12533
1487031801      806   203403    2.13378
1487031802      728   204131    2.14142
1487031803      538   204669    2.14706
1487031804      786   205455    2.15531
1487031805      578   206033    2.16137
1487031806      804   206837    2.16981
1487031807      658   207619    2.17801
1487031808      666   208417    2.18638
1487031809      807   209224    2.19485
1487031810      664   210022    2.20322
1487031811      815   210837    2.21177
1487031813      663   211627    2.22006
1487031814      672   212425    2.22843
1487031815      810   213235    2.23692
1487031816      619   214030    2.24526
1487031817      811   214841    2.25377
1487031818      614   215635    2.2621
1487031819      723   216358    2.26969
1487031820      603   216968    2.27608
1487031821      741   217709    2.28386
1487031822      800   218509    2.29225
1487031823      596   219108    2.29853
1487031824      805   219913    2.30698
1487031825      614   220527    2.31342
1487031826      722   221249    2.32099
1487031828      664   222046    2.32936
1487031829      813   222859    2.33788
1487031830      662   223651    2.34619
1487031831      673   224449    2.35456
1487031832      810   225259    2.36306
1487031833      670   226054    2.3714
1487031834      802   226856    2.37981
1487031835      666   227659    2.38824
1487031836      672   228457    2.39661
1487031837      815   229272    2.40516
1487031838      671   229943    2.4122
1487031840      572   230597    2.41906
1487031841      809   231406    2.42755
1487031842      747   232153    2.43538
1487031843      427   232580    2.43986
1487031844      804   233384    2.4483
1487031845      651   234035    2.45512
1487031846      552   234605    2.4611
1487031847      805   235410    2.46955
1487031848      735   236145    2.47726
1487031849      438   236583    2.48185
1487031850      804   237387    2.49029
1487031851      656   238043    2.49717
1487031852      501   238613    2.50315
1487031853      815   239428    2.5117
1487031854      731   240159    2.51937
1487031855      440   240599    2.52398
1487031856      809   241408    2.53247
1487031857      663   242071    2.53943
1487031858      363   242621    2.5452
1487031859      770   243391    2.55327
1487031860      775   244166    2.5614
1487031861      323   244489    2.56479
1487031862      807   245296    2.57326
1487031863      639   245935    2.57996
1487031865      561   246629    2.58724
1487031866      813   247442    2.59577
1487031867      718   248160    2.6033
1487031868      436   248596    2.60788
1487031869      801   249397    2.61628
