1499775352      999   999    0
1499775353      1000   1999    0
1499775354      999   2998    0
1499775355      1000   3998    0
1499775356      999   4997    0
1499775357      1000   5997    0
1499775358      999   6996    0
1499775359      1000   7996    0
1499775360      999   8995    0
1499775361      1000   9995    0
1499775362      999   10994    0
1499775363      1000   11994    0
1499775364      999   12993    0
1499775365      1000   13993    0
1499775366      999   14992    0
1499775367      1000   15992    0
1499775368      1000   16992    0
1499775369      999   17991    0
1499775370      1000   18991    0
1499775371      999   19990    0
1499775372      1000   20990    0
1499775373      999   21989    0
1499775374      1000   22989    0
1499775375      999   23988    0
1499775376      1000   24988    0
1499775377      999   25987    0
1499775378      1000   26987    0
1499775379      999   27986    0
1499775380      1000   28986    0
1499775381      999   29985    0
1499775382      1000   30985    0
1499775383      995   31980    0
1499775384      999   32979    0
1499775385      1000   33979    0
1499775386      999   34978    0
1499775387      1000   35978    0
1499775388      999   36977    0
1499775389      1000   37977    0
1499775390      999   38976    0
1499775391      1000   39976    0
1499775392      999   40975    0
1499775393      1000   41975    0
1499775394      999   42974    0
1499775395      1000   43974    0
1499775396      999   44973    0
1499775397      1000   45973    0
1499775398      1000   46973    0
1499775399      999   47972    0
1499775400      1000   48972    0
1499775401      999   49971    0
1499775402      1000   50971    0
1499775403      999   51970    0
1499775404      1000   52970    0
1499775405      999   53969    0
1499775406      1000   54969    0
1499775407      999   55968    0
1499775408      1000   56968    0
1499775409      999   57967    0
1499775410      1000   58967    0
1499775411      999   59966    0
1499775412      994   60960    0
1499775413      1000   61960    0
1499775414      999   62959    0
1499775415      1000   63959    0
1499775416      999   64958    0
1499775417      1000   65958    0
1499775418      999   66957    0
1499775419      1000   67957    0
1499775420      999   68956    0
1499775421      951   69907    0
1499775422      999   70906    0
1499775423      1000   71906    0
1499775424      999   72905    0
1499775425      926   73831    0
1499775426      999   74830    0
1499775427      1000   75830    0
1499775428      948   76778    0
1499775429      999   77777    0
1499775430      1000   78777    0
1499775431      947   79724    0
1499775432      1000   80724    0
1499775433      999   81723    0
1499775434      1000   82723    0
1499775435      919   83642    0
1499775436      1000   84642    0
1499775437      999   85641    0
1499775438      942   86583    0
1499775439      999   87582    0
1499775440      1000   88582    0
1499775441      948   89530    0
1499775442      999   90529    0
1499775443      1000   91529    0
1499775444      999   92528    0
1499775445      930   93458    0
1499775446      999   94457    0
1499775447      1000   95457    0
1499775448      947   96404    0
1499775449      1000   97404    0
1499775450      999   98403    0
1499775451      948   99351    0
1499775452      999   100350    0
1499775453      1000   101350    0
1499775454      947   102297    0
1499775455      999   103296    0
1499775456      998   104294    0
1499775457      999   105293    0
1499775458      947   106240    0
1499775459      999   107239    0
1499775460      1000   108239    0
1499775461      946   109185    0
1499775462      1000   110185    0
1499775463      999   111184    0
1499775464      948   112132    0
1499775465      999   113131    0
1499775466      1000   114131    0
1499775467      1000   115131    0
1499775468      946   116077    0
1499775469      1000   117077    0
1499775470      999   118076    0
1499775471      944   119020    0
1499775472      999   120019    0
1499775473      1000   121019    0
1499775474      946   121965    0
1499775475      1000   122965    0
1499775476      999   123964    0
1499775477      1000   124964    0
1499775478      926   125890    0
1499775479      1000   126890    0
1499775480      1000   127890    0
1499775481      947   128837    0
1499775482      1000   129837    0
1499775483      999   130836    0
1499775484      948   131784    0
1499775485      999   132783    0
1499775486      1000   133783    0
1499775487      999   134782    0
1499775488      914   135696    0
1499775489      999   136695    0
1499775490      1000   137695    0
1499775491      946   138641    0
1499775492      924   139565    0
1499775493      1000   140565    0
1499775494      999   141564    0
1499775495      1000   142564    0
1499775496      946   143510    0
1499775497      1000   144510    0
1499775498      999   145509    0
1499775499      948   146457    0
1499775500      999   147456    0
1499775501      1000   148456    0
1499775502      947   149403    0
1499775503      1000   150403    0
1499775504      999   151402    0
1499775505      1000   152402    0
1499775506      948   153350    0
1499775507      999   154349    0
1499775508      1000   155349    0
1499775509      946   156295    0
1499775510      1000   157295    0
1499775511      999   158294    0
1499775512      947   159241    0
1499775513      999   160240    0
1499775514      1000   161240    0
1499775515      999   162239    0
1499775516      923   163162    0
1499775517      999   164161    0
1499775518      1000   165161    0
1499775519      946   166107    0
1499775520      1000   167107    0
1499775521      1000   168107    0
1499775522      946   169053    0
1499775523      1000   170053    0
1499775524      999   171052    0
1499775525      1000   172052    0
1499775526      930   172982    0
1499775527      1000   173982    0
1499775528      999   174981    0
1499775529      948   175929    0
1499775530      999   176928    0
1499775531      1000   177928    0
1499775532      929   178857    0
1499775533      1000   179857    0
1499775534      1000   180857    0
1499775535      941   181816    0
1499775536      1007   182823    0
1499775537      999   183822    0
1499775538      1000   184822    0
1499775539      938   185760    0
1499775540      1000   186760    0
1499775541      999   187759    0
1499775542      924   188683    0
1499775543      999   189682    0
1499775544      1000   190682    0
1499775545      948   191630    0
1499775546      999   192629    0
1499775547      1000   193629    0
1499775548      999   194628    0
1499775549      947   195575    0
1499775550      999   196574    0
1499775551      1000   197574    0
1499775552      947   198521    0
1499775553      1000   199521    0
1499775554      999   200520    0
1499775555      936   201456    0
1499775556      999   202455    0
1499775557      1000   203455    0
1499775558      999   204454    0
1499775559      934   205388    0
1499775560      1000   206388    0
1499775561      999   207387    0
1499775562      932   208319    0
1499775563      999   209318    0
1499775564      860   210178    0
1499775565      999   211177    0
1499775566      1000   212177    0
1499775567      931   213108    0
1499775568      1000   214108    0
1499775569      999   215107    0
1499775570      948   216055    0
1499775571      999   217054    0
1499775572      1000   218054    0
1499775573      999   219053    0
1499775574      927   219980    0
1499775575      1000   220980    0
1499775576      999   221979    0
1499775577      948   222927    0
1499775578      999   223926    0
1499775579      1000   224926    0
1499775580      947   225873    0
1499775581      1000   226873    0
1499775582      999   227872    0
1499775583      942   228835    0
1499775584      1006   229841    0
1499775585      1000   230841    0
1499775586      999   231840    0
1499775587      948   232788    0
1499775588      1000   233788    0
1499775589      999   234787    0
1499775590      947   235734    0
1499775591      999   236733    0
1499775592      1000   237733    0
1499775593      947   238680    0
1499775594      1000   239680    0
1499775595      999   240679    0
1499775596      1000   241679    0
1499775597      947   242626    0
1499775598      1000   243626    0
1499775599      999   244625    0
1499775600      943   245568    0
1499775601      1000   246568    0
1499775602      999   247567    0
1499775603      947   248514    0
1499775604      999   249513    0
1499775605      1000   250513    0
1499775606      999   251512    0
1499775607      930   252442    0
1499775608      999   253441    0
1499775609      1000   254441    0
1499775610      947   255388    0
1499775611      1000   256388    0
1499775612      999   257387    0
1499775613      948   258335    0
1499775614      999   259334    0
1499775615      1000   260334    0
1499775616      1000   261334    0
1499775617      930   262264    0
1499775618      1000   263264    0
1499775619      999   264263    0
1499775620      948   265211    0
1499775621      999   266210    0
1499775622      1000   267210    0
1499775623      934   268144    0
1499775624      1000   269144    0
1499775625      999   270143    0
1499775626      941   271098    0
1499775627      1007   272105    0
1499775628      1000   273105    0
1499775629      999   274104    0
1499775630      945   275049    0
1499775631      999   276048    0
1499775632      1000   277048    0
1499775633      946   277994    0
1499775634      1000   278994    0
1499775635      906   279900    0
1499775636      1000   280900    0
1499775637      995   281895    0
1499775638      948   282843    0
1499775639      999   283842    0
1499775640      1000   284842    0
1499775641      947   285789    0
1499775642      999   286788    0
1499775643      1000   287788    0
1499775644      999   288787    0
1499775645      924   289711    0
1499775646      999   290710    0
1499775647      1000   291710    0
1499775648      946   292656    0
1499775649      1000   293656    0
1499775650      999   294655    0
1499775651      948   295603    0
1499775652      999   296602    0
1499775653      1000   297602    0
1499775654      999   298601    0
1499775655      931   299532    0
1499775656      1000   300532    0
1499775657      999   301531    0
1499775658      948   302479    0
1499775659      999   303478    0
1499775660      1000   304478    0
1499775661      947   305425    0
1499775662      1000   306425    0
1499775663      999   307424    0
1499775664      948   308372    0
1499775665      999   309371    0
1499775666      1000   310371    0
1499775667      999   311370    0
1499775668      938   312308    0
1499775669      999   313307    0
1499775670      1000   314307    0
1499775671      948   315255    0
1499775672      999   316254    0
1499775673      1000   317254    0
1499775674      939   318193    0
1499775675      1000   319193    0
1499775676      999   320192    0
1499775677      1000   321192    0
1499775678      947   322139    0
1499775679      1000   323139    0
1499775680      999   324138    0
1499775681      948   325086    0
1499775682      999   326085    0
1499775683      1000   327085    0
1499775684      948   328033    0
1499775685      999   329032    0
1499775686      1000   330032    0
1499775687      999   331031    0
1499775688      930   331961    0
1499775689      999   332960    0
1499775690      1000   333960    0
1499775691      935   334895    0
1499775692      1000   335895    0
1499775693      999   336894    0
1499775694      948   337842    0
1499775695      999   338841    0
1499775696      1000   339841    0
1499775697      1000   340841    0
1499775698      939   341780    0
1499775699      1000   342780    0
1499775700      999   343779    0
1499775701      948   344727    0
1499775702      999   345726    0
1499775703      1000   346726    0
1499775704      947   347673    0
1499775705      1000   348673    0
1499775706      923   349596    0
1499775707      1000   350596    0
1499775708      999   351595    0
1499775709      948   352543    0
1499775710      1000   353543    0
1499775711      999   354542    0
1499775712      941   355483    0
1499775713      999   356482    0
1499775714      1000   357482    0
1499775715      999   358481    0
1499775716      948   359429    0
1499775717      999   360428    0
1499775718      1000   361428    0
1499775719      947   362375    0
1499775720      1000   363375    0
1499775721      999   364374    0
1499775722      948   365322    0
1499775723      999   366321    0
1499775724      1000   367321    0
1499775725      999   368320    0
1499775726      928   369248    0
1499775727      1000   370248    0
1499775728      999   371247    0
1499775729      948   372195    0
1499775730      999   373194    0
1499775731      1000   374194    0
1499775732      947   375141    0
1499775733      1000   376141    0
1499775734      999   377140    0
1499775735      923   378140    0
1499775736      1006   379146    0
1499775737      1000   380146    0
1499775738      999   381145    0
1499775739      948   382093    0
1499775740      999   383092    0
1499775741      997   384089    0
1499775742      948   385037    0
1499775743      996   386033    0
1499775744      1000   387033    0
1499775745      935   387968    0
1499775746      1000   388968    0
1499775747      999   389967    0
1499775748      1000   390967    0
1499775749      947   391914    0
1499775750      1000   392914    0
1499775751      999   393913    0
1499775752      948   394861    0
1499775753      999   395860    0
1499775754      1000   396860    0
1499775755      948   397808    0
1499775756      999   398807    0
1499775757      1000   399807    0
1499775758      999   400806    0
1499775759      930   401736    0
1499775760      999   402735    0
1499775761      1000   403735    0
1499775762      947   404682    0
1499775763      1000   405682    0
1499775764      999   406681    0
1499775765      948   407629    0
1499775766      999   408628    0
1499775767      1000   409628    0
1499775768      1000   410628    0
1499775769      925   411553    0
1499775770      1000   412553    0
1499775771      999   413552    0
1499775772      947   414499    0
1499775773      999   415498    0
1499775774      1000   416498    0
1499775775      947   417445    0
1499775776      1000   418445    0
1499775777      923   419368    0
1499775778      1000   420368    0
1499775779      999   421367    0
1499775780      947   422314    0
1499775781      999   423313    0
1499775782      1000   424313    0
1499775783      948   425261    0
1499775784      999   426260    0
1499775785      1000   427260    0
1499775786      999   428259    0
1499775787      948   429207    0
1499775788      999   430206    0
1499775789      1000   431206    0
1499775790      940   432146    0
1499775791      1000   433146    0
1499775792      999   434145    0
1499775793      948   435093    0
1499775794      999   436092    0
1499775795      1000   437092    0
1499775796      999   438091    0
1499775797      916   439007    0
1499775798      1000   440007    0
1499775799      999   441006    0
1499775800      948   441954    0
1499775801      999   442953    0
1499775802      1000   443953    0
1499775803      946   444899    0
1499775804      1000   445899    0
1499775805      999   446898    0
1499775806      1000   447898    0
1499775807      933   448831    0
1499775808      1000   449831    0
1499775809      999   450830    0
1499775810      947   451777    0
1499775811      999   452776    0
1499775812      1000   453776    0
1499775813      935   454711    0
1499775814      999   455710    0
1499775815      1000   456710    0
1499775816      941   457669    0
1499775817      1007   458676    0
1499775818      999   459675    0
1499775819      1000   460675    0
1499775820      947   461622    0
1499775821      1000   462622    0
1499775822      1000   463622    0
1499775823      947   464569    0
1499775824      1000   465569    0
1499775825      999   466568    0
1499775826      947   467515    0
1499775827      999   468514    0
1499775828      1000   469514    0
1499775829      999   470513    0
1499775830      943   471456    0
1499775831      999   472455    0
1499775832      1000   473455    0
1499775833      947   474402    0
1499775834      1000   475402    0
1499775835      1000   476402    0
1499775836      940   477342    0
1499775837      1000   478342    0
1499775838      999   479341    0
1499775839      1000   480341    0
1499775840      929   481270    0
1499775841      1000   482270    0
1499775842      999   483269    0
1499775843      948   484217    0
1499775844      999   485216    0
1499775845      1000   486216    0
1499775846      946   487162    0
1499775847      1000   488162    0
1499775848      922   489084    0
1499775849      1000   490084    0
1499775850      1000   491084    0
1499775851      935   492019    0
1499775852      1000   493019    0
1499775853      999   494018    0
1499775854      947   494965    0
1499775855      999   495964    0
1499775856      1000   496964    0
1499775857      995   497959    0
1499775858      922   498881    0
1499775859      999   499880    0
