1484904175      1438   1438    0.0109711
1484904176      1337   2776    0.0211792
1484904177      1396   4173    0.0318375
1484904178      1329   5502    0.0419769
1484904179      1019   6521    0.0497513
1484904180      781   7426    0.0566559
1484904181      1201   8627    0.0658188
1484904182      795   9571    0.0730209
1484904183      679   10561    0.080574
1484904184      1208   11769    0.0897903
1484904186      796   12706    0.0969391
1484904187      975   13681    0.104378
1484904188      873   14851    0.113304
1484904189      978   15841    0.120857
1484904190      972   16813    0.128273
1484904191      883   17986    0.137222
1484904192      1212   19198    0.146469
1484904193      804   20131    0.153587
1484904195      893   21121    0.16114
1484904196      1216   22337    0.170418
1484904197      812   23266    0.177505
1484904198      1204   24470    0.186691
1484904199      817   25411    0.193871
1484904200      972   26383    0.201286
1484904201      978   27361    0.208748
1484904202      1015   28376    0.216492
1484904203      777   29261    0.223244
1484904204      1201   30462    0.232407
1484904205      791   31406    0.239609
1484904206      927   32396    0.247162
1484904207      597   33111    0.252617
1484904208      1211   34322    0.261856
1484904210      813   35256    0.268982
1484904211      1203   36459    0.27816
1484904212      792   37251    0.284203
1484904213      1104   38355    0.292625
1484904214      815   39170    0.298843
1484904215      1026   40196    0.306671
1484904216      860   41251    0.31472
1484904217      929   42241    0.322273
1484904218      1211   43452    0.331512
1484904219      824   44386    0.338638
1484904220      1202   45588    0.347809
1484904221      829   46531    0.355003
1484904222      889   47521    0.362556
1484904223      1111   48632    0.371033
1484904224      917   49666    0.378922
1484904225      1039   50705    0.386848
1484904227      852   51811    0.395287
1484904228      938   52801    0.40284
1484904229      1213   54014    0.412094
1484904230      820   54946    0.419205
1484904231      1214   56160    0.428467
1484904232      818   57091    0.43557
1484904233      871   58081    0.443123
1484904234      1028   59109    0.450966
1484904235      976   60226    0.459488
1484904236      1045   61271    0.467461
1484904238      850   62371    0.475853
1484904239      909   63361    0.483406
1484904240      1212   64573    0.492653
1484904241      812   65506    0.499771
1484904242      1210   66716    0.509003
1484904243      403   67119    0.512077
1484904244      981   68100    0.519562
1484904245      972   69072    0.526978
1484904246      981   70053    0.534462
1484904247      699   70786    0.540054
1484904248      1202   71988    0.549225
1484904249      816   72931    0.556419
1484904250      865   73921    0.563972
1484904251      1208   75129    0.573189
1484904252      813   76066    0.580338
1484904253      1211   77277    0.589577
1484904254      825   78211    0.596703
1484904256      884   79201    0.604256
1484904257      1077   80278    0.612473
1484904258      939   81346    0.620621
1484904259      1047   82393    0.628609
1484904260      876   83491    0.636986
1484904261      878   84481    0.644539
1484904262      1198   85679    0.653679
1484904263      892   86626    0.660904
1484904264      1086   87712    0.669189
1484904265      865   88771    0.677269
1484904266      896   89761    0.684822
1484904267      1206   90967    0.694023
1484904269      821   91906    0.701187
1484904270      1211   93117    0.710426
1484904271      825   94051    0.717552
1484904272      883   95041    0.725105
1484904273      1078   96119    0.73333
1484904274      940   97186    0.74147
1484904275      1048   98234    0.749466
1484904276      853   99331    0.757835
1484904277      881   100321    0.765388
1484904278      1010   101331    0.773094
1484904279      972   102303    0.78051
1484904280      911   103214    0.78746
1484904281      1030   104244    0.795319
1484904283      878   105326    0.803574
1484904284      895   106316    0.811127
1484904285      1199   107515    0.820274
1484904286      831   108461    0.827492
1484904287      1203   109664    0.83667
1484904288      800   110606    0.843857
1484904289      925   111596    0.85141
1484904290      1167   112763    0.860313
1484904291      860   113741    0.867775
1484904292      1043   114784    0.875732
1484904294      856   115886    0.88414
1484904295      894   116876    0.891693
1484904296      1151   118027    0.900475
1484904297      840   119021    0.908058
1484904298      1198   120219    0.917198
1484904299      815   121166    0.924423
1484904300      856   122156    0.931976
1484904301      1129   123285    0.94059
1484904302      894   124301    0.948341
1484904303      1043   125344    0.956299
1484904305      852   126446    0.964706
1484904306      910   127436    0.97226
1484904307      1125   128561    0.980843
1484904308      847   129581    0.988625
1484904309      1202   130783    0.997795
1484904310      438   131221    1.00114
1484904311      635   132001    1.00709
1484904312      1099   133100    1.01547
1484904313      904   134146    1.02345
1484904314      1073   135219    1.03164
1484904315      887   136291    1.03982
1484904317      842   137281    1.04737
1484904318      1209   138490    1.05659
1484904319      782   139426    1.06374
1484904320      950   140376    1.07098
1484904321      920   141571    1.0801
1484904322      974   142561    1.08765
1484904323      971   143532    1.09506
1484904325      861   144706    1.10402
1484904326      1207   145913    1.11323
1484904327      818   146851    1.12038
1484904328      911   147841    1.12794
1484904329      959   148800    1.13525
1484904330      886   149986    1.1443
1484904331      1205   151191    1.1535
1484904332      843   152131    1.16067
1484904334      768   153121    1.16822
1484904335      1214   154335    1.17748
1484904336      782   155266    1.18459
1484904337      962   156228    1.19193
1484904338      878   157411    1.20095
1484904339      979   158401    1.2085
1484904340      1206   159607    1.2177
1484904341      827   160546    1.22487
1484904342      1201   161747    1.23403
1484904343      843   162691    1.24123
1484904344      910   163681    1.24879
1484904345      986   164667    1.25631
1484904347      866   165826    1.26515
1484904348      1186   167012    1.2742
1484904349      856   167971    1.28152
1484904350      790   168961    1.28907
1484904351      1204   170165    1.29826
1484904352      798   171106    1.30544
1484904353      977   172083    1.31289
1484904355      872   173251    1.3218
1484904356      912   174241    1.32935
1484904357      1202   175443    1.33852
1484904358      909   176386    1.34572
1484904359      1213   177599    1.35497
1484904360      909   178531    1.36208
1484904361      973   179521    1.36964
1484904362      1203   180724    1.37881
1484904363      917   181666    1.386
1484904364      1203   182869    1.39518
1484904365      909   183811    1.40237
1484904366      981   184801    1.40992
1484904367      1208   186009    1.41914
1484904368      914   186946    1.42628
1484904369      1207   188153    1.43549
1484904370      915   189091    1.44265
1484904371      866   189957    1.44926
1484904372      981   190938    1.45674
1484904373      1204   192142    1.46593
1484904374      908   193050    1.47285
1484904375      1209   194259    1.48208
1484904376      904   195163    1.48898
1484904377      975   196138    1.49641
1484904378      1208   197346    1.50563
1484904379      917   198263    1.51263
1484904380      1201   199464    1.52179
1484904381      902   200366    1.52867
1484904382      981   201356    1.53622
1484904383      1213   202569    1.54548
1484904384      915   203501    1.55259
1484904385      1205   204706    1.56178
1484904386      911   205646    1.56895
1484904387      976   206636    1.57651
1484904388      1208   207844    1.58572
1484904389      914   208781    1.59287
1484904390      1199   209980    1.60202
1484904391      917   210926    1.60924
1484904392      978   211916    1.61679
1484904393      1209   213125    1.62601
1484904394      908   214061    1.63316
1484904395      1211   215272    1.6424
1484904396      908   216206    1.64952
1484904397      983   217196    1.65707
1484904398      1206   218402    1.66628
1484904399      910   219341    1.67344
1484904400      1200   220541    1.68259
1484904401      920   221486    1.6898
1484904403      690   222476    1.69736
1484904404      1213   223689    1.70661
1484904405      909   224621    1.71372
1484904406      1203   225824    1.7229
1484904407      914   226766    1.73009
1484904408      980   227756    1.73764
1484904409      1203   228959    1.74682
1484904410      915   229901    1.75401
1484904411      1215   231116    1.76328
1484904412      914   232046    1.77037
1484904413      982   233036    1.77792
1484904414      1217   234253    1.78721
1484904415      915   235181    1.79429
1484904416      1047   236228    1.80228
1484904417      956   237326    1.81065
1484904418      847   238316    1.81821
1484904419      1039   239355    1.82613
1484904420      966   240461    1.83457
1484904421      1023   241484    1.84238
1484904422      865   242606    1.85094
1484904424      910   243596    1.85849
1484904425      1013   244609    1.86622
1484904426      862   245741    1.87486
1484904427      1207   246948    1.88406
1484904428      797   247886    1.89122
1484904429      848   248876    1.89877
1484904430      1200   250076    1.90793
1484904431      800   251021    1.91514
1484904432      970   251991    1.92254
1484904433      1020   253011    1.93032
1484904434      468   253479    1.93389
1484904435      1207   254686    1.9431
1484904437      761   255586    1.94997
1484904438      985   256571    1.95748
1484904439      989   257731    1.96633
1484904440      862   258721    1.97388
1484904441      1129   259850    1.9825
1484904442      888   260866    1.99025
1484904443      1011   261877    1.99796
1484904444      872   263011    2.00661
1484904445      975   264001    2.01417
1484904446      1214   265215    2.02343
1484904448      811   266146    2.03053
1484904449      1216   267362    2.03981
1484904450      787   268291    2.0469
1484904451      979   269270    2.05437
1484904452      696   269996    2.05991
1484904453      1016   271012    2.06766
1484904454      866   272141    2.07627
1484904455      1211   273352    2.08551
1484904456      797   274286    2.09264
1484904457      864   275276    2.10019
1484904458      1207   276483    2.1094
1484904460      798   277421    2.11655
1484904461      971   278392    2.12396
1484904462      904   279566    2.13292
1484904463      794   280360    2.13898
1484904464      624   281271    2.14593
1484904465      1180   282451    2.15493
1484904466      856   283416    2.16229
1484904467      986   284402    2.16982
1484904468      863   285265    2.1764
1484904469      1205   286470    2.18559
1484904470      764   287266    2.19167
1484904471      1209   288475    2.20089
1484904473      827   289411    2.20803
1484904474      956   290367    2.21532
1484904475      965   291332    2.22269
1484904476      1050   292382    2.2307
1484904477      800   293261    2.2374
1484904478      1215   294476    2.24667
1484904479      788   295406    2.25377
1484904480      939   296396    2.26132
1484904481      1201   297597    2.27048
1484904482      831   298541    2.27769
1484904483      1039   299580    2.28561
1484904484      844   300686    2.29405
1484904485      910   301676    2.30161
1484904486      1166   302842    2.3105
1484904488      842   303821    2.31797
1484904489      1214   305035    2.32723
1484904490      819   305966    2.33434
1484904491      910   306956    2.34189
1484904492      1086   308042    2.35017
1484904493      932   309101    2.35825
1484904494      1051   310152    2.36627
1484904495      798   310950    2.37236
1484904496      983   311933    2.37986
1484904497      965   312898    2.38722
1484904498      749   313666    2.39308
1484904499      1204   314870    2.40227
1484904500      825   315811    2.40945
1484904501      877   316801    2.417
1484904502      1216   318017    2.42628
1484904503      822   318946    2.43336
1484904504      1217   320163    2.44265
1484904506      813   321091    2.44973
1484904507      876   322081    2.45728
1484904508      1083   323164    2.46555
1484904509      935   324226    2.47365
1484904510      1043   325269    2.48161
1484904511      880   326371    2.49001
1484904512      938   327361    2.49757
1484904513      987   328348    2.5051
1484904514      985   329506    2.51393
1484904515      1043   330549    2.52189
1484904517      878   331651    2.5303
1484904518      906   332641    2.53785
1484904519      1211   333852    2.54709
1484904520      818   334786    2.55421
1484904521      1210   335996    2.56345
1484904522      830   336931    2.57058
1484904523      873   337921    2.57813
1484904524      989   338910    2.58568
1484904525      985   340066    2.5945
1484904526      1050   341116    2.60251
1484904527      884   342211    2.61086
1484904529      909   343201    2.61842
1484904530      1216   344417    2.62769
1484904531      820   345346    2.63478
1484904532      1202   346548    2.64395
1484904533      828   347491    2.65115
1484904534      883   348481    2.6587
1484904535      1097   349578    2.66707
1484904536      919   350626    2.67506
1484904537      1042   351668    2.68301
1484904538      853   352771    2.69143
1484904539      920   353761    2.69898
1484904540      1195   354956    2.7081
1484904542      829   355906    2.71535
1484904543      1211   357117    2.72459
1484904544      826   358051    2.73171
1484904545      877   359041    2.73927
1484904546      1006   360047    2.74694
1484904547      975   361186    2.75563
1484904548      1026   362212    2.76346
1484904549      855   363331    2.772
1484904550      909   364321    2.77955
1484904551      1207   365528    2.78876
1484904553      823   366466    2.79591
1484904554      1202   367668    2.80508
1484904555      830   368611    2.81228
1484904556      978   369589    2.81974
1484904557      528   370316    2.82529
1484904558      1210   371526    2.83452
1484904559      793   372461    2.84165
1484904560      978   373439    2.84911
1484904562      871   374606    2.85802
1484904563      843   375596    2.86557
1484904564      1145   376741    2.87431
1484904565      869   377741    2.88194
1484904566      1204   378945    2.89112
1484904567      838   379886    2.8983
1484904568      852   380876    2.90585
1484904569      987   381863    2.91338
1484904570      935   383021    2.92222
1484904571      1172   384193    2.93116
1484904573      862   385166    2.93858
1484904574      849   386156    2.94614
1484904575      1214   387370    2.9554
1484904576      841   388301    2.9625
1484904577      1209   389510    2.97173
1484904578      843   390446    2.97887
1484904579      862   391436    2.98642
1484904580      987   392423    2.99395
1484904581      894   393581    3.00278
1484904582      1211   394792    3.01202
1484904583      842   395726    3.01915
1484904585      855   396716    3.0267
1484904586      1206   397922    3.0359
1484904587      845   398861    3.04307
1484904588      710   399576    3.04852
1484904589      1212   400788    3.05777
1484904590      480   401281    3.06153
1484904591      1212   402493    3.07078
1484904592      850   403426    3.0779
1484904593      1076   404502    3.08611
1484904594      858   405571    3.09426
1484904595      854   406561    3.10181
1484904596      1213   407774    3.11107
1484904597      798   408706    3.11818
1484904598      1077   409783    3.1264
1484904600      958   410851    3.13454
1484904601      909   411841    3.1421
1484904602      987   412828    3.14963
1484904603      919   413986    3.15846
1484904604      1198   415184    3.1676
1484904605      852   416131    3.17483
1484904606      984   417121    3.18238
1484904607      1216   418337    3.19166
1484904608      907   419266    3.19875
1484904609      1214   420480    3.20801
1484904610      905   421411    3.21511
1484904611      977   422401    3.22266
1484904612      1196   423597    3.23179
1484904613      908   424546    3.23903
1484904614      1207   425753    3.24824
1484904615      908   426691    3.25539
1484904616      980   427681    3.26295
1484904617      1200   428881    3.2721
1484904618      917   429826    3.27931
1484904619      1210   431036    3.28854
1484904620      918   431971    3.29568
1484904621      980   432961    3.30323
1484904622      1206   434167    3.31243
1484904623      920   435106    3.3196
1484904624      1209   436315    3.32882
1484904625      913   437251    3.33596
1484904626      979   438241    3.34351
1484904627      1205   439446    3.35271
1484904628      909   440386    3.35988
1484904629      1212   441598    3.36913
1484904630      914   442531    3.37624
1484904631      981   443521    3.3838
1484904632      1207   444728    3.39301
1484904633      915   445666    3.40016
1484904634      1211   446877    3.4094
1484904635      910   447811    3.41653
1484904636      982   448801    3.42408
1484904637      1209   450010    3.4333
1484904638      915   450946    3.44044
1484904639      1214   452160    3.44971
1484904640      906   453091    3.45681
1484904641      982   454081    3.46436
1484904642      1207   455288    3.47357
1484904643      918   456226    3.48073
1484904644      1209   457435    3.48995
1484904645      917   458371    3.49709
1484904646      983   459361    3.50465
1484904647      1211   460572    3.51389
1484904649      792   461506    3.52101
1484904650      1213   462719    3.53027
1484904651      914   463651    3.53738
1484904652      980   464641    3.54493
1484904653      1207   465848    3.55414
1484904654      917   466786    3.56129
1484904655      1139   467925    3.56998
1484904656      941   468931    3.57766
1484904657      980   469921    3.58521
1484904658      1216   471137    3.59449
1484904659      894   472066    3.60158
1484904660      1197   473263    3.61071
1484904661      915   474211    3.61794
1484904662      978   475201    3.6255
1484904663      1203   476404    3.63467
1484904664      916   477346    3.64186
1484904665      1213   478559    3.65112
1484904666      912   479491    3.65823
1484904667      980   480481    3.66578
1484904668      1204   481685    3.67496
1484904669      920   482626    3.68214
1484904670      1212   483838    3.69139
1484904671      916   484771    3.69851
1484904672      982   485761    3.70606
1484904673      1210   486971    3.71529
1484904674      913   487906    3.72243
1484904675      1210   489116    3.73166
1484904676      912   490051    3.73879
1484904677      979   491041    3.74635
1484904678      1213   492254    3.7556
1484904679      895   493186    3.76271
1484904680      1211   494397    3.77195
1484904681      847   495331    3.77908
1484904682      984   496321    3.78663
1484904683      1208   497529    3.79585
1484904684      833   498466    3.80299
1484904685      1213   499679    3.81225
