1486379509      991   993    0.010417
1486379510      1000   1993    0.0209074
1486379511      1000   2993    0.0313978
1486379512      999   3993    0.0418882
1486379513      742   4735    0.0496721
1486379514      774   5509    0.0577917
1486379515      623   6149    0.0645056
1486379516      795   6944    0.0728455
1486379517      807   7751    0.0813112
1486379518      605   8356    0.0876579
1486379520      649   9087    0.0953264
1486379521      812   9899    0.103845
1486379522      670   10692    0.112164
1486379523      814   11506    0.120703
1486379524      605   12111    0.127049
1486379525      804   12915    0.135484
1486379526      650   13630    0.142984
1486379527      812   14442    0.151503
1486379528      792   15234    0.159811
1486379529      601   15835    0.166116
1486379530      645   16568    0.173805
1486379531      812   17380    0.182323
1486379532      750   18130    0.190191
1486379533      614   18744    0.196632
1486379534      773   19517    0.204741
1486379535      598   20115    0.211015
1486379536      807   20922    0.219481
1486379537      628   21646    0.227076
1486379538      816   22462    0.235636
1486379539      657   23251    0.243913
1486379541      666   24049    0.252284
1486379542      812   24861    0.260802
1486379543      670   25654    0.269121
1486379544      801   26455    0.277524
1486379545      796   27251    0.285874
1486379546      609   27860    0.292263
1486379547      651   28592    0.299942
1486379548      790   29382    0.308229
1486379549      810   30192    0.316727
1486379550      597   30789    0.322989
1486379551      792   31581    0.331298
1486379552      592   32173    0.337508
1486379553      798   32971    0.34588
1486379554      587   33670    0.353212
1486379555      814   34484    0.361752
1486379556      766   35250    0.369787
1486379557      602   35852    0.376102
1486379558      658   36608    0.384033
1486379559      792   37400    0.392342
1486379560      763   38163    0.400346
1486379561      616   38779    0.406808
1486379562      801   39580    0.415211
1486379563      391   40081    0.420466
1486379564      814   40895    0.429006
1486379565      751   41646    0.436884
1486379567      345   42221    0.442916
1486379568      799   43020    0.451298
1486379569      791   43811    0.459596
1486379570      554   44365    0.465407
1486379571      668   45033    0.472415
1486379572      544   45694    0.479349
1486379573      808   46502    0.487825
1486379574      625   47127    0.494382
1486379576      546   47834    0.501799
1486379577      593   48632    0.51017
1486379578      775   49407    0.5183
1486379579      760   50167    0.526273
1486379580      570   50772    0.532619
1486379581      773   51545    0.540729
1486379582      464   52105    0.546603
1486379583      802   52907    0.555017
1486379584      751   53658    0.562895
1486379585      572   54245    0.569053
1486379586      732   54977    0.576732
1486379587      773   55750    0.584841
1486379588      353   56113    0.588649
1486379589      762   56875    0.596642
1486379590      707   57582    0.604059
1486379591      593   58253    0.611098
1486379592      646   58899    0.617875
1486379593      728   59627    0.625512
1486379595      416   60121    0.630694
1486379596      779   60900    0.638866
1486379597      736   61636    0.646587
1486379598      496   62261    0.653144
1486379599      813   63074    0.661673
1486379600      668   63866    0.669981
1486379601      671   64664    0.678352
1486379602      813   65477    0.686881
1486379603      669   66269    0.695189
1486379604      786   67055    0.703435
1486379605      808   67863    0.711911
1486379606      617   68480    0.718384
1486379608      644   69207    0.72601
1486379609      788   69995    0.734277
1486379610      813   70808    0.742805
1486379611      606   71414    0.749163
1486379612      645   72145    0.756831
1486379613      812   72957    0.765349
1486379614      671   73750    0.773668
1486379615      782   74532    0.781872
1486379616      783   75315    0.790086
1486379617      598   75913    0.796359
1486379618      659   76688    0.804489
1486379619      817   77505    0.81306
1486379620      666   78293    0.821326
1486379621      816   79109    0.829886
1486379622      653   79898    0.838163
1486379624      679   80696    0.846535
1486379625      798   81494    0.854906
1486379626      791   82285    0.863204
1486379627      598   82883    0.869477
1486379628      789   83672    0.877754
1486379629      448   84169    0.882968
1486379630      799   84968    0.89135
1486379631      600   85774    0.899805
1486379632      814   86588    0.908344
1486379633      718   87306    0.915876
1486379634      589   87914    0.922255
1486379635      590   88712    0.930626
1486379636      815   89527    0.939176
1486379637      654   90181    0.946036
1486379639      547   90852    0.953075
1486379640      811   91663    0.961583
1486379641      504   92185    0.967059
1486379642      650   92835    0.973878
1486379643      807   93642    0.982344
1486379644      656   94298    0.989225
1486379645      519   94860    0.995121
1486379646      797   95657    1.00348
1486379647      427   96193    1.0091
1486379648      669   96862    1.01612
1486379649      804   97666    1.02456
1486379650      595   98333    1.03155
1486379651      763   99096    1.03956
1486379652      775   99871    1.04769
1486379653      582   100453    1.05379
1486379654      622   101075    1.06032
1486379655      611   101806    1.06799
1486379656      806   102612    1.07644
1486379657      755   103367    1.08436
1486379658      560   103946    1.09044
1486379660      625   104744    1.09881
1486379661      490   105279    1.10442
1486379662      792   106071    1.11273
1486379663      601   106672    1.11903
1486379664      619   107419    1.12687
1486379665      738   108157    1.13461
1486379666      589   108752    1.14085
1486379667      788   109540    1.14912
1486379668      797   110337    1.15748
1486379669      573   110910    1.16349
1486379670      743   111653    1.17129
1486379671      598   112251    1.17756
1486379672      803   113054    1.18598
1486379673      649   113830    1.19412
1486379674      760   114590    1.2021
1486379675      786   115376    1.21034
1486379676      570   115970    1.21657
1486379677      655   116768    1.22495
1486379678      796   117564    1.2333
1486379679      798   118362    1.24167
1486379680      591   118953    1.24787
1486379681      808   119761    1.25634
1486379682      540   120301    1.26201
1486379683      788   121089    1.27027
1486379684      722   121811    1.27785
1486379685      566   122381    1.28383
1486379686      801   123182    1.29223
1486379687      776   123958    1.30037
1486379688      553   124511    1.30617
1486379689      769   125280    1.31424
1486379690      576   125856    1.32028
1486379691      805   126661    1.32873
1486379692      734   127395    1.33643
1486379693      578   127994    1.34271
1486379695      666   128792    1.35108
1486379696      818   129610    1.35966
1486379697      664   130397    1.36792
1486379698      811   131208    1.37643
1486379699      664   132002    1.38476
1486379700      660   132800    1.39313
1486379701      813   133613    1.40166
1486379702      657   134405    1.40996
1486379703      813   135218    1.41849
1486379705      660   136010    1.4268
1486379706      664   136808    1.43517
1486379707      812   137620    1.44369
1486379708      653   138413    1.45201
1486379709      817   139230    1.46058
1486379710      660   140018    1.46885
1486379711      669   140816    1.47722
1486379712      813   141629    1.48575
1486379714      667   142421    1.49406
1486379715      797   143218    1.50242
1486379716      653   143871    1.50927
1486379717      611   144482    1.51568
1486379718      809   145291    1.52416
1486379719      573   145894    1.53049
1486379720      784   146678    1.53871
1486379721      770   147448    1.54679
1486379722      564   148034    1.55294
1486379723      599   148832    1.56131
1486379724      812   149644    1.56983
1486379725      702   150346    1.57719
1486379726      577   150972    1.58376
1486379728      389   151507    1.58937
1486379729      715   152222    1.59687
1486379730      524   152840    1.60336
1486379731      661   153501    1.61029
1486379732      657   154158    1.61718
1486379733      806   154964    1.62564
1486379734      560   155524    1.63151
1486379735      777   156301    1.63966
1486379736      503   156848    1.6454
1486379737      808   157656    1.65388
1486379738      760   158416    1.66185
1486379739      561   158988    1.66785
1486379740      815   159803    1.6764
1486379741      564   160367    1.68232
1486379742      659   161026    1.68923
1486379743      808   161834    1.69771
1486379744      571   162461    1.70428
1486379745      767   163228    1.71233
1486379746      794   164022    1.72066
1486379747      558   164580    1.72651
1486379748      716   165296    1.73402
1486379749      580   165934    1.74072
1486379750      795   166729    1.74906
1486379751      719   167448    1.7566
1486379752      603   168074    1.76317
1486379753      665   168872    1.77154
1486379754      798   169670    1.77991
1486379756      636   170477    1.78837
1486379757      732   171209    1.79605
1486379758      810   172019    1.80455
1486379759      217   172345    1.80797
1486379760      807   173152    1.81644
1486379761      668   173950    1.82481
1486379762      787   174737    1.83306
1486379763      767   175504    1.84111
1486379764      613   176117    1.84754
1486379765      646   176888    1.85563
1486379766      810   177698    1.86413
1486379768      672   178493    1.87247
1486379769      774   179267    1.88059
1486379770      804   180071    1.88902
1486379771      534   180605    1.89462
1486379772      744   181349    1.90243
1486379773      563   181966    1.9089
1486379774      705   182671    1.9163
1486379775      726   183397    1.92391
1486379776      603   184106    1.93135
1486379777      658   184904    1.93972
1486379778      741   185645    1.94749
1486379779      737   186382    1.95522
1486379780      628   187044    1.96217
1486379781      806   187850    1.97062
1486379782      618   188468    1.97711
1486379783      738   189206    1.98485
1486379784      750   189956    1.99272
1486379785      546   190517    1.9986
1486379786      743   191260    2.0064
1486379787      756   192016    2.01433
1486379788      357   192385    2.0182
1486379789      763   193148    2.0262
1486379790      790   193938    2.03449
1486379791      567   194525    2.04065
1486379792      811   195336    2.04916
1486379793      744   196080    2.05696
1486379794      443   196523    2.06161
1486379795      808   197331    2.07008
1486379796      654   197985    2.07695
1486379797      504   198533    2.08269
1486379798      808   199341    2.09117
1486379799      764   200105    2.09918
1486379800      527   200632    2.10471
1486379801      655   201287    2.11158
1486379803      580   202006    2.11913
1486379804      820   202826    2.12773
1486379805      737   203563    2.13546
1486379806      574   204146    2.14158
1486379807      606   204944    2.14995
1486379808      813   205757    2.15848
1486379809      753   206510    2.16638
1486379810      563   207084    2.1724
1486379811      813   207897    2.18093
1486379812      572   208469    2.18693
1486379813      702   209171    2.19429
1486379814      804   209975    2.20273
1486379815      572   210557    2.20883
1486379816      779   211336    2.217
1486379817      802   212138    2.22542
1486379818      614   212752    2.23186
1486379819      635   213495    2.23965
1486379820      737   214232    2.24738
1486379821      791   215023    2.25568
1486379822      605   215635    2.2621
1486379823      669   216433    2.27047
1486379824      812   217245    2.27899
1486379825      661   218038    2.28731
1486379826      817   218855    2.29588
1486379828      667   219643    2.30415
1486379829      673   220441    2.31252
1486379830      815   221256    2.32107
1486379831      668   222046    2.32936
1486379832      816   222862    2.33792
1486379833      662   223651    2.34619
1486379834      667   224449    2.35456
1486379835      802   225251    2.36298
1486379837      675   226054    2.3714
1486379838      799   226853    2.37978
1486379839      665   227659    2.38824
1486379840      668   228457    2.39661
1486379841      797   229254    2.40497
1486379842      629   230062    2.41345
1486379843      794   230856    2.42178
1486379844      804   231660    2.43021
1486379845      559   232219    2.43607
1486379847      623   233000    2.44427
1486379848      819   233819    2.45286
1486379849      659   234605    2.4611
1486379850      814   235419    2.46964
1486379851      657   236210    2.47794
1486379852      381   236591    2.48194
1486379853      810   237401    2.49044
1486379854      614   238078    2.49754
1486379855      793   238871    2.50586
1486379856      797   239668    2.51422
1486379857      563   240231    2.52012
1486379858      647   241016    2.52836
1486379859      791   241807    2.53666
1486379860      808   242615    2.54513
1486379861      571   243186    2.55112
1486379862      812   243998    2.55964
1486379863      613   244611    2.56607
1486379864      783   245394    2.57429
1486379865      619   246094    2.58163
1486379866      801   246895    2.59003
1486379867      651   247546    2.59686
1486379869      555   248234    2.60408
1486379870      671   248905    2.61112
1486379871      600   249567    2.61806
