1499679664      381   381    0.0112638
1499679665      374   755    0.0223207
1499679666      379   1134    0.0335255
1499679668      303   1677    0.0495787
1499679669      303   2129    0.0629416
1499679671      266   2449    0.072402
1499679672      303   2901    0.0857649
1499679674      300   3353    0.0991278
1499679675      264   3673    0.108588
1499679676      303   4125    0.121951
1499679678      300   4577    0.135314
1499679679      268   4897    0.144774
1499679680      303   5349    0.158137
1499679682      303   5801    0.1715
1499679683      267   6121    0.180961
1499679685      302   6573    0.194324
1499679686      304   7025    0.207686
1499679687      262   7345    0.217147
1499679689      301   7797    0.23051
1499679690      302   8249    0.243873
1499679692      269   8569    0.253333
1499679693      303   9021    0.266696
1499679695      189   9473    0.280059
1499679697      262   9793    0.289519
1499679698      301   10245    0.302882
1499679700      302   10697    0.316245
1499679701      266   11017    0.325706
1499679702      304   11469    0.339068
1499679704      303   11921    0.352431
1499679705      263   12241    0.361892
1499679707      301   12693    0.375255
1499679708      296   13145    0.388618
1499679709      265   13465    0.398078
1499679711      297   13917    0.411441
1499679712      302   14369    0.424804
1499679713      265   14689    0.434264
1499679715      298   15141    0.447627
1499679717      299   15593    0.46099
1499679718      261   15913    0.47045
1499679719      304   16365    0.483813
1499679721      302   16817    0.497176
1499679722      266   17137    0.506637
1499679723      303   17589    0.52
1499679725      302   18041    0.533362
1499679726      267   18361    0.542823
1499679729      184   18813    0.556186
1499679730      305   19265    0.569549
1499679731      268   19585    0.579009
