1500040598      68   69    0.000460625
1500040599      69   139    0.000927925
1500040600      67   207    0.00138187
1500040601      76   283    0.00188923
1500040602      82   365    0.00243664
1500040603      80   446    0.00297737
1500040604      92   539    0.00359821
1500040605      82   622    0.0041523
1500040606      89   712    0.00475311
1500040607      87   799    0.0053339
1500040608      91   891    0.00594807
1500040609      91   982    0.00655556
1500040610      92   1074    0.00716972
1500040611      90   1165    0.00777721
1500040612      95   1260    0.00841141
1500040613      95   1355    0.0090456
1500040614      94   1450    0.00967979
1500040615      89   1540    0.0102806
1500040616      79   1619    0.010808
