1486113264      1376   1376    0.010498
1486113265      1374   2750    0.0209808
1486113266      1384   4136    0.0315552
1486113267      1371   5507    0.0420151
1486113268      842   6401    0.0488358
1486113269      1158   7559    0.0576706
1486113270      887   8546    0.0652008
1486113271      1060   9606    0.073288
1486113272      910   10516    0.0802307
1486113273      765   11371    0.0867538
1486113274      1167   12538    0.0956573
1486113275      826   13516    0.103119
1486113276      1176   14692    0.112091
1486113277      900   15592    0.118958
1486113278      708   16341    0.124672
1486113279      1042   17383    0.132622
1486113280      1081   18464    0.140869
1486113281      803   19267    0.146996
1486113282      906   20173    0.153908
1486113284      869   21311    0.16259
1486113285      1163   22474    0.171463
1486113286      887   23456    0.178955
1486113287      1044   24500    0.18692
1486113288      903   25403    0.19381
1486113289      840   26281    0.200508
1486113290      1160   27441    0.209358
1486113291      852   28426    0.216873
1486113292      1166   29592    0.225769
1486113293      798   30390    0.231857
1486113294      612   31002    0.236526
1486113295      832   31966    0.243881
1486113296      1156   33122    0.252701
1486113297      889   34111    0.260246
1486113298      787   34898    0.266251
1486113299      1165   36063    0.275139
1486113300      759   36936    0.281799
1486113301      1168   38104    0.29071
1486113303      883   39081    0.298164
1486113304      911   39992    0.305115
1486113305      1158   41150    0.31395
1486113306      662   41906    0.319717
1486113307      854   42760    0.326233
1486113308      1167   43927    0.335136
1486113309      598   44731    0.34127
1486113310      835   45566    0.347641
1486113311      1098   46664    0.356018
1486113312      894   47558    0.362839
1486113313      705   48306    0.368546
1486113314      1170   49476    0.377472
1486113315      752   50228    0.383209
1486113316      743   51131    0.390099
1486113317      1152   52283    0.398888
1486113319      763   53276    0.406464
1486113320      1178   54454    0.415451
1486113321      460   54914    0.418961
1486113322      1155   56069    0.427773
1486113323      659   56816    0.433472
1486113324      891   57707    0.440269
1486113325      1163   58870    0.449142
1486113326      573   59641    0.455025
1486113327      1087   60728    0.463318
1486113328      1027   61755    0.471153
1486113329      598   62501    0.476845
1486113330      1101   63602    0.485245
1486113332      777   64611    0.492943
1486113333      1137   65748    0.501617
1486113334      825   66756    0.509308
1486113335      1167   67923    0.518211
1486113336      833   68901    0.525673
1486113337      908   69809    0.5326
1486113338      1138   70947    0.541283
1486113339      775   71726    0.547226
1486113340      1168   72894    0.556137
1486113341      792   73871    0.563591
1486113342      816   74687    0.569817
1486113343      1162   75849    0.578682
1486113344      830   76696    0.585144
1486113345      1174   77870    0.594101
1486113346      834   78841    0.601509
1486113347      859   79700    0.608063
1486113348      1097   80797    0.616432
1486113350      838   81666    0.623062
1486113351      1079   82745    0.631294
1486113352      874   83811    0.639427
1486113353      915   84726    0.646408
1486113354      1040   85766    0.654343
1486113355      772   86636    0.66098
1486113356      1165   87801    0.669868
1486113357      877   88678    0.676559
1486113358      507   89461    0.682533
1486113359      1064   90525    0.690651
1486113360      1005   91530    0.698318
1486113362      720   92321    0.704353
1486113363      1047   93368    0.712341
1486113363      1023   94391    0.720146
1486113365      633   95146    0.725906
1486113366      1109   96255    0.734367
1486113367      1027   97282    0.742203
1486113368      642   98006    0.747726
1486113369      1165   99171    0.756615
1486113370      552   99723    0.760826
1486113371      1087   100810    0.769119
1486113372      617   101546    0.774734
1486113373      935   102481    0.781868
1486113374      1123   103604    0.790436
1486113375      520   104371    0.796288
1486113376      1163   105534    0.805161
1486113377      862   106396    0.811737
1486113379      697   107231    0.818108
1486113380      1061   108292    0.826202
1486113381      850   109142    0.832687
1486113382      853   109995    0.839195
1486113383      813   110808    0.845398
1486113384      1058   111866    0.85347
1486113385      913   112916    0.861481
1486113386      1142   114058    0.870193
1486113387      891   114949    0.876991
1486113388      841   115790    0.883408
1486113389      1166   116956    0.892303
1486113390      830   117886    0.899399
1486113391      1162   119048    0.908264
1486113392      898   119946    0.915115
1486113393      801   120747    0.921227
1486113394      1078   121825    0.929451
1486113395      906   122856    0.937317
1486113396      1085   123941    0.945595
1486113397      306   124251    0.94796
1486113398      1049   125300    0.955963
1486113399      913   126396    0.964325
1486113400      1169   127565    0.973244
1486113401      883   128541    0.98069
1486113402      791   129332    0.986725
1486113403      1154   130486    0.995529
1486113404      849   131366    1.00224
1486113405      1169   132535    1.01116
1486113407      882   133511    1.01861
1486113408      885   134396    1.02536
1486113409      1037   135433    1.03327
1486113410      827   136336    1.04016
1486113411      1169   137505    1.04908
1486113412      874   138481    1.05653
1486113413      833   139314    1.06288
1486113414      1153   140467    1.07168
1486113415      798   141306    1.07808
1486113416      1059   142365    1.08616
1486113417      892   143451    1.09444
1486113418      828   144279    1.10076
1486113419      1162   145441    1.10963
1486113420      824   146276    1.116
1486113421      1174   147450    1.12495
1486113422      877   148421    1.13236
1486113423      915   149336    1.13934
1486113424      1165   150501    1.14823
1486113425      824   151325    1.15452
1486113426      1169   152494    1.16344
1486113427      813   153391    1.17028
1486113428      845   154236    1.17673
1486113429      1125   155361    1.18531
1486113430      811   156216    1.19183
1486113431      1043   157259    1.19979
1486113432      928   158361    1.2082
1486113433      684   159045    1.21342
1486113434      1165   160210    1.22231
1486113436      885   161186    1.22975
1486113437      1129   162315    1.23837
1486113438      905   163331    1.24612
1486113439      906   164237    1.25303
1486113440      1164   165401    1.26191
1486113441      810   166211    1.26809
1486113442      1165   167376    1.27698
1486113443      866   168301    1.28403
1486113444      913   169214    1.291
1486113445      1048   170262    1.299
1486113446      804   171126    1.30559
1486113447      1173   172299    1.31454
1486113448      876   173271    1.32195
1486113449      669   173951    1.32714
1486113450      1175   175126    1.33611
1486113451      903   176029    1.34299
1486113452      656   176811    1.34896
1486113453      1164   177975    1.35784
1486113455      680   178921    1.36506
1486113456      907   179828    1.37198
1486113457      1172   181000    1.38092
1486113458      694   181781    1.38688
1486113459      1131   182912    1.39551
1486113460      713   183891    1.40298
1486113461      1116   185007    1.41149
1486113462      834   186036    1.41934
1486113463      1114   187150    1.42784
1486113465      841   188181    1.43571
1486113466      673   188861    1.4409
1486113467      1096   189957    1.44926
1486113468      810   190767    1.45544
1486113469      763   191721    1.46272
1486113470      1168   192889    1.47163
1486113471      658   193831    1.47881
1486113472      1113   194944    1.4873
1486113473      908   195852    1.49423
1486113474      800   196691    1.50063
1486113475      1178   197869    1.50962
1486113476      745   198801    1.51673
1486113477      1178   199979    1.52572
1486113479      883   200946    1.5331
1486113480      1055   202001    1.54115
1486113481      901   203091    1.54946
1486113482      905   203996    1.55637
1486113483      1157   205153    1.56519
1486113484      710   205916    1.57101
1486113485      1179   207095    1.58001
1486113486      844   208061    1.58738
1486113487      890   208951    1.59417
1486113488      1166   210117    1.60307
1486113489      827   210944    1.60938
1486113490      1164   212108    1.61826
1486113491      863   213031    1.6253
1486113492      914   213945    1.63227
1486113493      1062   215007    1.64037
1486113494      835   215856    1.64685
1486113495      1170   217026    1.65578
1486113496      881   218001    1.66322
1486113497      912   218913    1.67017
1486113498      1168   220081    1.67908
1486113500      550   220826    1.68477
1486113501      1067   221893    1.69291
1486113502      896   222789    1.69975
1486113503      554   223651    1.70632
1486113504      1166   224817    1.71522
1486113505      769   225796    1.72269
1486113506      1024   226820    1.7305
1486113508      863   227941    1.73905
1486113509      865   228806    1.74565
1486113510      1161   229967    1.75451
1486113511      723   230766    1.7606
1486113512      1146   231912    1.76935
1486113513      995   232907    1.77694
1486113514      520   233591    1.78216
1486113515      1154   234745    1.79096
1486113516      906   235651    1.79787
1486113517      695   236451    1.80398
1486113518      1174   237625    1.81293
1486113520      688   238561    1.82008
1486113521      1018   239579    1.82784
1486113522      900   240706    1.83644
1486113523      1128   241834    1.84505
1486113524      838   242851    1.85281
1486113525      913   243764    1.85977
1486113526      1160   244924    1.86862
1486113527      673   245676    1.87436
1486113528      1169   246845    1.88328
1486113529      835   247821    1.89072
1486113530      885   248706    1.89748
1486113531      1127   249833    1.90607
1486113532      775   250646    1.91228
1486113533      1120   251766    1.92082
1486113535      786   252791    1.92864
1486113536      914   253705    1.93562
1486113537      1160   254865    1.94447
1486113538      797   255662    1.95055
1486113539      1039   256701    1.95847
1486113540      894   257761    1.96656
1486113541      915   258676    1.97354
1486113542      1072   259748    1.98172
1486113543      816   260586    1.98811
1486113544      1175   261761    1.99708
1486113545      882   262731    2.00448
1486113546      910   263641    2.01142
1486113547      1165   264806    2.02031
1486113548      730   265556    2.02603
1486113549      1177   266733    2.03501
1486113550      870   267701    2.0424
1486113551      913   268614    2.04936
1486113552      1163   269777    2.05824
1486113553      818   270595    2.06448
1486113554      1169   271764    2.07339
1486113555      836   272671    2.08031
1486113556      916   273587    2.0873
1486113557      1168   274755    2.09621
1486113558      816   275571    2.10244
1486113559      1163   276734    2.11131
1486113560      761   277641    2.11823
1486113561      917   278558    2.12523
1486113562      1160   279718    2.13408
1486113563      789   280507    2.1401
1486113564      1157   281664    2.14893
1486113566      875   282611    2.15615
1486113567      468   283291    2.16134
1486113568      1177   284468    2.17032
1486113569      868   285436    2.1777
1486113570      1180   286616    2.18671
1486113571      885   287581    2.19407
1486113572      914   288495    2.20104
1486113573      1161   289656    2.2099
1486113574      835   290491    2.21627
1486113575      1156   291647    2.22509
1486113576      818   292551    2.23199
1486113577      887   293438    2.23875
1486113578      1168   294606    2.24767
1486113579      825   295431    2.25396
1486113580      1135   296566    2.26262
1486113581      888   297521    2.26991
1486113582      790   298311    2.27593
1486113583      1132   299443    2.28457
1486113584      855   300346    2.29146
1486113585      1173   301519    2.30041
1486113587      835   302491    2.30782
1486113588      907   303398    2.31474
1486113589      1162   304560    2.32361
1486113590      710   305316    2.32938
1486113591      1182   306498    2.33839
1486113592      884   307461    2.34574
1486113593      604   308141    2.35093
1486113594      1164   309305    2.35981
1486113595      821   310286    2.36729
1486113596      1038   311324    2.37521
1486113597      862   312431    2.38366
1486113598      811   313242    2.38985
1486113599      1161   314403    2.3987
1486113600      764   315256    2.40521
1486113601      1080   316336    2.41345
1486113602      1032   317368    2.42133
1486113604      577   318081    2.42677
1486113605      1163   319244    2.43564
1486113606      897   320141    2.44248
1486113607      718   320941    2.44859
1486113608      1176   322117    2.45756
1486113609      687   323051    2.46468
1486113610      787   323838    2.47069
1486113611      1154   324992    2.47949
1486113612      918   325910    2.4865
1486113613      746   326656    2.49219
1486113614      1117   327773    2.50071
1486113615      492   328265    2.50446
1486113616      1049   329314    2.51247
1486113617      626   330166    2.51897
1486113618      1176   331342    2.52794
1486113620      857   332311    2.53533
1486113621      909   333220    2.54227
1486113622      1133   334353    2.55091
1486113623      810   335163    2.55709
1486113624      1167   336330    2.56599
1486113625      875   337281    2.57325
1486113626      911   338192    2.5802
1486113627      1145   339337    2.58894
1486113628      835   340172    2.59531
1486113629      1160   341332    2.60416
1486113630      823   342251    2.61117
1486113631      910   343161    2.61811
1486113632      1171   344332    2.62704
1486113633      730   345076    2.63272
1486113634      1168   346244    2.64163
1486113635      883   347221    2.64909
1486113636      811   348032    2.65527
1486113637      1160   349192    2.66412
1486113638      846   350046    2.67064
1486113639      1166   351212    2.67953
1486113640      871   352191    2.687
1486113641      894   353085    2.69382
1486113642      1143   354228    2.70255
1486113643      680   355016    2.70856
1486113644      693   355731    2.71401
1486113645      582   356446    2.71947
1486113646      1026   357472    2.72729
1486113647      765   358237    2.73313
1486113649      787   359271    2.74102
1486113650      1058   360329    2.74909
1486113651      785   361114    2.75508
1486113652      801   362131    2.76284
1486113653      870   363001    2.76948
1486113654      1026   364027    2.77731
1486113655      844   364956    2.78439
1486113656      1157   366113    2.79322
1486113657      826   367101    2.80076
1486113658      749   367850    2.80647
1486113659      1058   368908    2.81454
1486113661      874   369926    2.82231
1486113662      1062   370988    2.83041
1486113663      862   372071    2.83868
1486113664      736   372807    2.84429
1486113665      1152   373959    2.85308
1486113666      898   374857    2.85993
1486113667      699   375611    2.86568
1486113668      1168   376779    2.8746
1486113669      745   377721    2.88178
1486113670      1157   378878    2.89061
1486113671      794   379866    2.89815
1486113672      1178   381044    2.90714
1486113673      874   382011    2.91451
1486113674      908   382919    2.92144
1486113675      1164   384083    2.93032
1486113676      338   384421    2.9329
1486113677      1058   385479    2.94097
1486113678      838   386317    2.94736
1486113679      1173   387490    2.95631
1486113681      701   388376    2.96307
1486113682      1172   389548    2.97202
1486113683      882   390521    2.97944
1486113684      1167   391688    2.98834
1486113685      718   392631    2.99554
1486113686      1142   393773    3.00425
1486113687      842   394776    3.0119
1486113688      1171   395947    3.02084
1486113689      878   396921    3.02827
1486113690      895   397816    3.0351
1486113691      1171   398987    3.04403
1486113692      816   399803    3.05025
1486113693      1151   400954    3.05904
1486113695      863   401891    3.06618
1486113696      873   402764    3.07285
1486113697      1082   403846    3.0811
1486113698      842   404716    3.08774
1486113699      1173   405889    3.09669
1486113700      852   406861    3.1041
1486113701      881   407742    3.11082
1486113702      1130   408872    3.11945
1486113703      825   409697    3.12574
1486113704      1159   410856    3.13458
1486113705      872   411831    3.14202
1486113706      801   412632    3.14813
1486113707      958   413590    3.15544
1486113708      546   414136    3.15961
1486113709      1171   415307    3.16854
1486113710      818   416125    3.17478
1486113711      1159   417284    3.18362
1486113712      903   418187    3.19051
1486113713      701   418911    3.19604
1486113714      1169   420080    3.20496
1486113715      850   421056    3.2124
1486113716      1164   422220    3.22128
1486113717      894   423114    3.2281
1486113718      738   423881    3.23396
1486113719      1065   424946    3.24208
1486113720      908   426026    3.25032
1486113721      1061   427087    3.25842
1486113722      860   427947    3.26498
1486113723      812   428851    3.27187
1486113724      1158   430009    3.28071
1486113725      876   430996    3.28824
1486113726      1162   432158    3.2971
1486113727      757   432915    3.30288
1486113729      865   433821    3.30979
1486113730      1162   434983    3.31866
1486113731      877   435966    3.32616
1486113732      1157   437123    3.33498
1486113733      904   438027    3.34188
1486113734      732   438791    3.34771
1486113735      1154   439945    3.35651
1486113736      842   440936    3.36407
1486113737      1090   442026    3.37239
1486113738      734   442760    3.37799
1486113739      763   443761    3.38563
1486113740      1045   444806    3.3936
1486113741      903   445709    3.40049
1486113742      699   446621    3.40745
1486113743      841   447462    3.41386
1486113744      903   448365    3.42075
1486113746      837   449446    3.429
1486113747      1175   450621    3.43797
1486113748      874   451495    3.44463
1486113749      632   452271    3.45055
1486113750      899   453170    3.45741
1486113751      1163   454333    3.46629
1486113752      655   455131    3.47237
1486113753      788   455919    3.47839
1486113754      1163   457082    3.48726
1486113755      474   457556    3.49088
1486113757      813   458671    3.49938
1486113758      1147   459818    3.50813
1486113759      888   460706    3.51491
1486113760      751   461531    3.5212
1486113761      825   462356    3.5275
1486113762      1145   463501    3.53623
1486113763      757   464356    3.54276
1486113764      1163   465519    3.55163
1486113765      831   466501    3.55912
1486113766      905   467406    3.56602
1486113767      1167   468573    3.57493
1486113768      724   469326    3.58067
1486113769      1098   470424    3.58905
1486113770      894   471471    3.59704
1486113771      899   472370    3.6039
1486113772      1161   473531    3.61275
1486113773      820   474351    3.61901
1486113774      1142   475493    3.62772
1486113775      779   476441    3.63496
1486113776      779   477220    3.6409
1486113777      1128   478348    3.64951
1486113779      822   479266    3.65651
1486113780      1167   480433    3.66541
1486113781      891   481411    3.67287
1486113782      913   482324    3.67984
1486113783      1164   483488    3.68872
1486113784      723   484236    3.69443
1486113785      1169   485405    3.70335
1486113786      881   486381    3.71079
1486113787      583   487061    3.71598
1486113788      1114   488175    3.72448
1486113789      1026   489201    3.73231
1486113790      702   489921    3.7378
1486113791      1169   491090    3.74672
1486113792      699   492031    3.7539
1486113793      1117   493148    3.76242
1486113794      967   494115    3.7698
1486113795      829   494944    3.77612
1486113796      1009   495953    3.78382
1486113798      720   497001    3.79182
1486113799      1105   498106    3.80025
1486113800      886   498992    3.80701
1486113801      753   499861    3.81364
