1483935028      1413   1413    0.00269508
1483935029      1500   2913    0.00555611
1483935030      1499   4412    0.00841522
1483935031      1499   5911    0.0112743
1483935032      1500   7411    0.0141354
1483935033      1499   8910    0.0169945
1483935034      1499   10410    0.0198555
1483935035      1499   11910    0.0227165
1483935036      1499   13410    0.0255775
1483935037      1197   14673    0.0279865
1483935038      1236   15909    0.030344
1483935039      1321   17230    0.0328636
1483935040      1357   18587    0.0354519
1483935041      1326   19913    0.037981
1483935042      1165   21105    0.0402546
1483935043      1356   22461    0.042841
1483935044      1343   23804    0.0454025
1483935045      1315   25119    0.0479107
1483935046      1209   26465    0.050478
1483935047      1205   27670    0.0527763
1483935048      1339   29009    0.0553303
1483935049      1355   30364    0.0579147
1483935050      1172   31536    0.0601501
1483935051      1356   32892    0.0627365
1483935052      1322   34214    0.065258
1483935053      1351   35565    0.0678349
1483935054      1194   36849    0.0702839
1483935055      1361   38210    0.0728798
1483935056      1327   39537    0.0754108
1483935057      1018   40801    0.0778217
1483935058      1346   42147    0.080389
1483935059      1344   43491    0.0829525
1483935060      1334   44825    0.0854969
1483935061      1322   46147    0.0880184
1483935062      1196   47343    0.0902996
1483935063      1353   48696    0.0928802
1483935064      1348   50044    0.0954514
1483935065      1355   51399    0.0980358
1483935066      1191   52593    0.100313
1483935067      1220   53813    0.10264
1483935068      1177   54990    0.104885
1483935069      1175   56165    0.107126
1483935070      1140   57305    0.109301
1483935071      1347   58652    0.11187
1483935072      1177   59829    0.114115
1483935073      1333   61162    0.116657
1483935074      1301   62463    0.119139
1483935075      1337   63800    0.121689
1483935077      1216   65121    0.124208
1483935078      1361   66482    0.126804
1483935079      1342   67824    0.129364
1483935080      1197   69021    0.131647
1483935081      1198   70219    0.133932
1483935082      1346   71565    0.136499
1483935083      1350   72915    0.139074
1483935084      1357   74272    0.141663
1483935085      1200   75505    0.144014
1483935086      1359   76864    0.146606
1483935087      1346   78210    0.149174
1483935088      1350   79560    0.151749
1483935089      1214   80865    0.154238
1483935090      1207   82072    0.15654
1483935091      1348   83420    0.159111
1483935092      1353   84773    0.161692
1483935093      1173   85946    0.163929
1483935094      1352   87298    0.166508
1483935095      1345   88643    0.169073
1483935096      1355   89998    0.171658
1483935097      1203   91249    0.174044
1483935098      1351   92600    0.17662
1483935099      1354   93954    0.179203
1483935100      1096   95201    0.181581
1483935101      1360   96561    0.184175
1483935102      1348   97909    0.186747
1483935103      1353   99262    0.189327
1483935104      1216   100561    0.191805
1483935105      1360   101921    0.194399
1483935106      1345   103266    0.196964
1483935107      1351   104617    0.199541
1483935108      1213   105921    0.202028
1483935109      1358   107279    0.204618
1483935110      1352   108631    0.207197
1483935111      1197   109828    0.20948
1483935112      1189   111017    0.211748
1483935113      1356   112373    0.214334
1483935114      1343   113716    0.216896
1483935115      1351   115067    0.219473
1483935116      1206   116305    0.221834
1483935117      1351   117656    0.224411
1483935118      1353   119009    0.226992
1483935119      1346   120355    0.229559
1483935120      1220   121665    0.232058
1483935121      1196   122861    0.234339
1483935122      1354   124215    0.236921
1483935123      1349   125564    0.239494
1483935124      1109   126689    0.24164
1483935125      1355   128044    0.244225
1483935126      1346   129390    0.246792
1483935127      1349   130739    0.249365
1483935128      1175   132049    0.251863
1483935129      1353   133402    0.254444
1483935130      1340   134742    0.257
1483935131      1096   136001    0.259401
1483935132      1201   137202    0.261692
1483935133      1356   138558    0.264278
1483935134      1299   139857    0.266756
1483935135      1344   141201    0.26932
1483935136      1203   142433    0.271669
1483935137      1360   143793    0.274263
1483935138      1343   145136    0.276825
1483935139      1347   146483    0.279394
1483935140      1221   147793    0.281893
1483935141      1354   149147    0.284475
1483935142      1184   150331    0.286734
1483935143      1304   151635    0.289221
1483935144      1198   152833    0.291506
1483935145      1347   154180    0.294075
1483935146      1353   155533    0.296656
1483935147      1346   156879    0.299223
1483935148      1208   158177    0.301699
1483935149      1360   159537    0.304293
1483935150      1344   160881    0.306856
1483935151      1352   162233    0.309435
1483935152      1054   163287    0.311445
1483935153      1347   164634    0.314014
1483935154      1353   165987    0.316595
1483935155      1354   167341    0.319178
1483935156      1197   168561    0.321505
1483935157      1363   169924    0.324104
1483935158      1349   171273    0.326677
1483935159      1346   172619    0.329245
1483935161      1217   173921    0.331728
1483935162      1363   175284    0.334328
1483935163      1346   176630    0.336895
1483935164      1197   177827    0.339178
1483935165      1209   179036    0.341484
1483935166      1347   180383    0.344053
1483935167      1353   181736    0.346634
1483935168      1344   183080    0.349197
1483935169      1197   184305    0.351534
1483935170      1353   185658    0.354115
1483935171      1354   187012    0.356697
1483935172      1289   188301    0.359156
1483935173      1349   189650    0.361729
1483935174      1051   190701    0.363733
1483935175      1344   192045    0.366297
1483935176      1350   193395    0.368872
1483935177      1214   194689    0.37134
1483935178      1360   196049    0.373934
1483935179      1345   197394    0.376499
1483935180      1353   198747    0.37908
1483935181      1201   200049    0.381563
1483935182      1329   201378    0.384098
1483935183      1350   202728    0.386673
1483935184      992   204001    0.389101
1483935185      1192   205193    0.391375
1483935186      1180   206373    0.393625
1483935187      1347   207720    0.396194
1483935188      1254   208974    0.398586
1483935189      1200   210174    0.400875
1483935190      1201   211505    0.403414
1483935191      1353   212858    0.405994
1483935192      1343   214201    0.408556
1483935193      1323   215524    0.411079
1483935194      1217   216865    0.413637
1483935195      1205   218070    0.415936
1483935196      1332   219402    0.418476
1483935197      1346   220748    0.421043
1483935198      1174   221922    0.423283
1483935199      1344   223266    0.425846
1483935200      1344   224610    0.42841
1483935201      1332   225942    0.43095
1483935202      1213   227249    0.433443
1483935203      1353   228602    0.436024
1483935204      1335   229937    0.43857
1483935206      984   231201    0.440981
1483935207      1360   232561    0.443575
1483935208      1324   233885    0.4461
1483935209      1351   235236    0.448677
1483935210      1205   236561    0.451204
1483935211      1358   237919    0.453794
1483935212      1356   239275    0.456381
1483935213      1343   240618    0.458942
1483935214      1203   241921    0.461428
1483935215      1347   243268    0.463997
1483935216      1344   244612    0.46656
1483935217      1199   245811    0.468847
1483935218      1177   246988    0.471092
1483935219      1352   248340    0.473671
1483935220      1344   249684    0.476234
1483935221      1346   251030    0.478802
1483935222      1205   252305    0.481234
1483935223      1343   253648    0.483795
1483935224      1357   255005    0.486383
1483935225      1176   256181    0.488626
1483935226      1345   257526    0.491192
1483935227      1016   258542    0.49313
1483935228      1347   259889    0.495699
1483935229      1351   261240    0.498276
1483935230      1353   262593    0.500856
1483935231      1165   263761    0.503084
1483935232      1348   265109    0.505655
1483935233      1344   266453    0.508219
1483935234      1334   267787    0.510763
1483935235      1203   269121    0.513308
1483935236      1354   270475    0.51589
1483935237      1340   271815    0.518446
1483935238      1190   273005    0.520716
1483935239      1196   274201    0.522997
1483935240      1323   275524    0.52552
1483935241      1346   276870    0.528088
1483935242      1344   278214    0.530651
1483935243      1207   279505    0.533113
1483935244      1330   280835    0.53565
1483935245      1337   282172    0.5382
1483935246      1338   283510    0.540752
1483935247      1345   284855    0.543318
1483935248      1022   285877    0.545267
1483935249      1339   287216    0.547821
1483935250      1348   288564    0.550392
1483935251      1207   289889    0.552919
1483935252      1290   291179    0.55538
1483935253      1241   292420    0.557747
1483935254      1178   293598    0.559994
1483935255      1353   294951    0.562574
1483935256      1347   296298    0.565144
1483935257      1176   297474    0.567387
1483935258      1350   298824    0.569962
1483935259      984   299808    0.571838
1483935260      1351   301159    0.574415
1483935261      1193   302417    0.576815
1483935262      1350   303767    0.57939
1483935263      1336   305103    0.581938
1483935264      1355   306458    0.584522
1483935265      1199   307777    0.587038
1483935266      1337   309114    0.589588
1483935267      1347   310461    0.592157
1483935268      1331   311792    0.594696
1483935269      890   312801    0.596621
1483935270      1354   314155    0.599203
1483935271      1355   315510    0.601788
1483935272      1324   316834    0.604313
1483935273      1216   318161    0.606844
1483935274      1354   319515    0.609426
1483935275      1339   320854    0.61198
1483935276      1342   322196    0.61454
1483935278      1201   323521    0.617067
1483935279      1351   324872    0.619644
1483935280      1343   326215    0.622206
1483935281      1044   327259    0.624197
1483935282      1215   328545    0.62665
1483935283      1345   329890    0.629215
1483935284      1351   331241    0.631792
1483935285      1339   332580    0.634346
1483935286      1204   333905    0.636873
1483935287      1351   335256    0.63945
1483935288      1335   336591    0.641996
1483935289      1344   337935    0.64456
1483935290      1323   339258    0.647083
1483935291      839   340097    0.648684
1483935292      1350   341447    0.651258
1483935293      1354   342801    0.653841
1483935294      1323   344124    0.656364
1483935295      1201   345361    0.658724
1483935296      1355   346716    0.661308
1483935297      1340   348056    0.663864
1483935298      1357   349413    0.666452
1483935299      1197   350721    0.668947
1483935300      1351   352072    0.671524
1483935301      1345   353417    0.674089
1483935302      981   354398    0.675961
1483935303      1220   355745    0.67853
1483935304      1253   356998    0.68092
1483935305      1252   358250    0.683308
1483935306      1236   359486    0.685665
1483935307      1263   360749    0.688074
1483935308      1256   362005    0.69047
1483935309      1076   363249    0.692842
1483935310      1271   364520    0.695267
1483935311      1228   365748    0.697609
1483935312      1254   367002    0.700001
1483935313      922   367924    0.701759
1483935314      1260   369184    0.704163
1483935315      1115   370417    0.706514
1483935316      1262   371679    0.708921
1483935317      1263   372942    0.71133
1483935318      1233   374175    0.713682
1483935319      1351   375526    0.716259
1483935320      1318   376844    0.718773
1483935321      1187   378031    0.721037
1483935322      1345   379376    0.723602
1483935323      1350   380726    0.726177
1483935324      1093   381819    0.728262
1483935325      1192   383011    0.730536
1483935326      1349   384360    0.733109
1483935327      1355   385715    0.735693
1483935328      1334   387049    0.738237
1483935329      1206   388305    0.740633
1483935330      1357   389662    0.743221
1483935331      1357   391019    0.74581
1483935332      1351   392370    0.748386
1483935333      1214   393665    0.750856
1483935334      1203   394868    0.753151
1483935335      1353   396221    0.755732
1483935336      1355   397576    0.758316
1483935337      1198   398774    0.760601
1483935338      1353   400127    0.763182
1483935339      1347   401474    0.765751
1483935340      1349   402823    0.768324
1483935341      1197   404049    0.770662
1483935342      1351   405400    0.773239
1483935343      1350   406750    0.775814
1483935344      1102   408001    0.7782
1483935345      1356   409357    0.780787
1483935346      1355   410712    0.783371
1483935347      1346   412058    0.785938
1483935348      1215   413361    0.788424
1483935349      1360   414721    0.791018
1483935350      1346   416067    0.793585
1483935351      1353   417420    0.796165
1483935353      1217   418721    0.798647
1483935354      1359   420080    0.801239
1483935355      1353   421433    0.80382
1483935356      1196   422629    0.806101
1483935357      543   423172    0.807137
1483935358      1357   424529    0.809725
1483935359      1354   425883    0.812307
1483935360      1197   427080    0.81459
1483935361      1353   428433    0.817171
1483935362      1342   429775    0.819731
1483935363      1352   431127    0.822309
1483935364      948   432321    0.824587
1483935365      1199   433520    0.826874
1483935366      1292   434812    0.829338
1483935367      1056   435868    0.831352
1483935368      1247   437115    0.833731
1483935369      1184   438299    0.835989
1483935370      1114   439489    0.838259
1483935371      1351   440840    0.840836
1483935372      1353   442193    0.843416
1483935373      1345   443538    0.845982
1483935374      1219   444849    0.848482
1483935375      1347   446196    0.851051
1483935376      1352   447548    0.85363
1483935377      1091   448801    0.85602
1483935378      1359   450160    0.858612
1483935379      1355   451515    0.861197
1483935380      1344   452859    0.86376
1483935381      1216   454161    0.866243
1483935382      1351   455512    0.86882
1483935383      1351   456863    0.871397
1483935384      1342   458205    0.873957
1483935385      1211   459521    0.876467
1483935386      1359   460880    0.879059
1483935387      1354   462234    0.881641
1483935388      1195   463429    0.883921
1483935389      1197   464626    0.886204
1483935390      1347   465973    0.888773
1483935391      1313   467286    0.891277
1483935392      1351   468637    0.893854
1483935393      1212   469905    0.896273
1483935394      1361   471266    0.898869
1483935395      1351   472617    0.901445
1483935396      1356   473973    0.904032
1483935397      1215   475265    0.906496
1483935398      1207   476472    0.908798
1483935399      1353   477825    0.911379
1483935400      1346   479171    0.913946
1483935401      1207   480378    0.916248
1483935402      1347   481725    0.918818
1483935403      1351   483076    0.921394
1483935404      1343   484419    0.923956
1483935405      1205   485649    0.926302
1483935406      1352   487001    0.928881
1483935407      1354   488355    0.931463
1483935408      1095   489601    0.93384
1483935409      1351   490952    0.936417
1483935410      1357   492309    0.939005
1483935411      1345   493654    0.94157
1483935413      1221   494961    0.944063
1483935414      1353   496314    0.946644
1483935415      1350   497664    0.949219
1483935416      1355   499019    0.951803
