1483565142      1499   1499    0.00285912
1483565143      1499   2998    0.00571823
1483565144      1499   4497    0.00857735
1483565145      1500   5997    0.0114384
1483565146      1499   7496    0.0142975
1483565147      1499   8995    0.0171566
1483565148      1499   10495    0.0200176
1483565149      1499   11995    0.0228786
1483565150      1499   13495    0.0257397
1483565151      1303   14798    0.0282249
1483565152      1352   16150    0.0308037
1483565153      1353   17503    0.0333843
1483565154      1350   18853    0.0359592
1483565155      1201   20054    0.03825
1483565156      1353   21407    0.0408306
1483565157      1343   22750    0.0433922
1483565158      1350   24100    0.0459671
1483565159      1210   25368    0.0483856
1483565160      1360   26728    0.0509796
1483565161      1208   27936    0.0532837
1483565162      1352   29288    0.0558624
1483565163      1200   30488    0.0581512
1483565164      1207   31695    0.0604534
1483565165      1200   32895    0.0627422
1483565166      1308   34203    0.065237
1483565167      1241   35444    0.0676041
1483565168      1336   36780    0.0701523
1483565169      1046   37871    0.0722332
1483565170      1361   39232    0.0748291
1483565171      1333   40565    0.0773716
1483565172      1173   41738    0.0796089
1483565173      1186   42924    0.081871
1483565174      1353   44277    0.0844517
1483565175      1313   45590    0.086956
1483565176      1352   46942    0.0895348
1483565178      1211   48230    0.0919914
1483565179      1360   49590    0.0945854
1483565180      1346   50936    0.0971527
1483565181      1353   52289    0.0997334
1483565182      1213   53590    0.102215
1483565183      1216   54806    0.104534
1483565184      1346   56152    0.107101
1483565185      1352   57504    0.10968
1483565186      1184   58688    0.111938
1483565187      1353   60041    0.114519
1483565188      1346   61387    0.117086
1483565189      1351   62738    0.119663
1483565190      1175   63949    0.121973
1483565191      1361   65310    0.124569
1483565192      1345   66655    0.127134
1483565193      1098   67876    0.129463
1483565194      1359   69235    0.132055
1483565195      1353   70588    0.134636
1483565196      1333   71921    0.137178
1483565197      1221   73236    0.139687
1483565198      1356   74592    0.142273
1483565199      1357   75949    0.144861
1483565200      1351   77300    0.147438
1483565201      1220   78596    0.14991
1483565202      1360   79956    0.152504
1483565203      1344   81300    0.155067
1483565204      1208   82508    0.157372
1483565205      1203   83711    0.159666
1483565206      1354   85065    0.162249
1483565207      1336   86401    0.164797
1483565208      1349   87750    0.16737
1483565209      1185   88955    0.169668
1483565210      1356   90311    0.172255
1483565211      1354   91665    0.174837
1483565212      1344   93009    0.177401
1483565213      1220   94315    0.179892
1483565214      1216   95531    0.182211
1483565215      1354   96885    0.184793
1483565216      1344   98229    0.187357
1483565217      1206   99435    0.189657
1483565218      1348   100783    0.192228
1483565219      1353   102136    0.194809
1483565220      1345   103481    0.197374
1483565221      1189   104674    0.19965
1483565222      1359   106033    0.202242
1483565223      1353   107386    0.204823
1483565224      1009   108601    0.20714
1483565225      1235   109836    0.209496
1483565226      1349   111185    0.212069
1483565227      1187   112372    0.214333
1483565228      1202   113574    0.216625
1483565229      1179   114753    0.218874
1483565230      1210   115963    0.221182
1483565231      1081   117177    0.223497
1483565232      1189   118366    0.225765
1483565233      1307   119673    0.228258
1483565234      1179   120852    0.230507
1483565235      1276   122128    0.232941
1483565236      1071   123248    0.235077
1483565237      1360   124608    0.237671
1483565238      1344   125952    0.240234
1483565239      1353   127305    0.242815
1483565240      1213   128608    0.2453
1483565241      1357   129965    0.247889
1483565243      690   130752    0.24939
1483565244      1349   132101    0.251963
1483565245      1345   133446    0.254528
1483565246      1353   134799    0.257109
1483565247      1054   135853    0.259119
1483565248      1330   137183    0.261656
1483565249      1344   138527    0.264219
1483565250      1354   139881    0.266802
1483565251      1194   141111    0.269148
1483565252      1320   142431    0.271666
1483565253      1344   143775    0.274229
1483565254      1352   145127    0.276808
1483565255      1221   146471    0.279371
1483565256      1347   147818    0.28194
1483565257      1343   149161    0.284502
1483565258      1209   150370    0.286808
1483565259      1178   151548    0.289055
1483565260      1355   152903    0.291639
1483565261      1321   154224    0.294159
1483565262      1351   155575    0.296736
1483565263      1195   156830    0.299129
1483565264      1337   158167    0.30168
1483565265      1354   159521    0.304262
1483565266      1320   160841    0.30678
1483565267      1218   162190    0.309353
1483565268      1210   163400    0.311661
1483565269      1353   164753    0.314241
1483565270      1344   166097    0.316805
1483565271      1205   167302    0.319103
1483565272      1326   168628    0.321632
1483565273      1352   169980    0.324211
1483565274      1355   171335    0.326796
1483565275      1193   172549    0.329111
1483565276      1349   173898    0.331684
1483565277      1338   175236    0.334236
1483565278      1097   176476    0.336601
1483565279      1364   177840    0.339203
1483565280      1322   179162    0.341724
1483565281      1350   180512    0.344299
1483565282      1214   181836    0.346825
1483565283      1328   183164    0.349358
1483565284      1308   184472    0.351852
1483565285      1171   185643    0.354086
1483565286      1171   186814    0.356319
1483565287      1229   188043    0.358664
1483565288      1098   189340    0.361137
1483565289      1203   190543    0.363432
1483565290      1278   191821    0.36587
1483565291      1307   193128    0.368362
1483565292      1175   194339    0.370672
1483565293      1329   195668    0.373207
1483565294      1335   197003    0.375753
1483565295      1198   198201    0.378038
1483565296      1245   199446    0.380413
1483565297      1219   200771    0.38294
1483565298      1359   202130    0.385532
1483565299      1355   203485    0.388117
1483565300      1205   204690    0.390415
1483565301      1175   205865    0.392656
1483565302      1343   207208    0.395218
1483565303      1336   208544    0.397766
1483565304      1342   209886    0.400326
1483565305      1191   211130    0.402699
1483565306      1353   212483    0.405279
1483565307      1349   213832    0.407852
1483565308      1343   215175    0.410414
1483565309      1017   216192    0.412354
1483565310      987   217201    0.414278
1483565311      1359   218560    0.41687
1483565312      1318   219878    0.419384
1483565313      1348   221226    0.421955
1483565315      1209   222561    0.424501
1483565316      1358   223919    0.427092
1483565317      1340   225259    0.429647
1483565318      1347   226606    0.432217
1483565319      1212   227921    0.434725
1483565320      1331   229252    0.437263
1483565321      1353   230605    0.439844
1483565322      1059   231664    0.441864
1483565323      1202   232920    0.44426
1483565324      1352   234272    0.446838
1483565325      1339   235611    0.449392
1483565326      1345   236956    0.451958
1483565327      1222   238280    0.454483
1483565328      1352   239632    0.457062
1483565329      1337   240969    0.459612
1483565330      1344   242313    0.462175
1483565331      1205   243640    0.464706
1483565332      1086   244726    0.466778
1483565333      1354   246080    0.46936
1483565334      1319   247399    0.471876
1483565335      1193   248639    0.474241
1483565336      1351   249990    0.476818
1483565337      1348   251338    0.479389
1483565338      1352   252690    0.481968
1483565339      1210   253999    0.484465
1483565340      1356   255355    0.487051
1483565341      1322   256677    0.489573
1483565342      1090   257926    0.491955
1483565343      1358   259284    0.494545
1483565344      1343   260627    0.497107
1483565345      1199   261826    0.499393
1483565346      1250   263076    0.501778
1483565347      1161   264237    0.503992
1483565348      1178   265415    0.506239
1483565349      1083   266502    0.508312
1483565350      1189   267691    0.51058
1483565351      1251   268942    0.512966
1483565352      1348   270290    0.515537
1483565353      1040   271501    0.517847
1483565354      1327   272828    0.520378
1483565355      1336   274164    0.522926
1483565356      1324   275488    0.525452
1483565357      1326   276814    0.527981
1483565358      1167   277981    0.530207
1483565359      1339   279320    0.532761
1483565360      1342   280662    0.53532
1483565361      1330   281992    0.537857
1483565362      1200   283293    0.540339
1483565363      1360   284653    0.542933
1483565364      1002   285655    0.544844
1483565365      1350   287005    0.547419
1483565366      1190   288292    0.549873
1483565367      1362   289654    0.552471
1483565368      1321   290975    0.554991
1483565369      1349   292324    0.557564
1483565371      1204   293652    0.560097
1483565372      1358   295010    0.562687
1483565373      1345   296355    0.565252
1483565374      1352   297707    0.567831
1483565375      1033   298740    0.569801
1483565376      1315   300055    0.572309
1483565377      1347   301402    0.574879
1483565378      1341   302743    0.577436
1483565379      1208   304011    0.579855
1483565380      1343   305354    0.582417
1483565381      1337   306691    0.584967
1483565382      1325   308016    0.587494
1483565383      1351   309367    0.590071
1483565384      1164   310531    0.592291
1483565385      1352   311883    0.59487
1483565386      1153   313036    0.597069
1483565387      1219   314370    0.599613
1483565388      1350   315720    0.602188
1483565389      1346   317066    0.604755
1483565390      1350   318416    0.60733
1483565391      1207   319730    0.609837
1483565392      1358   321088    0.612427
1483565393      1356   322444    0.615013
1483565394      1344   323788    0.617577
1483565395      1214   325090    0.62006
1483565396      1215   326305    0.622377
1483565397      1340   327645    0.624933
1483565398      1353   328998    0.627514
1483565399      1201   330199    0.629805
1483565400      1351   331550    0.632381
1483565401      1346   332896    0.634949
1483565402      1353   334249    0.637529
1483565403      1196   335449    0.639818
1483565404      1352   336801    0.642397
1483565405      1329   338130    0.644932
1483565406      1193   339323    0.647207
1483565407      976   340448    0.649353
1483565408      1353   341801    0.651934
1483565409      1333   343134    0.654476
1483565410      1324   344458    0.657001
1483565411      1330   345788    0.659538
1483565412      1196   346984    0.661819
1483565413      1281   348265    0.664263
1483565414      1341   349606    0.666821
1483565415      975   350581    0.66868
1483565416      1269   351850    0.671101
1483565417      1028   352951    0.673201
1483565418      1357   354308    0.675789
1483565419      1342   355650    0.678349
1483565420      1344   356994    0.680912
1483565421      1214   358311    0.683424
1483565422      1360   359671    0.686018
1483565423      1344   361015    0.688581
1483565424      1354   362369    0.691164
1483565425      1214   363671    0.693647
1483565426      1358   365029    0.696238
1483565427      1342   366371    0.698797
1483565428      1209   367580    0.701103
1483565429      1197   368777    0.703386
1483565430      1347   370124    0.705956
1483565431      1354   371478    0.708538
1483565432      1349   372827    0.711111
1483565433      1197   374030    0.713406
1483565434      1360   375390    0.716
1483565435      1344   376734    0.718563
1483565436      1351   378085    0.72114
1483565437      1212   379390    0.723629
1483565438      1215   380605    0.725946
1483565439      1348   381953    0.728518
1483565440      1353   383306    0.731098
1483565441      1198   384504    0.733383
1483565442      1356   385860    0.73597
1483565443      1345   387205    0.738535
1483565444      1337   388542    0.741085
1483565445      1189   389749    0.743387
1483565446      1362   391111    0.745985
1483565447      1345   392456    0.74855
1483565448      1099   393676    0.750877
1483565449      1354   395030    0.75346
1483565450      1354   396384    0.756042
1483565451      1345   397729    0.758608
1483565452      1210   399036    0.761101
1483565453      1359   400395    0.763693
1483565454      1354   401749    0.766275
1483565455      1347   403096    0.768845
1483565457      1213   404396    0.771324
1483565458      1360   405756    0.773918
1483565459      1343   407099    0.77648
1483565460      1204   408303    0.778776
1483565461      1204   409507    0.781073
1483565462      1352   410859    0.783651
1483565463      1355   412214    0.786236
1483565464      1348   413562    0.788807
1483565465      1208   414770    0.791111
1483565466      1325   416095    0.793638
1483565467      1336   417431    0.796186
1483565468      1331   418762    0.798725
1483565469      1179   419941    0.800974
1483565470      878   420826    0.802662
1483565471      1240   422066    0.805027
1483565472      1322   423388    0.807549
1483565473      1352   424740    0.810127
1483565474      1201   425941    0.812418
1483565475      1253   427194    0.814808
1483565476      967   428330    0.816975
1483565477      1350   429680    0.81955
1483565478      1350   431030    0.822124
1483565479      1343   432373    0.824686
1483565480      1213   433690    0.827198
1483565481      1217   434907    0.829519
1483565482      1347   436254    0.832088
1483565483      1354   437608    0.834671
1483565484      1196   438804    0.836952
1483565485      1353   440157    0.839533
1483565486      1345   441502    0.842098
1483565487      1356   442858    0.844685
1483565488      1204   444062    0.846981
1483565489      1351   445413    0.849558
1483565490      1354   446767    0.85214
1483565491      1080   447976    0.854446
1483565492      1353   449329    0.857027
1483565493      1306   450635    0.859518
1483565494      1356   451991    0.862104
1483565495      1219   453336    0.86467
1483565496      1353   454689    0.86725
1483565497      1351   456040    0.869827
1483565498      1347   457387    0.872396
1483565499      1213   458696    0.874893
1483565500      1357   460053    0.877481
1483565501      1354   461407    0.880064
1483565502      1209   462616    0.88237
1483565503      1199   463815    0.884657
1483565504      1353   465168    0.887238
1483565505      1347   466515    0.889807
1483565506      1340   467855    0.892363
1483565507      1176   469055    0.894651
1483565508      1354   470409    0.897234
1483565509      1340   471749    0.89979
1483565510      1356   473105    0.902376
1483565511      1199   474415    0.904875
1483565512      1216   475631    0.907194
1483565513      1353   476984    0.909775
1483565514      1325   478309    0.912302
1483565515      1176   479485    0.914545
1483565516      1350   480835    0.91712
1483565517      1345   482180    0.919685
1483565518      1349   483529    0.922258
1483565519      1198   484774    0.924633
1483565520      1315   486089    0.927141
1483565521      1345   487434    0.929707
1483565522      1090   488701    0.932123
1483565523      1359   490060    0.934715
1483565524      1339   491399    0.937269
1483565525      1345   492744    0.939835
1483565527      1151   494061    0.942347
1483565528      1356   495417    0.944933
1483565529      1299   496716    0.947411
1483565530      1349   498065    0.949984
1483565531      1343   499408    0.952545
