1482405339      47   48    0.000137329
1482405340      45   93    0.000266075
1482405341      53   147    0.00042057
1482405342      53   201    0.000575066
1482405343      56   257    0.000735283
1482405344      54   311    0.000889778
1482405345      51   363    0.00103855
1482405346      55   418    0.00119591
1482405347      55   474    0.00135612
1482405348      52   526    0.0015049
1482405349      57   583    0.00166798
1482405350      49   633    0.00181103
1482405351      52   685    0.0019598
1482405352      52   738    0.00211143
1482405353      51   790    0.00226021
1482405354      54   844    0.0024147
1482405355      54   899    0.00257206
1482405356      53   953    0.00272655
1482405357      50   1004    0.00287247
1482405358      52   1057    0.0030241
1482405359      54   1111    0.0031786
1482405360      54   1166    0.00333595
1482405361      53   1219    0.00348759
1482405362      52   1272    0.00363922
1482405363      53   1325    0.00379086
1482405364      53   1378    0.00394249
1482405365      55   1433    0.00409985
1482405366      54   1487    0.00425434
1482405367      55   1542    0.0044117
1482405368      56   1598    0.00457191
1482405369      59   1657    0.00474072
1482405370      55   1713    0.00490093
1482405371      54   1767    0.00505543
1482405372      52   1820    0.00520706
1482405373      53   1874    0.00536156
1482405374      53   1928    0.00551605
1482405375      51   1979    0.00566196
1482405376      52   2032    0.0058136
1482405377      52   2084    0.00596237
1482405378      50   2134    0.00610542
1482405379      53   2187    0.00625706
1482405380      53   2240    0.00640869
1482405381      52   2293    0.00656033
1482405382      52   2345    0.0067091
1482405383      52   2397    0.00685787
1482405384      53   2450    0.00700951
1482405385      54   2504    0.007164
1482405386      53   2557    0.00731564
1482405387      49   2606    0.00745583
1482405388      56   2663    0.0076189
1482405389      55   2719    0.00777912
1482405390      55   2775    0.00793934
1482405391      54   2830    0.00809669
1482405392      52   2883    0.00824833
1482405393      51   2935    0.0083971
1482405394      49   2984    0.00853729
1482405395      52   3036    0.00868607
1482405396      58   3094    0.00885201
1482405397      54   3148    0.0090065
1482405398      55   3203    0.00916386
1482405399      56   3259    0.00932407
1482405400      52   3311    0.00947285
1482405401      53   3365    0.00962734
1482405402      52   3418    0.00977898
1482405403      52   3471    0.00993061
1482405404      54   3525    0.0100851
1482405405      53   3578    0.0102367
1482405406      50   3628    0.0103798
1482405407      54   3683    0.0105371
1482405408      51   3735    0.0106859
1482405409      53   3788    0.0108376
1482405410      53   3841    0.0109892
1482405411      52   3893    0.011138
1482405412      51   3945    0.0112867
1482405413      53   3999    0.0114412
1482405414      54   4054    0.0115986
1482405415      53   4108    0.0117531
1482405416      54   4162    0.0119076
1482405417      51   4214    0.0120564
1482405418      54   4268    0.0122108
1482405420      54   4323    0.0123682
1482405421      57   4380    0.0125313
1482405422      52   4432    0.0126801
1482405423      55   4488    0.0128403
1482405424      54   4543    0.0129976
1482405425      54   4597    0.0131521
1482405426      55   4652    0.0133095
1482405427      54   4706    0.013464
1482405428      53   4759    0.0136156
1482405429      53   4813    0.0137701
1482405430      55   4868    0.0139275
1482405431      55   4924    0.0140877
1482405432      57   4981    0.0142508
1482405433      53   5034    0.0144024
1482405434      54   5088    0.0145569
1482405435      54   5143    0.0147142
1482405436      53   5196    0.0148659
1482405437      51   5248    0.0150146
1482405438      54   5302    0.0151691
1482405439      53   5355    0.0153208
1482405440      51   5407    0.0154696
1482405441      51   5459    0.0156183
1482405442      52   5512    0.01577
1482405443      56   5569    0.015933
1482405444      52   5621    0.0160818
1482405445      55   5677    0.016242
1482405446      55   5733    0.0164022
1482405447      52   5786    0.0165539
1482405448      55   5842    0.0167141
1482405449      53   5895    0.0168657
1482405450      51   5947    0.0170145
1482405451      51   5998    0.0171604
1482405452      53   6052    0.0173149
1482405453      55   6108    0.0174751
1482405454      51   6159    0.017621
1482405455      51   6211    0.0177698
1482405456      52   6263    0.0179186
1482405457      57   6320    0.0180817
1482405458      51   6372    0.0182304
1482405459      53   6425    0.0183821
1482405460      55   6480    0.0185394
1482405461      55   6535    0.0186968
1482405462      53   6588    0.0188484
1482405463      53   6641    0.0190001
1482405464      54   6695    0.0191545
1482405465      49   6745    0.0192976
1482405466      54   6799    0.0194521
1482405467      50   6850    0.019598
1482405468      53   6904    0.0197525
1482405469      51   6955    0.0198984
1482405470      52   7007    0.0200472
1482405471      56   7064    0.0202103
1482405472      59   7123    0.0203791
1482405473      59   7183    0.0205507
1482405474      52   7235    0.0206995
1482405475      50   7285    0.0208426
1482405476      48   7334    0.0209827
1482405477      49   7384    0.0211258
1482405478      43   7427    0.0212488
1482405479      50   7478    0.0213947
1482405480      49   7528    0.0215378
1482405481      51   7579    0.0216837
1482405482      51   7631    0.0218325
1482405483      51   7682    0.0219784
1482405484      56   7738    0.0221386
1482405485      49   7787    0.0222788
1482405486      55   7842    0.0224361
1482405487      57   7900    0.0226021
1482405488      52   7953    0.0227537
1482405489      57   8010    0.0229168
1482405490      48   8059    0.023057
1482405491      55   8114    0.0232143
1482405492      55   8169    0.0233717
1482405493      49   8218    0.0235119
1482405494      52   8271    0.0236635
1482405495      50   8321    0.0238066
1482405496      50   8371    0.0239496
1482405497      50   8422    0.0240955
1482405498      51   8474    0.0242443
1482405499      51   8525    0.0243902
1482405500      48   8574    0.0245304
1482405501      44   8618    0.0246563
1482405502      43   8662    0.0247822
1482405503      46   8708    0.0249138
1482405504      48   8757    0.025054
1482405505      48   8805    0.0251913
1482405506      48   8853    0.0253286
1482405507      48   8901    0.025466
1482405508      49   8950    0.0256062
1482405509      52   9003    0.0257578
1482405510      58   9062    0.0259266
1482405511      53   9116    0.0260811
1482405512      48   9165    0.0262213
1482405513      55   9220    0.0263786
1482405514      49   9269    0.0265188
1482405515      53   9323    0.0266733
1482405516      55   9378    0.0268307
1482405517      50   9428    0.0269737
1482405518      53   9482    0.0271282
1482405519      50   9533    0.0272741
1482405520      52   9585    0.0274229
1482405521      51   9636    0.0275688
1482405522      51   9689    0.0277205
1482405523      52   9741    0.0278692
1482405524      50   9791    0.0280123
1482405525      53   9845    0.0281668
1482405526      56   9901    0.028327
1482405527      46   9948    0.0284615
1482405529      46   9995    0.0285959
