1488127043      998   998    0.0104694
1488127044      1000   1998    0.0209599
1488127045      1000   2998    0.0314503
1488127046      973   3971    0.0416574
1488127047      789   4760    0.0499344
1488127048      629   5482    0.0575085
1488127049      803   6285    0.0659323
1488127050      792   7077    0.0742407
1488127051      582   7659    0.0803461
1488127052      623   8288    0.0869446
1488127053      799   9087    0.0953264
1488127054      782   9869    0.10353
1488127055      506   10428    0.109394
1488127056      790   11218    0.117682
1488127057      602   11820    0.123997
1488127058      712   12532    0.131466
1488127059      601   13234    0.13883
1488127060      803   14037    0.147254
1488127061      797   14834    0.155615
1488127062      548   15382    0.161364
1488127063      641   16040    0.168266
1488127064      801   16841    0.176669
1488127065      794   17635    0.184999
1488127066      590   18225    0.191188
1488127067      790   19015    0.199475
1488127068      648   19663    0.206273
1488127069      655   20451    0.21454
1488127070      810   21261    0.223037
1488127071      769   22030    0.231104
1488127072      527   22591    0.236989
1488127073      636   23257    0.243976
1488127074      660   23917    0.250899
1488127075      790   24707    0.259187
1488127077      431   25397    0.266425
1488127078      458   25932    0.272038
1488127079      795   26727    0.280377
1488127080      385   27133    0.284636
1488127081      798   27931    0.293008
1488127082      631   28562    0.299627
1488127083      612   29273    0.307086
1488127084      656   29929    0.313968
1488127085      797   30726    0.322329
1488127086      268   31009    0.325297
1488127087      808   31817    0.333774
1488127088      744   32561    0.341578
1488127089      557   33149    0.347747
1488127090      752   33901    0.355636
1488127091      792   34693    0.363944
1488127092      410   35103    0.368245
1488127093      792   35895    0.376554
1488127094      579   36490    0.382795
1488127095      801   37291    0.391198
1488127096      787   38078    0.399454
1488127097      591   38669    0.405654
1488127098      639   39308    0.412357
1488127099      784   40092    0.420582
1488127100      793   40885    0.428901
1488127101      576   41461    0.434943
1488127102      795   42256    0.443283
1488127103      639   42895    0.449986
1488127104      793   43688    0.458305
1488127105      586   44274    0.464453
1488127106      784   45058    0.472677
1488127107      786   45844    0.480923
1488127108      590   46434    0.487112
1488127110      486   47048    0.493553
1488127111      789   47837    0.50183
1488127112      794   48631    0.510159
1488127113      578   49209    0.516223
1488127114      787   49996    0.524479
1488127115      643   50639    0.531224
1488127116      795   51434    0.539564
1488127117      572   52006    0.545565
1488127118      786   52792    0.55381
1488127119      792   53584    0.562119
1488127120      582   54166    0.568224
1488127121      629   54800    0.574875
1488127122      791   55591    0.583173
1488127123      789   56380    0.59145
1488127124      579   56959    0.597524
1488127125      796   57755    0.605874
1488127126      635   58390    0.612535
1488127127      769   59159    0.620603
1488127128      580   59746    0.62676
1488127129      797   60543    0.635121
1488127130      787   61330    0.643377
1488127131      584   61914    0.649504
1488127132      630   62552    0.656197
1488127133      803   63355    0.66462
1488127134      789   64144    0.672897
1488127135      573   64717    0.678908
1488127136      783   65500    0.687122
1488127137      644   66144    0.693878
1488127138      794   66938    0.702208
1488127139      578   67516    0.708271
1488127140      797   68313    0.716632
1488127141      777   69090    0.724783
1488127142      590   69680    0.730972
1488127143      633   70313    0.737613
1488127144      786   71099    0.745858
1488127145      735   71834    0.753569
1488127146      544   72444    0.759968
1488127147      721   73165    0.767531
1488127148      655   73820    0.774403
1488127149      722   74542    0.781977
1488127150      680   75222    0.78911
1488127151      529   75785    0.795016
1488127152      804   76589    0.803451
1488127153      779   77368    0.811623
1488127154      654   78022    0.818483
1488127155      597   78619    0.824746
1488127156      801   79420    0.833149
1488127157      654   80196    0.84129
1488127158      809   81005    0.849776
1488127159      651   81656    0.856606
1488127160      798   82454    0.864977
1488127161      560   83014    0.870852
1488127162      768   83782    0.878908
1488127163      730   84512    0.886566
1488127164      557   85142    0.893175
1488127165      657   85808    0.900162
1488127166      771   86579    0.90825
1488127167      801   87380    0.916653
1488127168      557   87948    0.922611
1488127169      774   88722    0.930731
1488127170      542   89264    0.936417
1488127171      797   90061    0.944777
1488127172      446   90507    0.949456
1488127173      658   91289    0.95766
1488127174      803   92092    0.966084
1488127175      787   92879    0.974339
1488127176      612   93491    0.98076
1488127178      586   94095    0.987096
1488127179      703   94798    0.994471
1488127180      761   95559    1.00245
1488127181      574   96235    1.00955
1488127182      632   96901    1.01653
1488127183      712   97613    1.024
1488127184      800   98413    1.03239
1488127185      547   99041    1.03898
1488127186      705   99746    1.04638
1488127187      667   100413    1.05337
1488127188      613   101026    1.0598
1488127189      797   101823    1.06817
1488127190      589   102412    1.07434
1488127191      788   103200    1.08261
1488127192      649   103987    1.09087
1488127193      645   104653    1.09785
1488127194      798   105451    1.10623
1488127195      797   106248    1.11459
1488127196      582   106830    1.12069
1488127197      635   107465    1.12735
1488127198      797   108262    1.13571
1488127199      251   108529    1.13851
1488127200      805   109334    1.14696
1488127201      727   110061    1.15459
1488127203      356   110669    1.16096
1488127204      650   111319    1.16778
1488127205      785   112104    1.17602
1488127206      327   112431    1.17945
1488127207      636   113067    1.18612
1488127208      797   113864    1.19448
1488127209      650   114514    1.2013
1488127210      504   115080    1.20724
1488127211      809   115889    1.21572
1488127212      537   116426    1.22136
1488127213      649   117075    1.22817
1488127214      798   117873    1.23654
1488127215      497   118421    1.24229
1488127216      669   119090    1.2493
1488127217      800   119890    1.2577
1488127218      563   120453    1.2636
1488127219      661   121227    1.27172
1488127220      796   122023    1.28007
1488127221      799   122822    1.28845
1488127222      594   123416    1.29469
1488127223      656   124072    1.30157
1488127224      796   124868    1.30992
1488127225      651   125638    1.318
1488127226      805   126443    1.32644
1488127228      664   127243    1.33483
1488127229      655   127909    1.34182
1488127230      808   128717    1.3503
1488127231      781   129498    1.35849
1488127232      601   130099    1.36479
1488127233      788   130887    1.37306
1488127234      715   131602    1.38056
1488127235      650   132252    1.38738
1488127236      588   132855    1.3937
1488127237      796   133651    1.40205
1488127238      797   134448    1.41042
1488127239      586   135034    1.41656
1488127240      583   135661    1.42314
1488127241      804   136465    1.43157
1488127242      797   137262    1.43994
1488127243      543   137805    1.44563
1488127244      793   138598    1.45395
1488127245      796   139394    1.4623
1488127246      636   140030    1.46897
1488127247      590   140620    1.47516
1488127248      798   141418    1.48353
1488127249      657   142212    1.49186
1488127250      806   143018    1.50032
1488127251      634   143652    1.50697
1488127252      799   144451    1.51535
1488127253      548   145018    1.5213
1488127254      739   145757    1.52905
1488127255      726   146483    1.53667
1488127256      526   147158    1.54375
1488127257      600   147824    1.55074
1488127258      805   148629    1.55918
1488127259      795   149424    1.56752
1488127260      574   149998    1.57354
1488127261      785   150783    1.58178
1488127262      631   151414    1.5884
1488127263      786   152200    1.59664
1488127264      584   152784    1.60277
1488127265      790   153574    1.61106
1488127266      796   154370    1.61941
1488127267      582   154952    1.62551
1488127268      591   155576    1.63206
1488127269      797   156373    1.64042
1488127270      779   157152    1.64859
1488127272      496   157716    1.65451
1488127273      784   158500    1.66273
1488127274      557   159057    1.66857
1488127275      753   159810    1.67647
1488127276      598   160522    1.68394
1488127277      723   161245    1.69153
1488127278      776   162021    1.69967
1488127279      595   162662    1.70639
1488127280      655   163328    1.71338
1488127281      802   164130    1.72179
1488127282      792   164922    1.7301
1488127283      585   165507    1.73624
1488127284      787   166294    1.74449
1488127285      639   166933    1.7512
1488127286      786   167719    1.75944
1488127287      568   168287    1.7654
1488127288      789   169076    1.77368
1488127289      667   169879    1.7821
1488127290      647   170545    1.78909
1488127291      807   171352    1.79755
1488127292      786   172138    1.8058
1488127293      606   172744    1.81216
1488127294      801   173545    1.82056
1488127295      648   174290    1.82837
1488127296      642   174956    1.83536
1488127297      805   175761    1.84381
1488127299      662   176561    1.8522
1488127300      810   177371    1.8607
1488127301      607   178166    1.86904
1488127302      709   178875    1.87647
1488127303      801   179676    1.88488
1488127304      652   180437    1.89286
1488127305      810   181247    1.90136
1488127306      663   182042    1.9097
1488127307      660   182708    1.91668
1488127308      808   183516    1.92516
1488127309      661   184313    1.93352
1488127310      807   185120    1.94199
1488127311      785   185905    1.95022
1488127312      655   186560    1.95709
1488127313      593   187153    1.96331
1488127314      800   187953    1.97171
1488127316      643   188724    1.97979
1488127317      805   189529    1.98824
1488127318      639   190168    1.99494
1488127319      796   190964    2.00329
1488127320      589   191553    2.00947
1488127321      803   192356    2.01789
1488127322      654   193135    2.02607
1488127323      645   193801    2.03305
1488127324      801   194602    2.04146
1488127325      792   195394    2.04976
1488127326      578   195972    2.05583
1488127327      794   196766    2.06416
1488127328      647   197546    2.07234
1488127329      642   198212    2.07933
1488127330      610   198822    2.08573
1488127331      795   199617    2.09407
1488127332      192   199817    2.09616
1488127333      631   200448    2.10278
1488127334      794   201242    2.11111
1488127335      293   201553    2.11438
1488127336      794   202347    2.1227
1488127337      633   202980    2.12934
1488127338      596   203693    2.13682
1488127339      714   204407    2.14431
1488127340      783   205190    2.15253
1488127341      259   205449    2.15525
1488127342      690   206139    2.16248
1488127343      747   206886    2.17032
1488127344      548   207434    2.17607
1488127346      474   208104    2.1831
1488127347      795   208899    2.19144
1488127348      588   209487    2.19761
1488127349      615   210102    2.20406
1488127350      776   210878    2.2122
1488127351      574   211452    2.21822
1488127352      798   212250    2.22659
1488127353      779   213029    2.23476
1488127354      626   213655    2.24133
1488127355      581   214251    2.24758
1488127356      790   215041    2.25587
1488127357      795   215836    2.26421
1488127358      540   216391    2.27003
1488127359      638   217057    2.27702
1488127360      735   217792    2.28473
1488127361      720   218512    2.29228
1488127362      592   219197    2.29947
1488127363      714   219911    2.30696
1488127364      710   220621    2.31441
1488127365      646   221267    2.32118
1488127366      712   221979    2.32865
1488127367      505   222538    2.33452
1488127368      810   223348    2.34301
1488127369      658   224143    2.35135
1488127370      655   224809    2.35834
1488127371      807   225616    2.36681
1488127373      665   226414    2.37518
1488127374      813   227227    2.38371
1488127375      626   228019    2.39201
1488127376      631   228685    2.399
1488127377      702   229387    2.40637
1488127378      797   230184    2.41473
1488127379      584   230825    2.42145
1488127380      790   231615    2.42974
1488127381      794   232409    2.43807
1488127382      570   232979    2.44405
1488127383      606   233631    2.45089
1488127384      787   234418    2.45914
1488127385      802   235220    2.46756
1488127386      602   235822    2.47387
1488127387      649   236471    2.48068
1488127388      798   237269    2.48905
1488127389      649   238042    2.49716
1488127390      802   238844    2.50557
1488127391      784   239628    2.5138
1488127392      602   240230    2.52011
1488127393      573   240848    2.5266
1488127394      797   241645    2.53496
1488127395      801   242446    2.54336
1488127396      590   243036    2.54955
1488127397      792   243828    2.55786
1488127398      648   244476    2.56466
1488127400      647   245259    2.57287
1488127401      798   246057    2.58124
1488127402      794   246851    2.58957
1488127403      580   247431    2.59565
1488127404      640   248071    2.60237
1488127405      793   248864    2.61069
1488127406      796   249660    2.61904
