1482329231      1498   1498    0.00285721
1482329232      1499   2997    0.00571632
1482329233      1500   4497    0.00857735
1482329234      1499   5996    0.0114365
1482329235      1499   7495    0.0142956
1482329236      1500   8995    0.0171566
1482329237      1499   10494    0.0200157
1482329238      1499   11993    0.0228748
1482329239      1500   13493    0.0257359
1482329240      1499   14992    0.028595
1482329241      1499   16491    0.0314541
1482329242      1342   17833    0.0340137
1482329243      1381   19214    0.0366478
1482329244      1378   20592    0.0392761
1482329245      1381   21973    0.0419102
1482329246      1263   23236    0.0443192
1482329247      1380   24616    0.0469513
1482329248      1379   25995    0.0495815
1482329249      1277   27346    0.0521584
1482329250      1359   28705    0.0547504
1482329251      1385   30090    0.0573921
1482329252      1385   31475    0.0600338
1482329253      1270   32745    0.0624561
1482329254      1315   34060    0.0649643
1482329255      1277   35395    0.0675106
1482329256      1394   36789    0.0701694
1482329257      1387   38176    0.0728149
1482329258      1365   39541    0.0754185
1482329259      1269   40810    0.0778389
1482329260      1384   42194    0.0804787
1482329261      1339   43533    0.0830326
1482329262      1374   44907    0.0856533
1482329263      1267   46174    0.0880699
1482329264      1382   47556    0.0907059
1482329265      1363   48919    0.0933056
1482329266      1183   50102    0.095562
1482329267      1381   51483    0.098196
1482329268      1361   52844    0.100792
1482329269      1250   54164    0.10331
1482329270      1390   55554    0.105961
1482329271      1382   56936    0.108597
1482329272      1382   58318    0.111233
1482329273      1267   59585    0.113649
1482329274      1371   60956    0.116264
1482329275      1385   62341    0.118906
1482329276      1386   63727    0.12155
1482329277      1270   64997    0.123972
1482329278      1383   66380    0.12661
1482329279      1210   67590    0.128918
1482329280      1384   68974    0.131557
1482329281      1388   70362    0.134205
1482329282      1388   71750    0.136852
1482329283      1263   73013    0.139261
1482329284      1366   74379    0.141867
1482329285      1379   75758    0.144497
1482329286      1361   77119    0.147093
1482329287      1217   78336    0.149414
1482329288      1388   79724    0.152061
1482329289      1383   81107    0.154699
1482329290      1381   82488    0.157333
1482329291      1197   83685    0.159616
1482329292      1384   85069    0.162256
1482329293      1266   86342    0.164684
1482329294      1394   87736    0.167343
1482329295      1384   89120    0.169983
1482329296      1389   90509    0.172632
1482329297      1267   91776    0.175049
1482329298      1380   93156    0.177681
1482329299      1380   94536    0.180313
1482329300      1381   95917    0.182947
1482329301      1269   97186    0.185368
1482329302      1388   98574    0.188015
1482329303      1139   99751    0.19026
1482329304      1392   101143    0.192915
1482329305      1380   102523    0.195547
1482329306      1385   103908    0.198189
1482329307      1269   105177    0.200609
1482329308      1380   106557    0.203241
1482329309      1382   107939    0.205877
1482329310      1381   109320    0.208511
1482329311      1261   110581    0.210917
1482329312      1388   111969    0.213564
1482329313      1384   113353    0.216204
1482329314      1385   114738    0.218845
1482329315      1267   116005    0.221262
1482329316      1320   117325    0.22378
1482329317      1269   118594    0.2262
1482329318      1387   119981    0.228846
1482329319      1388   121369    0.231493
1482329320      1380   122749    0.234125
1482329321      1261   124010    0.23653
1482329322      1382   125392    0.239166
1482329323      1373   126765    0.241785
1482329324      1381   128146    0.244419
1482329325      1267   129413    0.246836
1482329326      1377   130790    0.249462
1482329327      1388   132178    0.25211
1482329328      1205   133383    0.254408
1482329329      1380   134763    0.25704
1482329330      1382   136145    0.259676
1482329331      1266   137411    0.262091
1482329332      1385   138796    0.264732
1482329333      1384   140180    0.267372
1482329334      1386   141566    0.270016
1482329335      1261   142827    0.272421
1482329336      1388   144215    0.275068
1482329337      1387   145602    0.277714
1482329338      1278   146937    0.28026
1482329339      1394   148331    0.282919
1482329340      1213   149626    0.285389
1482329341      1394   151020    0.288048
1482329342      1385   152405    0.290689
1482329343      1375   153780    0.293312
1482329344      1263   155043    0.295721
1482329345      1387   156430    0.298367
1482329346      1381   157811    0.301001
1482329347      1380   159191    0.303633
1482329348      1265   160456    0.306046
1482329349      1379   161835    0.308676
1482329350      1381   163216    0.31131
1482329351      1386   164602    0.313953
1482329352      1270   165872    0.316376
1482329353      1317   167189    0.318888
1482329354      1265   168454    0.321301
1482329355      1382   169836    0.323936
1482329356      1382   171218    0.326572
1482329357      1390   172608    0.329224
1482329358      1261   173869    0.331629
1482329359      1386   175255    0.334272
1482329360      1385   176640    0.336914
1482329361      1387   178027    0.33956
1482329362      1272   179299    0.341986
1482329363      1389   180688    0.344635
1482329364      1381   182069    0.347269
1482329365      1197   183266    0.349552
1482329366      1382   184648    0.352188
1482329367      1383   186031    0.354826
1482329368      1261   187292    0.357231
1482329369      1386   188678    0.359875
1482329370      1386   190064    0.362518
1482329371      1385   191449    0.36516
1482329372      1261   192710    0.367565
1482329373      1388   194098    0.370213
1482329374      1382   195480    0.372849
1482329376      1273   196812    0.375389
1482329377      1391   198203    0.378042
1482329378      1209   199501    0.380518
1482329379      1373   200874    0.383137
1482329380      1386   202260    0.38578
1482329381      1383   203643    0.388418
1482329382      1264   204907    0.390829
1482329383      1374   206281    0.39345
1482329384      1379   207660    0.39608
1482329385      1382   209042    0.398716
1482329386      1261   210303    0.401121
1482329387      1388   211691    0.403769
1482329388      1376   213067    0.406393
1482329389      1379   214446    0.409023
1482329390      1275   215721    0.411455
1482329391      1287   217008    0.41391
1482329392      1275   218283    0.416342
1482329393      1378   219661    0.41897
1482329394      1380   221041    0.421602
1482329395      1381   222422    0.424236
1482329396      1263   223685    0.426645
1482329397      1379   225064    0.429276
1482329398      1381   226445    0.43191
1482329399      1382   227827    0.434546
1482329400      1262   229089    0.436953
1482329401      1386   230475    0.439596
1482329402      1381   231856    0.44223
1482329403      1189   233045    0.444498
1482329404      1357   234402    0.447086
1482329405      1375   235777    0.449709
1482329406      1257   237039    0.452116
1482329407      1386   238425    0.45476
1482329408      1371   239796    0.457375
1482329409      1383   241179    0.460012
1482329410      1267   242446    0.462429
1482329411      1379   243825    0.465059
1482329412      1382   245207    0.467695
1482329413      1381   246588    0.470329
1482329414      1273   247861    0.472757
1482329415      1381   249242    0.475391
1482329416      1196   250448    0.477692
1482329417      1386   251834    0.480335
1482329418      1383   253217    0.482973
1482329419      1383   254600    0.485611
1482329420      1255   255855    0.488005
1482329421      1383   257238    0.490643
1482329422      1379   258617    0.493273
1482329423      1388   260005    0.49592
1482329424      1265   261270    0.498333
1482329425      1387   262657    0.500978
1482329426      1375   264032    0.503601
1482329427      1384   265416    0.506241
1482329428      1204   266620    0.508537
1482329429      1387   268007    0.511183
1482329430      1264   269271    0.513594
1482329431      1389   270660    0.516243
1482329432      1388   272048    0.51889
1482329433      1388   273436    0.521538
1482329434      1263   274699    0.523947
1482329435      1382   276081    0.526583
1482329436      1383   277464    0.529221
1482329437      1388   278852    0.531868
1482329438      1267   280119    0.534285
1482329439      1381   281500    0.536919
1482329440      1194   282694    0.539196
1482329441      1388   284082    0.541843
1482329442      1375   285457    0.544466
1482329443      1362   286819    0.547064
1482329444      1268   288087    0.549482
1482329445      1385   289472    0.552124
1482329446      1382   290854    0.55476
1482329447      1384   292238    0.5574
1482329448      1211   293449    0.55971
1482329449      1381   294830    0.562344
1482329450      1380   296210    0.564976
1482329451      1388   297598    0.567623
1482329452      1270   298868    0.570045
1482329453      1321   300189    0.572565
1482329454      1268   301457    0.574984
1482329455      1382   302839    0.57762
1482329456      1382   304221    0.580256
1482329457      1381   305602    0.58289
1482329458      1272   306874    0.585316
1482329459      1382   308256    0.587952
1482329460      1385   309641    0.590593
1482329461      1383   311024    0.593231
1482329462      1268   312292    0.59565
1482329463      1387   313679    0.598295
1482329464      1385   315064    0.600937
1482329465      1141   316205    0.603113
1482329466      1379   317584    0.605743
1482329467      1377   318961    0.60837
1482329468      1270   320231    0.610792
1482329469      1380   321611    0.613424
1482329470      1375   322986    0.616047
1482329471      1388   324374    0.618694
1482329472      1266   325640    0.621109
1482329473      1385   327025    0.623751
1482329474      1377   328402    0.626377
1482329475      1382   329784    0.629013
1482329476      1273   331057    0.631441
1482329477      1385   332442    0.634083
1482329478      1078   333573    0.63624
1482329479      1385   334958    0.638882
1482329480      1378   336336    0.64151
1482329481      1382   337718    0.644146
1482329482      1272   338990    0.646572
1482329483      1377   340367    0.649199
1482329484      1381   341748    0.651833
1482329485      1384   343132    0.654472
1482329486      1276   344408    0.656906
1482329487      1382   345790    0.659542
1482329488      1386   347176    0.662186
1482329489      1387   348563    0.664831
1482329490      1062   349625    0.666857
1482329491      1387   351012    0.669502
1482329492      1272   352342    0.672039
1482329493      1384   353726    0.674679
1482329494      1389   355115    0.677328
1482329495      1380   356495    0.67996
1482329496      1277   357772    0.682396
1482329497      1382   359154    0.685032
1482329498      1377   360531    0.687658
1482329499      1387   361918    0.690304
1482329500      1269   363187    0.692724
1482329501      1370   364557    0.695337
1482329502      1096   365751    0.697615
1482329503      1380   367131    0.700247
1482329504      1385   368516    0.702888
1482329505      1386   369902    0.705532
1482329506      1266   371168    0.707947
1482329507      1384   372552    0.710587
1482329508      1384   373936    0.713226
1482329509      1390   375326    0.715878
1482329510      1266   376592    0.718292
1482329511      1381   377973    0.720926
1482329512      1389   379362    0.723576
1482329513      1387   380749    0.726221
1482329514      1263   382012    0.72863
1482329515      1320   383332    0.731148
1482329516      1269   384601    0.733568
1482329517      1380   385981    0.7362
1482329518      1384   387365    0.73884
1482329519      1383   388748    0.741478
1482329520      1275   390023    0.74391
1482329521      1387   391410    0.746555
1482329522      1381   392791    0.749189
1482329523      1278   394168    0.751816
1482329524      1382   395550    0.754452
1482329525      1386   396936    0.757095
1482329526      1383   398319    0.759733
1482329527      1082   399401    0.761797
1482329528      1380   400781    0.764429
1482329529      1379   402160    0.767059
1482329530      1263   403423    0.769468
1482329531      1304   404727    0.771955
1482329532      1379   406106    0.774586
1482329533      1369   407475    0.777197
1482329534      1271   408746    0.779621
1482329535      1380   410126    0.782253
1482329536      1388   411514    0.784901
1482329537      1387   412901    0.787546
1482329538      1264   414165    0.789957
1482329539      1383   415548    0.792595
1482329540      1207   416755    0.794897
1482329541      1388   418143    0.797544
1482329542      1388   419531    0.800192
1482329543      1381   420912    0.802826
1482329544      1272   422184    0.805252
1482329545      1386   423570    0.807896
1482329546      1384   424954    0.810535
1482329547      1387   426341    0.813181
1482329548      1277   427618    0.815617
1482329549      1388   429006    0.818264
1482329550      1376   430382    0.820889
1482329551      1267   431706    0.823414
1482329552      1316   433022    0.825924
1482329553      1278   434395    0.828543
1482329554      1389   435784    0.831192
1482329555      1380   437164    0.833824
1482329556      1376   438540    0.836449
1482329557      1263   439803    0.838858
1482329558      1382   441185    0.841494
1482329559      1384   442569    0.844133
1482329560      1373   443942    0.846752
1482329561      1263   445205    0.849161
1482329562      1382   446587    0.851797
1482329563      1389   447976    0.854446
1482329564      1194   449170    0.856724
1482329565      1384   450554    0.859364
1482329566      1376   451930    0.861988
1482329567      1272   453202    0.864414
1482329568      1385   454587    0.867056
1482329569      1381   455968    0.86969
1482329570      1372   457340    0.872307
1482329571      1273   458613    0.874735
1482329572      1386   459999    0.877378
1482329573      1377   461376    0.880005
1482329574      1386   462762    0.882648
1482329575      1266   464028    0.885063
1482329576      1382   465410    0.887699
1482329577      1201   466611    0.88999
1482329578      1386   467997    0.892633
1482329579      1389   469386    0.895283
1482329580      1375   470761    0.897905
1482329581      1257   472018    0.900303
1482329582      1386   473404    0.902946
1482329583      1385   474789    0.905588
1482329584      1388   476177    0.908236
1482329585      1265   477442    0.910648
1482329586      1382   478824    0.913284
1482329587      1385   480209    0.915926
1482329588      1278   481581    0.918543
1482329589      1323   482904    0.921066
1482329590      1271   484270    0.923672
1482329591      1391   485661    0.926325
1482329592      1388   487049    0.928972
1482329593      1383   488432    0.93161
1482329594      1261   489693    0.934015
1482329595      1385   491078    0.936657
1482329596      1388   492466    0.939304
1482329597      1388   493854    0.941952
1482329598      1267   495121    0.944368
1482329599      1381   496502    0.947002
1482329600      1384   497886    0.949642
1482329601      1204   499090    0.951939
