1500025317      999   999    0
1500025318      999   1998    0
1500025319      1000   2998    0
1500025320      999   3997    0
1500025321      1000   4997    0
1500025322      1000   5997    0
1500025323      999   6996    0
1500025324      1000   7996    0
1500025325      999   8995    0
1500025326      1000   9995    0
1500025327      999   10994    0
1500025328      1000   11994    0
1500025329      993   12987    0
1500025330      1000   13987    0
1500025331      999   14986    0
1500025332      1000   15986    0
1500025333      1000   16986    0
1500025334      999   17985    0
1500025335      1000   18985    0
1500025336      999   19984    0
1500025337      1000   20984    0
1500025338      999   21983    0
1500025339      1000   22983    0
1500025340      999   23982    0
1500025341      1000   24982    0
1500025342      999   25981    0
1500025343      1000   26981    0
1500025344      999   27980    0
1500025345      1000   28980    0
1500025346      1000   29980    0
1500025347      999   30979    0
1500025348      1000   31979    0
1500025349      999   32978    0
1500025350      1000   33978    0
1500025351      999   34977    0
1500025352      1000   35977    0
1500025353      999   36976    0
1500025354      1000   37976    0
1500025355      999   38975    0
1500025356      1000   39975    0
1500025357      999   40974    0
1500025358      1000   41974    0
1500025359      999   42973    0
1500025360      1000   43973    0
1500025361      1000   44973    0
1500025362      999   45972    0
1500025363      1000   46972    0
1500025364      999   47971    0
1500025365      1000   48971    0
1500025366      999   49970    0
1500025367      1000   50970    0
1500025368      999   51969    0
1500025369      1000   52969    0
1500025370      999   53968    0
1500025371      1000   54968    0
1500025372      999   55967    0
1500025373      1000   56967    0
1500025374      999   57966    0
1500025375      1000   58966    0
1500025376      1000   59966    0
1500025377      999   60965    0
1500025378      1000   61965    0
1500025379      999   62964    0
1500025380      1000   63964    0
1500025381      999   64963    0
1500025382      1000   65963    0
1500025383      999   66962    0
1500025384      1000   67962    0
1500025385      999   68961    0
1500025386      998   69959    0
1500025387      999   70958    0
1500025388      1000   71958    0
1500025389      938   72896    0
1500025390      1000   73896    0
1500025391      999   74895    0
1500025392      892   75860    0
1500025393      1007   76867    0
1500025394      999   77866    0
1500025395      1000   78866    0
1500025396      944   79810    0
1500025397      1000   80810    0
1500025398      999   81809    0
1500025399      945   82754    0
1500025400      999   83753    0
1500025401      1000   84753    0
1500025402      943   85696    0
1500025403      1000   86696    0
1500025404      1000   87696    0
1500025405      999   88695    0
1500025406      949   89644    0
1500025407      999   90643    0
1500025408      1000   91643    0
1500025409      948   92591    0
1500025410      1000   93591    0
1500025411      999   94590    0
1500025412      949   95539    0
1500025413      999   96538    0
1500025414      1000   97538    0
1500025415      999   98537    0
1500025416      931   99468    0
1500025417      1000   100468    0
1500025418      999   101467    0
1500025419      949   102416    0
1500025420      999   103415    0
1500025421      1000   104415    0
1500025422      948   105363    0
1500025423      1000   106363    0
1500025424      999   107362    0
1500025425      1000   108362    0
1500025426      933   109295    0
1500025427      1000   110295    0
1500025428      999   111294    0
1500025429      950   112244    0
1500025430      999   113243    0
1500025431      1000   114243    0
1500025432      950   115193    0
1500025433      999   116192    0
1500025434      1000   117192    0
1500025435      949   118141    0
1500025436      1000   119141    0
1500025437      999   120140    0
1500025438      1000   121140    0
1500025439      948   122088    0
1500025440      1000   123088    0
1500025441      999   124087    0
1500025442      949   125036    0
1500025443      999   126035    0
1500025444      1000   127035    0
1500025445      949   127984    0
1500025446      999   128983    0
1500025447      1000   129983    0
1500025448      999   130982    0
1500025449      934   131916    0
1500025450      999   132915    0
1500025451      1000   133915    0
1500025452      948   134863    0
1500025453      1000   135863    0
1500025454      999   136862    0
1500025455      949   137811    0
1500025456      999   138810    0
1500025457      1000   139810    0
1500025458      1000   140810    0
1500025459      928   141738    0
1500025460      1000   142738    0
1500025461      999   143737    0
1500025462      949   144686    0
1500025463      947   145633    0
1500025464      997   146630    0
1500025465      999   147629    0
1500025466      949   148578    0
1500025467      999   149577    0
1500025468      1000   150577    0
1500025469      999   151576    0
1500025470      950   152526    0
1500025471      1000   153526    0
1500025472      999   154525    0
1500025473      950   155475    0
1500025474      999   156474    0
1500025475      1000   157474    0
1500025476      949   158423    0
1500025477      1000   159423    0
1500025478      999   160422    0
1500025479      1000   161422    0
1500025480      905   162327    0
1500025481      1000   163327    0
1500025482      999   164326    0
1500025483      944   165270    0
1500025484      1000   166270    0
1500025485      999   167269    0
1500025486      950   168219    0
1500025487      999   169218    0
1500025488      1000   170218    0
1500025489      999   171217    0
1500025490      935   172152    0
1500025491      999   173151    0
1500025492      1000   174151    0
1500025493      948   175099    0
1500025494      1000   176099    0
1500025495      999   177098    0
1500025496      949   178047    0
1500025497      1000   179047    0
1500025498      999   180046    0
1500025499      949   180995    0
1500025500      999   181994    0
1500025501      1000   182994    0
1500025502      999   183993    0
1500025503      949   184942    0
1500025504      999   185941    0
1500025505      1000   186941    0
1500025506      948   187889    0
1500025507      1000   188889    0
1500025508      999   189888    0
1500025509      932   190820    0
1500025510      999   191819    0
1500025511      1000   192819    0
1500025512      997   193816    0
1500025513      948   194764    0
1500025514      1000   195764    0
1500025515      999   196763    0
1500025516      942   197705    0
1500025517      999   198704    0
1500025518      1000   199704    0
1500025519      948   200652    0
1500025520      1000   201652    0
1500025521      999   202651    0
1500025522      1000   203651    0
1500025523      915   204566    0
1500025524      1000   205566    0
1500025525      1000   206566    0
1500025526      948   207514    0
1500025527      1000   208514    0
1500025528      999   209513    0
1500025529      949   210462    0
1500025530      999   211461    0
1500025531      1000   212461    0
1500025532      997   213458    0
1500025533      925   214383    0
1500025534      999   215382    0
1500025535      1000   216382    0
1500025536      949   217331    0
1500025537      948   218279    0
1500025538      1000   219279    0
1500025539      999   220278    0
1500025540      927   221205    0
1500025541      999   222204    0
1500025542      1000   223204    0
1500025543      999   224203    0
1500025544      938   225141    0
1500025545      999   226140    0
1500025546      1000   227140    0
1500025547      948   228088    0
1500025548      1000   229088    0
1500025549      999   230087    0
1500025550      949   231036    0
1500025551      1000   232036    0
1500025552      999   233035    0
1500025553      1000   234035    0
1500025554      942   234977    0
1500025555      1000   235977    0
1500025556      999   236976    0
1500025557      949   237925    0
1500025558      999   238924    0
1500025559      1000   239924    0
1500025560      948   240872    0
1500025561      1000   241872    0
1500025562      999   242871    0
1500025563      943   243833    0
1500025564      1007   244840    0
1500025565      999   245839    0
1500025566      1000   246839    0
1500025567      941   247780    0
1500025568      1000   248780    0
1500025569      999   249779    0
1500025570      949   250728    0
1500025571      999   251727    0
1500025572      1000   252727    0
1500025573      947   253674    0
1500025574      999   254673    0
1500025575      1000   255673    0
1500025576      999   256672    0
1500025577      949   257621    0
1500025578      999   258620    0
1500025579      1000   259620    0
1500025580      948   260568    0
1500025581      1000   261568    0
1500025582      999   262567    0
1500025583      949   263516    0
1500025584      999   264515    0
1500025585      1000   265515    0
1500025586      1000   266515    0
1500025587      923   267438    0
1500025588      1000   268438    0
1500025589      999   269437    0
1500025590      927   270364    0
1500025591      999   271363    0
1500025592      1000   272363    0
1500025593      948   273311    0
1500025594      1000   274311    0
1500025595      999   275310    0
1500025596      1000   276310    0
1500025597      943   277253    0
1500025598      1000   278253    0
1500025599      999   279252    0
1500025600      950   280202    0
1500025601      1000   281202    0
1500025602      999   282201    0
1500025603      949   283150    0
1500025604      999   284149    0
1500025605      1000   285149    0
1500025606      942   286096    0
1500025607      1006   287102    0
1500025608      1000   288102    0
1500025609      999   289101    0
1500025610      949   290050    0
1500025611      947   290997    0
1500025612      1000   291997    0
1500025613      999   292996    0
1500025614      949   293945    0
1500025615      999   294944    0
1500025616      1000   295944    0
1500025617      944   296935    0
1500025618      1007   297942    0
1500025619      999   298941    0
1500025620      1000   299941    0
1500025621      948   300889    0
1500025622      1000   301889    0
1500025623      999   302888    0
1500025624      949   303837    0
1500025625      999   304836    0
1500025626      1000   305836    0
1500025627      948   306784    0
1500025628      1000   307784    0
1500025629      999   308783    0
1500025630      997   309780    0
1500025631      949   310729    0
1500025632      999   311728    0
1500025633      1000   312728    0
1500025634      935   313663    0
1500025635      1000   314663    0
1500025636      999   315662    0
1500025637      949   316611    0
1500025638      999   317610    0
1500025639      1000   318610    0
1500025640      999   319609    0
1500025641      930   320539    0
1500025642      999   321538    0
1500025643      1000   322538    0
1500025644      949   323487    0
1500025645      999   324486    0
1500025646      1000   325486    0
1500025647      948   326434    0
1500025648      1000   327434    0
1500025649      999   328433    0
1500025650      1000   329433    0
1500025651      929   330362    0
1500025652      1000   331362    0
1500025653      999   332361    0
1500025654      949   333310    0
1500025655      999   334309    0
1500025656      1000   335309    0
1500025657      939   336248    0
1500025658      999   337247    0
1500025659      1000   338247    0
1500025660      942   339198    0
1500025661      1006   340204    0
1500025662      1000   341204    0
1500025663      999   342203    0
1500025664      949   343152    0
1500025665      1000   344152    0
1500025666      999   345151    0
1500025667      949   346100    0
1500025668      999   347099    0
1500025669      1000   348099    0
1500025670      948   349047    0
1500025671      1000   350047    0
1500025672      999   351046    0
1500025673      1000   352046    0
1500025674      929   352975    0
1500025675      1000   353975    0
1500025676      999   354974    0
1500025677      949   355923    0
1500025678      999   356922    0
1500025679      999   357921    0
1500025680      949   358870    0
1500025681      999   359869    0
1500025682      1000   360869    0
1500025683      999   361868    0
1500025684      931   362799    0
1500025685      934   363733    0
1500025686      1000   364733    0
1500025687      999   365732    0
1500025688      949   366681    0
1500025689      999   367680    0
1500025690      1000   368680    0
1500025691      943   369623    0
1500025692      999   370622    0
1500025693      1000   371622    0
1500025694      999   372621    0
1500025695      949   373570    0
1500025696      999   374569    0
1500025697      1000   375569    0
1500025698      948   376517    0
1500025699      1000   377517    0
1500025700      999   378516    0
1500025701      949   379465    0
1500025702      999   380464    0
1500025703      1000   381464    0
1500025704      999   382463    0
1500025705      930   383393    0
1500025706      1000   384393    0
1500025707      999   385392    0
1500025708      935   386327    0
1500025709      999   387326    0
1500025710      1000   388326    0
1500025711      948   389274    0
1500025712      1000   390274    0
1500025713      999   391273    0
1500025714      1000   392273    0
1500025715      932   393205    0
1500025716      1000   394205    0
1500025717      999   395204    0
1500025718      949   396153    0
1500025719      1000   397153    0
1500025720      999   398152    0
1500025721      949   399101    0
1500025722      999   400100    0
1500025723      1000   401100    0
1500025724      942   402053    0
1500025725      1006   403059    0
1500025726      1000   404059    0
1500025727      1000   405059    0
1500025728      948   406007    0
1500025729      1000   407007    0
1500025730      999   408006    0
1500025731      948   408954    0
1500025732      999   409953    0
1500025733      1000   410953    0
1500025734      948   411901    0
1500025735      1000   412901    0
1500025736      999   413900    0
1500025737      1000   414900    0
1500025738      943   415843    0
1500025739      1000   416843    0
1500025740      1000   417843    0
1500025741      948   418791    0
1500025742      1000   419791    0
1500025743      996   420787    0
1500025744      949   421736    0
1500025745      999   422735    0
1500025746      997   423732    0
1500025747      999   424731    0
1500025748      930   425661    0
1500025749      999   426660    0
1500025750      1000   427660    0
1500025751      948   428608    0
1500025752      1000   429608    0
1500025753      1000   430608    0
1500025754      948   431556    0
1500025755      1000   432556    0
1500025756      999   433555    0
1500025757      1000   434555    0
1500025758      933   435488    0
1500025759      948   436436    0
1500025760      999   437435    0
1500025761      1000   438435    0
1500025762      949   439384    0
1500025763      1000   440384    0
1500025764      999   441383    0
1500025765      949   442332    0
1500025766      999   443331    0
1500025767      1000   444331    0
1500025768      1000   445331    0
1500025769      928   446259    0
1500025770      1000   447259    0
1500025771      999   448258    0
1500025772      949   449207    0
1500025773      999   450206    0
1500025774      1000   451206    0
1500025775      945   452151    0
1500025776      1000   453151    0
1500025777      999   454150    0
1500025778      1000   455150    0
1500025779      929   456079    0
1500025780      1000   457079    0
1500025781      1000   458079    0
1500025782      948   459027    0
1500025783      1000   460027    0
1500025784      999   461026    0
1500025785      947   461973    0
1500025786      999   462972    0
1500025787      1000   463972    0
1500025788      947   464919    0
1500025789      1000   465919    0
1500025790      999   466918    0
1500025791      1000   467918    0
1500025792      948   468866    0
1500025793      1000   469866    0
1500025794      1000   470866    0
1500025795      948   471814    0
1500025796      1000   472814    0
1500025797      999   473813    0
1500025798      943   474756    0
1500025799      999   475755    0
1500025800      1000   476755    0
1500025801      999   477754    0
1500025802      949   478703    0
1500025803      999   479702    0
1500025804      1000   480702    0
1500025805      948   481650    0
1500025806      1000   482650    0
1500025807      1000   483650    0
1500025808      948   484598    0
1500025809      1000   485598    0
1500025810      999   486597    0
1500025811      998   487595    0
1500025812      929   488524    0
1500025813      1000   489524    0
1500025814      999   490523    0
1500025815      949   491472    0
1500025816      999   492471    0
1500025817      1000   493471    0
1500025818      949   494420    0
1500025819      1000   495420    0
1500025820      999   496419    0
1500025821      942   497418    0
1500025822      1006   498424    0
1500025823      1000   499424    0
