1482969415      1498   1498    0.00285721
1482969416      1500   2998    0.00571823
1482969417      1499   4497    0.00857735
1482969418      1499   5996    0.0114365
1482969419      1500   7496    0.0142975
1482969420      1499   8995    0.0171566
1482969421      1499   10495    0.0200176
1482969422      1499   11995    0.0228786
1482969423      1499   13495    0.0257397
1482969424      1301   14796    0.0282211
1482969425      1354   16150    0.0308037
1482969426      1344   17494    0.0333672
1482969427      1353   18847    0.0359478
1482969428      1198   20045    0.0382328
1482969429      1343   21388    0.0407944
1482969430      1354   22742    0.0433769
1482969431      1346   24088    0.0459442
1482969432      1209   25358    0.0483665
1482969433      1360   26718    0.0509605
1482969434      1212   27930    0.0532722
1482969435      1341   29271    0.05583
1482969436      1193   30464    0.0581055
1482969437      1345   31809    0.0606709
1482969438      1352   33161    0.0632496
1482969439      1356   34517    0.065836
1482969440      1200   35717    0.0681248
1482969441      1342   37059    0.0706844
1482969442      1348   38407    0.0732555
1482969443      1236   39643    0.075613
1482969444      1051   40696    0.0776215
1482969445      1332   42028    0.080162
1482969446      1202   43230    0.0824547
1482969447      1351   44581    0.0850315
1482969448      1348   45929    0.0876026
1482969449      1192   47128    0.0898895
1482969450      1049   48200    0.0919342
1482969451      1361   49561    0.0945301
1482969452      1351   50912    0.0971069
1482969453      1343   52255    0.0996685
1482969454      1213   53560    0.102158
1482969455      1220   54780    0.104485
1482969456      1353   56133    0.107065
1482969457      1205   57477    0.109629
1482969458      1353   58830    0.112209
1482969459      1352   60182    0.114788
1482969460      1357   61539    0.117376
1482969461      1209   62837    0.119852
1482969462      1359   64196    0.122444
1482969463      1355   65551    0.125029
1482969464      1351   66902    0.127605
1482969465      1045   67947    0.129599
1482969466      1352   69299    0.132177
1482969467      1349   70648    0.13475
1482969468      1351   71999    0.137327
1482969469      1187   73186    0.139591
1482969470      1360   74546    0.142185
1482969471      1345   75891    0.144751
1482969472      1351   77242    0.147327
1482969473      1215   78546    0.149815
1482969474      1359   79905    0.152407
1482969475      1348   81253    0.154978
1482969476      1101   82463    0.157286
1482969477      1287   83750    0.15974
1482969478      1351   85101    0.162317
1482969479      1345   86446    0.164883
1482969480      1353   87799    0.167463
1482969481      1197   88996    0.169746
1482969482      1352   90348    0.172325
1482969483      1356   91704    0.174911
1482969484      1349   93053    0.177485
1482969485      1187   94255    0.179777
1482969486      1206   95461    0.182077
1482969487      1341   96802    0.184635
1482969488      1353   98155    0.187216
1482969489      1189   99344    0.189484
1482969490      1348   100692    0.192055
1482969491      1343   102035    0.194616
1482969492      1346   103381    0.197184
1482969493      1194   104604    0.199516
1482969494      1346   105950    0.202084
1482969495      1351   107301    0.20466
1482969497      1103   108521    0.206987
1482969498      1358   109879    0.209578
1482969499      1346   111225    0.212145
1482969500      1352   112577    0.214724
1482969501      1208   113881    0.217211
1482969502      1355   115236    0.219795
1482969503      1290   116526    0.222256
1482969504      1344   117870    0.224819
1482969505      1204   119074    0.227116
1482969506      1162   120236    0.229332
1482969507      1139   121385    0.231524
1482969508      1199   122584    0.23381
1482969509      1341   123925    0.236368
1482969510      1306   125231    0.238859
1482969511      1083   126374    0.241039
1482969512      1358   127732    0.243629
1482969513      1342   129074    0.246189
1482969514      1351   130425    0.248766
1482969515      1216   131734    0.251263
1482969516      1358   133092    0.253853
1482969517      1348   134440    0.256424
1482969518      1093   135651    0.258734
1482969519      1362   137013    0.261332
1482969520      1346   138359    0.263899
1482969521      1351   139710    0.266476
1482969522      1209   141011    0.268957
1482969523      1348   142359    0.271528
1482969524      1351   143710    0.274105
1482969525      1344   145054    0.276669
1482969526      1213   146371    0.279181
1482969527      1355   147726    0.281765
1482969528      1356   149082    0.284351
1482969529      1098   150288    0.286652
1482969530      1363   151651    0.289251
1482969531      1351   153002    0.291828
1482969532      1342   154344    0.294388
1482969533      1216   155648    0.296875
1482969534      1359   157007    0.299467
1482969535      1347   158354    0.302036
1482969536      1351   159705    0.304613
1482969537      1211   161008    0.307098
1482969538      1353   162361    0.309679
1482969539      1212   163573    0.311991
1482969540      1225   164925    0.314569
1482969541      979   165997    0.316614
1482969542      1331   167328    0.319153
1482969543      1352   168680    0.321732
1482969544      1329   170009    0.324266
1482969546      1206   171357    0.326838
1482969547      1360   172717    0.329432
1482969548      1323   174040    0.331955
1482969549      1352   175392    0.334534
1482969550      1058   176450    0.336552
1482969551      1341   177791    0.339109
1482969552      1342   179133    0.341669
1482969553      1350   180483    0.344244
1482969554      1196   181706    0.346577
1482969555      1360   183066    0.349171
1482969556      1330   184396    0.351707
1482969557      1351   185747    0.354284
1482969558      1197   187066    0.3568
1482969559      1331   188397    0.359339
1482969560      1355   189752    0.361923
1482969561      1211   190963    0.364233
1482969562      1162   192125    0.366449
1482969563      1351   193476    0.369026
1482969564      1318   194794    0.37154
1482969565      1349   196143    0.374113
1482969566      1149   197292    0.376305
1482969567      1175   198467    0.378546
1482969568      1084   199559    0.380629
1482969569      1212   200771    0.38294
1482969570      1309   202080    0.385437
1482969571      1350   203430    0.388012
1482969572      812   204242    0.389561
1482969573      1180   205422    0.391811
1482969574      1183   206692    0.394234
1482969575      1354   208046    0.396816
1482969576      1344   209390    0.39938
1482969577      1349   210739    0.401953
1482969578      1191   212052    0.404457
1482969579      1327   213379    0.406988
1482969580      1349   214728    0.409561
1482969581      1320   216048    0.412079
1482969582      1062   217110    0.414104
1482969583      1350   218460    0.416679
1482969584      1342   219802    0.419239
1482969585      1349   221151    0.421812
1482969586      1180   222401    0.424196
1482969587      1325   223726    0.426723
1482969588      1348   225074    0.429295
1482969589      1339   226413    0.431849
1482969590      1343   227756    0.43441
1482969591      1183   228939    0.436666
1482969592      1330   230269    0.439203
1482969593      1213   231482    0.441517
1482969594      1185   232750    0.443935
1482969595      1349   234099    0.446508
1482969596      1345   235444    0.449074
1482969597      1338   236782    0.451626
1482969598      1213   238110    0.454159
1482969599      1359   239469    0.456751
1482969600      1344   240813    0.459314
1482969601      1333   242146    0.461857
1482969602      1216   243470    0.464382
1482969603      1019   244489    0.466326
1482969604      1346   245835    0.468893
1482969605      1353   247188    0.471474
1482969606      1204   248459    0.473898
1482969608      789   249531    0.475943
1482969609      1349   250880    0.478516
1482969610      1348   252228    0.481087
1482969611      1315   253543    0.483595
1482969612      1198   254891    0.486166
1482969613      1357   256248    0.488754
1482969614      1344   257592    0.491318
1482969615      1211   258803    0.493628
1482969616      1182   259985    0.495882
1482969617      1337   261322    0.498432
1482969618      1340   262662    0.500988
1482969619      1335   263997    0.503534
1482969620      1185   265240    0.505905
1482969621      1363   266603    0.508505
1482969622      1342   267945    0.511065
1482969623      1219   269164    0.51339
1482969624      1347   270511    0.515959
1482969625      868   271379    0.517614
1482969626      1162   272541    0.519831
1482969627      1346   273887    0.522398
1482969628      1327   275214    0.524929
1482969629      1348   276562    0.5275
1482969630      1181   277743    0.529753
1482969631      1329   279072    0.532288
1482969632      1341   280413    0.534845
1482969633      1353   281766    0.537426
1482969634      1218   283093    0.539957
1482969635      1358   284451    0.542547
1482969636      1046   285497    0.544542
1482969637      1349   286846    0.547115
1482969638      1192   288082    0.549473
1482969639      1361   289443    0.552069
1482969640      1325   290768    0.554596
1482969641      1354   292122    0.557178
1482969642      1199   293442    0.559696
1482969643      1339   294781    0.56225
1482969644      1354   296135    0.564833
1482969645      1326   297461    0.567362
1482969646      901   298431    0.569212
1482969647      1360   299791    0.571806
1482969648      1328   301119    0.574339
1482969649      1306   302425    0.57683
1482969650      1346   303771    0.579397
1482969651      1153   304924    0.581596
1482969652      1335   306259    0.584143
1482969653      1350   307609    0.586718
1482969654      1336   308945    0.589266
1482969655      1214   310223    0.591703
1482969656      1339   311562    0.594257
1482969657      1211   312773    0.596567
1482969658      1334   314107    0.599112
1482969659      1186   315293    0.601374
1482969660      1346   316639    0.603941
1482969661      1351   317990    0.606518
1482969662      1353   319343    0.609098
1482969663      1196   320572    0.611443
1482969664      1362   321934    0.61404
1482969665      1345   323279    0.616606
1482969666      1352   324631    0.619184
1482969667      1057   325688    0.621201
1482969668      1344   327032    0.623764
1482969669      1353   328385    0.626345
1482969670      1346   329731    0.628912
1482969671      1207   330938    0.631214
1482969672      1344   332282    0.633778
1482969673      1352   333634    0.636356
1482969674      1344   334978    0.63892
1482969675      1210   336281    0.641405
1482969676      1351   337632    0.643982
1482969677      1352   338984    0.646561
1482969678      1211   340195    0.64887
1482969679      1198   341393    0.651155
1482969680      1353   342746    0.653736
1482969681      1342   344088    0.656296
1482969682      1351   345439    0.658873
1482969683      1077   346630    0.661144
1482969684      1243   347873    0.663515
1482969685      1324   349197    0.66604
1482969686      1352   350549    0.668619
1482969687      1336   351885    0.671167
1482969688      1044   352929    0.673159
1482969689      1350   354279    0.675734
1482969690      1289   355568    0.678192
1482969691      1347   356915    0.680761
1482969692      1113   358051    0.682928
1482969693      1318   359369    0.685442
1482969694      1343   360712    0.688004
1482969695      1349   362061    0.690577
1482969696      1222   363411    0.693151
1482969697      1359   364770    0.695744
1482969698      1350   366120    0.698318
1482969699      1096   367328    0.700623
1482969700      1359   368687    0.703215
1482969701      1346   370033    0.705782
1482969702      1352   371385    0.708361
1482969704      1211   372688    0.710846
1482969705      1333   374021    0.713388
1482969706      1348   375369    0.71596
1482969707      1352   376721    0.718538
1482969708      1222   378048    0.721069
1482969709      1354   379402    0.723652
1482969710      1211   380613    0.725962
1482969711      1346   381959    0.728529
1482969712      1204   383163    0.730825
1482969713      1355   384518    0.73341
1482969714      1347   385865    0.735979
1482969715      1353   387218    0.73856
1482969716      1204   388422    0.740856
1482969717      1351   389773    0.743433
1482969718      1357   391130    0.746021
1482969719      1347   392477    0.74859
1482969720      1064   393541    0.75062
1482969721      1353   394894    0.753201
1482969722      1345   396239    0.755766
1482969723      1351   397590    0.758343
1482969724      1203   398793    0.760637
1482969725      1352   400145    0.763216
1482969726      1345   401490    0.765781
1482969727      1353   402843    0.768362
1482969728      1207   404106    0.770771
1482969729      1354   405460    0.773354
1482969730      1352   406812    0.775932
1482969731      1099   408023    0.778242
1482969732      1353   409376    0.780823
1482969733      1353   410729    0.783403
1482969734      1313   412042    0.785908
1482969735      1212   413383    0.788465
1482969736      1356   414739    0.791052
1482969737      1354   416093    0.793634
1482969738      1348   417441    0.796206
1482969740      811   418743    0.798689
1482969741      1350   420093    0.801264
1482969742      1208   421301    0.803568
1482969743      1344   422645    0.806131
1482969744      1201   423846    0.808422
1482969745      1340   425186    0.810978
1482969746      1350   426536    0.813553
1482969747      1258   427794    0.815952
1482969747      1180   428974    0.818203
1482969749      1101   430164    0.820473
1482969750      1261   431425    0.822878
1482969751      1189   432614    0.825146
1482969752      1322   433936    0.827667
1482969753      1072   435008    0.829712
1482969754      1125   436225    0.832033
1482969755      1348   437573    0.834604
1482969756      1347   438920    0.837173
1482969757      1349   440269    0.839746
1482969758      1218   441585    0.842257
1482969759      1360   442945    0.844851
1482969760      1344   444289    0.847414
1482969761      1350   445639    0.849989
1482969762      1210   446945    0.85248
1482969763      1217   448162    0.854801
1482969764      1354   449516    0.857384
1482969765      1221   450862    0.859951
1482969766      1356   452218    0.862537
1482969767      1356   453574    0.865124
1482969768      1347   454921    0.867693
1482969769      1216   456222    0.870174
1482969770      1359   457581    0.872766
1482969771      1347   458928    0.875336
1482969772      1353   460281    0.877916
1482969773      1069   461350    0.879955
1482969774      1351   462701    0.882532
1482969775      1347   464048    0.885101
1482969776      1352   465400    0.88768
1482969777      1200   466600    0.889969
1482969778      1347   467947    0.892538
1482969779      1346   469293    0.895105
1482969780      1355   470648    0.89769
1482969781      1195   471931    0.900137
1482969782      1362   473293    0.902735
1482969783      1324   474617    0.90526
1482969784      1088   475705    0.907335
1482969785      1190   476920    0.909653
1482969786      1337   478257    0.912203
1482969787      1354   479611    0.914785
1482969788      1329   480940    0.91732
1482969789      1202   482280    0.919876
1482969790      1357   483637    0.922464
1482969791      1323   484960    0.924988
1482969792      1351   486311    0.927565
1482969793      1212   487640    0.930099
1482969794      1214   488854    0.932415
1482969795      1349   490203    0.934988
1482969796      1341   491544    0.937546
1482969797      1184   492728    0.939804
1482969798      1341   494069    0.942362
1482969799      1325   495394    0.944889
1482969800      1347   496741    0.947458
1482969801      1186   497989    0.949839
1482969802      1337   499326    0.952389
