1483976278      1444   1444    0.00275421
1483976279      1500   2944    0.00561523
1483976280      1499   4443    0.00847435
1483976281      1499   5942    0.0113335
1483976282      1500   7442    0.0141945
1483976283      1455   8897    0.0169697
1483976284      1499   10396    0.0198288
1483976285      1500   11896    0.0226898
1483976286      1499   13395    0.0255489
1483976287      1153   14603    0.027853
1483976288      1218   15821    0.0301762
1483976289      1350   17171    0.0327511
1483976290      1340   18511    0.0353069
1483976291      1328   19839    0.0378399
1483976292      1170   21035    0.0401211
1483976293      1343   22378    0.0426826
1483976294      1346   23724    0.0452499
1483976295      1353   25077    0.0478306
1483976296      1183   26395    0.0503445
1483976297      1234   27629    0.0526981
1483976298      1339   28968    0.0552521
1483976299      1183   30277    0.0577488
1483976300      1339   31616    0.0603027
1483976301      1354   32970    0.0628853
1483976302      1324   34294    0.0654106
1483976303      1211   35637    0.0679722
1483976304      1328   36965    0.0705051
1483976305      1328   38293    0.0730381
1483976306      1312   39605    0.0755405
1483976307      932   40591    0.0774212
1483976308      1360   41951    0.0800152
1483976309      1329   43280    0.08255
1483976310      1353   44633    0.0851307
1483976311      1200   45951    0.0876446
1483976312      1352   47303    0.0902233
1483976313      1332   48635    0.0927639
1483976314      1353   49988    0.0953445
1483976315      1202   51311    0.097868
1483976316      1322   52633    0.100389
1483976317      1350   53983    0.102964
1483976318      1097   55080    0.105057
1483976319      1179   56265    0.107317
1483976320      1349   57614    0.10989
1483976321      1350   58964    0.112465
1483976322      1319   60283    0.114981
1483976323      1317   61600    0.117493
1483976324      1193   62793    0.119768
1483976325      1344   64137    0.122332
1483976326      1340   65477    0.124887
1483976327      1175   66652    0.127129
1483976328      940   67651    0.129034
1483976329      1176   68827    0.131277
1483976330      1178   70005    0.133524
1483976331      1205   71210    0.135822
1483976332      1316   72526    0.138332
1483976333      1349   73875    0.140905
1483976334      1182   75155    0.143347
1483976335      1319   76474    0.145863
1483976336      1350   77824    0.148438
1483976337      1321   79145    0.150957
1483976338      1350   80495    0.153532
1483976339      1066   81561    0.155565
1483976340      1354   82915    0.158148
1483976341      1346   84261    0.160715
1483976342      1171   85469    0.163019
1483976344      817   86541    0.165064
1483976345      1353   87894    0.167645
1483976346      1352   89246    0.170223
1483976347      1345   90591    0.172789
1483976348      1202   91901    0.175287
1483976349      1335   93236    0.177834
1483976350      1353   94589    0.180414
1483976351      1180   95769    0.182665
1483976352      1172   96941    0.1849
1483976353      1340   98281    0.187456
1483976354      1346   99627    0.190023
1483976355      1351   100978    0.1926
1483976356      1170   102215    0.19496
1483976357      1358   103573    0.19755
1483976358      1313   104886    0.200054
1483976359      1351   106237    0.202631
1483976360      1206   107575    0.205183
1483976361      1154   108729    0.207384
1483976362      1322   110051    0.209906
1483976363      1352   111403    0.212484
1483976364      1174   112577    0.214724
1483976365      1315   113892    0.217232
1483976366      1347   115239    0.219801
1483976367      1353   116592    0.222382
1483976368      1187   117889    0.224855
1483976369      1325   119214    0.227383
1483976370      1349   120563    0.229956
1483976371      1081   121771    0.23226
1483976372      1351   123122    0.234837
1483976373      1335   124457    0.237383
1483976374      1345   125802    0.239948
1483976375      1201   127131    0.242483
1483976376      1321   128452    0.245003
1483976377      1349   129801    0.247576
1483976378      1346   131147    0.250143
1483976379      1324   132471    0.252668
1483976380      1201   133672    0.254959
1483976381      1345   135017    0.257524
1483976382      1227   136244    0.259865
1483976383      1191   137445    0.262156
1483976384      1360   138805    0.26475
1483976385      1346   140151    0.267317
1483976386      1350   141501    0.269892
1483976387      1116   142805    0.272379
1483976388      1352   144157    0.274958
1483976389      1350   145507    0.277533
1483976390      1348   146855    0.280104
1483976391      1219   148165    0.282602
1483976392      1233   149398    0.284954
1483976393      1351   150749    0.287531
1483976395      1184   152047    0.290007
1483976396      1250   153297    0.292391
1483976397      1218   154515    0.294714
1483976398      1348   155863    0.297285
1483976399      1352   157215    0.299864
1483976400      1201   158479    0.302275
1483976401      1351   159830    0.304852
1483976402      1344   161174    0.307415
1483976403      1098   162361    0.309679
1483976404      1359   163720    0.312271
1483976405      1346   165066    0.314838
1483976406      1339   166405    0.317392
1483976407      1220   167721    0.319902
1483976408      1356   169077    0.322489
1483976409      1340   170417    0.325045
1483976410      768   171185    0.326509
1483976411      1348   172533    0.329081
1483976412      1342   173875    0.33164
1483976413      1219   175225    0.334215
1483976414      1233   176458    0.336567
1483976415      1351   177809    0.339144
1483976416      1209   179107    0.341619
1483976417      1351   180458    0.344196
1483976418      1353   181811    0.346777
1483976419      1349   183160    0.34935
1483976420      1201   184467    0.351843
1483976421      1353   185820    0.354424
1483976422      1340   187160    0.356979
1483976423      1349   188509    0.359552
1483976424      1069   189578    0.361591
1483976425      1347   190925    0.364161
1483976426      1344   192269    0.366724
1483976427      1352   193621    0.369303
1483976428      1187   194808    0.371567
1483976429      1352   196160    0.374146
1483976430      1345   197505    0.376711
1483976431      1351   198856    0.379288
1483976432      1214   200141    0.381739
1483976433      1356   201497    0.384325
1483976434      1342   202839    0.386885
1483976435      1099   204023    0.389143
1483976436      1356   205379    0.391729
1483976437      1344   206723    0.394293
1483976438      1353   208076    0.396873
1483976439      1208   209383    0.399366
1483976441      819   210455    0.401411
1483976442      1356   211811    0.403997
1483976443      1342   213153    0.406557
1483976444      1348   214501    0.409128
1483976445      1212   215815    0.411634
1483976446      1234   217049    0.413988
1483976447      1348   218397    0.416559
1483976448      1225   219622    0.418896
1483976449      1049   220769    0.421083
1483976450      1336   222105    0.423632
1483976451      1184   223289    0.42589
1483976452      1296   224585    0.428362
1483976453      1352   225937    0.430941
1483976454      1202   227201    0.433352
1483976455      1350   228551    0.435926
1483976456      1350   229901    0.438501
1483976457      1098   231083    0.440756
1483976458      1347   232430    0.443325
1483976459      1348   233778    0.445896
1483976460      1351   235129    0.448473
1483976461      1208   236443    0.450979
1483976462      1360   237803    0.453573
1483976463      1344   239147    0.456137
1483976464      1350   240497    0.458712
1483976465      1207   241803    0.461203
1483976466      1353   243156    0.463783
1483976467      1226   244382    0.466122
1483976468      1209   245685    0.468607
1483976469      1357   247042    0.471195
1483976470      1343   248385    0.473757
1483976471      1346   249731    0.476324
1483976472      1215   251045    0.47883
1483976473      1361   252406    0.481426
1483976474      1352   253758    0.484005
1483976475      1348   255106    0.486576
1483976476      1210   256405    0.489054
1483976477      1235   257640    0.491409
1483976478      1350   258990    0.493984
1483976479      1208   260287    0.496458
1483976480      1349   261636    0.499031
1483976481      1348   262984    0.501602
1483976482      1344   264328    0.504166
1483976483      1214   265647    0.506681
1483976484      1323   266970    0.509205
1483976485      1342   268312    0.511765
1483976486      1352   269664    0.514343
1483976487      1079   270743    0.516401
1483976488      1343   272086    0.518963
1483976489      1352   273438    0.521542
1483976490      1343   274781    0.524103
1483976491      1178   275961    0.526354
1483976492      1355   277316    0.528938
1483976493      1353   278669    0.531519
1483976494      1346   280015    0.534086
1483976495      1213   281321    0.536577
1483976496      1360   282681    0.539171
1483976497      1342   284023    0.541731
1483976499      1097   285203    0.543982
1483976500      1346   286549    0.546549
1483976501      1337   287886    0.549099
1483976502      1342   289228    0.551659
1483976503      1319   290547    0.554174
1483976504      1169   291716    0.556404
1483976505      1352   293068    0.558983
1483976506      1347   294415    0.561552
1483976507      1342   295757    0.564112
1483976508      1230   296987    0.566458
1483976509      1017   298004    0.568398
1483976510      1170   299174    0.570629
1483976511      1277   300451    0.573065
1483976512      1195   301646    0.575344
1483976513      1249   302895    0.577726
1483976514      1035   304093    0.580011
1483976515      1242   305335    0.58238
1483976516      1173   306508    0.584618
1483976517      1343   307851    0.587179
1483976518      1333   309184    0.589722
1483976519      1191   310525    0.592279
1483976520      1150   311675    0.594473
1483976521      1353   313028    0.597054
1483976522      1350   314378    0.599628
1483976523      1180   315558    0.601879
1483976524      1334   316892    0.604424
1483976525      1345   318237    0.606989
1483976526      1340   319577    0.609545
1483976527      1196   320839    0.611952
1483976528      1352   322191    0.614531
1483976529      1337   323528    0.617081
1483976530      1087   324721    0.619356
1483976531      1355   326076    0.621941
1483976532      1339   327415    0.624495
1483976533      938   328353    0.626284
1483976534      1340   329693    0.628839
1483976535      1349   331042    0.631413
1483976536      1177   332225    0.633669
1483976537      1349   333574    0.636242
1483976538      1344   334918    0.638805
1483976539      1342   336260    0.641365
1483976540      1203   337585    0.643892
1483976541      1230   338815    0.646238
1483976542      1342   340157    0.648798
1483976543      1204   341467    0.651297
1483976544      1327   342794    0.653828
1483976545      1348   344142    0.656399
1483976546      1340   345482    0.658955
1483976547      1343   346825    0.661516
1483976548      1174   347999    0.663755
1483976549      1335   349334    0.666302
1483976550      1341   350675    0.668859
1483976551      1078   351781    0.670969
1483976552      1357   353138    0.673557
1483976553      1316   354454    0.676067
1483976554      1340   355794    0.678623
1483976555      1328   357122    0.681156
1483976556      1156   358278    0.683361
1483976557      1348   359626    0.685932
1483976558      1309   360935    0.688429
1483976559      1347   362282    0.690998
1483976560      1194   363573    0.69346
1483976561      1354   364927    0.696043
1483976562      1225   366152    0.69838
1483976563      1201   367455    0.700865
1483976564      1349   368804    0.703438
1483976565      1159   369963    0.705648
1483976566      1223   371186    0.707981
1483976567      1348   372534    0.710552
1483976568      1300   373834    0.713032
1483976569      1040   374959    0.715178
1483976570      1181   376140    0.71743
1483976571      1346   377486    0.719997
1483976572      1343   378829    0.722559
1483976573      1018   379847    0.724501
1483976574      1194   381041    0.726778
1483976575      1325   382366    0.729305
1483976576      1339   383705    0.731859
1483976577      1349   385054    0.734432
1483976578      1190   386345    0.736895
1483976579      1343   387688    0.739456
1483976580      1346   389034    0.742023
1483976581      1315   390349    0.744532
1483976582      1344   391693    0.747095
1483976583      1061   392754    0.749119
1483976584      1321   394075    0.751638
1483976585      1349   395424    0.754211
1483976587      1181   396659    0.756567
1483976588      1334   397993    0.759111
1483976589      1335   399328    0.761658
1483976590      1346   400674    0.764225
1483976591      1315   401989    0.766733
1483976592      1157   403146    0.76894
1483976593      1348   404494    0.771511
1483976594      1293   405787    0.773977
1483976595      1085   406973    0.776239
1483976596      1349   408322    0.778812
1483976597      1312   409634    0.781315
1483976598      1348   410982    0.783886
1483976599      1330   412312    0.786423
1483976600      1176   413488    0.788666
1483976601      1340   414828    0.791222
1483976602      1347   416175    0.793791
1483976603      1315   417490    0.796299
1483976604      1198   418765    0.798731
1483976605      1207   419972    0.801033
1483976606      1328   421300    0.803566
1483976607      1195   422647    0.806135
1483976608      1350   423997    0.80871
1483976609      1307   425304    0.811203
1483976610      1344   426648    0.813766
1483976611      1325   427973    0.816294
1483976612      1167   429140    0.81852
1483976613      1343   430483    0.821081
1483976614      1346   431829    0.823648
1483976615      1028   432961    0.825808
1483976616      1355   434316    0.828392
1483976617      1340   435656    0.830948
1483976618      1334   436990    0.833492
1483976619      1202   438321    0.836031
1483976620      1347   439668    0.8386
1483976621      1331   440999    0.841139
1483976622      1340   442339    0.843695
1483976623      1339   443678    0.846249
1483976624      1180   444858    0.848499
1483976625      1209   446067    0.850805
1483976626      1200   447267    0.853094
1483976627      1313   448580    0.855598
1483976628      1192   449772    0.857872
1483976629      1340   451112    0.860428
1483976630      1341   452453    0.862986
1483976631      1342   453795    0.865545
1483976632      1182   455067    0.867971
1483976633      1351   456418    0.870548
1483976634      1338   457756    0.8731
1483976635      1332   459088    0.875641
1483976636      865   460021    0.87742
1483976637      1354   461375    0.880003
1483976638      1337   462712    0.882553
1483976639      1320   464032    0.885071
1483976640      1199   465381    0.887644
1483976641      1355   466736    0.890228
1483976642      1314   468050    0.892735
1483976643      1345   469395    0.8953
1483976644      1189   470741    0.897867
1483976645      1354   472095    0.90045
1483976646      1309   473404    0.902946
1483976647      1097   474623    0.905272
1483976648      1352   475975    0.90785
1483976649      1351   477326    0.910427
1483976650      1320   478646    0.912945
1483976652      1214   479983    0.915495
1483976653      1351   481334    0.918072
1483976654      1348   482682    0.920643
1483976655      1336   484018    0.923191
1483976656      1210   485343    0.925718
1483976657      1356   486699    0.928305
1483976658      1225   487924    0.930641
1483976659      1210   489225    0.933123
1483976660      1357   490582    0.935711
1483976661      1342   491924    0.938271
1483976662      1346   493270    0.940838
1483976663      1212   494585    0.943346
1483976664      1359   495944    0.945938
1483976665      1348   497292    0.948509
1483976666      1342   498634    0.951069
1483976667      1207   499945    0.953569
