1500371650      69   70    0
1500371651      73   143    0
1500371652      70   213    0
1500371653      71   284    0
1500371654      67   352    0
1500371655      66   419    0
1500371656      72   492    0
1500371657      75   568    0
1500371658      69   638    0
1500371659      69   707    0
1500371660      68   775    0
1500371661      69   844    0
1500371662      70   914    0
1500371663      69   983    0
1500371664      66   1050    0
1500371665      68   1118    0
1500371666      68   1186    0
1500371667      69   1255    0
1500371668      68   1323    0
1500371669      70   1393    0
1500371670      68   1462    0
1500371671      69   1532    0
1500371672      69   1601    0
1500371673      73   1674    0
1500371674      68   1742    0
1500371675      72   1814    0
1500371676      68   1882    0
