1500039246      998   998    0.0085659
1500039247      1000   1998    0.017149
1500039248      999   2997    0.0257235
1500039249      1000   3997    0.0343065
1500039250      999   4996    0.042881
1500039251      1000   5996    0.0514641
1500039252      921   6917    0.0593691
1500039253      801   7718    0.0662441
1500039254      821   8539    0.0732908
1500039255      800   9390    0.080595
1500039256      1006   10396    0.0892296
1500039257      792   11188    0.0960274
1500039258      819   12007    0.103057
1500039259      475   12641    0.108499
1500039260      1007   13648    0.117142
1500039261      823   14471    0.124206
1500039262      819   15290    0.131235
1500039263      793   16083    0.138041
1500039264      817   16900    0.145054
1500039265      821   17756    0.152401
1500039266      1007   18763    0.161044
1500039267      462   19225    0.165009
1500039268      796   20021    0.171842
1500039269      841   21007    0.180305
1500039270      1007   22014    0.188948
1500039271      823   22837    0.196012
1500039272      824   23661    0.203084
1500039273      789   24450    0.209856
1500039274      824   25274    0.216928
1500039275      698   25972    0.222919
1500039276      796   26768    0.229752
1500039277      759   27527    0.236266
1500039278      818   28350    0.24333
1500039279      1006   29356    0.251965
1500039280      821   30177    0.259011
1500039281      761   30938    0.265543
1500039282      562   31601    0.271234
1500039283      1007   32608    0.279877
1500039284      794   33402    0.286692
1500039285      816   34218    0.293695
1500039286      824   35042    0.300768
1500039287      783   35825    0.307488
1500039288      829   36716    0.315136
1500039289      1006   37722    0.323771
1500039290      477   38199    0.327865
1500039291      823   39022    0.334929
1500039293      836   39967    0.34304
1500039294      1007   40974    0.351683
1500039295      821   41795    0.358729
1500039296      820   42615    0.365767
1500039297      821   43436    0.372814
1500039298      623   44241    0.379724
1500039299      1007   45248    0.388367
1500039300      794   46042    0.395182
1500039301      796   46838    0.402014
1500039302      714   47552    0.408142
1500039303      815   48367    0.415137
1500039304      841   49356    0.423626
1500039305      1006   50362    0.432261
1500039306      562   50924    0.437084
1500039307      823   51747    0.444148
1500039308      804   52607    0.45153
1500039309      1006   53613    0.460164
1500039310      818   54431    0.467185
1500039311      822   55253    0.47424
1500039312      814   56067    0.481227
1500039313      625   56881    0.488214
1500039314      1007   57888    0.496857
1500039315      817   58705    0.503869
1500039316      783   59488    0.51059
1500039317      812   60300    0.517559
1500039318      811   61111    0.52452
1500039319      821   61996    0.532116
1500039320      1006   63002    0.540751
1500039321      505   63507    0.545085
1500039322      790   64297    0.551866
1500039324      838   65247    0.560019
1500039325      1007   66254    0.568663
1500039326      790   67044    0.575443
1500039327      786   67830    0.58219
1500039328      812   68642    0.589159
1500039329      813   69455    0.596137
1500039330      693   70148    0.602085
1500039331      776   70924    0.608746
1500039332      817   71741    0.615758
1500039333      818   72590    0.623045
1500039334      1006   73596    0.63168
1500039335      822   74418    0.638735
1500039336      796   75214    0.645567
1500039337      691   75905    0.651498
1500039338      803   76864    0.659729
1500039339      1006   77870    0.668364
1500039340      822   78692    0.675419
1500039341      822   79514    0.682474
1500039342      817   80331    0.689487
1500039343      820   81151    0.696525
1500039344      757   81979    0.703631
1500039345      695   82674    0.709597
1500039346      819   83493    0.716626
1500039347      810   84303    0.723578
1500039348      809   85230    0.731535
1500039349      1007   86237    0.740178
1500039350      823   87060    0.747242
1500039351      819   87879    0.754272
1500039352      551   88481    0.759439
1500039353      1007   89488    0.768082
1500039354      794   90282    0.774897
1500039355      624   90906    0.780252
1500039356      821   91727    0.787299
1500039357      818   92573    0.79456
1500039358      1007   93580    0.803204
1500039359      815   94395    0.810199
1500039360      485   94880    0.814362
1500039361      815   95824    0.822464
1500039362      1007   96831    0.831107
1500039363      750   97581    0.837544
1500039364      825   98406    0.844625
1500039365      819   99225    0.851655
1500039366      785   100010    0.858393
1500039367      812   100939    0.866366
1500039368      861   101800    0.873756
1500039369      814   102614    0.880743
1500039370      818   103432    0.887764
1500039371      792   104224    0.894562
1500039373      815   105213    0.90305
1500039374      1006   106219    0.911685
1500039375      821   107040    0.918732
1500039376      491   107531    0.922946
1500039377      829   108464    0.930954
1500039378      1006   109470    0.939589
1500039379      822   110292    0.946644
1500039380      823   111115    0.953708
1500039381      824   111939    0.96078
1500039382      784   112723    0.967509
1500039383      816   113579    0.974856
1500039384      685   114264    0.980736
1500039385      816   115080    0.98774
1500039386      797   115877    0.99458
1500039387      834   116830    1.00276
1500039388      1006   117836    1.01139
1500039389      795   118631    1.01822
1500039390      823   119454    1.02528
1500039391      563   120081    1.03066
1500039392      1006   121087    1.0393
1500039393      791   121878    1.04609
1500039394      793   122671    1.05289
1500039395      822   123493    1.05995
1500039396      800   124293    1.06682
1500039397      794   125196    1.07457
1500039398      1007   126203    1.08321
1500039399      657   126860    1.08885
1500039400      823   127683    1.09591
1500039401      821   128504    1.10296
1500039402      816   129470    1.11125
1500039403      1007   130477    1.11989
1500039404      792   131269    1.12669
1500039405      820   132089    1.13373
1500039407      552   132721    1.13915
1500039408      1007   133728    1.1478
1500039409      823   134551    1.15486
1500039410      822   135373    1.16192
1500039411      824   136197    1.16899
1500039412      820   137017    1.17603
1500039413      787   137836    1.18306
1500039414      1006   138842    1.19169
1500039415      510   139352    1.19607
1500039416      823   140175    1.20313
1500039417      810   141087    1.21096
1500039418      1006   142093    1.21959
1500039419      817   142910    1.22661
1500039420      802   143712    1.23349
1500039421      822   144534    1.24055
1500039422      790   145324    1.24733
1500039423      695   146019    1.25329
1500039424      793   146812    1.2601
1500039425      821   147633    1.26714
1500039426      816   148449    1.27415
1500039427      999   149448    1.28272
1500039428      822   150270    1.28978
1500039429      818   151088    1.2968
1500039430      624   151712    1.30215
1500039431      841   152704    1.31067
1500039432      1006   153710    1.3193
1500039433      788   154498    1.32607
1500039434      818   155316    1.33309
1500039435      823   156139    1.34015
1500039436      822   156961    1.34721
1500039437      821   157819    1.35457
1500039438      701   158520    1.36059
1500039439      784   159304    1.36732
1500039440      820   160124    1.37436
1500039441      833   161070    1.38247
1500039442      1007   162077    1.39112
1500039443      819   162896    1.39815
1500039444      819   163715    1.40518
1500039445      521   164321    1.41038
1500039446      1007   165328    1.41902
1500039447      821   166149    1.42607
1500039448      789   166938    1.43284
1500039449      762   167700    1.43938
1500039450      817   168517    1.44639
1500039451      834   169436    1.45428
1500039452      1007   170443    1.46292
1500039453      503   170946    1.46724
1500039454      790   171736    1.47402
1500039455      817   172687    1.48218
1500039456      1007   173694    1.49083
1500039457      816   174510    1.49783
1500039458      818   175328    1.50485
1500039459      823   176151    1.51192
1500039461      686   176961    1.51887
1500039462      1007   177968    1.52751
1500039463      809   178777    1.53446
1500039464      819   179596    1.54148
1500039465      821   180417    1.54853
1500039466      709   181126    1.55462
1500039467      836   182076    1.56277
1500039468      1007   183083    1.57141
1500039469      387   183470    1.57474
1500039470      791   184304    1.58189
1500039471      1007   185311    1.59054
1500039472      816   186127    1.59754
1500039473      818   186945    1.60456
1500039474      818   187763    1.61158
1500039475      816   188579    1.61859
1500039476      789   189419    1.6258
1500039477      693   190112    1.63174
1500039478      768   190880    1.63834
1500039479      814   191694    1.64532
1500039480      841   192670    1.6537
1500039481      1006   193676    1.66233
1500039482      821   194497    1.66938
1500039483      821   195318    1.67643
1500039484      526   195921    1.6816
1500039485      1006   196927    1.69024
1500039486      795   197722    1.69706
1500039487      795   198517    1.70389
1500039488      824   199341    1.71096
1500039489      793   200134    1.71776
1500039490      826   201036    1.72551
1500039491      1007   202043    1.73415
1500039492      636   202679    1.73961
1500039493      823   203502    1.74667
1500039494      819   204321    1.7537
1500039495      841   205310    1.76219
1500039496      1006   206316    1.77082
1500039497      820   207136    1.77786
1500039498      818   207954    1.78488
1500039500      538   208561    1.79009
1500039501      1006   209567    1.79873
1500039502      788   210355    1.80549
1500039503      820   211175    1.81253
1500039504      779   211954    1.81922
1500039505      787   212741    1.82597
1500039506      830   213676    1.834
1500039507      1006   214682    1.84263
1500039508      480   215162    1.84675
1500039509      816   215978    1.85375
1500039510      828   216927    1.8619
1500039511      1007   217934    1.87054
1500039512      796   218730    1.87737
1500039513      819   219549    1.8844
1500039514      771   220320    1.89102
1500039515      822   221142    1.89808
1500039516      674   221816    1.90386
1500039517      791   222607    1.91065
1500039518      746   223353    1.91705
1500039519      811   224270    1.92492
1500039520      1006   225276    1.93356
1500039521      786   226062    1.94031
1500039522      807   226869    1.94723
1500039523      628   227521    1.95283
1500039524      1007   228528    1.96147
1500039525      823   229351    1.96854
1500039526      784   230135    1.97526
1500039527      680   230815    1.9811
1500039528      805   231620    1.98801
1500039529      1001   232621    1.9966
1500039530      794   233415    2.00342
1500039531      572   233987    2.00833
1500039532      824   234864    2.01585
1500039533      1007   235871    2.0245
1500039534      816   236687    2.0315
1500039535      822   237509    2.03856
1500039536      816   238325    2.04556
1500039537      823   239148    2.05262
1500039538      779   239979    2.05976
1500039539      698   240677    2.06575
1500039540      796   241473    2.07258
1500039541      820   242293    2.07962
1500039542      833   243230    2.08766
1500039543      1006   244236    2.09629
1500039544      815   245051    2.10329
1500039545      818   245869    2.11031
1500039546      534   246481    2.11556
1500039547      1006   247487    2.1242
1500039548      803   248290    2.13109
1500039549      822   249112    2.13815
1500039550      808   249920    2.14508
