1484826562      1454   1454    0.0110931
1484826563      1455   2911    0.0222092
1484826564      1447   4358    0.0332489
1484826565      1411   5769    0.044014
1484826566      900   6701    0.0511246
1484826567      1197   7898    0.060257
1484826568      920   8846    0.0674896
1484826569      1209   10055    0.0767136
1484826570      988   11043    0.0842514
1484826571      906   11971    0.0913315
1484826572      1210   13181    0.100563
1484826573      915   14116    0.107697
1484826574      1210   15326    0.116928
1484826575      986   16312    0.124451
1484826576      901   17241    0.131538
1484826577      1211   18452    0.140778
1484826578      810   19386    0.147903
1484826579      984   20370    0.155411
1484826580      929   21299    0.162498
1484826581      1208   22507    0.171715
1484826582      714   23226    0.1772
1484826583      1199   24425    0.186348
1484826584      804   25371    0.193565
1484826586      750   26351    0.201042
1484826587      1199   27550    0.21019
1484826588      817   28496    0.217407
1484826589      985   29481    0.224922
1484826590      899   30641    0.233772
1484826591      893   31621    0.241249
1484826592      985   32606    0.248764
1484826593      923   33766    0.257614
1484826594      1136   34902    0.266281
1484826596      842   35911    0.273979
1484826597      936   36891    0.281456
1484826598      1199   38090    0.290604
1484826599      819   39036    0.297821
1484826600      1200   40236    0.306976
1484826601      794   41181    0.314186
1484826602      754   42161    0.321663
1484826603      1212   43373    0.33091
1484826604      799   44306    0.338028
1484826605      987   45293    0.345558
1484826607      869   46451    0.354393
1484826608      979   47431    0.36187
1484826609      1160   48591    0.37072
1484826610      857   49576    0.378235
1484826611      987   50563    0.385765
1484826612      873   51721    0.3946
1484826613      982   52703    0.402092
1484826614      1034   53737    0.409981
1484826616      858   54846    0.418442
1484826617      1204   56050    0.427628
1484826618      796   56991    0.434807
1484826619      716   57971    0.442284
1484826620      1215   59186    0.451553
1484826621      780   60116    0.458649
1484826622      1063   61179    0.466759
1484826624      911   62261    0.475014
1484826625      874   63241    0.482491
1484826626      1195   64436    0.491608
1484826627      833   65386    0.498856
1484826628      1048   66434    0.506851
1484826629      966   67531    0.515221
1484826630      969   68500    0.522614
1484826631      841   69341    0.52903
1484826632      1080   70421    0.53727
1484826633      827   71371    0.544518
1484826634      1201   72572    0.55368
1484826635      827   73516    0.560883
1484826636      913   74496    0.568359
1484826637      1081   75577    0.576607
1484826638      929   76641    0.584724
1484826639      1196   77837    0.593849
1484826641      803   78786    0.601089
1484826642      845   79766    0.608566
1484826643      1194   80960    0.617676
1484826644      831   81911    0.624931
1484826645      1197   83108    0.634064
1484826646      827   84056    0.641296
1484826647      934   85036    0.648773
1484826648      1113   86149    0.657265
1484826649      895   87181    0.665138
1484826650      978   88159    0.6726
1484826651      986   89326    0.681503
1484826652      946   90306    0.68898
1484826653      1207   91513    0.698189
1484826655      825   92451    0.705345
1484826656      1027   93478    0.713181
1484826657      864   94596    0.72171
1484826658      909   95576    0.729187
1484826659      1120   96696    0.737732
1484826660      937   97721    0.745552
1484826661      1066   98787    0.753685
1484826662      840   99866    0.761917
1484826663      894   100846    0.769394
1484826664      1194   102040    0.778503
1484826666      828   102991    0.785759
1484826667      1207   104198    0.794968
1484826668      793   105136    0.802124
1484826669      970   106116    0.809601
1484826670      1064   107180    0.817719
1484826671      879   108261    0.825966
1484826672      1203   109465    0.835152
1484826673      795   110406    0.842331
1484826674      914   111386    0.849808
1484826675      1160   112546    0.858658
1484826676      843   113531    0.866173
1484826677      977   114508    0.873627
1484826679      881   115676    0.882538
1484826680      908   116656    0.890015
1484826681      1090   117746    0.898331
1484826682      845   118801    0.90638
1484826683      1203   120004    0.915558
1484826684      796   120946    0.922745
1484826685      965   121926    0.930222
1484826686      1204   123130    0.939407
1484826687      826   124071    0.946587
1484826688      1052   125123    0.954613
1484826690      849   126216    0.962952
1484826691      911   127196    0.970428
1484826692      1053   128249    0.978462
1484826693      850   129341    0.986794
1484826694      1213   130554    0.996048
1484826695      788   131486    1.00316
1484826696      955   132466    1.01064
1484826697      1214   133680    1.0199
1484826698      816   134611    1.027
1484826699      996   135607    1.0346
1484826701      976   136756    1.04337
1484826702      866   137622    1.04997
1484826703      750   138451    1.0563
1484826704      1203   139654    1.06548
1484826705      830   140596    1.07266
1484826706      1209   141805    1.08189
1484826707      820   142625    1.08814
1484826708      994   143619    1.09573
1484826709      910   144529    1.10267
1484826710      980   145509    1.11015
1484826711      922   146581    1.11832
1484826712      921   147561    1.1258
1484826713      1005   148566    1.13347
1484826714      983   149706    1.14217
1484826715      1046   150752    1.15015
1484826716      885   151851    1.15853
1484826717      928   152831    1.16601
1484826718      1203   154034    1.17519
1484826720      820   154976    1.18237
1484826721      1213   156189    1.19163
1484826722      819   157121    1.19874
1484826723      883   158101    1.20621
1484826724      1211   159312    1.21545
1484826725      820   160246    1.22258
1484826726      1211   161457    1.23182
1484826727      825   162391    1.23895
1484826728      975   163366    1.24638
1484826729      748   164114    1.25209
1484826730      981   165095    1.25957
1484826731      862   166231    1.26824
1484826732      1213   167444    1.2775
1484826734      842   168376    1.28461
1484826735      850   169356    1.29208
1484826736      1211   170567    1.30132
1484826737      846   171501    1.30845
1484826738      1204   172705    1.31763
1484826739      854   173646    1.32481
1484826740      845   174626    1.33229
1484826741      1212   175838    1.34154
1484826742      815   176771    1.34866
1484826743      1209   177980    1.35788
1484826744      844   178916    1.36502
1484826745      916   179832    1.37201
1484826746      724   180611    1.37795
1484826747      1203   181814    1.38713
1484826749      800   182756    1.39432
1484826750      1080   183836    1.40256
1484826751      976   184812    1.41
1484826752      977   185789    1.41746
1484826753      729   186596    1.42361
1484826754      1198   187794    1.43275
1484826755      795   188741    1.43998
1484826756      727   189721    1.44746
1484826757      1210   190931    1.45669
1484826758      840   191866    1.46382
1484826759      977   192843    1.47128
1484826761      893   194011    1.48019
1484826762      985   194996    1.4877
1484826763      965   195961    1.49506
1484826764      992   197136    1.50403
1484826765      1084   198220    1.5123
1484826766      887   199281    1.52039
1484826767      790   200261    1.52787
1484826768      1193   201454    1.53697
1484826769      845   202406    1.54424
1484826770      1214   203621    1.5535
1484826772      835   204551    1.5606
1484826773      899   205531    1.56808
1484826774      969   206500    1.57547
1484826775      986   207676    1.58444
1484826776      1200   208876    1.5936
1484826777      916   209821    1.60081
1484826778      971   210801    1.60828
1484826779      1189   211990    1.61736
1484826780      911   212946    1.62465
1484826781      662   213661    1.6301
1484826782      1211   214872    1.63934
1484826783      909   215806    1.64647
1484826784      981   216787    1.65395
1484826785      1212   217999    1.6632
1484826786      910   218931    1.67031
1484826787      1206   220137    1.67951
1484826788      916   221076    1.68668
1484826789      986   222062    1.6942
1484826790      1205   223267    1.70339
1484826791      910   224201    1.71052
1484826792      1207   225408    1.71973
1484826793      915   226346    1.72688
1484826794      980   227326    1.73436
1484826795      1213   228539    1.74361
1484826796      915   229471    1.75072
1484826797      1202   230673    1.7599
1484826798      916   231616    1.76709
1484826799      988   232604    1.77463
1484826800      1212   233816    1.78387
1484826801      908   234741    1.79093
1484826802      1205   235946    1.80013
1484826803      918   236886    1.8073
1484826804      991   237877    1.81486
1484826805      1210   239087    1.82409
1484826806      910   240011    1.83114
1484826807      1213   241224    1.84039
1484826808      909   242156    1.8475
1484826809      974   243136    1.85498
1484826810      1187   244323    1.86404
1484826811      849   245281    1.87135
1484826812      1215   246496    1.88062
1484826813      911   247426    1.88771
1484826814      978   248406    1.89519
1484826815      1215   249621    1.90446
1484826816      912   250551    1.91155
1484826817      1205   251756    1.92075
1484826818      912   252696    1.92792
1484826819      985   253681    1.93543
1484826820      1197   254878    1.94456
1484826821      915   255821    1.95176
1484826822      1202   257023    1.96093
1484826823      915   257966    1.96812
1484826824      985   258951    1.97564
1484826825      1200   260151    1.98479
1484826827      913   261091    1.99197
1484826828      1213   262304    2.00122
1484826829      897   263236    2.00833
1484826830      988   264224    2.01587
1484826831      1199   265423    2.02502
1484826832      919   266361    2.03217
1484826833      1207   267568    2.04138
1484826834      917   268506    2.04854
1484826835      977   269486    2.05602
1484826836      1211   270697    2.06525
1484826837      911   271631    2.07238
1484826838      1201   272832    2.08154
1484826839      917   273776    2.08875
1484826840      976   274756    2.09622
1484826841      1202   275958    2.10539
1484826842      911   276901    2.11259
1484826843      600   277616    2.11804
1484826844      1211   278827    2.12728
1484826845      973   279800    2.1347
1484826846      919   280741    2.14188
1484826847      1205   281946    2.15108
1484826848      910   282886    2.15825
1484826849      1202   284088    2.16742
1484826850      980   285068    2.1749
1484826851      915   286011    2.18209
1484826852      1203   287214    2.19127
1484826853      919   288156    2.19846
1484826854      1210   289366    2.20769
1484826855      983   290349    2.21519
1484826856      889   291281    2.2223
1484826857      1202   292483    2.23147
1484826858      913   293426    2.23866
1484826859      1207   294633    2.24787
1484826860      982   295615    2.25536
1484826861      910   296551    2.2625
1484826862      1133   297684    2.27115
1484826863      942   298696    2.27887
1484826864      1213   299909    2.28812
1484826865      981   300890    2.29561
1484826866      902   301821    2.30271
1484826867      1213   303034    2.31197
1484826868      910   303966    2.31908
1484826869      1202   305168    2.32825
1484826870      987   306155    2.33578
1484826871      917   307091    2.34292
1484826872      1206   308297    2.35212
1484826873      818   309236    2.35928
1484826874      1206   310442    2.36848
1484826875      715   311157    2.37394
1484826876      1200   312357    2.38309
1484826877      714   313076    2.38858
1484826878      1199   314275    2.39773
1484826880      822   315221    2.40495
1484826881      970   316191    2.41235
1484826882      875   317066    2.41902
1484826883      1012   318078    2.42674
1484826884      811   319061    2.43424
1484826885      1210   320271    2.44347
1484826886      795   321206    2.45061
1484826887      850   322186    2.45808
1484826888      1211   323397    2.46732
1484826889      899   324331    2.47445
1484826890      1038   325369    2.48237
1484826891      860   326476    2.49081
1484826892      935   327456    2.49829
1484826893      1087   328543    2.50658
1484826895      840   329601    2.51466
1484826896      1207   330809    2.52387
1484826897      795   331746    2.53102
1484826898      948   332726    2.5385
1484826899      1071   333797    2.54667
1484826900      844   334871    2.55486
1484826901      1208   336079    2.56408
1484826902      795   337016    2.57123
1484826904      871   337996    2.5787
1484826904      1198   339194    2.58784
1484826906      794   340141    2.59507
1484826907      960   341101    2.60239
1484826908      992   342286    2.61143
1484826909      819   343266    2.61891
1484826910      1202   344468    2.62808
1484826911      812   345411    2.63528
1484826912      1201   346612    2.64444
1484826913      789   347556    2.65164
1484826914      963   348536    2.65912
1484826915      1215   349751    2.66839
1484826917      808   350681    2.67548
1484826918      994   351675    2.68307
1484826919      868   352826    2.69185
1484826920      858   353806    2.69933
1484826921      1209   355015    2.70855
1484826922      798   355951    2.71569
1484826923      1027   356978    2.72353
1484826924      972   358096    2.73206
1484826926      877   359076    2.73953
1484826927      1024   360100    2.74734
1484826928      972   361221    2.7559
1484826929      1049   362270    2.7639
1484826930      884   363366    2.77226
1484826931      875   364346    2.77974
1484826932      1215   365561    2.78901
1484826933      823   366491    2.7961
1484826934      1215   367706    2.80537
1484826935      812   368636    2.81247
1484826936      944   369616    2.81995
1484826937      1137   370753    2.82862
1484826938      888   371761    2.83631
1484826939      1029   372790    2.84416
1484826941      871   373906    2.85268
1484826942      945   374886    2.86015
1484826943      1092   375978    2.86848
1484826944      870   377031    2.87652
1484826945      1201   378232    2.88568
1484826946      799   379176    2.89288
1484826947      927   380156    2.90036
1484826948      1210   381366    2.90959
1484826949      823   382301    2.91673
1484826950      1035   383336    2.92462
1484826952      871   384446    2.93309
1484826953      900   385426    2.94057
1484826954      1183   386609    2.94959
1484826955      834   387571    2.95693
1484826956      1212   388783    2.96618
1484826957      790   389716    2.9733
1484826958      943   390696    2.98077
1484826959      1213   391909    2.99003
1484826960      822   392841    2.99714
1484826961      1217   394058    3.00642
1484826962      784   394986    3.0135
1484826963      957   395966    3.02098
1484826964      1210   397176    3.03021
1484826966      827   398111    3.03735
1484826967      1035   399146    3.04524
1484826968      855   400256    3.05371
1484826969      910   401236    3.06119
1484826970      1121   402357    3.06974
1484826971      799   403381    3.07755
1484826972      956   404337    3.08485
1484826974      884   405526    3.09392
1484826975      900   406506    3.10139
1484826976      1104   407610    3.10982
1484826977      838   408651    3.11776
1484826978      1204   409855    3.12695
1484826979      794   410796    3.13412
1484826980      981   411777    3.14161
1484826981      1211   412989    3.15086
1484826982      817   413921    3.15797
1484826983      1008   414929    3.16566
1484826985      869   416066    3.17433
1484826986      901   417046    3.18181
1484826987      1180   418226    3.19081
1484826988      832   419191    3.19817
1484826989      1199   420390    3.20732
1484826990      831   421336    3.21454
1484826991      935   422316    3.22202
1484826992      1114   423430    3.23051
1484826993      841   424461    3.23838
1484826994      1210   425671    3.24761
1484826995      809   426606    3.25475
1484826996      945   427586    3.26222
1484826997      1134   428720    3.27087
1484826999      889   429731    3.27859
1484827000      1037   430768    3.2865
1484827001      887   431876    3.29495
1484827002      915   432856    3.30243
1484827003      1153   434009    3.31123
1484827004      844   435001    3.31879
1484827005      1213   436214    3.32805
1484827006      809   437146    3.33516
1484827007      874   438126    3.34264
1484827008      1106   439232    3.35107
1484827009      915   440271    3.359
1484827010      1043   441314    3.36696
1484827012      858   442416    3.37537
1484827013      945   443396    3.38284
1484827014      1051   444447    3.39086
1484827015      880   445541    3.39921
1484827016      1211   446752    3.40845
1484827017      796   447686    3.41557
1484827018      967   448666    3.42305
1484827019      1203   449869    3.43223
1484827020      826   450811    3.43941
1484827021      1094   451905    3.44776
1484827022      891   452956    3.45578
1484827024      850   453936    3.46326
1484827025      1212   455148    3.4725
1484827026      805   456081    3.47962
1484827027      1163   457244    3.48849
1484827028      887   458226    3.49599
1484827029      843   459206    3.50346
1484827030      985   460191    3.51098
1484827031      953   461351    3.51983
1484827032      810   462161    3.52601
1484827033      977   463138    3.53346
1484827034      943   464081    3.54066
1484827035      959   465040    3.54797
1484827036      812   465906    3.55458
1484827037      1206   467112    3.56378
1484827038      842   468051    3.57095
1484827040      900   469031    3.57842
1484827041      968   469999    3.58581
1484827042      938   471176    3.59479
1484827043      1167   472343    3.60369
1484827044      857   473321    3.61115
1484827045      824   474301    3.61863
1484827046      1207   475508    3.62784
1484827047      796   476446    3.63499
1484827048      1058   477504    3.64307
1484827049      957   478591    3.65136
1484827051      906   479571    3.65884
1484827052      975   480546    3.66628
1484827053      904   481716    3.6752
1484827054      1211   482927    3.68444
1484827055      844   483861    3.69157
1484827056      801   484841    3.69904
1484827057      1207   486048    3.70825
1484827058      795   486986    3.71541
1484827059      985   487971    3.72292
1484827061      872   489131    3.73177
1484827062      977   490111    3.73925
1484827063      1014   491125    3.74699
1484827064      914   492256    3.75562
1484827065      976   493232    3.76306
1484827066      987   494401    3.77198
1484827067      982   495383    3.77947
1484827068      1206   496589    3.78867
1484827069      917   497526    3.79582
1484827070      1203   498729    3.805
1484827071      914   499671    3.81219
