1499966078      62   62    0.000413895
1499966079      59   122    0.000814438
1499966080      59   182    0.00121498
1499966081      58   241    0.00160885
1499966082      57   299    0.00199604
1499966083      60   360    0.00240326
1499966084      61   421    0.00281048
1499966085      60   482    0.0032177
1499966086      58   541    0.00361156
1499966087      59   601    0.00401211
1499966088      59   661    0.00441265
1499966089      56   718    0.00479317
1499966090      55   774    0.00516701
1499966091      57   832    0.0055542
1499966092      57   889    0.00593472
1499966093      60   949    0.00633526
1499966094      47   996    0.00664902
1499966095      17   1013    0.0067625
1499966096      6   1019    0.00680256
1499966097      8   1027    0.00685596
1499966098      8   1035    0.00690937
1499966099      6   1041    0.00694942
1499966100      6   1047    0.00698948
1499966101      7   1054    0.00703621
1499966102      6   1060    0.00707626
1499966103      4   1064    0.00710297
1499966104      5   1069    0.00713634
1499966105      16   1085    0.00724316
1499966106      19   1104    0.00737
1499966107      25   1129    0.00753689
1499966108      16   1145    0.0076437
1499966109      24   1169    0.00780392
1499966110      24   1193    0.00796413
1499966111      24   1217    0.00812435
1499966112      15   1232    0.00822449
1499966113      5   1237    0.00825787
1499966114      5   1242    0.00829124
1499966115      7   1249    0.00833797
1499966116      6   1255    0.00837803
1499966117      6   1261    0.00841808
1499966118      6   1267    0.00845814
1499966119      4   1271    0.00848484
1499966120      7   1278    0.00853157
1499966121      8   1286    0.00858498
1499966122      6   1292    0.00862503
1499966123      5   1297    0.00865841
1499966124      7   1304    0.00870514
1499966125      8   1312    0.00875854
1499966126      5   1317    0.00879192
1499966127      5   1322    0.0088253
1499966128      4   1326    0.00885201
1499966129      4   1330    0.00887871
1499966130      8   1338    0.00893211
1499966131      7   1345    0.00897884
1499966132      4   1349    0.00900555
1499966133      4   1353    0.00903225
1499966134      3   1356    0.00905228
1499966135      5   1361    0.00908566
1499966136      4   1365    0.00911236
1499966137      5   1370    0.00914574
1499966138      6   1376    0.00918579
1499966139      4   1380    0.00921249
1499966140      7   1387    0.00925922
1499966141      7   1394    0.00930595
1499966142      52   1447    0.00965977
1499966143      66   1513    0.0101004
1499966144      65   1579    0.010541
1499966145      65   1644    0.0109749
1499966146      63   1707    0.0113955
1499966147      65   1773    0.0118361
1499966148      65   1839    0.0122766
1499966149      65   1905    0.0127172
1499966150      66   1971    0.0131578
1499966151      67   2039    0.0136118
1499966152      66   2105    0.0140524
1499966153      65   2170    0.0144863
1499966154      63   2234    0.0149136
1499966155      62   2297    0.0153341
1499966156      65   2362    0.0157681
1499966157      59   2422    0.0161686
