1484746361      1428   1428    0.0108948
1484746362      1383   2811    0.0214462
1484746363      994   3806    0.0290375
1484746364      985   4796    0.0365906
1484746365      1094   5890    0.0449371
1484746367      727   6816    0.052002
1484746368      1065   7881    0.0601273
1484746369      881   8961    0.068367
1484746370      951   9912    0.0756226
1484746371      773   10771    0.0821762
1484746372      1070   11841    0.0903397
1484746373      889   12916    0.0985413
1484746374      978   13894    0.106003
1484746375      1135   15029    0.114662
1484746376      680   15776    0.120361
1484746377      770   16546    0.126236
1484746378      1021   17567    0.134026
1484746379      678   18301    0.139626
1484746380      981   19282    0.14711
1484746382      881   20446    0.155991
1484746383      887   21541    0.164345
1484746384      1180   22721    0.173347
1484746385      888   23686    0.18071
1484746386      965   24651    0.188072
1484746387      1166   25817    0.196968
1484746388      791   26608    0.203003
1484746389      786   27641    0.210884
1484746390      1173   28814    0.219833
1484746391      893   29786    0.227249
1484746392      1191   30977    0.236336
1484746394      770   31931    0.243614
1484746395      893   33026    0.251968
1484746396      1006   34032    0.259644
1484746397      975   35007    0.267082
1484746398      763   35886    0.273788
1484746399      1161   37047    0.282646
1484746400      820   37867    0.288902
1484746401      1084   38951    0.297173
1484746402      756   39841    0.303963
1484746403      1146   40987    0.312706
1484746404      962   41949    0.320045
1484746405      841   42790    0.326462
1484746406      845   43635    0.332909
1484746407      802   44511    0.339592
1484746408      1143   45654    0.348312
1484746409      980   46634    0.355789
1484746410      632   47371    0.361412
1484746411      1016   48387    0.369164
1484746413      673   49181    0.375221
1484746414      978   50159    0.382683
1484746415      1146   51305    0.391426
1484746416      790   52095    0.397453
1484746417      1164   53259    0.406334
1484746418      519   53851    0.410851
1484746419      1113   54964    0.419342
1484746420      881   55996    0.427216
1484746421      1136   57132    0.435883
1484746422      802   58141    0.443581
1484746423      904   59236    0.451935
1484746424      1048   60284    0.45993
1484746425      1064   61348    0.468048
1484746426      680   62096    0.473755
1484746427      1141   63237    0.48246
1484746429      788   64241    0.49012
1484746430      875   65336    0.498474
1484746431      1210   66546    0.507706
1484746432      756   67481    0.514839
1484746433      1013   68494    0.522568
1484746434      918   69626    0.531204
1484746436      881   70721    0.539558
1484746437      1144   71865    0.548286
1484746438      988   72853    0.555824
1484746439      636   73581    0.561378
1484746440      1161   74742    0.570236
1484746441      765   75507    0.576073
1484746442      1100   76607    0.584465
1484746443      763   77536    0.591553
1484746444      1142   78678    0.600266
1484746445      795   79681    0.607918
1484746446      1086   80767    0.616203
1484746447      707   81491    0.621727
1484746448      1144   82635    0.630455
1484746449      965   83600    0.637817
1484746450      816   84416    0.644043
1484746451      982   85398    0.651535
1484746452      674   86161    0.657356
1484746453      1045   87206    0.665329
1484746455      893   88306    0.673721
1484746456      1121   89427    0.682274
1484746457      858   90451    0.690086
1484746458      940   91391    0.697258
1484746459      789   92180    0.703278
1484746460      705   92976    0.709351
1484746461      1162   94138    0.718216
1484746462      975   95113    0.725655
1484746463      792   95905    0.731697
1484746464      885   96931    0.739525
1484746465      1175   98106    0.748489
1484746466      784   99076    0.75589
1484746467      1134   100210    0.764542
1484746469      855   101221    0.772255
1484746470      1017   102238    0.780014
1484746471      686   103031    0.786064
1484746472      1001   104032    0.793701
1484746473      930   105176    0.802429
1484746474      1152   106328    0.811218
1484746475      842   107321    0.818794
1484746476      840   108416    0.827148
1484746477      1151   109567    0.83593
1484746479      811   110561    0.843513
1484746480      1144   111705    0.852242
1484746481      861   112706    0.859879
1484746482      802   113508    0.865997
1484746483      864   114516    0.873688
1484746484      1146   115662    0.882431
1484746485      968   116630    0.889816
1484746486      810   117440    0.895996
1484746487      864   118471    0.903862
1484746488      1182   119653    0.91288
1484746489      771   120616    0.920227
1484746490      1146   121762    0.92897
1484746492      889   122761    0.936592
1484746493      849   123856    0.944946
1484746494      987   124843    0.952477
1484746495      979   125822    0.959946
1484746496      698   126716    0.966766
1484746497      1008   127724    0.974457
1484746498      958   128861    0.983131
1484746499      801   129662    0.989243
1484746501      828   130671    0.996941
1484746502      1142   131813    1.00565
1484746503      897   132816    1.01331
1484746504      1014   133830    1.02104
1484746505      607   134626    1.02711
1484746506      944   135570    1.03432
1484746507      1159   136729    1.04316
1484746508      780   137509    1.04911
1484746509      1161   138670    1.05797
1484746510      805   139631    1.0653
1484746511      881   140726    1.07365
1484746512      1148   141874    1.08241
1484746514      810   142871    1.09002
1484746515      1177   144048    1.099
1484746516      874   145016    1.10638
1484746517      871   146111    1.11474
1484746518      1148   147259    1.1235
1484746519      962   148221    1.13084
1484746520      776   148997    1.13676
1484746521      1162   150159    1.14562
1484746522      810   150969    1.1518
1484746523      1158   152127    1.16064
1484746524      779   152926    1.16673
1484746525      954   153880    1.17401
1484746526      1174   155054    1.18297
1484746527      828   155882    1.18929
1484746528      886   156881    1.19691
1484746529      1188   158069    1.20597
1484746530      792   159026    1.21327
1484746531      1181   160207    1.22228
1484746533      797   161171    1.22964
1484746534      842   162266    1.23799
1484746535      1155   163421    1.2468
1484746536      867   164411    1.25436
1484746537      1178   165589    1.26334
1484746538      846   166556    1.27072
1484746539      909   167651    1.27908
1484746540      982   168633    1.28657
1484746541      978   169611    1.29403
1484746542      853   170511    1.3009
1484746543      1168   171679    1.30981
1484746544      494   172173    1.31358
1484746545      815   173036    1.32016
1484746546      987   174023    1.32769
1484746547      1003   175026    1.33534
1484746549      680   175896    1.34198
1484746550      1169   177065    1.3509
1484746551      788   177853    1.35691
1484746552      1182   179035    1.36593
1484746553      728   179851    1.37215
1484746554      1135   180986    1.38081
1484746555      812   181996    1.38852
1484746556      810   183091    1.39687
1484746557      1139   184230    1.40556
1484746559      794   185236    1.41324
1484746560      1004   186240    1.4209
1484746561      993   187233    1.42847
1484746562      683   188096    1.43506
1484746563      730   188826    1.44063
1484746564      1043   189869    1.44859
1484746565      803   190672    1.45471
1484746566      1172   191844    1.46365
1484746567      856   192766    1.47069
1484746568      992   193758    1.47826
1484746569      721   194576    1.4845
1484746570      1179   195755    1.49349
1484746571      959   196714    1.50081
1484746572      843   197557    1.50724
1484746573      1131   198688    1.51587
1484746574      624   199312    1.52063
1484746575      1124   200436    1.52921
1484746576      850   201391    1.53649
1484746577      1174   202565    1.54545
1484746579      745   203536    1.55286
1484746580      686   204251    1.55831
1484746581      1038   205289    1.56623
1484746582      720   206061    1.57212
1484746583      1173   207234    1.58107
1484746584      848   208206    1.58849
1484746585      1042   209248    1.59644
1484746586      661   210016    1.60229
1484746587      1054   211070    1.61034
1484746588      894   212161    1.61866
1484746589      1164   213325    1.62754
1484746590      882   214306    1.63503
1484746592      754   215401    1.64338
1484746593      1127   216528    1.65198
1484746594      952   217480    1.65924
1484746595      807   218287    1.6654
1484746596      1157   219444    1.67422
1484746597      725   220406    1.68156
1484746598      765   221171    1.6874
1484746599      976   222147    1.69485
1484746600      671   222931    1.70083
1484746601      1156   224087    1.70965
1484746602      856   225076    1.71719
1484746603      955   226031    1.72448
1484746605      744   226886    1.731
1484746606      1198   228084    1.74014
1484746607      784   229031    1.74737
1484746608      1137   230168    1.75604
1484746609      879   231176    1.76373
1484746610      807   232271    1.77209
1484746611      1159   233430    1.78093
1484746612      807   234416    1.78845
1484746613      986   235402    1.79597
1484746614      1035   236437    1.80387
1484746615      775   237212    1.80978
1484746616      924   238136    1.81683
1484746618      833   239086    1.82408
1484746619      1161   240247    1.83294
1484746620      891   241231    1.84045
1484746621      795   242326    1.8488
1484746622      1013   243339    1.85653
1484746623      1129   244468    1.86514
1484746624      819   245287    1.87139
1484746625      1164   246451    1.88027
1484746626      699   247331    1.88699
1484746627      990   248321    1.89454
1484746628      802   249141    1.90079
1484746629      1081   250222    1.90904
1484746631      849   251286    1.91716
1484746632      993   252279    1.92474
1484746633      766   253096    1.93097
1484746634      1090   254186    1.93929
1484746635      884   255241    1.94733
1484746636      1146   256387    1.95608
1484746637      841   257386    1.9637
1484746638      1003   258389    1.97135
1484746639      717   259196    1.97751
1484746640      1015   260211    1.98525
1484746641      984   261195    1.99276
1484746642      732   262056    1.99933
1484746643      984   263040    2.00684
1484746645      600   263866    2.01314
1484746646      985   264851    2.02065
1484746647      955   265806    2.02794
1484746648      745   266726    2.03496
1484746649      1173   267899    2.04391
1484746650      831   268871    2.05132
1484746651      1067   269938    2.05946
1484746652      706   270681    2.06513
1484746653      1009   271690    2.07283
1484746654      1101   272791    2.08123
1484746655      697   273541    2.08695
1484746656      1018   274559    2.09472
1484746657      699   275351    2.10076
1484746658      975   276326    2.1082
1484746660      963   277496    2.11713
1484746661      1204   278700    2.12631
1484746662      782   279641    2.13349
1484746663      853   280736    2.14185
1484746664      1138   281874    2.15053
1484746665      840   282881    2.15821
1484746666      1129   284010    2.16682
1484746667      890   285026    2.17458
1484746668      1015   286041    2.18232
1484746669      823   286864    2.1886
1484746670      1047   287911    2.19659
1484746672      839   288981    2.20475
1484746673      1178   290159    2.21374
1484746674      564   290791    2.21856
1484746675      1153   291944    2.22736
1484746676      802   292936    2.23492
1484746677      1183   294119    2.24395
1484746678      739   295081    2.25129
1484746679      998   296079    2.2589
1484746680      779   296858    2.26485
1484746681      705   297606    2.27055
1484746682      1178   298784    2.27954
1484746684      802   299751    2.28692
1484746685      1136   300887    2.29559
1484746686      798   301685    2.30167
1484746687      1171   302856    2.31061
1484746688      682   303706    2.31709
1484746689      1158   304864    2.32593
1484746690      983   305847    2.33343
1484746691      855   306702    2.33995
1484746692      863   307661    2.34727
1484746693      1000   308661    2.3549
1484746694      941   309806    2.36363
1484746695      1167   310973    2.37254
1484746696      787   311951    2.38
1484746698      918   313046    2.38835
1484746699      1168   314214    2.39726
1484746700      806   315191    2.40472
1484746701      1171   316362    2.41365
1484746702      964   317326    2.42101
1484746703      832   318158    2.42735
1484746704      805   319146    2.43489
1484746705      1191   320337    2.44398
1484746706      803   321291    2.45126
1484746707      1189   322480    2.46033
1484746708      658   323138    2.46535
1484746709      1007   324145    2.47303
1484746710      988   325133    2.48057
1484746712      674   325961    2.48689
1484746713      989   326950    2.49443
1484746714      1013   327963    2.50216
1484746715      593   328556    2.50668
1484746716      983   329539    2.51418
1484746717      1004   330543    2.52184
1484746718      663   331346    2.52797
1484746719      994   332340    2.53555
1484746720      1007   333347    2.54324
1484746721      612   333959    2.5479
1484746722      974   334933    2.55534
1484746723      911   336016    2.5636
1484746724      1044   337060    2.57156
1484746725      926   338161    2.57996
1484746726      994   339155    2.58755
1484746727      652   339971    2.59377
1484746728      1122   341093    2.60233
1484746730      851   342116    2.61014
1484746731      1136   343252    2.6188
1484746732      880   344261    2.6265
1484746733      1086   345347    2.63479
1484746734      688   346071    2.64031
1484746735      1135   347206    2.64897
1484746736      903   348216    2.65668
1484746737      977   349193    2.66413
1484746738      815   350026    2.67049
1484746739      943   350969    2.67768
1484746740      1167   352136    2.68658
1484746741      846   352982    2.69304
1484746742      1122   354104    2.7016
1484746743      781   355031    2.70867
1484746744      787   355818    2.71468
1484746745      988   356806    2.72221
1484746746      777   357583    2.72814
1484746747      1177   358760    2.73712
1484746748      883   359701    2.7443
1484746749      939   360796    2.75266
1484746750      987   361783    2.76019
1484746751      1009   362792    2.76788
1484746753      686   363656    2.77448
1484746754      1100   364756    2.78287
1484746755      923   365801    2.79084
1484746756      930   366896    2.79919
1484746757      1134   368030    2.80785
1484746758      408   368438    2.81096
1484746759      1055   369493    2.81901
1484746760      842   370471    2.82647
1484746761      905   371566    2.83482
1484746762      1080   372646    2.84306
1484746763      929   373711    2.85119
1484746764      989   374700    2.85873
1484746766      968   375856    2.86755
1484746767      915   376951    2.87591
1484746768      1079   378030    2.88414
1484746769      920   379096    2.89227
1484746770      1181   380277    2.90128
1484746771      897   381241    2.90864
1484746772      929   382336    2.91699
1484746773      1183   383519    2.92602
1484746775      700   384481    2.93336
1484746776      1054   385535    2.9414
1484746777      876   386626    2.94972
1484746778      863   387721    2.95808
1484746779      1072   388793    2.96626
1484746780      878   389866    2.97444
1484746781      1116   390982    2.98296
1484746782      900   392011    2.99081
1484746784      853   393106    2.99916
1484746785      1110   394216    3.00763
1484746786      880   395251    3.01553
1484746787      1159   396410    3.02437
1484746788      668   397396    3.03189
1484746789      1074   398470    3.04008
1484746790      784   399254    3.04607
1484746791      1160   400414    3.05492
1484746792      842   401351    3.06207
1484746793      1177   402528    3.07104
1484746795      895   403496    3.07843
1484746796      1053   404549    3.08646
1484746797      639   405306    3.09224
1484746798      983   406289    3.09974
1484746799      1012   407301    3.10746
1484746800      841   408166    3.11406
1484746801      834   409261    3.12241
1484746802      1002   410263    3.13006
1484746803      988   411251    3.1376
1484746804      768   412121    3.14423
1484746805      1196   413317    3.15336
1484746806      882   414266    3.1606
1484746807      926   415192    3.16766
1484746808      846   416076    3.17441
1484746809      1173   417249    3.18336
1484746810      256   417506    3.18532
1484746811      1171   418677    3.19425
1484746812      879   419651    3.20168
1484746814      909   420746    3.21004
1484746815      1047   421793    3.21803
1484746816      1001   422794    3.22566
1484746817      688   423606    3.23186
1484746818      986   424592    3.23938
1484746819      822   425416    3.24567
1484746820      1127   426543    3.25426
1484746821      946   427489    3.26148
1484746822      825   428314    3.26778
1484746823      1162   429476    3.27664
1484746824      880   430421    3.28385
1484746825      932   431516    3.29221
1484746826      1188   432704    3.30127
1484746827      804   433661    3.30857
1484746828      991   434652    3.31613
1484746829      977   435629    3.32359
1484746830      464   436186    3.32784
1484746831      953   437139    3.33511
1484746832      999   438138    3.34273
1484746834      782   439046    3.34966
1484746835      1049   440095    3.35766
1484746836      977   441072    3.36511
1484746837      839   441911    3.37151
1484746838      832   443001    3.37983
1484746839      1192   444193    3.38892
1484746840      839   445146    3.39619
1484746841      1134   446280    3.40485
1484746842      575   446956    3.41
1484746843      997   447953    3.41761
1484746844      978   448931    3.42507
1484746846      682   449816    3.43182
1484746847      1025   450841    3.43964
1484746848      875   451961    3.44819
1484746849      829   453056    3.45654
1484746850      1093   454149    3.46488
1484746851      1035   455184    3.47278
1484746852      727   455916    3.47836
1484746853      983   456899    3.48586
1484746854      788   457726    3.49217
1484746855      1007   458733    3.49986
1484746856      1118   459851    3.50838
1484746857      669   460586    3.51399
1484746858      1046   461632    3.52197
1484746859      931   462731    3.53036
1484746861      922   463826    3.53871
1484746862      1149   464975    3.54748
1484746863      988   465963    3.55502
1484746864      791   466754    3.56105
1484746865      1168   467922    3.56996
1484746866      420   468342    3.57317
1484746867      783   469211    3.5798
1484746868      992   470203    3.58736
1484746869      1095   471298    3.59572
1484746870      644   472071    3.60162
1484746871      994   473065    3.6092
1484746872      593   473881    3.61543
1484746873      965   474846    3.62279
1484746874      1174   476020    3.63174
1484746876      625   476741    3.63725
1484746877      1152   477893    3.64603
1484746878      766   478886    3.65361
1484746879      912   479798    3.66057
1484746880      860   480696    3.66742
1484746881      1180   481876    3.67642
1484746882      760   482841    3.68378
1484746883      1127   483968    3.69238
1484746884      640   484651    3.69759
1484746885      1169   485820    3.70651
1484746886      968   486788    3.7139
1484746887      691   487511    3.71941
1484746888      1001   488512    3.72705
1484746889      979   489491    3.73452
1484746890      460   490036    3.73868
1484746891      1127   491163    3.74728
1484746893      825   492181    3.75504
1484746894      1193   493374    3.76414
1484746895      723   494326    3.77141
1484746896      1007   495333    3.77909
1484746897      802   496136    3.78522
1484746898      1004   497140    3.79288
1484746899      848   498281    3.80158
1484746900      1148   499429    3.81034
