1499790673      47   47    0.00067234
1499790674      50   98    0.0014019
1499790675      51   150    0.00214577
1499790676      50   200    0.00286102
1499790677      52   253    0.00361919
1499790678      52   305    0.00436306
1499790679      54   359    0.00513554
1499790680      52   411    0.0058794
1499790681      55   466    0.00666618
1499790682      53   519    0.00742435
1499790683      54   573    0.00819683
1499790684      53   626    0.008955
1499790685      49   676    0.00967026
1499790686      51   727    0.0103998
1499790687      48   776    0.0111008
1499790688      50   827    0.0118303
1499790689      53   880    0.0125885
1499790690      49   930    0.0133038
1499790691      48   978    0.0139904
1499790692      53   1031    0.0147486
1499790693      55   1087    0.0155497
1499790694      52   1139    0.0162935
1499790695      39   1179    0.0168657
1499790696      48   1227    0.0175524
1499790697      46   1273    0.0182104
1499790698      47   1320    0.0188828
1499790699      49   1369    0.0195837
1499790700      52   1421    0.0203276
1499790701      52   1473    0.0210714
1499790702      51   1524    0.021801
1499790703      56   1580    0.0226021
1499790704      51   1631    0.0233316
1499790705      49   1681    0.0240469
1499790707      46   1728    0.0247192
1499790708      52   1781    0.0254774
1499790709      53   1835    0.0262499
1499790710      52   1888    0.0270081
1499790711      53   1941    0.0277662
1499790712      49   1990    0.0284672
1499790713      53   2043    0.0292253
1499790714      52   2096    0.0299835
1499790715      52   2148    0.0307274
1499790716      50   2199    0.0314569
1499790717      51   2250    0.0321865
1499790718      51   2302    0.0329304
1499790719      51   2354    0.0336742
1499790720      53   2407    0.0344324
1499790721      51   2459    0.0351763
1499790722      53   2512    0.0359344
1499790723      50   2563    0.036664
1499790724      52   2616    0.0374222
1499790725      52   2669    0.0381804
1499790726      51   2720    0.0389099
1499790727      53   2774    0.0396824
1499790728      53   2827    0.0404406
1499790729      50   2878    0.0411701
1499790730      51   2930    0.041914
1499790731      49   2980    0.0426292
1499790732      49   3029    0.0433302
1499790733      50   3080    0.0440598
1499790734      48   3129    0.0447607
1499790735      52   3182    0.0455189
1499790736      47   3230    0.0462055
1499790737      44   3274    0.0468349
1499790738      54   3328    0.0476074
1499790739      49   3377    0.0483084
1499790740      51   3429    0.0490522
1499790741      40   3469    0.0496244
1499790742      50   3519    0.0503397
1499790743      54   3573    0.0511122
1499790744      54   3628    0.051899
1499790745      50   3679    0.0526285
1499790746      53   3733    0.053401
1499790747      53   3786    0.0541592
1499790748      52   3838    0.054903
1499790749      52   3891    0.0556612
1499790750      52   3944    0.0564194
1499790751      52   3996    0.0571632
1499790752      53   4050    0.0579357
1499790753      53   4103    0.0586939
1499790754      51   4155    0.0594378
1499790755      53   4208    0.0601959
1499790756      48   4257    0.0608969
1499790757      52   4310    0.061655
1499790758      52   4363    0.0624132
1499790759      51   4415    0.0631571
1499790760      53   4468    0.0639153
1499790761      52   4520    0.0646591
1499790762      53   4573    0.0654173
1499790763      52   4625    0.0661612
1499790764      49   4677    0.066905
1499790765      46   4723    0.0675631
1499790766      38   4761    0.0681067
1499790767      53   4814    0.0688648
1499790768      53   4867    0.069623
1499790769      50   4918    0.0703526
1499790770      51   4970    0.0710964
1499790771      52   5023    0.0718546
1499790772      51   5074    0.0725842
1499790773      53   5127    0.0733423
1499790774      53   5180    0.0741005
1499790775      51   5232    0.0748444
1499790776      51   5283    0.0755739
1499790777      38   5322    0.0761318
1499790778      47   5370    0.0768185
1499790779      51   5422    0.0775623
1499790780      44   5467    0.0782061
1499790781      46   5513    0.0788641
1499790782      52   5565    0.079608
1499790783      51   5616    0.0803375
1499790784      43   5660    0.0809669
1499790785      39   5703    0.0815821
1499790786      51   5754    0.0823116
1499790787      52   5807    0.0830698
1499790788      53   5860    0.083828
1499790789      52   5913    0.0845861
1499790790      52   5965    0.08533
1499790791      50   6016    0.0860596
1499790792      54   6070    0.086832
1499790793      53   6123    0.0875902
1499790794      53   6177    0.0883627
1499790795      53   6231    0.0891352
1499790796      53   6285    0.0899076
1499790797      52   6337    0.0906515
1499790799      53   6390    0.0914097
1499790800      53   6443    0.0921679
1499790801      54   6498    0.0929546
1499790802      54   6552    0.0937271
1499790803      53   6605    0.0944853
1499790804      42   6658    0.0952435
1499790805      54   6713    0.0960302
1499790806      54   6767    0.0968027
1499790807      53   6820    0.0975609
1499790808      54   6874    0.0983334
1499790809      52   6927    0.0990915
1499790810      53   6981    0.099864
1499790811      53   7034    0.100622
1499790812      53   7088    0.101395
1499790813      54   7143    0.102181
1499790814      52   7196    0.10294
1499790815      53   7249    0.103698
1499790816      53   7303    0.10447
1499790817      52   7355    0.105214
1499790818      53   7408    0.105972
1499790819      51   7459    0.106702
1499790820      52   7512    0.10746
1499790821      47   7560    0.108147
1499790822      39   7599    0.108705
1499790823      52   7651    0.109448
1499790824      52   7704    0.110207
1499790825      53   7758    0.110979
1499790826      54   7813    0.111766
1499790827      49   7863    0.112481
1499790828      54   7918    0.113268
1499790829      53   7972    0.11404
1499790830      52   8025    0.114799
1499790831      51   8077    0.115542
1499790832      53   8130    0.116301
1499790833      50   8181    0.11703
1499790834      50   8231    0.117745
1499790835      49   8280    0.118446
1499790836      53   8333    0.119205
1499790837      41   8375    0.119805
1499790838      53   8428    0.120564
1499790839      53   8482    0.121336
1499790840      53   8535    0.122094
1499790841      38   8573    0.122638
1499790842      52   8626    0.123396
1499790843      50   8677    0.124125
1499790844      53   8730    0.124884
1499790845      54   8784    0.125656
1499790846      52   8837    0.126414
1499790847      50   8888    0.127144
1499790848      46   8935    0.127816
1499790849      53   8989    0.128589
1499790850      51   9041    0.129333
1499790851      52   9093    0.130076
1499790852      52   9145    0.13082
1499790853      53   9198    0.131578
1499790854      51   9250    0.132322
1499790855      48   9299    0.133023
1499790856      51   9350    0.133753
1499790857      55   9405    0.13454
1499790858      50   9456    0.135269
1499790859      38   9495    0.135827
1499790860      51   9546    0.136557
1499790861      53   9599    0.137315
1499790862      51   9650    0.138044
1499790863      51   9702    0.138788
1499790864      51   9754    0.139532
1499790865      53   9807    0.14029
1499790866      51   9859    0.141034
1499790867      49   9908    0.141735
1499790868      54   9963    0.142522
1499790869      48   10012    0.143223
1499790870      53   10066    0.143995
1499790871      52   10118    0.144739
1499790872      52   10170    0.145483
1499790873      48   10218    0.14617
1499790874      50   10269    0.146899
1499790875      52   10321    0.147643
1499790876      50   10372    0.148373
1499790877      52   10424    0.149117
1499790878      36   10460    0.149632
1499790880      49   10510    0.150347
1499790881      51   10561    0.151076
1499790882      53   10614    0.151834
1499790883      50   10665    0.152564
1499790884      50   10717    0.153308
1499790885      54   10771    0.15408
1499790886      52   10823    0.154824
1499790887      53   10876    0.155582
1499790888      50   10928    0.156326
1499790889      43   10971    0.156941
1499790890      46   11017    0.157599
1499790891      54   11072    0.158386
1499790892      54   11127    0.159173
1499790893      54   11182    0.15996
1499790894      53   11236    0.160732
1499790895      51   11287    0.161462
1499790896      54   11342    0.162249
1499790897      33   11377    0.162749
1499790898      53   11430    0.163507
1499790899      51   11482    0.164251
1499790900      53   11535    0.165009
1499790901      49   11585    0.165725
1499790902      45   11631    0.166383
1499790903      53   11684    0.167141
1499790904      53   11737    0.167899
1499790905      49   11787    0.168614
1499790906      52   11840    0.169373
1499790907      54   11894    0.170145
1499790908      53   11947    0.170903
1499790909      50   11997    0.171618
1499790910      49   12047    0.172334
1499790911      51   12098    0.173063
1499790912      52   12150    0.173807
1499790913      54   12204    0.17458
1499790914      53   12258    0.175352
1499790915      52   12311    0.17611
1499790916      39   12351    0.176682
1499790917      53   12405    0.177455
1499790918      51   12456    0.178185
1499790919      52   12508    0.178928
1499790920      51   12560    0.179672
1499790921      55   12615    0.180459
1499790922      49   12664    0.18116
1499790923      51   12715    0.18189
1499790924      55   12770    0.182676
1499790925      51   12822    0.18342
1499790926      53   12875    0.184178
1499790927      47   12923    0.184865
1499790928      45   12969    0.185523
1499790929      48   13018    0.186224
1499790930      50   13068    0.186939
1499790931      52   13121    0.187697
1499790932      53   13175    0.18847
1499790933      46   13221    0.189128
1499790934      51   13272    0.189857
1499790935      41   13313    0.190444
1499790936      54   13368    0.191231
1499790937      52   13421    0.191989
1499790938      54   13475    0.192761
1499790939      53   13528    0.19352
1499790940      52   13580    0.194263
1499790941      51   13631    0.194993
1499790942      52   13684    0.195751
1499790943      50   13735    0.196481
1499790944      52   13788    0.197239
1499790945      39   13827    0.197797
1499790946      52   13879    0.198541
1499790947      53   13932    0.199299
1499790948      46   13980    0.199986
1499790949      51   14031    0.200715
1499790950      51   14082    0.201445
1499790951      52   14134    0.202188
1499790952      52   14187    0.202947
1499790953      51   14239    0.203691
1499790954      38   14277    0.204234
1499790955      56   14334    0.20505
1499790956      55   14390    0.205851
1499790957      51   14441    0.20658
1499790958      53   14495    0.207353
1499790959      53   14548    0.208111
1499790960      50   14598    0.208826
1499790961      57   14655    0.209641
1499790962      55   14710    0.210428
1499790963      56   14767    0.211244
1499790964      54   14822    0.21203
1499790965      53   14876    0.212803
1499790966      54   14930    0.213575
1499790967      52   14983    0.214334
1499790968      52   15036    0.215092
1499790969      54   15091    0.215878
1499790970      51   15142    0.216608
1499790971      37   15179    0.217137
1499790972      51   15230    0.217867
1499790973      54   15284    0.218639
1499790974      53   15338    0.219412
1499790975      57   15396    0.220242
1499790976      53   15449    0.221
1499790977      54   15503    0.221772
1499790979      55   15558    0.222559
1499790980      54   15613    0.223346
1499790981      52   15665    0.22409
1499790982      48   15714    0.224791
1499790983      53   15768    0.225563
1499790984      51   15819    0.226293
1499790985      54   15873    0.227065
1499790986      56   15929    0.227866
1499790987      52   15981    0.22861
1499790988      53   16035    0.229383
1499790989      50   16086    0.230112
1499790990      39   16125    0.23067
1499790991      49   16174    0.231371
1499790992      46   16220    0.232029
1499790993      54   16274    0.232801
1499790994      51   16326    0.233545
1499790995      54   16380    0.234318
1499790996      50   16430    0.235033
1499790997      53   16484    0.235806
1499790998      50   16534    0.236521
1499790999      51   16586    0.237265
1499791000      55   16642    0.238066
1499791001      50   16693    0.238795
1499791002      53   16747    0.239568
1499791003      51   16799    0.240312
1499791004      56   16856    0.241127
1499791005      50   16906    0.241842
1499791006      57   16964    0.242672
1499791007      55   17019    0.243459
1499791008      53   17072    0.244217
1499791009      38   17110    0.244761
1499791010      54   17166    0.245562
1499791011      56   17223    0.246377
1499791012      54   17278    0.247164
1499791013      55   17334    0.247965
1499791014      54   17389    0.248752
1499791015      57   17447    0.249581
1499791016      57   17504    0.250397
1499791017      56   17560    0.251198
1499791018      56   17617    0.252013
1499791019      51   17670    0.252771
1499791020      54   17725    0.253558
1499791021      50   17776    0.254288
1499791022      51   17827    0.255017
1499791023      52   17880    0.255775
1499791024      53   17934    0.256548
1499791025      53   17987    0.257306
1499791026      41   18029    0.257907
1499791027      39   18068    0.258465
1499791028      47   18115    0.259137
1499791029      58   18173    0.259967
1499791030      55   18229    0.260768
1499791031      51   18281    0.261512
1499791032      53   18335    0.262284
1499791033      51   18387    0.263028
1499791034      50   18438    0.263758
1499791035      54   18492    0.26453
1499791036      54   18546    0.265303
1499791037      56   18602    0.266104
1499791038      47   18649    0.266776
1499791039      55   18704    0.267563
1499791040      53   18757    0.268321
1499791041      56   18814    0.269136
1499791042      56   18870    0.269938
1499791043      54   18924    0.27071
1499791044      37   18961    0.271239
1499791045      44   19006    0.271883
1499791046      55   19061    0.27267
1499791047      57   19118    0.273485
1499791048      56   19175    0.274301
1499791049      57   19233    0.27513
1499791050      57   19290    0.275946
1499791051      56   19346    0.276747
1499791052      56   19403    0.277562
1499791053      54   19458    0.278349
1499791054      55   19514    0.27915
1499791055      57   19571    0.279965
1499791056      56   19627    0.280766
1499791057      52   19679    0.28151
1499791058      52   19731    0.282254
1499791059      44   19775    0.282884
1499791060      53   19829    0.283656
1499791061      54   19883    0.284429
1499791062      38   19921    0.284972
1499791063      55   19977    0.285773
1499791064      39   20016    0.286331
1499791065      50   20067    0.287061
1499791066      54   20122    0.287848
1499791067      54   20176    0.28862
1499791068      54   20231    0.289407
1499791069      52   20284    0.290165
1499791070      53   20337    0.290923
1499791071      53   20390    0.291681
1499791072      56   20447    0.292497
1499791073      55   20502    0.293283
1499791074      54   20556    0.294056
1499791075      53   20609    0.294814
1499791076      56   20666    0.29563
1499791077      55   20721    0.296416
1499791078      51   20772    0.297146
1499791079      55   20827    0.297933
1499791080      42   20871    0.298562
1499791082      50   20922    0.299292
1499791083      52   20975    0.30005
1499791084      56   21031    0.300851
1499791085      54   21085    0.301623
1499791086      56   21142    0.302439
1499791087      56   21199    0.303254
1499791088      49   21249    0.303969
1499791089      54   21304    0.304756
1499791090      50   21354    0.305471
1499791091      57   21411    0.306287
1499791092      55   21467    0.307088
1499791093      57   21524    0.307903
1499791094      53   21577    0.308661
1499791095      51   21629    0.309405
1499791096      56   21685    0.310206
1499791097      56   21741    0.311007
1499791098      56   21798    0.311823
1499791099      39   21838    0.312395
1499791100      50   21888    0.31311
1499791101      47   21936    0.313797
1499791102      44   21981    0.314441
1499791103      55   22037    0.315242
1499791104      55   22093    0.316043
1499791105      52   22146    0.316801
1499791106      53   22199    0.317559
1499791107      54   22254    0.318346
1499791108      54   22308    0.319118
1499791109      52   22361    0.319877
1499791110      55   22417    0.320678
1499791111      57   22474    0.321493
1499791112      55   22530    0.322294
1499791113      56   22587    0.32311
1499791114      56   22643    0.323911
1499791115      57   22700    0.324726
1499791116      43   22753    0.325484
1499791117      51   22805    0.326228
1499791118      55   22861    0.327029
1499791119      54   22916    0.327816
1499791120      51   22968    0.32856
1499791121      54   23023    0.329347
1499791122      54   23077    0.330119
1499791123      57   23134    0.330935
1499791124      52   23187    0.331693
1499791125      53   23240    0.332451
1499791126      54   23295    0.333238
1499791127      52   23348    0.333996
1499791128      57   23406    0.334826
1499791129      56   23463    0.335641
1499791130      54   23518    0.336428
1499791131      42   23560    0.337029
1499791132      56   23617    0.337844
1499791133      57   23674    0.338659
1499791134      41   23715    0.339246
1499791135      53   23769    0.340018
1499791136      51   23821    0.340762
1499791137      47   23868    0.341434
1499791138      57   23925    0.34225
1499791139      54   23980    0.343037
1499791140      52   24032    0.343781
1499791141      53   24086    0.344553
1499791142      57   24144    0.345383
1499791143      54   24199    0.346169
1499791144      55   24254    0.346956
1499791145      57   24312    0.347786
1499791146      55   24368    0.348587
1499791147      57   24425    0.349402
1499791148      56   24481    0.350204
1499791149      57   24538    0.351019
1499791150      54   24592    0.351791
1499791151      53   24646    0.352564
1499791152      41   24688    0.353165
1499791153      56   24745    0.35398
1499791154      54   24799    0.354753
1499791155      54   24854    0.355539
1499791156      58   24912    0.356369
1499791157      51   24963    0.357099
1499791158      56   25019    0.3579
1499791159      53   25073    0.358672
1499791160      55   25129    0.359473
1499791162      55   25185    0.360274
1499791163      54   25239    0.361047
1499791164      42   25283    0.361676
1499791165      49   25332    0.362377
1499791166      54   25386    0.36315
1499791167      52   25439    0.363908
1499791168      54   25493    0.36468
1499791169      55   25549    0.365481
1499791170      54   25603    0.366254
1499791171      37   25641    0.366797
1499791172      56   25698    0.367613
1499791173      50   25748    0.368328
1499791174      53   25802    0.369101
1499791175      53   25856    0.369873
1499791176      53   25909    0.370631
1499791177      51   25961    0.371375
1499791178      57   26018    0.37219
1499791179      57   26075    0.373006
1499791180      57   26133    0.373836
1499791181      56   26189    0.374637
1499791182      56   26246    0.375452
1499791183      55   26302    0.376253
1499791184      52   26355    0.377011
1499791185      56   26411    0.377812
1499791186      52   26464    0.378571
1499791187      56   26521    0.379386
1499791188      40   26561    0.379958
1499791189      52   26613    0.380702
1499791190      53   26667    0.381474
1499791191      53   26721    0.382247
1499791192      55   26776    0.383034
1499791193      54   26831    0.383821
1499791194      56   26888    0.384636
1499791195      50   26940    0.38538
1499791196      45   26986    0.386038
1499791197      56   27042    0.386839
1499791198      56   27098    0.38764
1499791199      55   27154    0.388441
1499791200      55   27209    0.389228
1499791201      53   27263    0.39
1499791202      54   27318    0.390787
1499791203      55   27373    0.391574
1499791204      54   27427    0.392346
1499791205      53   27481    0.393119
1499791206      41   27522    0.393705
1499791207      53   27576    0.394478
1499791208      57   27633    0.395293
1499791209      53   27687    0.396066
1499791210      55   27742    0.396852
1499791211      54   27796    0.397625
1499791212      56   27852    0.398426
1499791213      51   27904    0.39917
1499791214      56   27961    0.399985
1499791215      55   28017    0.400786
1499791216      55   28072    0.401573
1499791217      51   28123    0.402303
1499791218      57   28181    0.403132
1499791219      53   28235    0.403905
1499791220      56   28291    0.404706
1499791221      53   28344    0.405464
1499791222      54   28398    0.406237
1499791223      45   28455    0.407052
1499791224      56   28511    0.407853
1499791225      56   28567    0.408654
1499791226      56   28624    0.40947
1499791227      56   28680    0.410271
1499791228      55   28735    0.411057
1499791229      57   28793    0.411887
1499791230      56   28850    0.412703
1499791231      56   28906    0.413504
1499791232      58   28964    0.414333
1499791233      54   29019    0.41512
1499791234      55   29074    0.415907
1499791235      58   29132    0.416737
1499791236      57   29189    0.417552
1499791237      55   29244    0.418339
1499791239      55   29300    0.41914
1499791240      57   29357    0.419955
1499791241      41   29410    0.420713
1499791242      56   29467    0.421529
1499791243      55   29522    0.422316
1499791244      53   29576    0.423088
1499791245      55   29631    0.423875
1499791246      53   29684    0.424633
1499791247      48   29732    0.42532
1499791248      55   29788    0.426121
1499791249      53   29841    0.426879
1499791250      53   29894    0.427637
1499791251      55   29950    0.428438
1499791252      51   30001    0.429168
1499791253      55   30057    0.429969
1499791254      53   30111    0.430741
1499791255      53   30164    0.431499
1499791256      57   30222    0.432329
1499791257      56   30278    0.43313
1499791258      52   30331    0.433888
1499791259      36   30367    0.434403
1499791260      57   30424    0.435219
1499791261      54   30478    0.435991
1499791262      56   30535    0.436807
1499791263      51   30586    0.437536
1499791264      57   30644    0.438366
1499791265      57   30701    0.439181
1499791266      58   30760    0.440025
1499791267      57   30817    0.440841
1499791268      57   30874    0.441656
1499791269      56   30931    0.442472
1499791270      57   30989    0.443301
1499791271      57   31046    0.444117
1499791272      55   31102    0.444918
1499791273      52   31155    0.445676
1499791274      56   31211    0.446477
1499791275      57   31268    0.447292
1499791276      41   31309    0.447879
1499791277      53   31364    0.448666
1499791278      39   31403    0.449224
1499791279      57   31461    0.450053
1499791280      54   31516    0.45084
1499791281      54   31570    0.451612
1499791282      58   31628    0.452442
1499791283      56   31684    0.453243
1499791284      56   31740    0.454044
1499791285      56   31797    0.45486
1499791286      50   31847    0.455575
1499791287      50   31897    0.45629
1499791288      56   31953    0.457091
1499791289      52   32006    0.45785
1499791290      55   32062    0.458651
1499791291      54   32117    0.459437
1499791292      49   32166    0.460138
1499791293      50   32216    0.460854
1499791294      41   32258    0.461454
1499791295      54   32312    0.462227
1499791296      55   32367    0.463014
1499791297      52   32420    0.463772
1499791298      51   32472    0.464516
1499791299      56   32529    0.465331
1499791300      57   32587    0.466161
1499791301      54   32642    0.466948
1499791302      56   32698    0.467749
1499791303      55   32753    0.468535
1499791304      57   32811    0.469365
1499791305      57   32868    0.470181
1499791306      58   32926    0.47101
1499791307      57   32984    0.47184
1499791308      57   33041    0.472655
1499791309      53   33094    0.473413
1499791310      56   33150    0.474215
1499791312      44   33202    0.474958
1499791313      55   33257    0.475745
1499791314      57   33315    0.476575
1499791315      55   33371    0.477376
1499791316      50   33421    0.478091
1499791317      54   33476    0.478878
1499791318      56   33532    0.479679
1499791319      57   33589    0.480494
1499791320      55   33645    0.481296
1499791321      56   33701    0.482097
1499791322      54   33756    0.482883
1499791323      57   33813    0.483699
1499791324      58   33872    0.484543
1499791325      55   33927    0.48533
1499791326      52   33979    0.486073
1499791327      54   34033    0.486846
1499791328      55   34089    0.487647
1499791329      39   34129    0.488219
1499791330      47   34176    0.488892
1499791331      56   34232    0.489693
1499791332      49   34281    0.490394
1499791333      51   34332    0.491123
1499791334      54   34387    0.49191
1499791335      58   34446    0.492754
1499791336      57   34503    0.493569
1499791337      57   34560    0.494385
1499791338      57   34617    0.4952
1499791339      55   34673    0.496001
1499791340      57   34731    0.496831
1499791341      58   34789    0.497661
1499791342      57   34847    0.49849
1499791343      57   34904    0.499306
1499791344      56   34961    0.500121
1499791345      56   35018    0.500937
1499791346      55   35073    0.501723
1499791347      41   35114    0.50231
1499791348      56   35170    0.503111
1499791349      55   35226    0.503912
1499791350      54   35281    0.504699
1499791351      55   35337    0.5055
1499791352      53   35391    0.506272
1499791353      47   35439    0.506959
1499791354      50   35489    0.507674
1499791355      55   35545    0.508475
1499791356      44   35589    0.509105
1499791357      55   35644    0.509892
1499791358      57   35701    0.510707
1499791359      55   35757    0.511508
1499791360      55   35812    0.512295
1499791361      47   35859    0.512967
1499791362      43   35902    0.513582
1499791363      56   35959    0.514398
1499791364      55   36014    0.515184
1499791365      43   36057    0.5158
1499791366      56   36113    0.516601
1499791367      55   36169    0.517402
1499791368      55   36224    0.518188
1499791369      56   36281    0.519004
1499791370      55   36336    0.519791
1499791371      55   36391    0.520577
1499791372      57   36448    0.521393
1499791373      57   36505    0.522208
1499791374      57   36562    0.523024
1499791375      57   36619    0.523839
1499791376      55   36674    0.524626
1499791377      57   36732    0.525455
1499791378      53   36785    0.526214
1499791379      56   36842    0.527029
1499791380      57   36900    0.527859
1499791381      53   36954    0.528631
1499791382      43   36998    0.529261
1499791383      54   37052    0.530033
1499791384      57   37109    0.530849
1499791385      55   37165    0.53165
1499791386      54   37219    0.532422
1499791387      55   37274    0.533209
1499791388      56   37331    0.534024
1499791389      57   37388    0.53484
1499791390      56   37444    0.535641
1499791391      57   37502    0.53647
1499791392      56   37558    0.537271
1499791393      56   37614    0.538073
1499791394      56   37670    0.538874
1499791395      56   37726    0.539675
1499791396      57   37783    0.54049
1499791397      55   37839    0.541291
1499791398      56   37895    0.542092
1499791399      40   37935    0.542665
1499791400      55   37991    0.543466
1499791401      57   38049    0.544295
1499791402      55   38105    0.545096
1499791403      56   38161    0.545897
1499791404      56   38217    0.546699
1499791405      53   38271    0.547471
1499791406      52   38323    0.548215
1499791407      57   38381    0.549045
1499791408      55   38437    0.549846
1499791409      50   38488    0.550575
1499791410      52   38540    0.551319
1499791411      54   38595    0.552106
1499791412      56   38653    0.552936
1499791413      55   38709    0.553737
1499791414      52   38761    0.554481
1499791415      51   38813    0.555224
1499791416      51   38864    0.555954
1499791417      42   38907    0.556569
1499791418      55   38963    0.55737
1499791419      45   39009    0.558028
1499791420      55   39064    0.558815
1499791422      54   39119    0.559602
1499791423      53   39173    0.560374
1499791424      57   39231    0.561204
1499791425      56   39288    0.562019
1499791426      57   39345    0.562835
1499791427      57   39403    0.563664
1499791428      57   39460    0.56448
1499791429      55   39516    0.565281
1499791430      57   39574    0.566111
1499791431      53   39627    0.566869
1499791432      54   39681    0.567641
1499791433      53   39736    0.568428
1499791434      51   39787    0.569158
1499791435      42   39831    0.569787
1499791436      54   39886    0.570574
1499791437      57   39943    0.571389
1499791438      51   39995    0.572133
1499791439      56   40052    0.572948
1499791440      56   40109    0.573764
1499791441      44   40154    0.574408
1499791442      47   40202    0.575094
1499791443      56   40259    0.57591
1499791444      52   40312    0.576668
1499791445      52   40365    0.577426
1499791446      56   40421    0.578227
1499791447      56   40477    0.579028
1499791448      55   40532    0.579815
1499791449      55   40588    0.580616
1499791450      57   40645    0.581431
1499791451      53   40698    0.58219
1499791452      55   40753    0.582976
1499791453      36   40790    0.583506
1499791454      52   40843    0.584264
1499791455      55   40899    0.585065
1499791456      58   40958    0.585909
1499791457      55   41014    0.58671
1499791458      57   41072    0.58754
1499791459      56   41128    0.588341
1499791460      56   41185    0.589156
1499791461      57   41242    0.589972
1499791462      58   41300    0.590801
1499791463      56   41357    0.591617
1499791464      54   41411    0.592389
1499791465      53   41465    0.593162
1499791466      56   41522    0.593977
1499791467      55   41578    0.594778
1499791468      57   41635    0.595593
1499791469      56   41692    0.596409
1499791470      41   41733    0.596995
1499791471      52   41786    0.597754
1499791472      53   41840    0.598526
1499791473      56   41896    0.599327
1499791474      55   41951    0.600114
1499791475      52   42004    0.600872
1499791476      54   42059    0.601659
1499791477      53   42113    0.602431
1499791478      53   42167    0.603204
1499791479      52   42220    0.603962
1499791480      52   42272    0.604706
1499791481      47   42320    0.605392
1499791482      50   42370    0.606108
1499791483      49   42419    0.606809
1499791484      53   42472    0.607567
1499791485      58   42530    0.608397
1499791486      54   42584    0.609169
1499791487      56   42641    0.609984
1499791488      39   42680    0.610542
1499791489      55   42736    0.611343
1499791490      55   42791    0.61213
1499791491      48   42840    0.612831
1499791492      56   42897    0.613647
1499791493      54   42952    0.614433
1499791494      56   43009    0.615249
1499791495      55   43064    0.616035
1499791496      51   43115    0.616765
1499791497      55   43171    0.617566
1499791498      54   43226    0.618353
1499791499      54   43281    0.61914
1499791500      55   43337    0.619941
1499791501      55   43392    0.620728
1499791502      57   43450    0.621557
1499791503      54   43504    0.62233
1499791504      55   43560    0.623131
1499791505      53   43613    0.623889
1499791506      37   43651    0.624433
1499791507      53   43704    0.625191
1499791508      53   43757    0.625949
1499791509      57   43814    0.626764
1499791510      56   43870    0.627565
1499791511      56   43926    0.628366
1499791512      53   43979    0.629125
1499791513      48   44027    0.629811
1499791514      55   44082    0.630598
1499791515      54   44136    0.631371
1499791516      54   44191    0.632157
1499791517      54   44245    0.63293
1499791518      51   44297    0.633674
1499791520      51   44350    0.634432
1499791521      56   44407    0.635247
1499791522      52   44459    0.635991
1499791523      54   44514    0.636778
1499791524      51   44566    0.637522
1499791525      39   44605    0.63808
1499791526      53   44659    0.638852
1499791527      54   44713    0.639625
1499791528      54   44768    0.640411
1499791529      55   44824    0.641212
1499791530      54   44878    0.641985
1499791531      55   44934    0.642786
1499791532      55   44989    0.643573
1499791533      50   45039    0.644288
1499791534      56   45095    0.645089
1499791535      53   45149    0.645862
1499791536      57   45206    0.646677
1499791537      56   45262    0.647478
1499791538      53   45316    0.648251
1499791539      53   45369    0.649009
1499791540      53   45422    0.649767
1499791541      56   45478    0.650568
1499791542      41   45519    0.651155
1499791543      56   45576    0.65197
1499791544      56   45632    0.652771
1499791545      55   45688    0.653572
1499791546      57   45745    0.654387
1499791547      57   45802    0.655203
1499791548      47   45849    0.655875
1499791549      52   45902    0.656633
1499791550      49   45951    0.657334
1499791551      56   46008    0.65815
1499791552      55   46064    0.658951
1499791553      56   46121    0.659766
1499791554      57   46179    0.660596
1499791555      54   46233    0.661368
1499791556      51   46284    0.662098
1499791557      52   46336    0.662842
1499791558      53   46389    0.6636
1499791559      51   46441    0.664344
1499791560      39   46480    0.664902
1499791561      50   46530    0.665617
1499791562      48   46579    0.666318
1499791563      52   46631    0.667062
1499791564      52   46684    0.66782
1499791565      57   46741    0.668635
1499791566      56   46798    0.669451
1499791567      56   46855    0.670266
1499791568      55   46911    0.671067
1499791569      51   46962    0.671797
1499791570      55   47018    0.672598
1499791571      53   47072    0.67337
1499791572      54   47127    0.674157
1499791573      50   47177    0.674872
1499791574      54   47231    0.675645
1499791575      55   47286    0.676432
1499791576      54   47341    0.677218
1499791577      48   47390    0.677919
1499791578      32   47423    0.678391
1499791579      50   47473    0.679107
1499791580      49   47523    0.679822
1499791581      49   47572    0.680523
1499791582      50   47623    0.681252
1499791583      50   47674    0.681982
1499791584      51   47726    0.682726
1499791585      51   47777    0.683455
1499791586      52   47829    0.684199
1499791587      49   47878    0.6849
1499791588      48   47926    0.685587
1499791589      50   47977    0.686316
1499791590      46   48023    0.686975
1499791591      48   48072    0.687675
1499791592      50   48122    0.688391
1499791593      50   48173    0.68912
1499791594      48   48221    0.689807
1499791595      49   48271    0.690522
1499791596      52   48324    0.69128
1499791597      40   48370    0.691938
1499791598      49   48420    0.692654
1499791599      48   48469    0.693355
1499791600      50   48520    0.694084
1499791601      51   48571    0.694814
1499791602      51   48622    0.695543
1499791603      49   48671    0.696244
1499791604      49   48720    0.696945
1499791605      52   48772    0.697689
1499791606      52   48825    0.698447
1499791607      51   48877    0.699191
1499791608      52   48930    0.699949
1499791609      53   48983    0.700707
1499791610      50   49033    0.701423
1499791611      52   49085    0.702167
1499791613      51   49137    0.70291
1499791614      51   49189    0.703654
1499791615      46   49236    0.704327
1499791616      51   49288    0.70507
1499791617      36   49324    0.705585
1499791618      52   49376    0.706329
1499791619      51   49427    0.707059
1499791620      51   49479    0.707803
1499791621      51   49531    0.708547
1499791622      52   49584    0.709305
1499791623      52   49637    0.710063
1499791624      52   49689    0.710807
1499791625      53   49742    0.711565
1499791626      49   49792    0.71228
1499791627      51   49843    0.71301
1499791628      51   49894    0.713739
1499791629      50   49945    0.714469
1499791630      51   49997    0.715213
1499791631      52   50049    0.715957
1499791632      51   50100    0.716686
1499791633      49   50149    0.717387
1499791634      51   50201    0.718131
1499791635      40   50252    0.718861
1499791636      52   50304    0.719604
1499791637      52   50356    0.720348
1499791638      51   50407    0.721078
1499791639      49   50457    0.721793
1499791640      50   50507    0.722508
1499791641      51   50558    0.723238
1499791642      50   50609    0.723968
1499791643      50   50659    0.724683
1499791644      51   50710    0.725412
1499791645      51   50761    0.726142
1499791646      49   50811    0.726857
1499791647      47   50858    0.72753
1499791648      52   50910    0.728273
1499791649      52   50962    0.729017
1499791650      49   51012    0.729733
1499791651      51   51064    0.730476
1499791652      46   51110    0.731134
1499791653      34   51145    0.731635
1499791654      46   51191    0.732293
1499791655      38   51229    0.732837
1499791656      53   51282    0.733595
1499791657      50   51333    0.734324
1499791658      47   51381    0.735011
1499791659      51   51433    0.735755
1499791660      51   51484    0.736485
1499791661      50   51535    0.737214
1499791662      36   51571    0.737729
1499791663      50   51622    0.738459
1499791664      43   51665    0.739074
1499791665      52   51718    0.739832
1499791666      50   51769    0.740561
1499791667      52   51821    0.741305
1499791668      52   51873    0.742049
1499791669      52   51925    0.742793
1499791670      52   51977    0.743537
1499791671      52   52029    0.744281
1499791672      50   52079    0.744996
1499791673      50   52129    0.745711
1499791674      32   52162    0.746183
1499791675      48   52210    0.74687
1499791676      51   52261    0.7476
1499791677      49   52310    0.748301
1499791678      51   52362    0.749044
1499791679      46   52408    0.749702
1499791680      50   52458    0.750418
1499791681      49   52508    0.751133
1499791682      51   52560    0.751877
1499791683      52   52612    0.752621
1499791684      49   52662    0.753336
1499791685      51   52713    0.754066
1499791686      52   52766    0.754824
1499791687      53   52820    0.755596
1499791688      53   52873    0.756354
1499791689      45   52919    0.757012
1499791690      51   52970    0.757742
1499791691      52   53023    0.7585
1499791692      52   53075    0.759244
1499791693      36   53111    0.759759
1499791694      50   53162    0.760489
1499791695      52   53215    0.761247
1499791696      51   53266    0.761976
1499791697      51   53317    0.762706
1499791699      49   53366    0.763407
1499791700      47   53414    0.764093
1499791701      49   53463    0.764794
1499791702      50   53513    0.76551
1499791703      50   53563    0.766225
1499791704      48   53612    0.766926
1499791705      48   53661    0.767627
1499791706      50   53711    0.768342
1499791707      48   53760    0.769043
1499791708      50   53810    0.769758
1499791709      49   53859    0.770459
1499791710      49   53909    0.771174
1499791711      49   53959    0.77189
1499791712      48   54008    0.772591
1499791713      36   54045    0.77312
1499791714      51   54096    0.773849
1499791715      49   54145    0.77455
1499791716      48   54194    0.775251
1499791717      50   54244    0.775967
1499791718      50   54294    0.776682
1499791719      49   54344    0.777397
1499791720      51   54395    0.778127
1499791721      51   54446    0.778856
1499791722      50   54497    0.779586
1499791723      49   54547    0.780301
1499791724      50   54598    0.781031
1499791725      50   54649    0.78176
1499791726      51   54700    0.78249
1499791727      50   54751    0.783219
1499791728      51   54802    0.783949
1499791729      50   54852    0.784664
1499791730      50   54902    0.785379
1499791731      50   54953    0.786109
1499791732      39   54999    0.786767
1499791733      51   55050    0.787497
1499791734      51   55101    0.788226
1499791735      50   55152    0.788956
1499791736      47   55201    0.789657
1499791737      38   55239    0.7902
1499791738      50   55289    0.790915
1499791739      49   55338    0.791616
1499791740      50   55389    0.792346
1499791741      52   55442    0.793104
1499791742      52   55494    0.793848
1499791743      50   55545    0.794578
1499791744      49   55594    0.795279
1499791745      50   55645    0.796008
1499791746      50   55697    0.796752
1499791747      48   55745    0.797439
1499791748      44   55789    0.798068
1499791749      48   55838    0.798769
1499791750      49   55887    0.79947
1499791751      50   55938    0.8002
1499791752      33   55971    0.800672
1499791753      51   56023    0.801415
1499791754      50   56073    0.802131
1499791755      49   56123    0.802846
1499791756      51   56174    0.803576
1499791757      50   56224    0.804291
1499791758      50   56275    0.80502
1499791759      48   56324    0.805721
1499791760      39   56364    0.806293
1499791761      50   56414    0.807009
1499791762      51   56465    0.807738
1499791763      48   56513    0.808425
1499791764      52   56565    0.809169
1499791765      50   56616    0.809898
1499791766      50   56666    0.810614
1499791767      51   56718    0.811357
1499791768      51   56770    0.812101
1499791769      48   56818    0.812788
1499791770      51   56870    0.813532
1499791771      36   56906    0.814047
1499791772      51   56958    0.814791
1499791773      49   57008    0.815506
1499791774      48   57057    0.816207
1499791775      53   57110    0.816965
1499791777      51   57162    0.817709
1499791778      49   57212    0.818424
1499791779      48   57261    0.819125
1499791780      47   57309    0.819812
1499791781      50   57360    0.820541
1499791782      46   57406    0.821199
1499791783      52   57459    0.821958
1499791784      52   57512    0.822716
1499791785      52   57564    0.82346
1499791786      50   57615    0.824189
1499791787      48   57664    0.82489
1499791788      49   57714    0.825605
1499791789      48   57763    0.826306
1499791790      48   57812    0.827007
1499791791      35   57848    0.827522
1499791792      51   57899    0.828252
1499791793      49   57948    0.828953
1499791794      52   58001    0.829711
1499791795      50   58051    0.830426
1499791796      50   58101    0.831141
1499791797      50   58151    0.831857
1499791798      45   58196    0.8325
1499791799      50   58247    0.83323
1499791800      44   58292    0.833874
1499791801      44   58337    0.834517
1499791802      47   58385    0.835204
1499791803      50   58435    0.835919
1499791804      51   58487    0.836663
1499791805      51   58539    0.837407
1499791806      48   58587    0.838094
1499791807      50   58637    0.838809
1499791808      51   58688    0.839539
1499791809      45   58734    0.840197
1499791810      43   58778    0.840826
1499791811      33   58811    0.841298
1499791812      50   58861    0.842013
1499791813      45   58906    0.842657
1499791814      48   58955    0.843358
1499791815      47   59002    0.84403
1499791816      43   59045    0.844646
1499791817      51   59096    0.845375
1499791818      48   59145    0.846076
1499791819      51   59197    0.84682
1499791820      48   59245    0.847507
1499791821      52   59297    0.84825
1499791822      51   59348    0.84898
1499791823      49   59397    0.849681
1499791824      46   59444    0.850353
1499791825      51   59495    0.851083
1499791826      50   59545    0.851798
1499791827      52   59597    0.852542
1499791828      50   59647    0.853257
1499791829      48   59695    0.853944
1499791830      49   59744    0.854645
1499791831      34   59778    0.855131
1499791832      47   59826    0.855818
1499791833      51   59878    0.856562
1499791834      47   59926    0.857248
1499791835      48   59974    0.857935
1499791836      50   60025    0.858665
1499791837      51   60076    0.859394
1499791838      51   60128    0.860138
1499791839      49   60177    0.860839
1499791840      49   60226    0.86154
1499791841      49   60275    0.862241
1499791842      43   60318    0.862856
1499791843      47   60366    0.863543
1499791844      46   60413    0.864215
1499791845      47   60460    0.864887
1499791846      50   60510    0.865602
1499791847      47   60557    0.866275
1499791848      49   60606    0.866976
1499791849      51   60657    0.867705
1499791850      33   60691    0.868192
1499791851      50   60741    0.868907
1499791852      51   60792    0.869637
1499791853      51   60844    0.87038
1499791854      50   60895    0.87111
1499791855      47   60943    0.871797
1499791856      50   60994    0.872526
1499791857      48   61043    0.873227
1499791858      48   61092    0.873928
1499791859      43   61135    0.874543
1499791860      47   61183    0.87523
1499791861      50   61234    0.875959
1499791862      51   61285    0.876689
1499791863      48   61334    0.87739
1499791864      46   61380    0.878048
1499791865      49   61429    0.878749
1499791866      50   61479    0.879464
1499791867      46   61526    0.880136
1499791868      51   61577    0.880866
1499791870      41   61628    0.881596
1499791871      45   61674    0.882254
1499791872      51   61726    0.882998
1499791873      51   61777    0.883727
1499791874      51   61829    0.884471
1499791875      49   61879    0.885186
1499791876      53   61932    0.885944
1499791877      51   61984    0.886688
1499791878      51   62035    0.887418
1499791879      52   62088    0.888176
1499791880      52   62141    0.888934
1499791881      50   62191    0.889649
1499791882      52   62243    0.890393
1499791883      50   62294    0.891123
1499791884      50   62345    0.891852
1499791885      47   62393    0.892539
1499791886      51   62444    0.893269
1499791887      42   62486    0.893869
1499791888      51   62538    0.894613
1499791889      37   62583    0.895257
1499791890      50   62634    0.895987
1499791891      51   62686    0.89673
1499791892      46   62732    0.897388
1499791893      50   62783    0.898118
1499791894      49   62832    0.898819
1499791895      46   62879    0.899491
1499791896      54   62933    0.900264
1499791897      48   62982    0.900965
1499791898      48   63031    0.901666
1499791899      51   63083    0.90241
1499791900      44   63127    0.903039
1499791901      48   63175    0.903726
1499791902      50   63225    0.904441
1499791903      51   63277    0.905185
1499791904      49   63326    0.905886
1499791905      51   63378    0.90663
1499791906      49   63428    0.907345
1499791907      47   63475    0.908017
1499791908      52   63527    0.908761
1499791909      38   63565    0.909305
1499791910      50   63616    0.910034
1499791911      47   63663    0.910707
1499791912      50   63713    0.911422
1499791913      49   63763    0.912137
1499791914      52   63815    0.912881
1499791915      52   63868    0.913639
1499791916      48   63917    0.91434
1499791917      50   63968    0.91507
1499791918      46   64014    0.915728
1499791919      46   64060    0.916386
1499791920      46   64107    0.917058
1499791921      50   64157    0.917773
1499791922      49   64206    0.918474
1499791923      50   64256    0.919189
1499791924      49   64306    0.919905
1499791925      51   64357    0.920634
1499791926      47   64404    0.921307
1499791927      48   64452    0.921993
1499791928      34   64487    0.922494
1499791929      47   64535    0.923181
1499791931      43   64579    0.92381
1499791932      49   64629    0.924525
1499791933      51   64680    0.925255
1499791934      52   64732    0.925999
1499791935      52   64784    0.926743
1499791936      51   64835    0.927472
1499791937      51   64886    0.928202
1499791938      50   64937    0.928931
1499791939      50   64988    0.929661
1499791940      49   65037    0.930362
1499791941      49   65086    0.931063
1499791942      50   65136    0.931778
1499791943      51   65188    0.932522
1499791944      52   65240    0.933266
1499791945      51   65292    0.93401
1499791946      51   65344    0.934753
1499791947      50   65395    0.935483
1499791948      36   65431    0.935998
1499791949      50   65482    0.936728
1499791950      50   65532    0.937443
1499791951      49   65582    0.938158
1499791952      51   65634    0.938902
1499791953      51   65686    0.939646
1499791954      52   65738    0.94039
1499791955      49   65787    0.941091
1499791956      49   65837    0.941806
1499791957      49   65886    0.942507
1499791958      49   65936    0.943222
1499791959      47   65983    0.943894
1499791960      50   66034    0.944624
1499791961      51   66086    0.945368
1499791962      41   66127    0.945954
1499791963      44   66172    0.946598
1499791964      45   66218    0.947256
1499791965      50   66269    0.947986
1499791966      49   66318    0.948687
1499791967      48   66367    0.949388
1499791968      35   66403    0.949903
1499791969      51   66455    0.950646
1499791970      45   66500    0.95129
1499791971      49   66549    0.951991
1499791972      48   66598    0.952692
1499791973      47   66646    0.953379
1499791974      49   66695    0.95408
1499791975      52   66747    0.954823
1499791976      49   66796    0.955524
1499791977      47   66844    0.956211
1499791978      49   66893    0.956912
1499791979      50   66943    0.957627
1499791980      51   66995    0.958371
1499791981      49   67045    0.959086
1499791982      50   67096    0.959816
1499791983      48   67144    0.960503
1499791984      44   67188    0.961132
1499791985      50   67238    0.961847
1499791986      47   67285    0.96252
1499791987      38   67330    0.963163
1499791988      51   67381    0.963893
1499791989      49   67430    0.964594
1499791990      47   67478    0.965281
1499791991      49   67527    0.965981
1499791992      49   67577    0.966697
1499791993      51   67629    0.967441
1499791994      51   67680    0.96817
1499791995      53   67733    0.968928
1499791996      51   67784    0.969658
1499791997      46   67830    0.970316
1499791998      49   67880    0.971031
1499791999      48   67929    0.971732
1499792000      49   67979    0.972447
1499792001      48   68028    0.973148
1499792002      47   68076    0.973835
1499792003      51   68127    0.974565
1499792004      47   68175    0.975251
1499792005      51   68226    0.975981
1499792006      36   68262    0.976496
1499792007      50   68312    0.977211
1499792008      50   68362    0.977926
1499792009      52   68414    0.97867
1499792010      49   68464    0.979385
1499792012      48   68513    0.980086
1499792013      50   68563    0.980802
1499792014      48   68611    0.981488
1499792015      50   68662    0.982218
1499792016      51   68714    0.982962
1499792017      47   68762    0.983648
1499792018      48   68810    0.984335
1499792019      49   68860    0.98505
1499792020      51   68912    0.985794
1499792021      51   68964    0.986538
1499792022      52   69016    0.987282
1499792023      52   69068    0.988026
1499792024      51   69121    0.988784
1499792025      52   69173    0.989528
1499792026      36   69212    0.990086
1499792027      50   69264    0.990829
1499792028      49   69313    0.99153
1499792029      49   69363    0.992246
1499792030      53   69416    0.993004
1499792031      49   69466    0.993719
1499792032      49   69515    0.99442
1499792033      48   69564    0.995121
1499792034      50   69615    0.995851
1499792035      50   69665    0.996566
1499792036      50   69715    0.997281
1499792037      50   69766    0.998011
1499792038      50   69817    0.99874
1499792039      49   69866    0.999441
1499792040      49   69916    1.00016
1499792041      50   69966    1.00087
1499792042      51   70018    1.00162
1499792043      49   70068    1.00233
1499792044      48   70117    1.00303
1499792045      40   70167    1.00375
1499792046      51   70219    1.00449
1499792047      50   70270    1.00522
1499792048      46   70316    1.00588
1499792049      49   70366    1.00659
1499792050      49   70416    1.00731
1499792051      49   70465    1.00801
1499792052      50   70515    1.00873
1499792053      48   70563    1.00941
1499792054      46   70610    1.01008
1499792055      48   70659    1.01079
1499792056      49   70709    1.0115
1499792057      51   70761    1.01224
1499792058      50   70811    1.01296
1499792059      49   70861    1.01367
1499792060      50   70911    1.01439
1499792061      47   70958    1.01506
1499792062      49   71008    1.01578
1499792063      50   71058    1.01649
1499792064      50   71108    1.01721
1499792065      36   71144    1.01772
1499792066      49   71194    1.01844
1499792067      49   71243    1.01914
1499792068      52   71295    1.01988
1499792069      49   71345    1.0206
1499792070      49   71394    1.0213
1499792071      51   71446    1.02204
1499792072      50   71497    1.02277
1499792074      50   71547    1.02349
1499792075      52   71600    1.02425
1499792076      50   71650    1.02496
1499792077      50   71701    1.02569
1499792078      50   71751    1.02641
1499792079      51   71802    1.02714
1499792080      48   71850    1.02782
1499792081      48   71898    1.02851
1499792082      49   71948    1.02922
1499792083      51   71999    1.02995
1499792084      40   72049    1.03067
1499792085      47   72097    1.03136
1499792086      49   72147    1.03207
1499792087      46   72193    1.03273
1499792088      47   72241    1.03342
1499792089      50   72292    1.03415
1499792090      49   72341    1.03485
1499792091      51   72393    1.03559
1499792092      51   72444    1.03632
1499792093      52   72496    1.03706
1499792094      51   72548    1.03781
1499792095      47   72595    1.03848
1499792096      51   72646    1.03921
1499792097      46   72693    1.03988
1499792098      50   72744    1.04061
1499792099      51   72795    1.04134
1499792100      51   72847    1.04208
1499792101      52   72899    1.04283
1499792102      52   72951    1.04357
1499792103      50   73002    1.0443
1499792104      37   73039    1.04483
1499792105      48   73088    1.04553
1499792106      51   73139    1.04626
1499792107      51   73191    1.04701
1499792108      49   73241    1.04772
1499792109      48   73289    1.04841
1499792110      51   73340    1.04914
1499792111      50   73391    1.04987
1499792112      50   73442    1.0506
1499792113      51   73493    1.05133
1499792114      51   73544    1.05206
1499792115      51   73595    1.05278
1499792116      51   73647    1.05353
1499792117      50   73698    1.05426
1499792118      50   73749    1.05499
1499792119      49   73799    1.0557
1499792120      50   73850    1.05643
1499792121      50   73901    1.05716
1499792122      51   73952    1.05789
1499792123      37   73989    1.05842
1499792124      47   74036    1.05909
1499792125      50   74086    1.05981
1499792126      50   74137    1.06054
1499792127      49   74186    1.06124
1499792128      50   74237    1.06197
1499792129      50   74288    1.0627
1499792130      48   74336    1.06339
1499792131      50   74387    1.06411
1499792132      50   74438    1.06484
1499792133      52   74490    1.06559
1499792134      52   74542    1.06633
1499792135      51   74593    1.06706
1499792136      50   74644    1.06779
1499792137      50   74695    1.06852
1499792138      49   74744    1.06922
1499792139      49   74793    1.06992
1499792140      51   74845    1.07067
1499792141      52   74897    1.07141
1499792142      38   74935    1.07195
1499792143      52   74987    1.0727
1499792144      41   75030    1.07331
1499792145      47   75078    1.074
1499792146      52   75130    1.07474
1499792147      49   75180    1.07546
1499792148      51   75231    1.07619
1499792149      50   75281    1.0769
1499792150      50   75332    1.07763
1499792152      50   75383    1.07836
1499792153      50   75434    1.07909
1499792154      51   75486    1.07984
1499792155      52   75538    1.08058
1499792156      47   75585    1.08125
1499792157      51   75637    1.082
1499792158      50   75687    1.08271
1499792159      51   75739    1.08346
1499792160      52   75791    1.0842
1499792161      49   75840    1.0849
1499792162      32   75872    1.08536
1499792163      50   75922    1.08607
1499792164      49   75971    1.08677
1499792165      47   76019    1.08746
1499792166      49   76068    1.08816
1499792167      51   76120    1.08891
1499792168      49   76170    1.08962
1499792169      48   76219    1.09032
1499792170      50   76270    1.09105
1499792171      49   76320    1.09177
1499792172      50   76370    1.09248
1499792173      49   76419    1.09318
1499792174      49   76468    1.09388
1499792175      49   76518    1.0946
1499792176      50   76568    1.09531
1499792177      46   76614    1.09597
1499792178      52   76666    1.09672
1499792179      52   76719    1.09747
1499792180      52   76772    1.09823
1499792181      37   76809    1.09876
1499792182      47   76858    1.09946
1499792183      52   76911    1.10022
1499792184      53   76964    1.10098
1499792185      52   77017    1.10174
1499792186      51   77068    1.10247
1499792187      53   77121    1.10322
1499792188      53   77175    1.104
1499792189      51   77226    1.10473
1499792190      50   77277    1.10546
1499792191      52   77330    1.10621
1499792192      52   77382    1.10696
1499792193      52   77434    1.1077
1499792194      51   77485    1.10843
1499792195      51   77536    1.10916
1499792196      51   77588    1.10991
1499792197      50   77639    1.11063
1499792198      49   77688    1.11134
1499792199      50   77738    1.11205
1499792200      37   77776    1.11259
1499792201      49   77825    1.1133
1499792202      51   77876    1.11403
1499792203      48   77924    1.11471
1499792204      50   77975    1.11544
1499792205      49   78024    1.11614
1499792206      51   78075    1.11687
1499792207      51   78127    1.11762
1499792208      48   78175    1.1183
1499792209      49   78225    1.11902
1499792210      50   78275    1.11973
1499792211      50   78325    1.12045
1499792212      50   78376    1.12118
1499792213      50   78426    1.12189
1499792214      50   78476    1.12261
1499792215      47   78524    1.12329
1499792216      51   78575    1.12402
1499792217      48   78623    1.12471
1499792218      48   78672    1.12541
1499792219      37   78709    1.12594
1499792220      48   78757    1.12663
1499792221      50   78807    1.12734
1499792222      49   78856    1.12804
1499792223      51   78908    1.12879
1499792224      49   78958    1.1295
1499792225      52   79010    1.13025
1499792226      46   79056    1.13091
1499792227      50   79106    1.13162
1499792228      49   79156    1.13234
1499792229      47   79203    1.13301
1499792230      48   79252    1.13371
1499792231      49   79301    1.13441
1499792232      50   79351    1.13513
1499792233      52   79403    1.13587
1499792234      50   79454    1.1366
1499792235      51   79506    1.13734
1499792236      52   79559    1.1381
1499792237      51   79610    1.13883
1499792238      36   79647    1.13936
1499792239      47   79694    1.14003
1499792240      52   79747    1.14079
1499792241      50   79798    1.14152
1499792242      51   79849    1.14225
1499792243      52   79901    1.14299
1499792244      51   79953    1.14374
1499792245      51   80005    1.14448
1499792246      51   80057    1.14522
1499792247      51   80108    1.14595
1499792248      51   80160    1.1467
1499792249      51   80212    1.14744
1499792250      49   80262    1.14816
1499792251      51   80313    1.14889
1499792252      51   80365    1.14963
1499792253      50   80416    1.15036
1499792254      50   80467    1.15109
1499792255      51   80518    1.15182
1499792256      47   80565    1.15249
1499792257      33   80599    1.15298
1499792258      49   80648    1.15368
1499792259      51   80699    1.15441
1499792261      49   80749    1.15512
1499792262      51   80800    1.15585
1499792263      50   80850    1.15657
1499792264      49   80899    1.15727
1499792265      50   80950    1.158
1499792266      49   81000    1.15871
1499792267      50   81050    1.15943
1499792268      52   81103    1.16019
1499792269      46   81150    1.16086
1499792270      51   81201    1.16159
1499792271      50   81251    1.1623
1499792272      50   81302    1.16303
1499792273      48   81351    1.16374
1499792274      48   81399    1.16442
1499792275      47   81446    1.16509
1499792276      49   81495    1.1658
1499792277      35   81543    1.16648
1499792278      50   81594    1.16721
1499792279      49   81644    1.16793
1499792280      51   81695    1.16866
1499792281      51   81746    1.16939
1499792282      48   81795    1.17009
1499792283      50   81846    1.17082
1499792284      51   81898    1.17156
1499792285      51   81949    1.17229
1499792286      48   81998    1.17299
1499792287      51   82049    1.17372
1499792288      50   82100    1.17445
1499792289      51   82152    1.17519
1499792290      51   82203    1.17592
1499792291      52   82256    1.17668
1499792292      51   82308    1.17743
1499792293      52   82361    1.17818
1499792294      50   82412    1.17891
1499792295      52   82465    1.17967
1499792296      33   82498    1.18014
1499792297      51   82550    1.18089
1499792298      50   82601    1.18162
1499792299      52   82654    1.18237
1499792300      51   82705    1.1831
1499792301      52   82758    1.18386
1499792302      52   82810    1.18461
1499792303      51   82862    1.18535
1499792304      51   82914    1.18609
1499792305      52   82966    1.18684
1499792306      46   83013    1.18751
1499792307      51   83064    1.18824
1499792308      49   83114    1.18896
1499792309      50   83165    1.18968
1499792310      51   83216    1.19041
1499792311      50   83266    1.19113
1499792312      50   83317    1.19186
1499792313      49   83367    1.19257
1499792314      51   83418    1.1933
1499792315      35   83454    1.19382
1499792316      50   83504    1.19453
1499792317      50   83554    1.19525
1499792318      51   83605    1.19598
1499792319      48   83654    1.19668
1499792321      50   83705    1.19741
1499792322      44   83749    1.19804
1499792323      50   83800    1.19877
1499792324      46   83847    1.19944
1499792325      49   83897    1.20016
1499792326      50   83947    1.20087
1499792327      51   83999    1.20162
1499792328      51   84051    1.20236
1499792329      51   84103    1.2031
1499792330      51   84155    1.20385
1499792331      51   84207    1.20459
1499792332      52   84259    1.20533
1499792333      51   84311    1.20608
1499792334      50   84362    1.20681
1499792335      37   84399    1.20734
1499792336      48   84448    1.20804
1499792337      47   84495    1.20871
1499792338      52   84547    1.20945
1499792339      51   84599    1.2102
1499792340      51   84650    1.21093
1499792341      51   84702    1.21167
1499792342      50   84753    1.2124
1499792343      50   84803    1.21312
1499792344      46   84849    1.21377
1499792345      52   84901    1.21452
1499792346      51   84953    1.21526
1499792347      51   85005    1.21601
1499792348      51   85057    1.21675
1499792349      50   85108    1.21748
1499792350      50   85158    1.21819
1499792351      49   85208    1.21891
1499792352      49   85258    1.21963
1499792353      52   85310    1.22037
1499792354      38   85348    1.22091
1499792355      49   85397    1.22161
1499792356      49   85447    1.22233
1499792357      49   85496    1.22303
1499792358      52   85548    1.22377
1499792359      48   85596    1.22446
1499792360      49   85646    1.22518
1499792361      51   85698    1.22592
1499792362      51   85749    1.22665
1499792363      49   85799    1.22736
1499792364      50   85849    1.22808
1499792365      51   85900    1.22881
1499792366      48   85948    1.2295
1499792367      48   85997    1.2302
1499792368      49   86047    1.23091
1499792369      52   86099    1.23166
1499792370      51   86151    1.2324
1499792371      52   86203    1.23314
1499792372      50   86254    1.23387
1499792373      35   86290    1.23439
1499792374      49   86340    1.2351
1499792375      49   86389    1.2358
1499792376      48   86437    1.23649
1499792377      49   86487    1.23721
1499792378      51   86538    1.23794
1499792379      52   86590    1.23868
1499792380      52   86643    1.23944
1499792381      46   86691    1.24012
1499792382      45   86737    1.24078
1499792383      48   86785    1.24147
1499792384      51   86836    1.2422
1499792385      52   86888    1.24294
1499792386      52   86940    1.24369
1499792387      51   86992    1.24443
1499792388      47   87039    1.2451
1499792389      52   87091    1.24585
1499792390      51   87142    1.24658
1499792391      50   87193    1.24731
1499792392      36   87229    1.24782
1499792393      50   87279    1.24854
1499792394      51   87331    1.24928
1499792395      51   87382    1.25001
1499792396      50   87432    1.25072
1499792397      52   87484    1.25147
1499792398      52   87536    1.25221
1499792399      52   87588    1.25296
1499792400      52   87641    1.25371
1499792401      49   87691    1.25443
1499792402      50   87742    1.25516
1499792403      48   87791    1.25586
1499792404      52   87843    1.2566
1499792405      51   87894    1.25733
1499792406      49   87944    1.25805
1499792407      50   87994    1.25876
1499792408      51   88046    1.25951
1499792409      51   88098    1.26025
1499792410      52   88150    1.261
1499792411      38   88188    1.26154
1499792412      51   88239    1.26227
1499792413      51   88290    1.263
1499792414      50   88341    1.26373
1499792415      49   88391    1.26444
1499792416      50   88441    1.26516
1499792417      50   88491    1.26587
1499792418      50   88542    1.2666
1499792419      49   88592    1.26732
1499792421      49   88642    1.26803
1499792422      44   88688    1.26869
1499792423      50   88739    1.26942
1499792424      52   88791    1.27017
1499792425      49   88841    1.27088
1499792426      48   88890    1.27158
1499792427      50   88940    1.2723
1499792428      51   88992    1.27304
1499792429      48   89040    1.27373
1499792430      50   89090    1.27444
1499792431      35   89127    1.27497
1499792432      53   89180    1.27573
1499792433      52   89233    1.27649
1499792434      51   89284    1.27722
1499792435      53   89338    1.27799
1499792436      51   89389    1.27872
1499792437      55   89445    1.27952
1499792438      55   89501    1.28032
1499792439      56   89557    1.28112
1499792440      54   89611    1.2819
1499792441      51   89663    1.28264
1499792442      50   89714    1.28337
1499792443      54   89769    1.28416
1499792444      54   89824    1.28494
1499792445      53   89878    1.28572
1499792446      54   89932    1.28649
1499792447      52   89984    1.28723
1499792448      51   90035    1.28796
1499792449      41   90082    1.28863
1499792450      53   90135    1.28939
1499792451      54   90189    1.29016
1499792452      55   90244    1.29095
1499792453      52   90296    1.29169
1499792454      52   90349    1.29245
1499792455      55   90404    1.29324
1499792456      53   90457    1.294
1499792457      51   90509    1.29474
1499792458      53   90562    1.2955
1499792459      50   90613    1.29623
1499792460      53   90666    1.29699
1499792461      52   90718    1.29773
1499792462      51   90770    1.29848
1499792463      50   90821    1.2992
1499792464      52   90873    1.29995
1499792465      53   90927    1.30072
1499792466      54   90981    1.30149
1499792467      37   91018    1.30202
1499792468      52   91070    1.30277
1499792469      51   91122    1.30351
1499792470      51   91173    1.30424
1499792471      51   91224    1.30497
1499792472      52   91277    1.30573
1499792473      49   91327    1.30644
1499792474      52   91380    1.3072
1499792475      53   91434    1.30797
1499792476      51   91486    1.30872
1499792477      52   91538    1.30946
1499792478      52   91590    1.31021
1499792479      51   91642    1.31095
1499792480      46   91690    1.31164
1499792481      49   91739    1.31234
1499792482      52   91791    1.31308
1499792483      51   91842    1.31381
1499792484      52   91895    1.31457
1499792485      51   91947    1.31531
1499792486      38   91986    1.31587
1499792487      49   92035    1.31657
1499792488      51   92087    1.31732
1499792489      49   92137    1.31803
1499792490      52   92189    1.31877
1499792491      50   92239    1.31949
1499792492      52   92292    1.32025
1499792493      52   92345    1.32101
1499792494      51   92397    1.32175
1499792495      53   92450    1.32251
1499792496      51   92501    1.32324
1499792497      54   92556    1.32402
1499792498      50   92607    1.32475
1499792499      54   92662    1.32554
1499792500      51   92714    1.32628
1499792501      55   92769    1.32707
1499792503      53   92823    1.32784
1499792504      53   92876    1.3286
1499792505      36   92919    1.32922
1499792506      48   92967    1.3299
1499792507      50   93017    1.33062
1499792508      54   93071    1.33139
1499792509      53   93124    1.33215
1499792510      53   93178    1.33292
1499792511      52   93230    1.33367
1499792512      51   93282    1.33441
1499792513      47   93330    1.3351
1499792514      52   93382    1.33584
1499792515      53   93435    1.3366
1499792516      53   93488    1.33736
1499792517      52   93540    1.3381
1499792518      53   93593    1.33886
1499792519      52   93645    1.3396
1499792520      52   93698    1.34036
1499792521      48   93746    1.34105
1499792522      52   93799    1.34181
1499792523      52   93852    1.34256
1499792524      40   93892    1.34314
1499792525      52   93945    1.34389
1499792526      53   93999    1.34467
1499792527      52   94051    1.34541
1499792528      52   94103    1.34615
1499792529      54   94158    1.34694
1499792530      50   94209    1.34767
1499792531      53   94263    1.34844
1499792532      51   94315    1.34919
1499792533      53   94368    1.34995
1499792534      53   94421    1.3507
1499792535      52   94474    1.35146
1499792536      55   94529    1.35225
1499792537      50   94579    1.35296
1499792538      52   94631    1.35371
1499792539      54   94685    1.35448
1499792540      53   94739    1.35525
1499792541      53   94792    1.35601
1499792542      36   94828    1.35653
1499792543      51   94879    1.35725
1499792544      52   94932    1.35801
1499792545      52   94984    1.35876
1499792546      50   95034    1.35947
1499792547      52   95087    1.36023
1499792548      51   95138    1.36096
1499792549      53   95191    1.36172
1499792550      52   95244    1.36248
1499792551      53   95298    1.36325
1499792552      53   95352    1.36402
1499792553      52   95405    1.36478
1499792554      53   95459    1.36555
1499792555      48   95507    1.36624
1499792556      50   95558    1.36697
1499792557      53   95611    1.36773
1499792558      54   95665    1.3685
1499792559      53   95719    1.36927
1499792560      39   95759    1.36984
1499792561      51   95811    1.37059
1499792562      52   95865    1.37136
1499792563      53   95919    1.37213
1499792564      52   95972    1.37289
1499792565      49   96021    1.37359
1499792566      52   96074    1.37435
1499792567      52   96127    1.37511
1499792568      52   96180    1.37587
1499792569      54   96234    1.37664
1499792570      49   96284    1.37735
1499792571      48   96333    1.37805
1499792572      54   96387    1.37883
1499792573      54   96442    1.37961
1499792574      54   96497    1.3804
1499792575      53   96551    1.38117
1499792576      51   96603    1.38192
1499792577      51   96655    1.38266
1499792578      52   96707    1.3834
1499792579      35   96742    1.38391
1499792580      54   96796    1.38468
1499792581      52   96848    1.38542
1499792582      53   96901    1.38618
1499792583      53   96954    1.38694
1499792584      54   97009    1.38772
1499792585      52   97061    1.38847
1499792586      53   97115    1.38924
1499792587      54   97170    1.39003
1499792588      55   97225    1.39081
1499792589      55   97280    1.3916
1499792591      54   97335    1.39239
1499792592      55   97390    1.39318
1499792593      52   97443    1.39393
1499792594      52   97495    1.39468
1499792595      53   97549    1.39545
1499792596      50   97599    1.39616
1499792597      52   97651    1.39691
1499792598      39   97690    1.39747
1499792599      52   97742    1.39821
1499792600      54   97796    1.39898
1499792601      54   97850    1.39976
1499792602      50   97900    1.40047
1499792603      51   97951    1.4012
1499792604      51   98003    1.40194
1499792605      53   98057    1.40272
1499792606      54   98111    1.40349
1499792607      54   98165    1.40426
1499792608      53   98218    1.40502
1499792609      53   98271    1.40578
1499792610      55   98327    1.40658
1499792611      53   98380    1.40734
1499792612      52   98433    1.4081
1499792613      54   98487    1.40887
1499792614      54   98542    1.40965
1499792615      41   98593    1.41038
1499792616      52   98645    1.41113
1499792617      52   98698    1.41189
1499792618      52   98751    1.41264
1499792619      53   98804    1.4134
1499792620      52   98856    1.41415
1499792621      53   98910    1.41492
1499792622      52   98962    1.41566
1499792623      50   99012    1.41638
1499792624      46   99059    1.41705
1499792625      49   99109    1.41777
1499792626      53   99162    1.41852
1499792627      50   99213    1.41925
1499792628      52   99265    1.42
1499792629      53   99319    1.42077
1499792630      52   99372    1.42153
1499792631      52   99425    1.42229
1499792632      53   99478    1.42304
1499792633      52   99530    1.42379
1499792634      38   99568    1.42433
1499792635      52   99620    1.42508
1499792636      53   99674    1.42585
1499792637      53   99727    1.42661
1499792638      54   99782    1.42739
1499792639      53   99835    1.42815
1499792640      55   99891    1.42895
1499792641      55   99947    1.42975
1499792642      53   100001    1.43053
1499792643      54   100056    1.43131
1499792644      54   100111    1.4321
1499792645      56   100168    1.43291
1499792646      56   100224    1.43372
1499792647      52   100277    1.43447
1499792648      55   100333    1.43528
1499792649      53   100386    1.43603
1499792650      53   100440    1.43681
1499792651      53   100494    1.43758
1499792652      39   100534    1.43815
1499792653      53   100587    1.43891
1499792654      52   100639    1.43965
1499792655      55   100694    1.44044
1499792656      55   100749    1.44123
1499792657      54   100803    1.442
1499792658      53   100857    1.44277
1499792659      54   100911    1.44354
1499792660      53   100964    1.4443
1499792661      54   101018    1.44507
1499792662      53   101072    1.44585
1499792663      49   101122    1.44656
1499792664      53   101176    1.44733
1499792665      53   101230    1.44811
1499792666      54   101284    1.44888
1499792667      54   101339    1.44967
1499792668      54   101393    1.45044
1499792669      48   101442    1.45114
1499792670      39   101482    1.45171
1499792671      52   101534    1.45246
1499792672      55   101589    1.45324
1499792673      54   101644    1.45403
1499792674      56   101700    1.45483
1499792675      56   101757    1.45565
1499792676      53   101810    1.4564
1499792677      55   101865    1.45719
1499792678      51   101916    1.45792
1499792679      54   101970    1.45869
1499792681      54   102024    1.45947
1499792682      53   102077    1.46022
1499792683      53   102130    1.46098
1499792684      53   102183    1.46174
1499792685      55   102238    1.46253
1499792686      56   102294    1.46333
1499792687      52   102347    1.46409
1499792688      38   102385    1.46463
1499792689      40   102425    1.4652
1499792690      53   102479    1.46597
1499792691      53   102533    1.46675
1499792692      53   102586    1.4675
1499792693      52   102638    1.46825
1499792694      54   102692    1.46902
1499792695      50   102743    1.46975
1499792696      53   102796    1.47051
1499792697      55   102851    1.4713
1499792698      56   102908    1.47211
1499792699      54   102963    1.4729
1499792700      52   103016    1.47366
1499792701      54   103070    1.47443
1499792702      53   103123    1.47519
1499792703      54   103178    1.47597
1499792704      54   103233    1.47676
1499792705      55   103288    1.47755
1499792706      44   103340    1.47829
1499792707      54   103394    1.47906
1499792708      52   103447    1.47982
1499792709      55   103502    1.48061
1499792710      53   103555    1.48137
1499792711      55   103611    1.48217
1499792712      54   103666    1.48295
1499792713      54   103721    1.48374
1499792714      55   103777    1.48454
1499792715      53   103831    1.48531
1499792716      55   103886    1.4861
1499792717      52   103939    1.48686
1499792718      54   103993    1.48763
1499792719      53   104047    1.4884
1499792720      54   104101    1.48918
1499792721      47   104149    1.48986
1499792722      53   104203    1.49064
1499792723      54   104257    1.49141
1499792724      39   104296    1.49197
1499792725      51   104348    1.49271
1499792726      53   104402    1.49348
1499792727      56   104458    1.49428
1499792728      53   104511    1.49504
1499792729      52   104564    1.4958
1499792730      53   104618    1.49657
1499792731      52   104671    1.49733
1499792732      52   104723    1.49807
1499792733      54   104778    1.49886
1499792734      53   104831    1.49962
1499792735      50   104882    1.50035
1499792736      50   104932    1.50106
1499792737      52   104984    1.50181
1499792738      53   105037    1.50257
1499792739      52   105089    1.50331
1499792740      53   105142    1.50407
1499792741      52   105195    1.50483
1499792742      43   105250    1.50561
1499792743      53   105303    1.50637
1499792744      53   105357    1.50714
1499792745      55   105413    1.50795
1499792746      54   105467    1.50872
1499792747      55   105522    1.5095
1499792748      55   105577    1.51029
1499792750      54   105632    1.51108
1499792751      49   105682    1.51179
1499792752      51   105734    1.51254
1499792753      54   105788    1.51331
1499792754      54   105843    1.5141
1499792755      52   105895    1.51484
1499792756      51   105946    1.51557
1499792757      53   106000    1.51634
1499792758      52   106052    1.51709
1499792759      52   106104    1.51783
1499792760      52   106156    1.51857
1499792761      38   106194    1.51912
1499792762      49   106243    1.51982
1499792763      54   106298    1.52061
1499792764      53   106352    1.52138
1499792765      54   106407    1.52216
1499792766      54   106462    1.52295
1499792767      52   106514    1.52369
1499792768      55   106569    1.52448
1499792769      55   106624    1.52527
