1485168118      1470   1471    0.0112228
1485168119      1475   2946    0.0224762
1485168120      1458   4404    0.0335999
1485168121      1432   5836    0.0445251
1485168122      943   6816    0.052002
1485168123      1226   8042    0.0613556
1485168124      917   8961    0.068367
1485168125      1088   10049    0.0766678
1485168126      680   10771    0.0821762
1485168127      1227   11998    0.0915375
1485168128      804   12916    0.0985413
1485168129      986   13902    0.106064
1485168130      1000   15061    0.114906
1485168131      985   16046    0.122421
1485168132      744   16871    0.128716
1485168133      1228   18099    0.138084
1485168134      854   19016    0.145081
1485168135      1219   20235    0.154381
1485168137      841   21161    0.161446
1485168138      924   22085    0.168495
1485168139      791   22971    0.175255
1485168140      1226   24197    0.184608
1485168141      833   25116    0.19162
1485168142      1215   26331    0.20089
1485168143      898   27229    0.207741
1485168144      985   28356    0.216339
1485168145      1099   29455    0.224724
1485168146      966   30501    0.232704
1485168147      1221   31722    0.24202
1485168148      685   32407    0.247246
1485168149      1131   33538    0.255875
1485168150      897   34456    0.262878
1485168151      1110   35566    0.271347
1485168153      668   36601    0.279243
1485168154      990   37591    0.286797
1485168155      834   38425    0.293159
1485168156      1091   39516    0.301483
1485168157      895   40556    0.309418
1485168158      1226   41782    0.318771
1485168159      849   42701    0.325783
1485168160      928   43629    0.332863
1485168161      798   44511    0.339592
1485168162      1228   45739    0.348961
1485168163      930   46669    0.356056
1485168164      1199   47868    0.365204
1485168165      916   48784    0.372192
1485168166      981   49896    0.380676
1485168167      1216   51112    0.389954
1485168168      932   52044    0.397064
1485168169      1221   53265    0.40638
1485168170      900   54165    0.413246
1485168171      979   55281    0.421761
1485168172      1224   56505    0.431099
1485168173      920   57426    0.438126
1485168174      1216   58642    0.447403
1485168175      914   59556    0.454376
1485168176      977   60666    0.462845
1485168177      1226   61892    0.472198
1485168178      939   62831    0.479362
1485168179      1013   63844    0.487091
1485168180      704   64621    0.493019
1485168181      1228   65849    0.502388
1485168183      820   66766    0.509384
1485168184      932   67698    0.516495
1485168185      1128   68826    0.525101
1485168186      768   69626    0.531204
1485168187      863   70721    0.539558
1485168188      1214   71935    0.54882
1485168189      819   72866    0.555923
1485168190      1224   74090    0.565262
1485168191      802   75011    0.572289
1485168192      862   76106    0.580643
1485168193      1226   77332    0.589996
1485168195      804   78251    0.597008
1485168196      1187   79438    0.606064
1485168197      849   80396    0.613373
1485168198      927   81323    0.620445
1485168199      785   82206    0.627182
1485168200      1229   83435    0.636559
1485168201      940   84375    0.64373
1485168202      1220   85595    0.653038
1485168203      499   86161    0.657356
1485168204      1217   87378    0.666641
1485168205      933   88311    0.673759
1485168206      1223   89534    0.68309
1485168207      917   90451    0.690086
1485168208      999   91450    0.697708
1485168209      705   92261    0.703896
1485168210      1000   93261    0.711525
1485168211      887   94406    0.720261
1485168212      1231   95637    0.729652
1485168214      805   96551    0.736626
1485168215      647   97646    0.74498
1485168216      1175   98821    0.753944
1485168217      866   99791    0.761345
1485168218      992   100783    0.768913
1485168220      878   101936    0.77771
1485168221      980   102916    0.785187
1485168222      774   103746    0.791519
1485168223      1226   104972    0.800873
1485168224      800   105891    0.807884
1485168225      1018   106909    0.815651
1485168226      904   107813    0.822548
1485168227      1011   108824    0.830261
1485168228      852   109846    0.838058
1485168229      1219   111065    0.847359
1485168230      820   111991    0.854424
1485168231      969   113086    0.862778
1485168232      1210   114296    0.872009
1485168233      916   115231    0.879143
1485168234      1106   116337    0.887581
1485168235      972   117376    0.895508
1485168236      978   118354    0.902969
1485168238      776   119186    0.909317
1485168239      1174   120360    0.918274
1485168240      796   121331    0.925682
1485168241      1210   122541    0.934914
1485168242      808   123476    0.942047
1485168243      848   124571    0.950401
1485168244      1144   125715    0.959129
1485168245      864   126716    0.966766
1485168246      1108   127824    0.97522
1485168248      811   128861    0.983131
1485168249      755   129616    0.988892
1485168250      856   130671    0.996941
1485168251      1205   131877    1.00614
1485168252      798   132816    1.01331
1485168253      882   133698    1.02003
1485168254      918   134626    1.02711
1485168255      1012   135638    1.03484
1485168256      884   136771    1.04348
1485168257      1229   138000    1.05286
1485168259      757   138916    1.05984
1485168260      1001   139917    1.06748
1485168261      724   140726    1.07365
1485168262      1091   141817    1.08198
1485168263      863   142871    1.09002
1485168264      1026   143897    1.09785
1485168265      914   145016    1.10638
1485168266      942   146111    1.11474
1485168267      1116   147227    1.12325
1485168268      866   148256    1.1311
1485168269      1152   149408    1.13989
1485168271      805   150401    1.14747
1485168272      920   151321    1.15449
1485168273      682   152211    1.16128
1485168274      1190   153401    1.17036
1485168275      744   154356    1.17764
1485168277      515   155071    1.1831
1485168278      769   156166    1.19145
1485168279      1138   157304    1.20013
1485168280      987   158291    1.20766
1485168281      704   159026    1.21327
1485168282      1086   160112    1.22156
1485168283      961   161073    1.22889
1485168284      679   161752    1.23407
1485168285      1150   162902    1.24284
1485168286      754   163696    1.2489
1485168287      1215   164911    1.25817
1485168288      792   165841    1.26527
1485168289      1048   166889    1.27326
1485168290      887   167776    1.28003
1485168291      1051   168827    1.28805
1485168292      854   169796    1.29544
1485168293      1215   171011    1.30471
1485168295      790   171941    1.31181
1485168296      947   173036    1.32016
1485168297      1080   174116    1.3284
1485168298      958   175181    1.33652
1485168299      1198   176379    1.34566
1485168300      819   177326    1.35289
1485168301      830   178421    1.36124
1485168302      1199   179620    1.37039
1485168303      842   180566    1.37761
1485168304      1206   181772    1.38681
1485168306      787   182711    1.39397
1485168307      923   183634    1.40102
1485168308      694   184521    1.40778
1485168309      997   185518    1.41539
1485168310      936   186666    1.42415
1485168311      1047   187713    1.43214
1485168312      689   188476    1.43796
1485168313      1095   189571    1.44631
1485168314      982   190553    1.4538
1485168315      802   191355    1.45992
1485168316      1094   192449    1.46827
1485168318      817   193481    1.47614
1485168319      833   194576    1.4845
1485168320      1101   195677    1.4929
1485168321      806   196721    1.50086
1485168322      1218   197939    1.51015
1485168323      856   198866    1.51723
1485168324      961   199961    1.52558
1485168325      1182   201143    1.5346
1485168327      814   202106    1.54195
1485168328      1226   203332    1.5513
1485168329      909   204251    1.55831
1485168330      972   205346    1.56667
1485168331      911   206257    1.57362
1485168332      1205   207462    1.58281
1485168333      766   208228    1.58865
1485168334      1150   209378    1.59743
1485168335      681   210059    1.60262
1485168336      984   211043    1.61013
1485168337      882   212161    1.61866
1485168338      1215   213376    1.62793
1485168339      776   214306    1.63503
1485168340      923   215401    1.64338
1485168341      1175   216576    1.65234
1485168343      771   217546    1.65974
1485168344      1227   218773    1.66911
1485168345      758   219691    1.67611
1485168346      1043   220734    1.68407
1485168347      707   221501    1.68992
1485168348      1121   222622    1.69847
1485168349      877   223499    1.70516
1485168350      740   224361    1.71174
1485168351      1220   225581    1.72105
1485168352      863   226444    1.72763
1485168353      984   227601    1.73646
1485168354      1074   228675    1.74465
1485168356      809   229746    1.75282
1485168357      1215   230961    1.76209
1485168358      792   231753    1.76814
1485168359      1166   232919    1.77703
1485168360      819   233738    1.78328
1485168361      1046   234784    1.79126
1485168362      855   235846    1.79936
1485168363      860   236941    1.80772
1485168364      1093   238034    1.81606
1485168365      876   239086    1.82408
1485168366      1188   240274    1.83315
1485168367      825   241231    1.84045
1485168368      1055   242286    1.8485
1485168370      645   243041    1.85426
1485168371      1180   244221    1.86326
1485168372      761   245186    1.87062
1485168373      1012   246198    1.87834
1485168374      871   247331    1.88699
1485168375      894   248225    1.89381
1485168376      852   249141    1.90079
1485168377      1214   250355    1.91006
1485168378      791   251286    1.91716
1485168379      1092   252378    1.92549
1485168381      597   253096    1.93097
1485168382      1089   254185    1.93928
1485168383      970   255241    1.94733
1485168384      1214   256455    1.9566
1485168385      825   257386    1.9637
1485168386      1043   258429    1.97166
1485168387      758   259196    1.97751
1485168388      992   260188    1.98508
1485168389      1101   261289    1.99348
1485168390      799   262088    1.99957
1485168391      1181   263269    2.00858
1485168392      778   264047    2.01452
1485168393      1195   265242    2.02364
1485168394      742   266011    2.0295
1485168395      1092   267103    2.03783
1485168396      844   268156    2.04587
1485168397      835   269251    2.05422
1485168398      1156   270407    2.06304
1485168399      985   271392    2.07056
1485168400      858   272250    2.0771
1485168401      1143   273393    2.08582
1485168403      818   274256    2.09241
1485168404      830   275351    2.10076
1485168405      702   276066    2.10622
1485168406      1085   277151    2.11449
1485168407      963   278114    2.12184
1485168408      738   278926    2.12804
1485168409      936   280021    2.13639
1485168410      1091   281112    2.14471
1485168411      856   282166    2.15276
1485168412      1193   283359    2.16186
1485168414      818   284311    2.16912
1485168415      970   285406    2.17747
1485168416      1199   286605    2.18662
1485168417      862   287551    2.19384
1485168418      1226   288777    2.20319
1485168419      810   289696    2.21021
1485168420      760   290791    2.21856
1485168421      1167   291958    2.22746
1485168422      834   292936    2.23492
1485168423      1091   294027    2.24325
1485168425      901   295081    2.25129
1485168426      797   296176    2.25964
1485168427      1226   297402    2.269
1485168428      808   298321    2.27601
1485168429      942   299263    2.2832
1485168430      1172   300435    2.29214
1485168431      613   301181    2.29783
1485168433      922   302276    2.30618
1485168434      1223   303499    2.31551
1485168435      917   304421    2.32255
1485168436      824   305245    2.32883
1485168437      1210   306455    2.33807
1485168438      909   307364    2.345
1485168439      957   308376    2.35272
1485168440      1223   309599    2.36205
1485168441      858   310521    2.36909
1485168442      1224   311745    2.37843
1485168443      766   312511    2.38427
1485168444      1197   313708    2.3934
1485168445      750   314476    2.39926
1485168446      1196   315672    2.40839
1485168447      936   316621    2.41563
1485168448      956   317716    2.42398
1485168449      1087   318803    2.43227
1485168450      805   319861    2.44035
1485168451      1193   321054    2.44945
1485168452      859   322006    2.45671
1485168453      1093   323099    2.46505
1485168454      885   323984    2.4718
1485168455      1118   325102    2.48033
1485168456      833   325961    2.48689
1485168457      1226   327187    2.49624
1485168458      925   328112    2.5033
1485168459      945   329201    2.5116
1485168460      1167   330368    2.52051
1485168462      861   331346    2.52797
1485168463      1217   332563    2.53725
1485168464      919   333491    2.54433
1485168465      967   334586    2.55269
1485168466      1214   335800    2.56195
1485168467      927   336731    2.56905
1485168468      1224   337955    2.57839
1485168469      914   338876    2.58542
1485168470      945   339971    2.59377
1485168471      1217   341188    2.60306
1485168472      912   342116    2.61014
1485168473      1166   343282    2.61903
1485168474      926   344261    2.6265
1485168475      943   345356    2.63486
1485168476      1087   346443    2.64315
1485168477      847   347501    2.65122
1485168478      1177   348678    2.6602
1485168480      865   349646    2.66759
1485168481      902   350741    2.67594
1485168482      1097   351838    2.68431
1485168483      837   352886    2.69231
1485168484      1194   354080    2.70142
1485168485      870   355031    2.70867
1485168486      950   356126    2.71703
1485168487      1090   357216    2.72534
1485168488      911   358271    2.73339
1485168489      1093   359364    2.74173
1485168491      838   360416    2.74976
1485168492      967   361511    2.75811
1485168493      1228   362739    2.76748
1485168494      915   363656    2.77448
1485168495      1111   364767    2.78295
1485168496      891   365801    2.79084
1485168497      933   366896    2.79919
1485168498      1080   367976    2.80743
1485168499      901   369041    2.81556
1485168500      1147   370188    2.82431
1485168501      892   371186    2.83192
1485168503      968   372281    2.84028
1485168504      1210   373491    2.84951
1485168505      915   374426    2.85664
1485168506      1214   375640    2.86591
1485168507      927   376571    2.87301
1485168508      948   377666    2.88136
1485168509      1135   378801    2.89002
1485168510      885   379811    2.89773
1485168511      1176   380987    2.9067
1485168512      852   381956    2.91409
1485168513      899   383051    2.92245
1485168514      1164   384215    2.93133
1485168515      894   385196    2.93881
1485168516      1102   386298    2.94722
1485168518      834   387341    2.95518
1485168519      826   388436    2.96353
1485168520      1192   389628    2.97263
1485168521      824   390581    2.9799
1485168522      1220   391801    2.9892
1485168523      748   392726    2.99626
1485168524      929   393655    3.00335
1485168525      784   394536    3.01007
1485168526      1215   395751    3.01934
1485168528      601   396681    3.02644
1485168529      1065   397746    3.03456
1485168530      884   398630    3.04131
1485168531      956   399586    3.0486
1485168532      863   400636    3.05661
1485168533      1227   401863    3.06597
1485168534      854   402781    3.07298
1485168535      958   403876    3.08133
1485168536      879   404755    3.08804
1485168537      1191   405946    3.09712
1485168538      917   406863    3.10412
1485168539      1218   408081    3.11341
1485168540      714   408881    3.11951
1485168542      813   409976    3.12787
1485168543      1222   411198    3.13719
1485168544      822   412121    3.14423
1485168545      1218   413339    3.15353
1485168546      769   414266    3.1606
1485168547      1029   415295    3.16845
1485168548      924   416219    3.1755
1485168549      1035   417254    3.1834
1485168550      740   418221    3.19077
1485168551      1151   419372    3.19955
1485168552      703   420075    3.20492
1485168553      942   421017    3.2121
1485168555      983   422176    3.22095
1485168556      1028   423204    3.22879
1485168557      856   424321    3.23731
1485168558      804   425416    3.24567
1485168559      1104   426520    3.25409
1485168560      985   427505    3.2616
1485168561      807   428312    3.26776
1485168562      1073   429385    3.27595
1485168563      880   430421    3.28385
1485168564      800   431221    3.28996
1485168566      898   432231    3.29766
1485168567      1226   433457    3.30701
1485168568      765   434376    3.31403
1485168569      1030   435406    3.32188
1485168570      756   436186    3.32784
1485168571      1211   437397    3.33707
1485168572      851   438331    3.3442
1485168573      1041   439372    3.35214
1485168574      874   440476    3.36057
1485168576      810   441571    3.36892
1485168577      1224   442795    3.37826
1485168578      790   443716    3.38528
1485168579      969   444685    3.39268
1485168580      974   445861    3.40165
1485168581      1047   446908    3.40964
1485168582      667   447671    3.41546
1485168583      1179   448850    3.42445
1485168584      961   449811    3.43179
1485168585      801   450612    3.4379
1485168586      1099   451711    3.44628
1485168587      610   452341    3.45109
1485168588      1089   453430    3.4594
1485168589      1012   454442    3.46712
1485168590      675   455201    3.47291
1485168591      1129   456330    3.48152
1485168592      862   457346    3.48927
1485168594      902   458441    3.49763
1485168595      1097   459538    3.506
1485168596      754   460586    3.51399
1485168597      1216   461802    3.52327
1485168598      905   462731    3.53036
1485168599      869   463826    3.53871
1485168600      1150   464976    3.54749
1485168602      810   465971    3.55508
1485168603      1165   467136    3.56396
1485168604      787   468116    3.57144
1485168605      830   468946    3.57777
1485168606      774   469926    3.58525
1485168607      1157   471083    3.59408
1485168608      867   471950    3.60069
1485168609      740   472786    3.60707
1485168610      1086   473872    3.61536
1485168611      786   474658    3.62135
1485168612      1196   475854    3.63048
1485168613      811   476741    3.63725
1485168614      977   477718    3.6447
1485168616      882   478886    3.65361
1485168617      929   479981    3.66196
1485168618      1083   481064    3.67023
1485168619      860   482126    3.67833
1485168620      1102   483228    3.68674
1485168621      1040   484268    3.69467
1485168622      875   485143    3.70135
1485168623      854   486081    3.7085
1485168624      1224   487305    3.71784
1485168625      888   488226    3.72487
1485168626      1223   489449    3.7342
1485168627      560   490036    3.73868
1485168628      1162   491198    3.74754
1485168629      934   492181    3.75504
1485168630      831   493012    3.76138
1485168631      1221   494233    3.7707
1485168632      744   495041    3.77686
1485168634      866   496136    3.78522
1485168635      1223   497359    3.79455
1485168636      830   498281    3.80158
1485168637      1208   499489    3.8108
