1482751669      1498   1498    0.00285721
1482751670      1499   2997    0.00571632
1482751671      1499   4496    0.00857544
1482751672      1500   5996    0.0114365
1482751673      1499   7495    0.0142956
1482751674      1499   8995    0.0171566
1482751675      1499   10495    0.0200176
1482751676      1499   11995    0.0228786
1482751677      1499   13495    0.0257397
1482751678      1313   14808    0.028244
1482751679      1352   16160    0.0308228
1482751680      1357   17517    0.033411
1482751681      1357   18874    0.0359993
1482751682      1215   20158    0.0384483
1482751683      1361   21519    0.0410442
1482751684      1349   22868    0.0436172
1482751685      1354   24222    0.0461998
1482751686      1217   25518    0.0486717
1482751687      1359   26877    0.0512638
1482751688      1149   28026    0.0534554
1482751689      1355   29381    0.0560398
1482751690      1217   30667    0.0584927
1482751691      1365   32032    0.0610962
1482751692      1358   33390    0.0636864
1482751693      1359   34749    0.0662785
1482751694      1209   36027    0.068716
1482751695      1362   37389    0.0713139
1482751696      1355   38744    0.0738983
1482751697      1357   40101    0.0764866
1482751698      1022   41176    0.078537
1482751699      1361   42537    0.0811329
1482751700      1350   43887    0.0837078
1482751701      1352   45239    0.0862865
1482751702      1222   46536    0.0887604
1482751703      1367   47903    0.0913677
1482751704      1350   49253    0.0939426
1482751705      1351   50604    0.0965195
1482751706      1222   51896    0.0989838
1482751707      1366   53262    0.101589
1482751708      1347   54609    0.104158
1482751709      1150   55759    0.106352
1482751710      1212   57045    0.108805
1482751711      1362   58407    0.111403
1482751712      1353   59760    0.113983
1482751713      1348   61108    0.116554
1482751714      1193   62301    0.11883
1482751715      1194   63495    0.121107
1482751716      1351   64846    0.123684
1482751717      1360   66206    0.126278
1482751718      1359   67565    0.12887
1482751719      1011   68626    0.130894
1482751720      1228   69854    0.133236
1482751721      1357   71211    0.135824
1482751722      1252   72463    0.138212
1482751723      1196   73659    0.140493
1482751724      1354   75013    0.143076
1482751725      1219   76232    0.145401
1482751726      1350   77582    0.147976
1482751727      1353   78935    0.150557
1482751728      1353   80288    0.153137
1482751729      1216   81504    0.155457
1482751730      1151   82655    0.157652
1482751731      1354   84009    0.160234
1482751732      1358   85367    0.162825
1482751733      1222   86639    0.165251
1482751734      1358   87997    0.167841
1482751735      1354   89351    0.170424
1482751736      1340   90691    0.172979
1482751737      1215   91999    0.175474
1482751738      1359   93358    0.178066
1482751739      1355   94713    0.180651
1482751740      1350   96063    0.183226
1482751742      1027   97148    0.185295
1482751743      1366   98514    0.187901
1482751744      1343   99857    0.190462
1482751745      1355   101212    0.193047
1482751746      1225   102508    0.195518
1482751747      1359   103867    0.198111
1482751748      1354   105221    0.200693
1482751749      1354   106575    0.203276
1482751750      1224   107868    0.205742
1482751751      1365   109233    0.208345
1482751752      1151   110384    0.210541
1482751753      1348   111732    0.213112
1482751754      1213   113017    0.215563
1482751755      1361   114378    0.218159
1482751756      1357   115735    0.220747
1482751757      1359   117094    0.223339
1482751758      1211   118377    0.225786
1482751759      1364   119741    0.228388
1482751760      1352   121093    0.230967
1482751761      1355   122448    0.233551
1482751762      1022   123526    0.235607
1482751763      1360   124886    0.238201
1482751764      1357   126243    0.240789
1482751765      1360   127603    0.243383
1482751766      1219   128886    0.245831
1482751767      1366   130252    0.248436
1482751768      1359   131611    0.251028
1482751769      1348   132959    0.253599
1482751770      1241   134200    0.255966
1482751771      1208   135408    0.25827
1482751772      1352   136760    0.260849
1482751773      1152   137912    0.263046
1482751774      1182   139094    0.265301
1482751775      1354   140448    0.267883
1482751776      1101   141549    0.269983
1482751777      1186   142735    0.272245
1482751778      1351   144086    0.274822
1482751779      1354   145440    0.277405
1482751780      1353   146793    0.279985
1482751781      1205   147998    0.282284
1482751782      1359   149357    0.284876
1482751783      1348   150705    0.287447
1482751784      1150   151855    0.28964
1482751785      1192   153120    0.292053
1482751786      1364   154484    0.294655
1482751787      1348   155832    0.297226
1482751788      1355   157187    0.29981
1482751789      1224   158480    0.302277
1482751790      1365   159845    0.30488
1482751791      1356   161201    0.307467
1482751792      1356   162557    0.310053
1482751793      1220   163840    0.3125
1482751794      1092   164932    0.314583
1482751795      1352   166284    0.317162
1482751796      1341   167625    0.319719
1482751797      1355   168980    0.322304
1482751798      1206   170186    0.324604
1482751799      1340   171526    0.32716
1482751800      1038   172564    0.32914
1482751801      1329   173893    0.331675
1482751802      1354   175247    0.334257
1482751803      1203   176493    0.336634
1482751804      1361   177854    0.33923
1482751805      1150   179004    0.341423
1482751806      1354   180358    0.344006
1482751807      1213   181642    0.346455
1482751808      1336   182978    0.349003
1482751809      1354   184332    0.351585
1482751810      1350   185682    0.35416
1482751811      1211   187002    0.356678
1482751812      1362   188364    0.359276
1482751813      1341   189705    0.361834
1482751814      1355   191060    0.364418
1482751815      1025   192151    0.366499
1482751816      1333   193484    0.369041
1482751817      1355   194839    0.371626
1482751818      1342   196181    0.374186
1482751819      1225   197511    0.376722
1482751820      1345   198856    0.379288
1482751821      1341   200197    0.381845
1482751822      1354   201551    0.384428
1482751823      1215   202871    0.386946
1482751824      1349   204220    0.389519
1482751825      1360   205580    0.392113
1482751826      891   206471    0.393812
1482751827      1351   207822    0.396389
1482751828      1218   209092    0.398811
1482751829      1355   210447    0.401396
1482751830      1353   211800    0.403976
1482751831      1354   213154    0.406559
1482751833      1220   214452    0.409035
1482751834      1166   215618    0.411259
1482751835      1341   216959    0.413816
1482751836      1196   218155    0.416098
1482751837      1258   219413    0.418497
1482751838      899   220312    0.420212
1482751839      1312   221624    0.422714
1482751840      1037   222817    0.42499
1482751841      1234   224051    0.427343
1482751842      1327   225378    0.429874
1482751843      1360   226738    0.432468
1482751844      1181   227919    0.434721
1482751845      1165   229084    0.436943
1482751846      1191   230321    0.439302
1482751847      1363   231684    0.441902
1482751848      1355   233039    0.444487
1482751849      892   233931    0.446188
1482751850      1357   235288    0.448776
1482751851      1214   236542    0.451168
1482751852      1361   237903    0.453764
1482751853      1340   239243    0.45632
1482751854      1356   240599    0.458906
1482751855      1213   241902    0.461391
1482751856      1354   243256    0.463974
1482751857      1360   244616    0.466568
1482751858      1326   245942    0.469097
1482751859      894   247051    0.471212
1482751860      1360   248411    0.473806
1482751861      1354   249765    0.476389
1482751862      1359   251124    0.478981
1482751863      1212   252411    0.481436
1482751864      1366   253777    0.484041
1482751865      1357   255134    0.486629
1482751866      1353   256487    0.48921
1482751867      1208   257771    0.491659
1482751868      1353   259124    0.49424
1482751869      1360   260484    0.496834
1482751870      890   261374    0.498531
1482751871      1351   262725    0.501108
1482751872      1193   263992    0.503525
1482751873      1361   265353    0.506121
1482751874      1344   266697    0.508684
1482751875      1359   268056    0.511276
1482751876      1203   269352    0.513748
1482751877      1354   270706    0.516331
1482751878      1358   272064    0.518921
1482751879      1347   273411    0.52149
1482751881      885   274501    0.523569
1482751882      1358   275859    0.526159
1482751883      1355   277214    0.528744
1482751884      1346   278560    0.531311
1482751885      1165   279861    0.533792
1482751886      1357   281218    0.536381
1482751887      1343   282561    0.538942
1482751888      1359   283920    0.541534
1482751889      1212   285221    0.544016
1482751890      1355   286576    0.5466
1482751891      1355   287931    0.549185
1482751892      1137   289068    0.551353
1482751893      1221   290370    0.553837
1482751894      1347   291717    0.556406
1482751895      1351   293068    0.558983
1482751896      1333   294401    0.561525
1482751897      1221   295730    0.56406
1482751898      1366   297096    0.566666
1482751899      1181   298277    0.568918
1482751900      1338   299615    0.57147
1482751901      1317   300932    0.573982
1482751902      881   301951    0.575926
1482751903      1161   303112    0.57814
1482751904      1299   304411    0.580618
1482751905      1303   305714    0.583103
1482751906      1347   307061    0.585672
1482751907      1222   308383    0.588194
1482751908      1361   309744    0.59079
1482751909      1352   311096    0.593369
1482751910      1353   312449    0.595949
1482751911      1221   313743    0.598417
1482751912      1365   315108    0.601021
1482751913      1151   316259    0.603216
1482751914      1357   317616    0.605804
1482751915      1219   318892    0.608238
1482751916      1362   320254    0.610836
1482751917      1358   321612    0.613426
1482751918      1347   322959    0.615995
1482751919      1209   324252    0.618462
1482751920      1356   325608    0.621048
1482751921      1351   326959    0.623625
1482751922      1353   328312    0.626205
1482751923      1027   329401    0.628283
1482751924      1355   330756    0.630867
1482751925      1352   332108    0.633446
1482751926      1352   333460    0.636024
1482751927      1224   334761    0.638506
1482751928      1354   336115    0.641088
1482751929      1352   337467    0.643667
1482751930      1356   338823    0.646254
1482751931      1222   340121    0.648729
1482751932      1365   341486    0.651333
1482751933      1358   342844    0.653923
1482751934      1146   343990    0.656109
1482751936      1214   345270    0.65855
1482751937      1362   346632    0.661148
1482751938      1346   347978    0.663715
1482751939      1351   349329    0.666292
1482751940      1220   350630    0.668774
1482751941      1353   351983    0.671354
1482751942      1352   353335    0.673933
1482751943      1353   354688    0.676514
1482751944      1223   355990    0.678997
1482751945      1156   357146    0.681202
1482751946      1352   358498    0.683781
1482751947      1353   359851    0.686361
1482751948      1221   361139    0.688818
1482751949      1356   362495    0.691404
1482751950      1351   363846    0.693981
1482751951      1354   365200    0.696564
1482751952      1218   366499    0.699041
1482751953      1354   367853    0.701624
1482751954      1359   369212    0.704216
1482751955      1351   370563    0.706793
1482751956      1023   371648    0.708862
1482751957      1358   373006    0.711452
1482751958      1354   374360    0.714035
1482751959      1357   375717    0.716623
1482751960      1211   377008    0.719086
1482751961      1353   378361    0.721666
1482751962      1212   379573    0.723978
1482751963      1310   380883    0.726477
1482751964      1343   382226    0.729038
1482751965      1103   383440    0.731354
1482751966      1151   384591    0.733549
1482751967      1354   385945    0.736132
1482751968      1355   387300    0.738716
1482751969      1221   388589    0.741175
1482751970      1359   389948    0.743767
1482751971      1356   391304    0.746353
1482751972      1354   392658    0.748936
1482751973      1222   393949    0.751398
1482751974      1352   395301    0.753977
1482751975      1353   396654    0.756557
1482751976      1353   398007    0.759138
1482751977      1026   399098    0.761219
1482751978      1359   400457    0.763811
1482751979      1352   401809    0.76639
1482751980      1346   403155    0.768957
1482751981      1218   404458    0.771442
1482751982      1355   405813    0.774027
1482751983      1351   407164    0.776604
1482751984      1348   408512    0.779175
1482751985      1216   409818    0.781666
1482751986      1362   411180    0.784264
1482751987      1148   412328    0.786453
1482751988      1352   413680    0.789032
1482751989      1214   414967    0.791487
1482751990      1359   416326    0.794079
1482751991      1352   417678    0.796658
1482751992      1356   419034    0.799244
1482751993      1222   420327    0.80171
1482751994      1363   421690    0.80431
1482751995      1349   423039    0.806883
1482751996      1350   424389    0.809458
1482751997      1025   425476    0.811531
1482751998      1359   426835    0.814123
1482751999      1352   428187    0.816702
1482752000      1352   429539    0.819281
1482752002      887   430836    0.821754
1482752003      1357   432193    0.824343
1482752004      1352   433545    0.826921
1482752005      1353   434898    0.829502
1482752006      1218   436196    0.831978
1482752007      1360   437556    0.834572
1482752008      1357   438913    0.83716
1482752009      1145   440058    0.839344
1482752010      1213   441345    0.841799
1482752011      1365   442710    0.844402
1482752012      1355   444065    0.846987
1482752013      1355   445420    0.849571
1482752014      1221   446705    0.852022
1482752015      1217   447922    0.854343
1482752016      1171   449093    0.856577
1482752017      1311   450404    0.859077
1482752018      1192   451596    0.861351
1482752019      1294   452890    0.863819
1482752020      743   453633    0.865236
1482752021      1344   454977    0.8678
1482752022      1209   456186    0.870106
1482752023      1353   457539    0.872686
1482752024      1328   458867    0.875219
1482752025      1352   460219    0.877798
1482752026      1220   461502    0.880245
1482752027      1337   462839    0.882795
1482752028      1353   464192    0.885376
1482752029      1341   465533    0.887934
1482752030      973   466651    0.890066
1482752031      1360   468011    0.89266
1482752032      1341   469352    0.895218
1482752033      1355   470707    0.897802
1482752034      1208   472011    0.90029
1482752035      1340   473351    0.902845
1482752036      1352   474703    0.905424
1482752037      1315   476018    0.907932
1482752038      1097   477115    0.910025
1482752039      1212   478443    0.912558
1482752040      1363   479806    0.915157
1482752041      900   480706    0.916874
1482752042      1355   482061    0.919458
1482752043      1333   483394    0.922001
1482752045      1201   484664    0.924423
1482752046      1366   486030    0.927029
1482752047      1351   487381    0.929605
1482752048      1344   488725    0.932169
1482752049      1222   490024    0.934647
1482752050      1359   491383    0.937239
1482752051      1338   492721    0.939791
1482752052      1351   494072    0.942368
1482752053      1083   495155    0.944433
1482752054      1186   496341    0.946695
1482752055      1355   497696    0.94928
1482752056      1340   499036    0.951836
