1488275076      984   985    0.0103331
1488275077      994   1979    0.0207605
1488275078      992   2971    0.031167
1488275079      955   3953    0.0414686
1488275080      785   4738    0.0497036
1488275081      642   5380    0.0564384
1488275083      613   6093    0.0639181
1488275084      804   6897    0.0723524
1488275085      751   7648    0.0802307
1488275086      412   8060    0.0845528
1488275087      805   8865    0.0929976
1488275088      546   9510    0.0997639
1488275089      766   10276    0.1078
1488275090      786   11062    0.116045
1488275091      565   11650    0.122213
1488275092      581   12231    0.128308
1488275093      673   12904    0.135368
1488275094      589   13493    0.141547
1488275095      791   14284    0.149845
1488275096      654   15067    0.158059
1488275097      675   15809    0.165843
1488275098      799   16608    0.174225
1488275099      779   17387    0.182397
1488275100      595   17982    0.188639
1488275101      779   18761    0.196811
1488275102      650   19554    0.20513
1488275103      664   20296    0.212914
1488275104      790   21086    0.221201
1488275105      790   21876    0.229488
1488275106      558   22436    0.235363
1488275107      803   23239    0.243787
1488275108      607   23846    0.250154
1488275109      774   24620    0.258274
1488275111      622   25318    0.265596
1488275112      510   25853    0.271209
1488275113      753   26606    0.279108
1488275114      786   27392    0.287354
1488275115      639   28031    0.294057
1488275116      629   28735    0.301442
1488275117      712   29447    0.308911
1488275118      793   30240    0.31723
1488275119      603   30875    0.323892
1488275120      637   31617    0.331676
1488275121      712   32329    0.339145
1488275122      786   33115    0.34739
1488275123      607   33757    0.354125
1488275124      792   34549    0.362433
1488275125      784   35333    0.370658
1488275126      612   35945    0.377078
1488275127      607   36639    0.384358
1488275128      792   37431    0.392667
1488275129      775   38206    0.400797
1488275130      545   38779    0.406808
1488275131      649   39521    0.414592
1488275132      771   40292    0.42268
1488275133      790   41082    0.430967
1488275134      558   41661    0.437041
1488275135      783   42444    0.445255
1488275136      752   43196    0.453144
1488275137      597   43793    0.459407
1488275139      596   44543    0.467275
1488275140      782   45325    0.475478
1488275141      764   46089    0.483493
1488275142      579   46683    0.489724
1488275143      627   47310    0.496302
1488275144      617   47960    0.50312
1488275145      787   48747    0.511376
1488275146      793   49540    0.519695
1488275147      572   50112    0.525696
1488275148      790   50902    0.533983
1488275149      612   51514    0.540403
1488275150      761   52275    0.548387
1488275151      622   52982    0.555803
1488275152      754   53736    0.563713
1488275153      740   54476    0.571476
1488275154      580   55122    0.578253
1488275155      651   55864    0.586037
1488275156      781   56645    0.59423
1488275157      722   57367    0.601804
1488275158      585   58004    0.608486
1488275159      793   58797    0.616805
1488275160      628   59425    0.623393
1488275161      778   60203    0.631555
1488275162      611   60886    0.63872
1488275163      795   61681    0.647059
1488275164      783   62464    0.655273
1488275165      548   63026    0.661169
1488275166      659   63768    0.668953
1488275167      801   64569    0.677356
1488275168      776   65345    0.685496
1488275169      583   65928    0.691612
1488275170      795   66723    0.699952
1488275171      631   67354    0.706572
1488275172      794   68148    0.714901
1488275174      559   68790    0.721636
1488275175      669   69459    0.728654
1488275176      776   70235    0.736794
1488275177      608   70930    0.744085
1488275178      664   71672    0.751869
1488275179      792   72464    0.760178
1488275180      787   73251    0.768434
1488275181      585   73836    0.77457
1488275182      799   74635    0.782952
1488275183      640   75275    0.789666
1488275184      790   76065    0.797954
1488275185      602   76694    0.804552
1488275186      808   77502    0.813028
1488275187      784   78286    0.821253
1488275188      596   78882    0.827505
1488275189      664   79576    0.834785
1488275190      788   80364    0.843052
1488275191      801   81165    0.851455
1488275192      595   81760    0.857697
1488275193      645   82405    0.864463
1488275194      639   83044    0.871166
1488275195      663   83707    0.878121
1488275196      795   84502    0.886461
1488275197      569   85133    0.893081
1488275198      735   85868    0.900791
1488275199      797   86665    0.909152
1488275200      577   87242    0.915205
1488275201      645   87887    0.921971
1488275202      549   88550    0.928926
1488275203      794   89344    0.937256
1488275204      738   90082    0.944998
1488275205      570   90690    0.951376
1488275207      592   91432    0.95916
1488275208      807   92239    0.967626
1488275209      747   92986    0.975462
1488275210      560   93572    0.981609
1488275211      789   94361    0.989886
1488275212      555   94916    0.995708
1488275213      642   95558    1.00244
1488275214      793   96351    1.01076
1488275215      582   96989    1.01746
1488275216      707   97696    1.02487
1488275217      764   98460    1.03289
1488275218      423   98883    1.03732
1488275219      784   99667    1.04555
1488275220      629   100406    1.0533
1488275221      784   101190    1.06153
1488275222      791   101981    1.06982
1488275223      584   102565    1.07595
1488275224      659   103288    1.08353
1488275225      784   104072    1.09176
1488275226      768   104840    1.09982
1488275227      525   105428    1.10598
1488275228      768   106196    1.11404
1488275229      539   106735    1.11969
1488275230      786   107521    1.12794
1488275231      718   108239    1.13547
1488275232      581   108845    1.14183
1488275233      802   109647    1.15024
1488275234      721   110368    1.15781
1488275235      549   110917    1.16357
1488275237      200   111192    1.16645
1488275238      768   111960    1.17451
1488275239      767   112727    1.18255
1488275240      589   113332    1.1889
1488275241      798   114130    1.19727
1488275242      641   114771    1.204
1488275243      786   115557    1.21224
1488275244      608   116214    1.21913
1488275245      787   117001    1.22739
1488275246      788   117789    1.23566
1488275247      515   118354    1.24158
1488275248      653   119096    1.24937
1488275249      786   119882    1.25761
1488275250      710   120592    1.26506
1488275251      601   121236    1.27182
1488275252      804   122040    1.28025
1488275253      643   122683    1.287
1488275254      790   123473    1.29528
1488275255      593   124118    1.30205
1488275256      803   124921    1.31047
1488275257      789   125710    1.31875
1488275258      574   126284    1.32477
1488275259      650   127000    1.33228
1488275260      782   127782    1.34049
1488275261      773   128555    1.3486
1488275262      579   129140    1.35473
1488275263      790   129930    1.36302
1488275264      621   130551    1.36953
1488275265      793   131344    1.37785
1488275266      605   132022    1.38497
1488275267      797   132819    1.39333
1488275268      796   133615    1.40168
1488275269      574   134189    1.4077
1488275270      660   134904    1.4152
1488275271      808   135712    1.42368
1488275272      787   136499    1.43193
1488275273      592   137091    1.43814
1488275274      797   137888    1.4465
1488275275      649   138537    1.45331
1488275276      802   139339    1.46172
1488275277      588   139927    1.46789
1488275278      797   140724    1.47625
1488275279      789   141513    1.48453
1488275280      604   142117    1.49087
1488275281      656   142808    1.49812
1488275282      790   143598    1.5064
1488275283      803   144401    1.51483
1488275284      562   144963    1.52072
1488275285      794   145757    1.52905
1488275286      647   146404    1.53584
1488275287      796   147200    1.54419
1488275288      589   147830    1.5508
1488275289      794   148624    1.55913
1488275290      783   149407    1.56734
1488275291      575   149982    1.57337
1488275293      668   150712    1.58103
1488275294      783   151495    1.58925
1488275295      795   152290    1.59759
1488275296      563   152853    1.60349
1488275297      797   153650    1.61185
1488275298      638   154288    1.61855
1488275299      796   155084    1.6269
1488275300      228   155312    1.62929
1488275301      795   156107    1.63763
1488275302      621   156804    1.64494
1488275303      801   157605    1.65334
1488275304      594   158199    1.65957
1488275305      707   158906    1.66699
1488275306      715   159621    1.67449
1488275307      576   160221    1.68079
1488275308      790   161011    1.68907
1488275309      793   161804    1.69739
1488275310      639   162443    1.70409
1488275311      608   163103    1.71102
1488275312      791   163894    1.71932
1488275313      774   164668    1.72744
1488275314      575   165243    1.73347
1488275315      661   165985    1.74125
1488275316      791   166776    1.74955
1488275317      730   167506    1.75721
1488275318      570   168125    1.7637
1488275319      801   168926    1.7721
1488275320      785   169711    1.78034
1488275321      605   170316    1.78669
1488275322      615   171007    1.79393
1488275323      796   171803    1.80229
1488275324      777   172580    1.81044
1488275325      561   173147    1.81638
1488275326      664   173889    1.82417
1488275327      787   174676    1.83242
1488275328      709   175385    1.83986
1488275329      574   176029    1.84662
1488275331      328   176564    1.85223
1488275332      797   177361    1.86059
1488275333      390   177841    1.86563
1488275334      799   178640    1.87401
1488275335      711   179351    1.88147
1488275336      562   179981    1.88808
1488275337      778   180759    1.89624
1488275338      726   181485    1.90385
1488275339      295   181793    1.90708
1488275340      636   182429    1.91376
1488275341      790   183219    1.92204
1488275342      708   183927    1.92947
1488275344      460   184468    1.93515
1488275345      619   185087    1.94164
1488275346      638   185745    1.94854
1488275347      718   186463    1.95607
1488275348      786   187249    1.96432
1488275349      580   187885    1.97099
1488275350      756   188641    1.97892
1488275351      762   189403    1.98692
1488275352      613   190016    1.99335
1488275353      625   190641    1.9999
1488275354      562   191302    2.00684
1488275355      796   192098    2.01519
1488275356      793   192891    2.02351
1488275357      584   193475    2.02963
1488275358      656   194184    2.03707
1488275359      803   194987    2.0455
1488275360      790   195777    2.05378
1488275361      577   196354    2.05984
1488275362      349   196859    2.06513
1488275364      672   197601    2.07292
1488275365      797   198398    2.08128
1488275366      792   199190    2.08959
1488275367      572   199762    2.09559
1488275368      789   200551    2.10386
1488275369      791   201342    2.11216
1488275370      601   201943    2.11847
1488275371      617   202623    2.1256
1488275372      801   203424    2.134
1488275373      796   204220    2.14235
1488275374      590   204810    2.14854
1488275375      652   205505    2.15583
1488275376      803   206308    2.16426
1488275377      790   207098    2.17254
1488275378      593   207691    2.17877
1488275379      796   208487    2.18712
1488275380      648   209250    2.19512
1488275381      670   209992    2.2029
1488275382      808   210800    2.21138
1488275383      795   211595    2.21972
1488275384      599   212194    2.226
1488275385      802   212996    2.23442
1488275386      656   213652    2.2413
1488275387      796   214448    2.24965
1488275388      603   215051    2.25597
1488275389      799   215850    2.26436
1488275390      656   216619    2.27242
1488275391      679   217361    2.28021
1488275392      811   218172    2.28872
1488275393      225   218431    2.29143
1488275394      800   219231    2.29982
1488275395      775   220006    2.30795
1488275396      582   220588    2.31406
1488275398      658   221313    2.32167
1488275399      798   222111    2.33004
1488275400      724   222835    2.33763
1488275401      550   223453    2.34412
1488275402      791   224244    2.35241
1488275403      784   225028    2.36064
1488275404      621   225649    2.36715
1488275405      615   226335    2.37435
1488275406      798   227133    2.38272
1488275407      794   227927    2.39105
1488275408      581   228508    2.39714
1488275409      654   229217    2.40458
1488275410      795   230012    2.41292
1488275411      789   230801    2.4212
1488275412      572   231373    2.4272
1488275413      794   232167    2.43553
1488275414      766   232933    2.44356
1488275415      617   233550    2.45004
1488275416      620   234239    2.45726
1488275417      761   235000    2.46525
1488275418      736   235736    2.47297
1488275419      522   236379    2.47971
1488275420      674   237121    2.4875
1488275421      758   237879    2.49545
1488275422      790   238669    2.50374
1488275423      577   239261    2.50995
1488275424      662   239923    2.51689
1488275425      794   240717    2.52522
1488275426      637   241354    2.5319
1488275428      645   242143    2.54018
1488275429      798   242941    2.54855
1488275430      792   243733    2.55686
1488275431      562   244295    2.56276
1488275432      658   245025    2.57041
1488275433      785   245810    2.57865
1488275434      792   246602    2.58696
1488275435      583   247185    2.59307
1488275436      798   247983    2.60145
1488275437      643   248770    2.6097
1488275438      664   249512    2.61749
