1482484657      1498   1498    0.00285721
1482484658      1500   2998    0.00571823
1482484659      1499   4497    0.00857735
1482484660      1499   5996    0.0114365
1482484661      1500   7496    0.0142975
1482484662      1499   8996    0.0171585
1482484663      1498   10496    0.0200195
1482484664      1502   11998    0.0228844
1482484665      1499   13497    0.0257435
1482484666      1499   14996    0.0286026
1482484667      1464   16460    0.031395
1482484668      1253   17830    0.034008
1482484669      1381   19211    0.0366421
1482484670      1369   20580    0.0392532
1482484671      1376   21956    0.0418777
1482484672      1232   23190    0.0442314
1482484673      1383   24573    0.0468693
1482484674      1377   25950    0.0494957
1482484675      1377   27327    0.0521221
1482484676      1175   28550    0.0544548
1482484677      1380   29930    0.0570869
1482484678      1377   31307    0.0597134
1482484679      1129   32443    0.0618801
1482484680      1384   33827    0.0645199
1482484681      1377   35204    0.0671463
1482484682      1237   36441    0.0695057
1482484683      1215   37656    0.0718231
1482484684      1236   38892    0.0741806
1482484685      1379   40271    0.0768108
1482484686      1379   41650    0.0794411
1482484687      1379   43029    0.0820713
1482484688      1257   44286    0.0844688
1482484689      1379   45665    0.0870991
1482484690      1380   47045    0.0897312
1482484691      779   47824    0.091217
1482484692      1271   49200    0.0938416
1482484693      1387   50587    0.096487
1482484694      1342   51929    0.0990467
1482484695      1378   53307    0.101675
1482484696      1252   54560    0.104065
1482484697      1386   55946    0.106709
1482484698      1378   57324    0.109337
1482484699      1378   58702    0.111965
1482484700      1252   59954    0.114353
1482484701      1379   61333    0.116983
1482484702      1379   62712    0.119614
1482484703      1143   63855    0.121794
1482484704      1379   65234    0.124424
1482484705      1376   66610    0.127048
1482484706      1379   67989    0.129679
1482484707      1259   69248    0.13208
1482484708      1380   70628    0.134712
1482484709      1378   72006    0.137341
1482484710      1374   73380    0.139961
1482484711      1261   74641    0.142366
1482484712      1377   76018    0.144993
1482484713      1378   77396    0.147621
1482484714      1142   78538    0.149799
1482484715      1378   79916    0.152428
1482484716      1379   81295    0.155058
1482484717      1381   82676    0.157692
1482484718      1261   83937    0.160097
1482484719      1379   85316    0.162727
1482484720      1379   86695    0.165358
1482484721      1369   88064    0.167969
1482484722      1258   89322    0.170368
1482484723      1379   90701    0.172998
1482484724      1378   92079    0.175627
1482484725      1266   93434    0.178211
1482484726      1269   94703    0.180632
1482484727      1379   96082    0.183262
1482484728      1243   97327    0.185637
1482484729      1386   98713    0.18828
1482484730      1374   100087    0.190901
1482484731      1378   101465    0.193529
1482484732      1258   102723    0.195929
1482484733      1378   104101    0.198557
1482484734      1379   105480    0.201187
1482484735      1380   106860    0.203819
1482484736      1162   108047    0.206083
1482484737      1366   109413    0.208689
1482484738      1264   110677    0.2111
1482484739      1244   111940    0.213509
1482484740      1384   113324    0.216148
1482484741      1367   114691    0.218756
1482484742      1378   116069    0.221384
1482484743      1259   117328    0.223785
1482484744      1380   118708    0.226418
1482484745      1277   119985    0.228853
1482484746      1367   121352    0.231461
1482484747      1261   122660    0.233955
1482484748      1387   124047    0.236601
1482484749      1379   125426    0.239231
1482484750      1140   126566    0.241405
1482484751      1380   127946    0.244038
1482484752      1378   129324    0.246666
1482484753      1376   130700    0.24929
1482484754      1259   131959    0.251692
1482484755      1373   133332    0.254311
1482484756      1379   134711    0.256941
1482484757      1379   136090    0.259571
1482484758      1259   137349    0.261972
1482484759      1379   138728    0.264603
1482484760      1350   140078    0.267178
1482484761      1049   141166    0.269253
1482484762      1385   142551    0.271894
1482484763      1379   143930    0.274525
1482484764      1376   145306    0.277149
1482484765      1260   146566    0.279552
1482484766      1377   147943    0.282179
1482484767      1379   149322    0.284809
1482484768      1375   150697    0.287432
1482484769      1241   151938    0.289799
1482484770      1379   153317    0.292429
1482484771      1371   154688    0.295044
1482484772      1377   156065    0.29767
1482484773      1143   157208    0.29985
1482484774      1369   158577    0.302462
1482484775      1379   159956    0.305092
1482484776      1259   161215    0.307493
1482484777      1380   162595    0.310125
1482484778      1379   163974    0.312756
1482484779      1379   165353    0.315386
1482484780      1259   166612    0.317787
1482484781      1374   167986    0.320408
1482484782      1378   169364    0.323036
1482484783      1380   170744    0.325668
1482484784      1254   171998    0.32806
1482484785      1153   173151    0.330259
1482484786      1376   174527    0.332884
1482484787      1256   175783    0.335279
1482484788      1376   177159    0.337904
1482484789      1380   178539    0.340536
1482484790      1378   179917    0.343164
1482484791      1253   181170    0.345554
1482484792      1380   182550    0.348186
1482484793      1379   183929    0.350817
1482484794      1380   185309    0.353449
1482484795      1138   186472    0.355667
1482484796      1307   187779    0.35816
1482484797      1073   188852    0.360207
1482484798      1368   190220    0.362816
1482484799      1205   191437    0.365137
1482484800      1375   192812    0.36776
1482484801      1312   194124    0.370262
1482484802      1298   195422    0.372738
1482484803      1299   196721    0.375216
1482484804      1105   197869    0.377405
1482484805      1305   199174    0.379894
1482484806      1299   200473    0.382372
1482484807      1297   201770    0.384846
1482484808      1296   203066    0.387318
1482484809      1009   204075    0.389242
1482484810      1283   205358    0.391689
1482484811      1297   206655    0.394163
1482484812      1350   208005    0.396738
1482484813      1178   209266    0.399143
1482484814      1384   210650    0.401783
1482484815      1370   212020    0.404396
1482484816      1378   213398    0.407024
1482484817      1259   214657    0.409426
1482484818      1377   216034    0.412052
1482484819      1379   217413    0.414682
1482484820      1379   218792    0.417313
1482484821      1141   219933    0.419489
1482484822      1380   221313    0.422121
1482484823      1378   222691    0.424749
1482484824      1253   223944    0.427139
1482484825      1378   225322    0.429768
1482484826      1378   226700    0.432396
1482484827      1367   228067    0.435003
1482484828      1257   229324    0.437401
1482484829      1379   230703    0.440031
1482484830      1379   232082    0.442661
1482484831      1367   233449    0.445269
1482484832      1258   234707    0.447668
1482484833      1264   235971    0.450079
1482484834      1371   237342    0.452694
1482484835      1254   238596    0.455086
1482484836      1379   239975    0.457716
1482484837      1380   241355    0.460348
1482484838      1379   242734    0.462978
1482484839      1259   243993    0.46538
1482484840      1380   245373    0.468012
1482484841      1377   246750    0.470638
1482484842      1379   248129    0.473269
1482484843      1259   249388    0.47567
1482484844      1379   250767    0.4783
1482484845      1262   252029    0.480707
1482484846      1261   253290    0.483112
1482484847      1380   254670    0.485744
1482484848      1380   256050    0.488377
1482484849      1266   257393    0.490938
1482484850      1385   258778    0.49358
1482484851      1376   260154    0.496204
1482484852      1375   261529    0.498827
1482484853      1256   262785    0.501223
1482484854      1380   264165    0.503855
1482484855      1379   265544    0.506485
1482484856      1028   266646    0.508587
1482484857      1371   268017    0.511202
1482484858      1379   269396    0.513832
1482484859      1278   270674    0.51627
1482484860      1258   272006    0.51881
1482484861      1363   273369    0.52141
1482484862      1345   274714    0.523975
1482484863      1362   276076    0.526573
1482484864      1152   277366    0.529034
1482484865      1383   278749    0.531672
1482484866      1380   280129    0.534304
1482484867      1378   281507    0.536932
1482484868      1128   282635    0.539083
1482484869      1378   284013    0.541712
1482484870      1378   285391    0.54434
1482484871      1260   286651    0.546743
1482484872      1378   288029    0.549372
1482484873      1379   289408    0.552002
1482484874      1380   290788    0.554634
1482484875      1261   292049    0.557039
1482484876      1379   293428    0.559669
1482484877      1379   294807    0.5623
1482484878      1379   296186    0.56493
1482484879      1257   297443    0.567327
1482484880      1262   298705    0.569735
1482484881      1380   300085    0.572367
1482484882      1259   301344    0.574768
1482484883      1379   302723    0.577398
1482484884      1380   304103    0.58003
1482484885      1380   305483    0.582663
1482484886      1259   306742    0.585064
1482484887      1380   308122    0.587696
1482484888      1379   309501    0.590326
1482484889      1270   310880    0.592957
1482484890      1386   312266    0.5956
1482484891      1378   313644    0.598228
1482484892      1135   314779    0.600393
1482484893      1380   316159    0.603025
1482484894      1379   317538    0.605656
1482484895      1379   318917    0.608286
1482484896      1259   320176    0.610687
1482484897      1379   321555    0.613317
1482484898      1379   322934    0.615948
1482484899      1379   324313    0.618578
1482484900      1255   325568    0.620972
1482484901      1380   326948    0.623604
1482484902      1379   328327    0.626234
1482484903      1142   329469    0.628412
1482484904      1380   330849    0.631044
1482484905      1379   332228    0.633675
1482484906      1379   333607    0.636305
1482484907      1259   334866    0.638706
1482484908      1343   336209    0.641268
1482484909      1379   337588    0.643898
1482484910      1381   338969    0.646532
1482484911      1255   340224    0.648926
1482484912      1379   341603    0.651556
1482484913      1376   342979    0.654181
1482484914      1377   344356    0.656807
1482484915      1139   345495    0.658979
1482484916      1356   346851    0.661566
1482484917      1265   348116    0.663979
1482484918      1248   349364    0.666359
1482484919      1375   350739    0.668982
1482484920      1284   352023    0.671431
1482484921      1379   353402    0.674061
1482484923      1223   354719    0.676573
1482484924      1288   356007    0.679029
1482484925      1237   357244    0.681389
1482484926      1380   358624    0.684021
1482484927      1375   359999    0.686644
1482484928      1142   361141    0.688822
1482484929      1380   362521    0.691454
1482484930      1379   363900    0.694084
1482484931      1258   365158    0.696484
1482484932      1379   366537    0.699114
1482484933      1376   367913    0.701738
1482484934      1379   369292    0.704369
1482484935      1255   370547    0.706762
1482484936      1379   371926    0.709393
1482484937      1376   373302    0.712017
1482484938      1380   374682    0.714649
1482484939      1256   375938    0.717045
1482484940      1260   377198    0.719448
1482484941      1380   378578    0.72208
1482484942      1258   379836    0.72448
1482484943      1379   381215    0.72711
1482484944      1380   382595    0.729742
1482484945      1266   383945    0.732317
1482484946      1387   385332    0.734962
1482484947      1373   386705    0.737581
1482484948      1379   388084    0.740211
1482484949      1259   389343    0.742613
1482484950      1379   390722    0.745243
1482484951      1380   392102    0.747875
1482484952      1139   393241    0.750048
1482484953      1189   394430    0.752316
1482484954      1379   395809    0.754946
1482484955      1379   397188    0.757576
1482484956      1262   398558    0.760189
1482484957      1386   399944    0.762833
1482484958      1379   401323    0.765463
1482484959      1380   402703    0.768095
1482484960      1239   403942    0.770458
1482484961      1379   405321    0.773088
1482484962      1379   406700    0.775719
1482484963      1020   407811    0.777838
1482484964      1387   409198    0.780483
1482484965      1379   410577    0.783113
1482484966      1379   411956    0.785744
1482484967      1257   413213    0.788141
1482484968      1379   414592    0.790771
1482484969      1379   415971    0.793402
1482484970      1380   417351    0.796034
1482484971      1253   418604    0.798424
1482484972      1378   419982    0.801052
1482484973      1380   421362    0.803684
1482484974      1370   422732    0.806297
1482484975      1141   423873    0.808474
1482484976      1380   425253    0.811106
1482484977      1377   426630    0.813732
1482484978      1255   427885    0.816126
1482484979      1379   429264    0.818756
1482484980      1363   430627    0.821356
1482484981      1379   432006    0.823986
1482484982      1244   433250    0.826359
1482484983      1218   434468    0.828682
1482484984      1371   435839    0.831297
1482484985      1303   437142    0.833782
1482484986      1266   438504    0.83638
1482484987      1262   439766    0.838787
1482484988      1378   441144    0.841415
1482484989      1251   442397    0.843805
1482484990      1384   443781    0.846445
1482484991      1373   445154    0.849064
1482484992      1379   446533    0.851694
1482484993      1259   447792    0.854095
1482484994      1380   449172    0.856728
1482484995      1378   450550    0.859356
1482484996      1376   451926    0.86198
1482484997      1259   453185    0.864382
1482484998      1379   454564    0.867012
1482484999      1260   455824    0.869415
1482485000      1254   457078    0.871807
1482485001      1380   458458    0.874439
1482485002      1377   459835    0.877066
1482485003      1375   461210    0.879688
1482485004      1257   462467    0.882086
1482485005      1379   463846    0.884716
1482485006      1379   465225    0.887346
1482485007      1379   466604    0.889977
1482485008      1255   467859    0.89237
1482485009      1380   469239    0.895002
1482485010      1173   470551    0.897505
1482485011      1385   471936    0.900146
1482485012      1379   473315    0.902777
1482485013      1380   474695    0.905409
1482485014      1260   475955    0.907812
1482485015      1380   477335    0.910444
1482485016      1380   478715    0.913076
1482485017      1380   480095    0.915709
1482485018      1256   481351    0.918104
1482485019      1379   482730    0.920734
1482485020      1380   484110    0.923367
1482485021      1378   485488    0.925995
1482485022      963   486451    0.927832
1482485023      1380   487831    0.930464
1482485024      1373   489204    0.933083
1482485025      1262   490524    0.9356
1482485026      1385   491909    0.938242
1482485027      1379   493288    0.940872
1482485028      1380   494668    0.943504
1482485029      1254   495922    0.945896
1482485030      1380   497302    0.948528
1482485031      1380   498682    0.95116
