1484054786      82   82    0.00062561
1484054787      88   170    0.001297
1484054788      94   265    0.00202179
1484054789      99   364    0.0027771
1484054790      95   459    0.00350189
1484054791      96   555    0.00423431
1484054792      89   645    0.00492096
1484054793      94   740    0.00564575
1484054794      94   835    0.00637054
1484054795      94   930    0.00709534
1484054796      93   1023    0.00780487
1484054797      95   1119    0.00853729
1484054798      97   1216    0.00927734
1484054799      94   1311    0.0100021
1484054800      96   1407    0.0107346
1484054801      96   1504    0.0114746
1484054802      97   1601    0.0122147
1484054803      94   1695    0.0129318
1484054804      95   1790    0.0136566
1484054805      95   1885    0.0143814
1484054806      94   1979    0.0150986
1484054807      95   2074    0.0158234
1484054808      94   2168    0.0165405
1484054809      96   2264    0.0172729
1484054810      95   2359    0.0179977
1484054811      96   2455    0.0187302
1484054812      94   2549    0.0194473
1484054813      97   2646    0.0201874
1484054814      97   2743    0.0209274
1484054815      97   2840    0.0216675
1484054816      91   2931    0.0223618
1484054817      94   3026    0.0230865
1484054818      95   3121    0.0238113
1484054819      97   3218    0.0245514
1484054820      95   3314    0.0252838
1484054821      96   3411    0.0260239
1484054822      97   3508    0.0267639
1484054823      96   3604    0.0274963
1484054824      95   3700    0.0282288
1484054825      95   3795    0.0289536
1484054826      94   3890    0.0296783
1484054827      97   3987    0.0304184
1484054828      94   4081    0.0311356
1484054829      95   4176    0.0318604
1484054830      94   4270    0.0325775
1484054831      94   4365    0.0333023
1484054832      93   4459    0.0340195
1484054833      96   4556    0.0347595
1484054834      95   4652    0.0354919
1484054835      94   4747    0.0362167
1484054836      94   4841    0.0369339
1484054837      93   4935    0.0376511
1484054838      95   5030    0.0383759
1484054839      95   5126    0.0391083
1484054840      95   5221    0.0398331
1484054841      95   5317    0.0405655
1484054842      94   5412    0.0412903
1484054843      96   5509    0.0420303
1484054844      99   5608    0.0427856
1484054845      96   5704    0.0435181
1484054846      96   5800    0.0442505
1484054847      94   5895    0.0449753
1484054848      96   5991    0.0457077
1484054849      94   6085    0.0464249
1484054850      94   6180    0.0471497
1484054851      93   6273    0.0478592
1484054852      96   6369    0.0485916
1484054853      97   6467    0.0493393
1484054854      96   6564    0.0500793
1484054855      91   6655    0.0507736
1484054856      99   6754    0.0515289
1484054857      99   6853    0.0522842
1484054858      98   6952    0.0530396
1484054859      99   7051    0.0537949
1484054860      100   7151    0.0545578
1484054861      100   7251    0.0553207
1484054862      82   7334    0.055954
1484054863      97   7432    0.0567017
1484054864      99   7531    0.057457
1484054865      97   7628    0.058197
1484054866      98   7726    0.0589447
1484054867      99   7826    0.0597076
1484054868      100   7926    0.0604706
1484054869      85   8021    0.0611954
1484054870      95   8117    0.0619278
1484054871      100   8217    0.0626907
1484054872      96   8314    0.0634308
1484054873      97   8411    0.0641708
1484054874      98   8510    0.0649261
1484054875      97   8608    0.0656738
1484054876      99   8707    0.0664291
1484054877      78   8785    0.0670242
1484054878      99   8884    0.0677795
1484054879      99   8983    0.0685349
1484054880      97   9080    0.0692749
1484054881      99   9179    0.0700302
1484054882      99   9278    0.0707855
1484054883      100   9378    0.0715485
1484054884      85   9463    0.072197
1484054885      99   9562    0.0729523
1484054886      98   9660    0.0737
1484054887      99   9760    0.0744629
1484054888      97   9858    0.0752106
1484054889      98   9956    0.0759583
1484054890      99   10055    0.0767136
1484054891      99   10155    0.0774765
1484054892      80   10235    0.0780869
1484054893      98   10333    0.0788345
1484054894      97   10431    0.0795822
1484054895      99   10530    0.0803375
1484054896      99   10630    0.0811005
1484054897      99   10730    0.0818634
1484054898      100   10830    0.0826263
1484054899      81   10911    0.0832443
1484054900      98   11010    0.0839996
1484054901      98   11109    0.0847549
1484054902      97   11207    0.0855026
1484054903      98   11305    0.0862503
1484054904      99   11405    0.0870132
1484054905      97   11503    0.0877609
1484054906      76   11596    0.0884705
1484054908      98   11695    0.0892258
1484054909      98   11794    0.0899811
1484054910      99   11894    0.090744
1484054911      97   11992    0.0914917
1484054912      100   12092    0.0922546
1484054913      100   12193    0.0930252
1484054914      99   12293    0.0937881
1484054915      77   12370    0.0943756
1484054916      98   12469    0.0951309
1484054917      102   12571    0.0959091
1484054918      99   12670    0.0966644
1484054919      99   12770    0.0974274
1484054920      98   12868    0.098175
1484054921      99   12968    0.098938
1484054922      76   13045    0.0995255
1484054923      99   13144    0.100281
1484054924      84   13228    0.100922
1484054925      100   13328    0.101685
1484054926      97   13426    0.102432
1484054927      100   13526    0.103195
1484054928      99   13625    0.103951
1484054929      99   13725    0.104713
1484054930      99   13824    0.105469
1484054931      84   13908    0.10611
1484054932      100   14008    0.106873
1484054933      99   14108    0.107635
1484054934      98   14207    0.108391
1484054935      96   14304    0.109131
1484054936      98   14403    0.109886
1484054937      98   14502    0.110641
1484054938      99   14601    0.111397
1484054939      76   14677    0.111977
1484054940      98   14776    0.112732
1484054941      98   14874    0.11348
1484054942      98   14972    0.114227
1484054943      98   15070    0.114975
1484054944      99   15170    0.115738
1484054945      100   15270    0.116501
1484054946      83   15353    0.117134
1484054947      99   15453    0.117897
1484054948      97   15550    0.118637
1484054949      99   15649    0.119392
1484054950      97   15747    0.12014
1484054951      99   15846    0.120895
1484054952      99   15946    0.121658
1484054953      80   16041    0.122383
1484054954      98   16139    0.123131
1484054955      100   16239    0.123894
1484054956      98   16337    0.124641
1484054957      98   16436    0.125397
1484054958      99   16535    0.126152
1484054959      99   16634    0.126907
1484054960      98   16732    0.127655
1484054961      84   16816    0.128296
1484054962      99   16915    0.129051
1484054963      98   17014    0.129807
1484054964      98   17112    0.130554
1484054965      100   17212    0.131317
1484054966      98   17311    0.132072
1484054967      98   17409    0.13282
1484054968      83   17492    0.133453
1484054969      96   17588    0.134186
1484054970      98   17687    0.134941
1484054971      98   17785    0.135689
1484054972      99   17884    0.136444
1484054973      98   17982    0.137192
1484054974      100   18082    0.137955
1484054975      100   18183    0.138725
1484054976      75   18258    0.139297
1484054977      98   18356    0.140045
1484054978      98   18454    0.140793
1484054979      99   18554    0.141556
1484054980      99   18654    0.142319
1484054981      98   18753    0.143074
1484054982      99   18852    0.143829
1484054983      76   18928    0.144409
1484054984      95   19024    0.145142
1484054985      100   19124    0.145905
1484054986      99   19223    0.14666
1484054987      97   19320    0.1474
1484054988      99   19420    0.148163
1484054989      99   19520    0.148926
1484054990      87   19616    0.149658
1484054991      95   19712    0.150391
1484054992      88   19800    0.151062
1484054993      96   19897    0.151802
1484054994      95   19993    0.152534
1484054995      97   20091    0.153282
1484054996      99   20191    0.154045
1484054997      99   20291    0.154808
1484054998      99   20391    0.155571
1484054999      87   20486    0.156296
1484055000      95   20582    0.157028
1484055001      99   20681    0.157784
1484055002      96   20779    0.158531
1484055003      98   20877    0.159279
1484055004      100   20977    0.160042
1484055005      101   21078    0.160812
1484055006      99   21177    0.161568
1484055007      84   21262    0.162216
1484055008      101   21363    0.162987
1484055009      100   21463    0.16375
1484055010      99   21562    0.164505
1484055011      100   21662    0.165268
1484055012      98   21761    0.166023
1484055013      100   21861    0.166786
1484055014      74   21935    0.167351
1484055015      97   22033    0.168098
1484055016      99   22132    0.168854
1484055017      100   22232    0.169617
1484055018      98   22330    0.170364
1484055019      99   22430    0.171127
1484055020      98   22529    0.171883
1484055021      100   22629    0.172646
1484055022      84   22714    0.173294
1484055023      98   22812    0.174042
1484055024      95   22907    0.174767
1484055025      99   23006    0.175522
1484055026      99   23105    0.176277
1484055027      100   23205    0.17704
1484055028      100   23306    0.177811
1484055029      86   23392    0.178467
1484055030      99   23492    0.17923
1484055031      99   23591    0.179985
1484055032      97   23688    0.180725
1484055033      98   23786    0.181473
1484055034      100   23886    0.182236
1484055035      98   23985    0.182991
1484055036      86   24071    0.183647
1484055037      97   24169    0.184395
1484055038      100   24269    0.185158
1484055039      97   24366    0.185898
1484055040      100   24467    0.186668
1484055041      100   24568    0.187439
1484055042      98   24667    0.188194
1484055043      99   24767    0.188957
1484055044      83   24850    0.18959
1484055045      97   24947    0.190331
1484055046      100   25047    0.191093
1484055048      99   25147    0.191856
1484055049      98   25245    0.192604
1484055050      100   25345    0.193367
1484055051      99   25444    0.194122
1484055052      83   25528    0.194763
1484055053      97   25625    0.195503
1484055054      98   25723    0.196251
1484055055      98   25822    0.197006
1484055056      97   25920    0.197754
1484055057      99   26020    0.198517
1484055058      97   26117    0.199257
1484055059      86   26206    0.199936
1484055060      99   26305    0.200691
1484055061      91   26396    0.201385
1484055062      98   26494    0.202133
1484055063      97   26592    0.202881
1484055064      97   26690    0.203629
1484055065      99   26789    0.204384
1484055066      101   26890    0.205154
1484055067      101   26991    0.205925
1484055068      86   27077    0.206581
1484055069      98   27176    0.207336
1484055070      99   27275    0.208092
1484055071      95   27371    0.208824
1484055072      98   27470    0.209579
1484055073      101   27571    0.21035
1484055074      99   27670    0.211105
1484055075      98   27769    0.211861
1484055076      84   27853    0.212502
1484055077      99   27952    0.213257
1484055078      99   28051    0.214012
1484055079      98   28150    0.214767
1484055080      98   28248    0.215515
1484055081      99   28348    0.216278
1484055082      99   28447    0.217033
1484055083      84   28531    0.217674
1484055084      97   28628    0.218414
1484055085      98   28726    0.219162
1484055086      98   28825    0.219917
1484055087      98   28923    0.220665
1484055088      98   29021    0.221413
1484055089      98   29119    0.22216
1484055090      99   29218    0.222916
1484055091      85   29304    0.223572
1484055092      100   29404    0.224335
1484055093      99   29503    0.22509
1484055094      99   29602    0.225845
1484055095      98   29701    0.226601
1484055096      102   29803    0.227379
1484055097      99   29902    0.228134
1484055098      86   29988    0.22879
1484055099      99   30087    0.229546
1484055100      97   30185    0.230293
1484055101      98   30283    0.231041
1484055102      100   30384    0.231812
1484055103      97   30482    0.232559
1484055104      99   30581    0.233315
1484055105      83   30664    0.233948
1484055106      95   30760    0.23468
1484055107      98   30858    0.235428
1484055108      99   30957    0.236183
1484055109      98   31056    0.236938
1484055110      99   31155    0.237694
1484055111      98   31253    0.238441
1484055112      98   31352    0.239197
1484055113      84   31436    0.239838
1484055114      98   31535    0.240593
1484055115      99   31634    0.241348
1484055116      98   31733    0.242104
1484055117      98   31832    0.242859
1484055118      99   31931    0.243614
1484055119      100   32032    0.244385
1484055120      84   32117    0.245033
1484055121      96   32213    0.245766
1484055122      98   32312    0.246521
1484055123      98   32411    0.247276
1484055124      98   32509    0.248024
1484055125      98   32608    0.248779
1484055126      100   32708    0.249542
1484055127      85   32796    0.250214
1484055128      98   32894    0.250961
1484055129      91   32985    0.251656
1484055130      98   33084    0.252411
1484055131      100   33184    0.253174
1484055132      100   33284    0.253937
1484055133      100   33384    0.2547
1484055134      99   33484    0.255463
1484055135      100   33584    0.256226
1484055136      86   33670    0.256882
1484055137      98   33769    0.257637
1484055138      98   33868    0.258392
1484055139      98   33966    0.25914
1484055140      98   34064    0.259888
1484055141      98   34162    0.260635
1484055142      98   34261    0.261391
1484055143      98   34359    0.262138
1484055144      84   34443    0.262779
1484055145      100   34543    0.263542
1484055146      99   34643    0.264305
1484055147      99   34742    0.26506
1484055148      98   34841    0.265816
1484055149      99   34940    0.266571
1484055150      99   35040    0.267334
1484055151      82   35123    0.267967
1484055152      98   35222    0.268723
1484055153      97   35320    0.26947
1484055154      98   35418    0.270218
1484055155      99   35517    0.270973
1484055156      98   35616    0.271729
1484055157      100   35716    0.272491
1484055158      89   35811    0.273216
1484055159      98   35909    0.273964
1484055160      98   36008    0.274719
1484055161      98   36106    0.275467
1484055162      98   36205    0.276222
1484055163      99   36304    0.276978
1484055164      99   36403    0.277733
1484055165      99   36503    0.278496
1484055166      86   36589    0.279152
1484055167      98   36687    0.2799
1484055168      100   36787    0.280663
1484055169      96   36884    0.281403
1484055170      100   36984    0.282166
1484055171      99   37083    0.282921
1484055172      101   37185    0.283699
1484055173      86   37271    0.284355
1484055174      97   37368    0.285095
1484055175      98   37466    0.285843
1484055176      97   37563    0.286583
1484055177      99   37662    0.287338
1484055178      99   37761    0.288094
1484055179      99   37860    0.288849
1484055180      87   37956    0.289581
1484055181      98   38055    0.290337
1484055182      95   38151    0.291069
1484055183      98   38249    0.291817
1484055184      99   38349    0.29258
1484055185      98   38448    0.293335
1484055186      98   38546    0.294083
1484055187      100   38646    0.294846
1484055188      79   38725    0.295448
1484055189      97   38823    0.296196
1484055190      97   38920    0.296936
1484055191      99   39020    0.297699
1484055192      97   39117    0.298439
1484055193      99   39216    0.299194
1484055194      98   39314    0.299942
1484055195      85   39399    0.300591
1484055196      95   39495    0.301323
1484055197      91   39586    0.302017
1484055198      97   39684    0.302765
1484055199      98   39782    0.303513
1484055200      99   39881    0.304268
1484055201      100   39981    0.305031
1484055202      99   40080    0.305786
1484055203      99   40180    0.306549
1484055204      75   40256    0.307129
1484055205      97   40354    0.307877
1484055206      99   40454    0.30864
1484055207      99   40553    0.309395
1484055208      99   40652    0.31015
1484055209      99   40751    0.310905
1484055210      97   40849    0.311653
1484055211      100   40950    0.312424
1484055212      83   41033    0.313057
1484055213      97   41130    0.313797
1484055214      97   41227    0.314537
1484055215      98   41326    0.315292
1484055216      99   41426    0.316055
1484055217      100   41526    0.316818
1484055218      99   41626    0.317581
1484055219      78   41704    0.318176
1484055220      98   41802    0.318924
1484055221      97   41900    0.319672
1484055222      99   41999    0.320427
1484055223      99   42098    0.321182
1484055224      99   42198    0.321945
1484055225      99   42298    0.322708
1484055226      101   42399    0.323479
1484055227      83   42483    0.32412
1484055228      99   42582    0.324875
1484055229      98   42681    0.32563
1484055230      99   42780    0.326385
1484055231      98   42879    0.327141
1484055232      99   42979    0.327904
1484055233      99   43078    0.328659
1484055234      83   43161    0.329292
1484055235      96   43257    0.330025
1484055236      97   43355    0.330772
1484055237      99   43454    0.331528
1484055239      98   43553    0.332283
1484055240      99   43653    0.333046
1484055241      98   43752    0.333801
1484055242      77   43831    0.334404
1484055243      99   43931    0.335167
1484055244      98   44029    0.335915
1484055245      100   44129    0.336678
1484055246      99   44228    0.337433
1484055247      99   44327    0.338188
1484055248      99   44427    0.338951
1484055249      100   44528    0.339722
1484055250      85   44613    0.34037
1484055251      99   44713    0.341133
1484055252      100   44814    0.341904
1484055253      99   44913    0.342659
1484055254      100   45013    0.343422
1484055255      98   45112    0.344177
1484055256      98   45211    0.344933
1484055257      71   45282    0.345474
1484055258      98   45380    0.346222
1484055259      98   45478    0.34697
1484055260      99   45578    0.347733
1484055261      100   45678    0.348495
1484055262      99   45777    0.349251
1484055263      98   45875    0.349998
1484055264      99   45974    0.350754
1484055265      85   46059    0.351402
1484055266      84   46143    0.352043
1484055267      98   46241    0.352791
1484055268      98   46340    0.353546
1484055269      97   46437    0.354286
1484055270      100   46538    0.355057
1484055271      99   46638    0.35582
1484055272      99   46737    0.356575
1484055273      98   46836    0.35733
1484055274      84   46920    0.357971
1484055275      99   47020    0.358734
1484055276      99   47119    0.359489
1484055277      99   47218    0.360245
1484055278      97   47316    0.360992
1484055279      101   47417    0.361763
1484055280      101   47519    0.362541
1484055281      86   47605    0.363197
1484055282      97   47702    0.363937
1484055283      100   47802    0.3647
1484055284      99   47901    0.365456
1484055285      96   47997    0.366188
1484055286      100   48097    0.366951
1484055287      100   48197    0.367714
1484055288      86   48283    0.36837
1484055289      98   48382    0.369125
1484055290      98   48481    0.369881
1484055291      98   48579    0.370628
1484055292      99   48678    0.371384
1484055293      98   48776    0.372131
1484055294      99   48875    0.372887
1484055295      99   48974    0.373642
1484055296      82   49057    0.374275
1484055297      98   49155    0.375023
1484055298      97   49252    0.375763
1484055299      99   49351    0.376518
1484055300      98   49450    0.377274
1484055301      99   49549    0.378029
1484055302      99   49649    0.378792
1484055303      85   49735    0.379448
1484055304      96   49831    0.38018
1484055305      98   49930    0.380936
1484055306      98   50029    0.381691
1484055307      100   50129    0.382454
1484055308      99   50229    0.383217
1484055309      100   50329    0.38398
1484055310      87   50421    0.384682
1484055311      98   50519    0.385429
1484055312      99   50619    0.386192
1484055313      98   50718    0.386948
1484055314      100   50818    0.387711
1484055315      99   50918    0.388474
1484055316      99   51017    0.389229
1484055317      100   51117    0.389992
1484055318      85   51202    0.39064
1484055319      99   51301    0.391396
1484055320      98   51400    0.392151
1484055321      99   51499    0.392906
1484055322      99   51599    0.393669
1484055323      98   51698    0.394424
1484055324      99   51797    0.39518
1484055325      77   51874    0.395767
1484055326      92   51966    0.396469
1484055327      97   52064    0.397217
1484055328      97   52161    0.397957
1484055329      100   52261    0.39872
1484055330      99   52361    0.399483
1484055331      100   52462    0.400253
