1484564346      1459   1459    0.0111313
1484564347      1464   2923    0.0223007
1484564348      1461   4384    0.0334473
1484564349      1405   5789    0.0441666
1484564350      1120   6909    0.0527115
1484564351      763   7672    0.0585327
1484564352      1207   8879    0.0677414
1484564353      832   9781    0.0746231
1484564354      1013   10794    0.0823517
1484564355      757   11696    0.0892334
1484564356      1226   12922    0.098587
1484564357      805   13841    0.105598
1484564358      1225   15066    0.114944
1484564359      844   15986    0.121964
1484564360      777   16763    0.127892
1484564362      897   17901    0.136574
1484564363      1231   19132    0.145966
1484564364      831   20046    0.152939
1484564365      1204   21250    0.162125
1484564366      686   21961    0.167549
1484564367      1016   22977    0.175301
1484564368      886   24106    0.183914
1484564369      1216   25322    0.193192
1484564370      839   26251    0.200279
1484564371      1120   27371    0.208824
1484564372      774   28145    0.214729
1484564373      681   28881    0.220345
1484564374      1224   30105    0.229683
1484564375      813   31026    0.23671
1484564376      1041   32067    0.244652
1484564377      725   32941    0.25132
1484564378      1233   34174    0.260727
1484564379      942   35116    0.267914
1484564380      1055   36171    0.275963
1484564382      839   37231    0.28405
1484564383      1128   38359    0.292656
1484564384      775   39134    0.298569
1484564385      694   39861    0.304115
1484564386      1214   41076    0.313385
1484564387      842   42006    0.32048
1484564388      1230   43236    0.329865
1484564389      600   43921    0.335091
1484564390      1019   44940    0.342865
1484564391      850   46066    0.351456
1484564392      1188   47254    0.360519
1484564393      851   48211    0.367821
1484564394      1139   49350    0.376511
1484564395      773   50123    0.382408
1484564396      732   50855    0.387993
1484564397      1181   52036    0.397003
1484564399      829   52986    0.404251
1484564400      1079   54065    0.412483
1484564401      766   54901    0.418861
1484564402      1079   55980    0.427094
1484564403      863   57046    0.435226
1484564404      1216   58262    0.444504
1484564405      817   59191    0.451591
1484564406      1048   60239    0.459587
1484564407      723   61106    0.466202
1484564408      1233   62339    0.475609
1484564409      818   63251    0.482567
1484564410      1229   64480    0.491943
1484564412      830   65396    0.498932
1484564413      783   66179    0.504906
1484564414      850   67311    0.513542
1484564415      1149   68460    0.522308
1484564416      847   69456    0.529907
1484564417      1067   70523    0.538048
1484564418      806   71371    0.544518
1484564419      999   72370    0.552139
1484564420      890   73516    0.560883
1484564421      1234   74750    0.570297
1484564422      810   75661    0.577248
1484564424      797   76861    0.586403
1484564425      1232   78093    0.595802
1484564426      784   79006    0.602768
1484564427      1013   80019    0.610497
1484564428      870   81151    0.619133
1484564429      1191   82342    0.62822
1484564431      617   83066    0.633743
1484564432      1027   84093    0.641579
1484564433      912   85211    0.650108
1484564434      1232   86443    0.659508
1484564435      860   87356    0.666473
1484564436      778   88134    0.672409
1484564437      930   89271    0.681084
1484564438      1225   90496    0.69043
1484564439      847   91416    0.697449
1484564440      1105   92521    0.705879
1484564441      659   93331    0.712059
1484564442      1219   94550    0.721359
1484564444      815   95476    0.728424
1484564445      612   96191    0.733879
1484564446      1141   97332    0.742584
1484564447      916   98336    0.750244
1484564448      749   99085    0.755959
1484564449      930   100251    0.764854
1484564450      1222   101473    0.774178
1484564451      812   102396    0.781219
1484564452      1093   103489    0.789558
1484564453      667   104311    0.79583
1484564454      1232   105543    0.805229
1484564456      817   106456    0.812195
1484564457      1032   107488    0.820068
1484564458      906   108601    0.82856
1484564459      1195   109796    0.837677
1484564460      617   110516    0.84317
1484564461      1120   111636    0.851715
1484564462      898   112661    0.859535
1484564463      1211   113872    0.868774
1484564464      832   114806    0.8759
1484564465      776   115582    0.881821
1484564466      1018   116600    0.889587
1484564467      903   117503    0.896477
1484564468      1218   118721    0.905769
1484564469      932   119653    0.91288
1484564470      925   120781    0.921486
1484564471      1222   122003    0.930809
1484564472      915   122926    0.937851
1484564473      1188   124114    0.946915
1484564474      938   125071    0.954216
1484564475      1187   126258    0.963272
1484564476      762   127020    0.969086
1484564477      1224   128244    0.978424
1484564479      862   129131    0.985191
1484564480      1235   130366    0.994614
1484564481      950   131316    1.00186
1484564482      1118   132434    1.01039
1484564483      922   133356    1.01743
1484564484      1221   134577    1.02674
1484564485      939   135516    1.03391
1484564486      1200   136716    1.04306
1484564487      830   137546    1.04939
1484564488      1005   138681    1.05805
1484564489      1202   139883    1.06722
1484564490      942   140826    1.07442
1484564491      1193   142019    1.08352
1484564492      734   142753    1.08912
1484564493      1224   143977    1.09846
1484564494      876   144886    1.10539
1484564495      1239   146125    1.11485
1484564496      950   147075    1.12209
1484564497      955   148231    1.13091
1484564498      1214   149445    1.14017
1484564499      930   150376    1.14728
1484564500      1221   151597    1.15659
1484564501      949   152546    1.16383
1484564502      953   153721    1.1728
1484564503      1210   154931    1.18203
1484564504      928   155866    1.18916
1484564505      1235   157101    1.19859
1484564506      929   158030    1.20567
1484564507      955   159211    1.21468
1484564508      1184   160395    1.22372
1484564509      939   161356    1.23105
1484564510      1035   162391    1.23895
1484564512      950   163501    1.24741
1484564513      1043   164544    1.25537
1484564514      745   165416    1.26202
1484564515      1218   166634    1.27132
1484564516      827   167561    1.27839
1484564517      1231   168792    1.28778
1484564518      815   169706    1.29475
1484564519      781   170487    1.30071
1484564520      1100   171587    1.3091
1484564521      741   172336    1.31482
1484564522      1231   173567    1.32421
1484564523      813   174481    1.33118
1484564524      1011   175492    1.3389
1484564525      756   176396    1.34579
1484564526      1114   177510    1.35429
1484564527      856   178541    1.36216
1484564528      1229   179771    1.37154
1484564530      816   180686    1.37852
1484564531      990   181676    1.38608
1484564532      843   182601    1.39314
1484564533      1133   183734    1.40178
1484564534      853   184746    1.4095
1484564535      1229   185975    1.41888
1484564536      798   186773    1.42496
1484564537      1082   187855    1.43322
1484564538      874   188806    1.44048
1484564539      960   189766    1.4478
1484564540      907   190951    1.45684
1484564542      903   192151    1.466
1484564543      1142   193293    1.47471
1484564544      862   194296    1.48236
1484564545      1224   195520    1.4917
1484564546      822   196441    1.49873
1484564547      953   197394    1.506
1484564548      765   198356    1.51334
1484564549      1206   199562    1.52254
1484564550      830   200501    1.5297
1484564551      1215   201716    1.53897
1484564552      822   202646    1.54607
1484564553      1124   203770    1.55464
1484564554      786   204561    1.56068
1484564555      1045   205606    1.56865
1484564557      839   206706    1.57704
1484564558      1104   207810    1.58546
1484564559      709   208621    1.59165
1484564560      1233   209854    1.60106
1484564561      840   210766    1.60802
1484564562      972   211738    1.61543
1484564563      894   212911    1.62438
1484564565      816   214111    1.63354
1484564566      1235   215346    1.64296
1484564567      801   216256    1.6499
1484564568      606   216971    1.65536
1484564569      1231   218202    1.66475
1484564570      785   219116    1.67172
1484564571      783   219899    1.6777
1484564573      842   221031    1.68633
1484564574      1192   222223    1.69543
1484564575      824   223176    1.7027
1484564576      1209   224385    1.71192
1484564577      691   225091    1.71731
1484564578      1014   226105    1.72504
1484564579      1107   227212    1.73349
1484564580      731   227951    1.73913
1484564581      1046   228997    1.74711
1484564582      996   230096    1.75549
1484564583      763   230859    1.76131
1484564584      889   232011    1.7701
1484564585      1138   233149    1.77879
1484564586      898   234047    1.78564
1484564587      792   234871    1.79192
1484564588      1160   236031    1.80077
1484564589      675   236786    1.80653
1484564590      1195   237981    1.81565
1484564591      806   238931    1.8229
1484564592      1019   239950    1.83067
1484564593      1123   241073    1.83924
1484564595      475   241561    1.84296
1484564596      1238   242799    1.85241
1484564597      810   243706    1.85933
1484564598      1017   244723    1.86709
1484564599      809   245851    1.87569
1484564600      1195   247046    1.88481
1484564601      744   247790    1.89049
1484564602      1226   249016    1.89984
1484564603      813   249911    1.90667
1484564604      1233   251144    1.91608
1484564605      814   252056    1.92303
1484564606      787   252843    1.92904
1484564607      908   253971    1.93764
1484564608      1210   255181    1.94688
1484564610      845   256116    1.95401
1484564611      1229   257345    1.96339
1484564612      655   258031    1.96862
1484564613      1008   259039    1.97631
1484564614      901   260176    1.98499
1484564615      1119   261295    1.99352
1484564616      880   262321    2.00135
1484564618      806   263521    2.01051
1484564619      1228   264749    2.01987
1484564620      827   265666    2.02687
1484564621      1021   266687    2.03466
1484564622      980   267811    2.04324
1484564623      1081   268892    2.05148
1484564624      727   269726    2.05785
1484564625      1230   270956    2.06723
1484564626      809   271871    2.07421
1484564627      1177   273048    2.08319
1484564628      883   274016    2.09058
1484564629      783   274799    2.09655
1484564630      1077   275876    2.10477
1484564631      751   276646    2.11064
1484564632      1016   277662    2.11839
1484564633      959   278791    2.12701
1484564634      1136   279927    2.13567
1484564635      704   280706    2.14162
1484564636      1231   281937    2.15101
1484564638      818   282851    2.15798
1484564639      1205   284056    2.16718
1484564640      838   284996    2.17435
1484564641      780   285776    2.1803
1484564642      887   286911    2.18896
1484564643      1228   288139    2.19833
1484564644      808   289056    2.20532
1484564645      1231   290287    2.21471
1484564646      679   290971    2.21993
1484564647      1019   291990    2.22771
1484564648      937   293116    2.2363
1484564649      1178   294294    2.24529
1484564650      862   295261    2.25266
1484564652      815   296461    2.26182
1484564653      1233   297694    2.27122
1484564654      817   298606    2.27818
1484564655      1112   299718    2.28667
1484564656      908   300751    2.29455
1484564658      814   301951    2.3037
1484564659      1229   303180    2.31308
1484564660      856   304096    2.32007
1484564661      618   304811    2.32552
1484564662      988   305799    2.33306
1484564663      925   306956    2.34189
1484564664      904   307860    2.34879
1484564665      896   308871    2.3565
1484564666      1230   310101    2.36588
1484564667      861   311016    2.37286
1484564668      1106   312122    2.3813
1484564670      667   312931    2.38747
1484564671      1231   314162    2.39687
1484564672      826   315076    2.40384
1484564673      1044   316120    2.4118
1484564674      928   317221    2.4202
1484564675      818   318421    2.42936
1484564676      1230   319651    2.43874
1484564677      816   320566    2.44572
1484564678      1114   321680    2.45422
1484564680      888   322711    2.46209
1484564681      816   323911    2.47124
1484564682      1222   325133    2.48057
1484564683      816   326056    2.48761
1484564684      1057   327113    2.49567
1484564685      923   328201    2.50397
1484564687      818   329401    2.51313
1484564688      1233   330634    2.52254
1484564689      742   331546    2.5295
1484564690      1228   332774    2.53886
1484564691      714   333488    2.54431
1484564692      821   334406    2.55132
1484564693      1118   335524    2.55984
1484564694      952   336476    2.56711
1484564695      1230   337706    2.57649
1484564696      944   338650    2.58369
1484564697      1229   339879    2.59307
1484564698      835   340714    2.59944
1484564699      992   341811    2.60781
1484564700      1237   343048    2.61725
1484564701      947   343995    2.62447
1484564702      1222   345217    2.6338
1484564703      556   345871    2.63879
1484564704      1231   347102    2.64818
1484564706      809   348016    2.65515
1484564707      1016   349032    2.6629
1484564708      1000   350161    2.67152
1484564709      1044   351205    2.67948
1484564710      745   352076    2.68613
1484564711      1235   353311    2.69555
1484564712      826   354221    2.70249
1484564713      1232   355453    2.71189
1484564714      814   356366    2.71886
1484564715      1000   357366    2.72649
1484564716      913   358281    2.73347
1484564717      1070   359351    2.74163
1484564718      872   360426    2.74983
1484564719      1229   361655    2.75921
1484564720      639   362341    2.76444
1484564721      848   363189    2.77091
1484564722      1211   364400    2.78015
1484564723      774   365201    2.78626
1484564724      1230   366431    2.79565
1484564726      816   367346    2.80263
1484564727      849   368195    2.8091
1484564728      970   369165    2.81651
1484564729      765   369976    2.82269
1484564730      1226   371202    2.83205
1484564731      830   372121    2.83906
1484564732      972   373093    2.84647
1484564733      804   374036    2.85367
1484564734      1190   375226    2.86275
1484564735      844   376181    2.87003
1484564736      1235   377416    2.87946
1484564737      808   378326    2.8864
1484564738      878   379204    2.8931
1484564739      889   380241    2.90101
1484564740      1196   381437    2.91013
1484564741      828   382386    2.91737
1484564742      1229   383615    2.92675
1484564744      652   384301    2.93198
1484564745      1203   385504    2.94116
1484564746      853   386446    2.94835
1484564747      1018   387464    2.95612
1484564748      891   388591    2.96471
1484564749      968   389791    2.97387
1484564750      1144   390935    2.9826
1484564751      847   391936    2.99023
1484564752      1232   393168    2.99963
1484564753      811   394081    3.0066
1484564754      1044   395125    3.01456
1484564756      738   395996    3.02121
1484564757      1065   397061    3.02934
1484564758      878   398141    3.03757
1484564759      1234   399375    3.04699
1484564760      810   400286    3.05394
1484564761      990   401276    3.06149
1484564762      937   402213    3.06864
1484564763      1059   403272    3.07672
1484564764      869   404346    3.08492
1484564765      1208   405554    3.09413
1484564766      663   406261    3.09953
1484564767      1026   407287    3.10735
1484564768      995   408406    3.11589
1484564769      1045   409451    3.12386
1484564771      883   410551    3.13226
1484564772      839   411751    3.14141
1484564773      1224   412975    3.15075
1484564774      810   413896    3.15778
1484564775      1226   415122    3.16713
1484564776      835   416041    3.17414
1484564777      1023   417064    3.18195
1484564778      754   417956    3.18875
1484564779      1229   419185    3.19813
1484564781      817   420101    3.20512
1484564782      1228   421329    3.21449
1484564783      840   422246    3.22148
1484564784      778   423024    3.22742
1484564785      903   424161    3.23609
1484564786      1230   425391    3.24548
1484564787      834   426306    3.25246
1484564788      1229   427535    3.26183
1484564789      600   428221    3.26707
1484564790      1018   429239    3.27483
1484564791      891   430366    3.28343
1484564792      1234   431600    3.29285
1484564794      815   432511    3.2998
1484564795      965   433711    3.30895
1484564796      1020   434731    3.31673
1484564797      892   435856    3.32532
1484564798      1229   437085    3.33469
1484564799      837   438001    3.34168
1484564801      813   439201    3.35084
1484564802      1227   440428    3.3602
1484564803      812   441346    3.3672
1484564804      1097   442443    3.37557
1484564805      961   443491    3.38357
1484564806      1061   444552    3.39166
1484564807      737   445406    3.39818
1484564808      1233   446639    3.40759
1484564809      836   447551    3.41454
1484564810      1228   448779    3.42391
1484564811      827   449696    3.43091
1484564812      777   450473    3.43684
1484564813      898   451611    3.44552
1484564814      1229   452840    3.4549
1484564816      817   453756    3.46188
1484564817      1237   454993    3.47132
1484564818      672   455671    3.47649
1484564819      1011   456682    3.48421
1484564820      1075   457757    3.49241
1484564821      757   458531    3.49831
1484564822      1230   459761    3.5077
1484564823      838   460676    3.51468
1484564824      779   461455    3.52062
1484564825      900   462591    3.52929
1484564826      1230   463821    3.53867
1484564827      838   464736    3.54565
1484564828      1235   465971    3.55508
1484564829      658   466651    3.56026
1484564830      1012   467663    3.56799
1484564831      1006   468796    3.57663
1484564832      1070   469866    3.58479
1484564833      877   470941    3.59299
1484564835      863   472141    3.60215
1484564836      1239   473380    3.6116
1484564837      834   474286    3.61852
1484564838      1231   475517    3.62791
1484564839      836   476431    3.63488
1484564840      1029   477460    3.64273
1484564841      758   478346    3.64949
1484564842      1232   479578    3.65889
1484564843      835   480491    3.66586
1484564844      1233   481724    3.67526
1484564845      854   482636    3.68222
1484564846      770   483406    3.6881
1484564848      916   484551    3.69683
1484564849      1229   485780    3.70621
1484564850      815   486696    3.7132
1484564851      1213   487909    3.72245
1484564852      616   488611    3.72781
1484564853      1233   489844    3.73721
1484564854      843   490756    3.74417
1484564855      1063   491819    3.75228
1484564856      925   492901    3.76054
1484564858      816   494101    3.76969
1484564859      1235   495336    3.77911
1484564860      815   496246    3.78606
1484564861      1100   497346    3.79445
1484564862      910   498391    3.80242
1484564863      813   499591    3.81158
