1499875195      499   499    0.00333118
1499875196      500   999    0.00666904
1499875197      500   1499    0.0100069
1499875198      499   1998    0.0133381
1499875199      500   2498    0.0166759
1499875200      500   2998    0.0200138
1499875201      500   3498    0.0233517
1499875202      499   3997    0.0266829
1499875203      500   4497    0.0300207
1499875204      500   4997    0.0333586
1499875205      500   5497    0.0366964
1499875206      500   5997    0.0400343
1499875207      499   6496    0.0433655
1499875208      500   6996    0.0467033
1499875209      500   7496    0.0500412
1499875210      500   7996    0.0533791
1499875211      499   8495    0.0567102
1499875212      474   8969    0.0598745
1499875213      500   9469    0.0632124
1499875214      500   9969    0.0665503
1499875215      499   10468    0.0698814
1499875216      376   10844    0.0723915
1499875217      500   11344    0.0757294
1499875218      500   11844    0.0790672
1499875219      500   12344    0.0824051
1499875220      379   12723    0.0849352
1499875221      500   13223    0.088273
1499875222      500   13723    0.0916109
1499875223      500   14223    0.0949488
1499875225      381   14680    0.0979996
1499875226      507   15187    0.101384
1499875227      499   15686    0.104715
1499875228      500   16186    0.108053
1499875229      500   16686    0.111391
1499875230      363   17049    0.113814
1499875231      450   17499    0.116818
1499875232      499   17998    0.12015
1499875233      500   18498    0.123487
1499875234      500   18998    0.126825
1499875235      381   19379    0.129369
1499875236      499   19878    0.1327
1499875237      500   20378    0.136038
1499875238      500   20878    0.139376
1499875239      359   21237    0.141772
1499875240      499   21736    0.145103
1499875241      500   22236    0.148441
1499875242      500   22736    0.151779
1499875243      500   23236    0.155117
1499875244      358   23594    0.157507
1499875245      499   24093    0.160838
1499875246      500   24593    0.164176
1499875247      500   25093    0.167514
1499875248      357   25450    0.169897
1499875249      460   25910    0.172968
1499875250      500   26410    0.176306
1499875251      500   26910    0.179644
1499875252      500   27410    0.182981
1499875253      382   27792    0.185532
1499875254      500   28292    0.188869
1499875255      500   28792    0.192207
1499875256      500   29292    0.195545
1499875257      371   29779    0.198796
1499875258      507   30286    0.202181
1499875259      500   30786    0.205519
1499875260      499   31285    0.20885
1499875261      500   31785    0.212188
1499875262      379   32164    0.214718
1499875263      500   32664    0.218056
1499875264      499   33163    0.221387
1499875265      500   33663    0.224725
1499875266      381   34044    0.227268
1499875267      450   34494    0.230272
1499875268      500   34994    0.23361
1499875269      499   35493    0.236941
1499875270      500   35993    0.240279
1499875271      379   36372    0.242809
1499875272      500   36872    0.246147
1499875273      499   37371    0.249478
1499875274      500   37871    0.252816
1499875275      397   38347    0.255994
1499875276      507   38854    0.259378
1499875277      500   39354    0.262716
1499875278      500   39854    0.266054
1499875279      500   40354    0.269392
1499875280      347   40701    0.271708
1499875281      500   41201    0.275046
1499875282      500   41701    0.278384
1499875283      531   42232    0.281929
1499875284      604   42841    0.285995
1499875285      1006   43847    0.29271
1499875286      1000   44847    0.299386
1499875287      753   45600    0.304413
1499875288      1000   46600    0.311089
1499875289      755   47355    0.316129
1499875290      1000   48355    0.322804
1499875291      750   49105    0.327811
1499875292      1000   50105    0.334487
1499875293      756   50989    0.340388
1499875294      901   51890    0.346403
1499875295      1000   52890    0.353079
1499875296      729   53619    0.357945
1499875297      1000   54619    0.364621
1499875298      748   55483    0.370389
1499875299      1006   56489    0.377105
1499875300      1000   57489    0.38378
1499875301      751   58240    0.388794
1499875302      1000   59240    0.39547
1499875303      669   59977    0.40039
1499875304      1630   61607    0.411271
1499875305      1498   63105    0.421271
1499875306      1394   64499    0.430577
1499875307      1514   66088    0.441185
1499875308      2007   68095    0.454583
1499875309      1120   69215    0.46206
1499875310      1499   70714    0.472067
1499875312      1580   72619    0.484784
1499875313      2007   74626    0.498182
1499875314      1488   76114    0.508116
1499875315      1279   77393    0.516654
1499875316      1549   79150    0.528383
1499875317      2006   81156    0.541775
1499875318      1501   82657    0.551795
1499875319      1431   84088    0.561348
1499875320      1417   85505    0.570807
1499875321      1772   87277    0.582637
1499875322      1505   88782    0.592684
1499875323      1394   90176    0.60199
1499875324      1525   91792    0.612778
1499875325      2006   93798    0.626169
1499875326      1279   95077    0.634707
1499875327      1500   96577    0.644721
1499875328      1480   98323    0.656377
1499875329      2007   100330    0.669775
1499875330      1497   101827    0.679769
1499875331      1271   103098    0.688253
1499875332      1554   104854    0.699976
1499875333      2006   106860    0.713367
1499875334      1498   108358    0.723368
1499875335      1434   109792    0.732941
1499875336      1499   111291    0.742948
1499875337      1775   113066    0.754797
1499875338      1266   114332    0.763248
1499875339      1358   115690    0.772314
1499875340      1469   117496    0.78437
1499875341      2007   119503    0.797769
1499875342      1152   120655    0.805459
1499875343      1501   122156    0.815479
1499875345      1571   124027    0.82797
1499875346      2007   126034    0.841368
1499875347      1369   127403    0.850507
1499875348      1225   128628    0.858685
1499875349      1568   130558    0.871569
1499875350      2007   132565    0.884967
1499875351      1499   134064    0.894974
1499875352      1404   135468    0.904346
1499875353      1192   136669    0.912364
1499875354      1795   138464    0.924347
1499875355      1424   139888    0.933853
1499875356      1351   141239    0.942872
1499875357      1419   143200    0.955963
1499875358      2006   145206    0.969355
1499875359      1282   146488    0.977913
1499875360      1408   147896    0.987312
1499875361      1560   149731    0.999562
1499875362      2006   151737    1.01295
1499875363      1501   153238    1.02297
1499875364      1229   154467    1.03118
1499875366      1561   156262    1.04316
1499875367      2006   158268    1.05655
1499875368      1493   159761    1.06652
1499875369      1382   161143    1.07575
1499875370      1397   162540    1.08507
1499875371      1774   164314    1.09691
1499875372      1500   165814    1.10693
1499875373      1431   167245    1.11648
1499875374      1539   168904    1.12756
1499875375      2006   170910    1.14095
1499875376      1030   171940    1.14782
1499875377      1500   173440    1.15784
1499875378      1595   175435    1.17115
1499875379      2006   177441    1.18455
1499875380      1500   178941    1.19456
1499875381      1320   180261    1.20337
1499875382      1546   181966    1.21475
1499875383      2006   183972    1.22815
1499875384      1286   185258    1.23673
1499875385      1493   186751    1.2467
1499875386      1498   188249    1.2567
1499875387      1715   189964    1.26815
1499875388      1506   191470    1.2782
1499875389      1439   192909    1.28781
1499875390      1539   194608    1.29915
1499875391      2006   196614    1.31254
1499875392      1194   197808    1.32051
1499875393      1503   199311    1.33054
1499875394      1521   201139    1.34275
1499875395      2006   203145    1.35614
1499875396      1439   204584    1.36575
1499875397      1173   205757    1.37358
1499875398      1583   207670    1.38635
1499875399      2006   209676    1.39974
1499875400      1496   211172    1.40973
1499875401      1474   212646    1.41957
1499875402      1361   214007    1.42865
1499875403      1782   215789    1.44055
1499875404      1507   217296    1.45061
1499875405      1421   218717    1.46009
1499875407      1515   220312    1.47074
1499875408      2006   222318    1.48413
1499875409      1279   223597    1.49267
1499875410      1295   224892    1.50132
1499875411      1534   226843    1.51434
1499875412      2006   228849    1.52773
1499875413      1421   230270    1.53722
1499875414      1058   231337    1.54434
1499875415      2007   233344    1.55774
1499875416      1479   234823    1.56761
1499875417      1478   236301    1.57748
1499875418      1496   237797    1.58747
1499875419      1539   239485    1.59873
1499875420      1787   241272    1.61066
1499875421      1490   242762    1.62061
1499875422      1465   244227    1.63039
1499875423      1543   246016    1.64233
1499875424      2007   248023    1.65573
1499875425      1257   249280    1.66412
1499875426      1485   250765    1.67404
1499875427      1508   252547    1.68593
1499875428      2006   254553    1.69932
1499875429      1438   255991    1.70892
1499875430      1248   257239    1.71726
1499875431      1534   259078    1.72953
1499875432      2006   261084    1.74292
1499875433      1497   262581    1.75292
1499875434      1401   263982    1.76227
1499875435      1293   265275    1.7709
1499875436      1741   267016    1.78252
1499875437      1503   268519    1.79256
1499875438      1507   270026    1.80262
1499875440      1536   271720    1.81393
1499875441      2007   273727    1.82732
1499875442      1383   275110    1.83656
1499875443      1506   276616    1.84661
1499875444      1422   278251    1.85753
1499875445      2006   280257    1.87092
1499875446      1500   281757    1.88093
1499875447      1201   282958    1.88895
1499875448      1561   284782    1.90112
1499875449      2006   286788    1.91452
1499875450      1500   288288    1.92453
1499875451      1496   289784    1.93452
1499875452      1466   291250    1.9443
1499875453      1713   292963    1.95574
1499875454      1495   294458    1.96572
1499875455      1497   295955    1.97571
1499875456      1492   297447    1.98567
1499875457      1999   299446    1.99902
1499875458      1274   300720    2.00752
1499875459      1490   302210    2.01747
1499875460      1550   303955    2.02912
1499875461      2006   305961    2.04251
1499875462      1391   307352    2.0518
1499875463      1270   308622    2.06027
1499875464      1571   310486    2.07272
