1485252731      1444   1446    0.0110321
1485252732      1419   2866    0.0218658
1485252733      1433   4301    0.032814
1485252734      1374   5675    0.0432968
1485252735      946   6621    0.0505142
1485252736      729   7381    0.0563126
1485252737      1202   8583    0.0654831
1485252738      906   9526    0.0726776
1485252739      979   10505    0.0801468
1485252740      1191   11696    0.0892334
1485252742      888   12616    0.0962524
1485252743      1204   13820    0.105438
1485252744      904   14761    0.112617
1485252745      980   15741    0.120094
1485252746      1196   16937    0.129219
1485252747      904   17851    0.136192
1485252748      1198   19049    0.145332
1485252749      916   19996    0.152557
1485252750      981   20977    0.160042
1485252751      1192   22169    0.169136
1485252752      904   23086    0.176132
1485252753      1202   24288    0.185303
1485252754      912   25231    0.192497
1485252755      979   26210    0.199966
1485252756      1194   27404    0.209076
1485252757      895   28321    0.216072
1485252758      1207   29528    0.225281
1485252759      913   30466    0.232437
1485252760      979   31445    0.239906
1485252761      1191   32636    0.248993
1485252762      901   33556    0.256012
1485252763      1198   34754    0.265152
1485252764      919   35701    0.272377
1485252765      980   36681    0.279854
1485252766      1194   37875    0.288963
1485252767      900   38791    0.295952
1485252768      1208   39999    0.305168
1485252769      905   40936    0.312317
1485252770      980   41916    0.319794
1485252771      1192   43108    0.328888
1485252772      857   44026    0.335892
1485252773      1202   45228    0.345062
1485252774      903   46171    0.352257
1485252775      959   47130    0.359573
1485252776      1199   48329    0.368721
1485252777      901   49261    0.375832
1485252778      1205   50466    0.385025
1485252779      904   51406    0.392197
1485252780      975   52381    0.399635
1485252781      1188   53569    0.408699
1485252782      881   54496    0.415771
1485252783      1209   55705    0.424995
1485252784      889   56641    0.432137
1485252785      979   57620    0.439606
1485252786      1193   58813    0.448708
1485252787      895   59731    0.455711
1485252788      1200   60931    0.464867
1485252789      910   61876    0.472076
1485252790      980   62856    0.479553
1485252791      1201   64057    0.488716
1485252792      895   64966    0.495651
1485252793      1206   66172    0.504852
1485252794      902   67111    0.512016
1485252795      980   68091    0.519493
1485252796      1203   69294    0.528671
1485252797      892   70201    0.535591
1485252798      1209   71410    0.544815
1485252799      908   72346    0.551956
1485252800      980   73326    0.559433
1485252801      1191   74517    0.56852
1485252802      897   75436    0.575531
1485252803      1203   76639    0.584709
1485252804      905   77581    0.591896
1485252805      979   78560    0.599365
1485252806      1199   79759    0.608513
1485252807      898   80671    0.615471
1485252808      1199   81870    0.624619
1485252809      916   82816    0.631836
1485252810      975   83791    0.639275
1485252811      1189   84980    0.648346
1485252812      903   85906    0.655411
1485252813      1202   87108    0.664581
1485252815      795   88051    0.671776
1485252816      952   89003    0.679039
1485252817      1207   90210    0.688248
1485252818      905   91141    0.695351
1485252819      984   92125    0.702858
1485252820      872   93286    0.711716
1485252821      975   94261    0.719154
1485252822      1194   95455    0.728264
1485252823      789   96376    0.735291
1485252824      957   97333    0.742592
1485252825      989   98521    0.751656
1485252827      673   99466    0.758865
1485252828      1197   100663    0.767998
1485252829      798   101611    0.77523
1485252830      1199   102810    0.784378
1485252831      810   103756    0.791595
1485252832      819   104701    0.798805
1485252833      1197   105898    0.807938
1485252834      817   106846    0.81517
1485252835      1205   108051    0.824364
1485252837      803   108991    0.831535
1485252838      701   109936    0.838745
1485252839      1198   111134    0.847885
1485252840      798   112081    0.85511
1485252841      970   113051    0.862511
1485252842      990   114226    0.871475
1485252843      851   115171    0.878685
1485252844      1095   116266    0.887039
1485252846      901   117316    0.89505
1485252847      991   118307    0.902611
1485252848      980   119461    0.911415
1485252849      853   120406    0.918625
1485252850      1199   121605    0.927773
1485252851      787   122551    0.93499
1485252852      1211   123762    0.944229
1485252853      806   124696    0.951355
1485252854      976   125672    0.958801
1485252855      976   126648    0.966248
1485252856      972   127786    0.97493
1485252857      1204   128990    0.984116
1485252859      809   129931    0.991295
1485252860      974   130905    0.998726
1485252861      1196   132101    1.00785
1485252862      802   133021    1.01487
1485252863      1200   134221    1.02402
1485252864      784   135166    1.03123
1485252865      975   136141    1.03867
1485252866      1191   137332    1.04776
1485252867      906   138256    1.05481
1485252868      959   139215    1.06213
1485252869      907   140401    1.07117
1485252870      962   141363    1.07851
1485252871      984   142347    1.08602
1485252872      977   143491    1.09475
1485252873      1021   144512    1.10254
1485252875      867   145636    1.11111
1485252876      939   146581    1.11832
1485252877      1206   147787    1.12753
1485252878      822   148726    1.13469
1485252879      1202   149928    1.14386
1485252880      824   150871    1.15105
1485252881      864   151816    1.15826
1485252882      1129   152945    1.16688
1485252883      890   153961    1.17463
1485252884      1034   154995    1.18252
1485252885      854   156106    1.19099
1485252886      939   157051    1.1982
1485252887      1206   158257    1.20741
1485252889      822   159196    1.21457
1485252890      1205   160401    1.22376
1485252891      823   161341    1.23093
1485252892      821   162286    1.23814
1485252893      1121   163407    1.2467
1485252894      887   164431    1.25451
1485252895      967   165398    1.26189
1485252896      974   166576    1.27087
1485252897      875   167521    1.27808
1485252898      990   168511    1.28564
1485252900      706   169666    1.29445
1485252901      1199   170865    1.3036
1485252902      794   171811    1.31081
1485252903      721   172756    1.31802
1485252904      1196   173952    1.32715
1485252906      798   174901    1.33439
1485252907      998   175899    1.342
1485252908      976   177046    1.35075
1485252909      862   177991    1.35796
1485252910      1028   179019    1.36581
1485252911      959   180136    1.37433
1485252912      1035   181171    1.38223
1485252913      882   182281    1.39069
1485252914      921   183226    1.3979
1485252915      1175   184401    1.40687
1485252917      835   185371    1.41427
1485252918      1206   186577    1.42347
1485252919      814   187516    1.43063
1485252920      866   188461    1.43784
1485252921      1099   189560    1.44623
1485252922      919   190606    1.45421
1485252923      1034   191640    1.4621
1485252924      852   192751    1.47057
1485252925      899   193696    1.47778
1485252926      1199   194895    1.48693
1485252927      825   195841    1.49415
1485252928      1200   197041    1.5033
1485252930      827   197986    1.51051
1485252931      893   198931    1.51772
1485252932      985   199916    1.52524
1485252933      865   201076    1.53409
1485252934      1211   202287    1.54333
1485252935      782   203221    1.55045
1485252937      684   204166    1.55766
1485252938      1208   205374    1.56688
1485252939      808   206311    1.57403
1485252940      975   207286    1.58147
1485252941      978   208456    1.59039
1485252942      870   209401    1.5976
1485252943      970   210371    1.605
1485252944      984   211546    1.61397
1485252945      1047   212593    1.62196
1485252946      843   213691    1.63033
1485252948      906   214636    1.63754
1485252949      1207   215843    1.64675
1485252950      822   216781    1.65391
1485252951      1194   217975    1.66302
1485252952      830   218926    1.67027
1485252953      842   219871    1.67748
1485252954      985   220856    1.685
1485252955      977   222016    1.69385
1485252956      982   222998    1.70134
1485252957      861   224161    1.71021
1485252958      925   225106    1.71742
1485252959      964   226070    1.72478
1485252961      875   227251    1.73379
1485252962      1083   228334    1.74205
1485252963      949   229283    1.74929
1485252964      790   230111    1.75561
1485252965      822   230933    1.76188
1485252966      750   231771    1.76827
1485252967      1204   232975    1.77746
1485252968      795   233916    1.78464
1485252969      870   234786    1.79128
1485252970      966   235752    1.79865
1485252971      915   236667    1.80563
1485252972      825   237721    1.81367
1485252973      1111   238832    1.82214
1485252974      975   239807    1.82958
1485252975      891   240698    1.83638
1485252976      825   241523    1.84267
1485252978      645   242241    1.84815
1485252979      1201   243442    1.85732
1485252980      794   244386    1.86452
1485252981      1210   245596    1.87375
1485252982      848   246444    1.88022
1485252983      928   247372    1.8873
1485252984      742   248191    1.89355
1485252985      1091   249282    1.90187
1485252986      940   250222    1.90904
1485252987      856   251078    1.91557
1485252988      797   251875    1.92165
1485252989      732   252711    1.92803
1485252990      1211   253922    1.93727
1485252991      840   254856    1.9444
1485252992      1078   255934    1.95262
1485252993      532   256516    1.95706
1485252994      1199   257715    1.96621
1485252995      808   258661    1.97343
1485252996      1048   259709    1.98142
1485252998      900   260806    1.98979
1485252999      839   261751    1.997
1485253000      1067   262818    2.00514
1485253001      857   263675    2.01168
1485253002      837   264611    2.01882
1485253003      1088   265699    2.02712
1485253004      828   266756    2.03519
1485253005      815   267701    2.0424
1485253006      1198   268899    2.05154
1485253007      859   269758    2.05809
1485253008      744   270561    2.06422
1485253009      1196   271757    2.07334
1485253010      846   272603    2.0798
1485253011      896   273499    2.08663
1485253013      735   274366    2.09325
1485253014      1208   275574    2.10246
1485253015      758   276511    2.10961
1485253016      834   277345    2.11597
1485253017      668   278171    2.12228
1485253018      1089   279260    2.13058
1485253019      837   280316    2.13864
1485253020      1198   281514    2.14778
1485253021      845   282461    2.15501
1485253023      766   283406    2.16222
1485253024      1094   284500    2.17056
1485253025      1030   285530    2.17842
1485253026      726   286266    2.18404
1485253027      1079   287345    2.19227
1485253028      848   288193    2.19874
1485253029      968   289161    2.20612
1485253030      757   290071    2.21307
1485253031      1177   291248    2.22205
1485253032      858   292106    2.22859
1485253033      854   292960    2.23511
1485253034      978   293938    2.24257
1485253035      1177   295115    2.25155
1485253036      881   296021    2.25846
1485253037      1183   297204    2.26749
1485253038      846   298166    2.27483
1485253039      972   299138    2.28224
1485253040      1069   300207    2.2904
1485253041      927   301256    2.2984
1485253042      1196   302452    2.30753
1485253043      867   303401    2.31477
1485253044      960   304361    2.32209
1485253045      1136   305497    2.33076
1485253046      867   306491    2.33834
1485253047      1197   307688    2.34747
1485253048      837   308636    2.35471
1485253049      981   309617    2.36219
1485253050      1181   310798    2.3712
1485253052      897   311726    2.37828
1485253053      1196   312922    2.38741
1485253054      643   313871    2.39465
1485253055      1019   314890    2.40242
1485253056      1201   316091    2.41158
1485253057      903   316994    2.41847
1485253058      1044   318038    2.42644
1485253059      950   319106    2.43459
1485253060      886   320051    2.4418
1485253061      1197   321248    2.45093
1485253062      906   322196    2.45816
1485253063      1183   323379    2.46719
1485253064      924   324341    2.47453
1485253065      974   325315    2.48196
1485253066      1169   326484    2.49088
1485253067      861   327431    2.4981
1485253068      1081   328512    2.50635
1485253070      900   329576    2.51447
1485253071      954   330530    2.52174
1485253072      1148   331678    2.5305
1485253073      880   332666    2.53804
1485253074      1081   333747    2.54629
1485253075      949   334811    2.55441
1485253076      969   335780    2.5618
1485253077      1172   336952    2.57074
1485253078      821   337901    2.57798
1485253079      1212   339113    2.58723
1485253080      879   340046    2.59435
1485253081      968   341014    2.60173
1485253082      1123   342137    2.6103
1485253083      919   343136    2.61792
1485253084      1081   344217    2.62617
1485253085      954   345281    2.63428
1485253086      980   346261    2.64176
1485253087      1190   347451    2.65084
1485253088      822   348371    2.65786
1485253089      1078   349449    2.66608
1485253090      930   350516    2.67422
1485253091      983   351499    2.68172
1485253092      1188   352687    2.69079
1485253094      796   353606    2.6978
1485253095      852   354458    2.7043
1485253096      1182   355640    2.71332
1485253097      692   356332    2.7186
1485253098      847   357411    2.72683
1485253099      1115   358526    2.73534
1485253100      917   359443    2.74233
1485253101      735   360271    2.74865
1485253102      919   361216    2.75586
1485253103      972   362188    2.76328
1485253104      921   363361    2.77222
1485253105      1014   364375    2.77996
1485253106      1118   365493    2.78849
1485253107      721   366221    2.79404
1485253108      833   367166    2.80125
1485253109      1155   368321    2.81007
1485253111      808   369311    2.81762
1485253112      1011   370322    2.82533
1485253113      1126   371448    2.83392
1485253114      777   372225    2.83985
1485253115      725   373116    2.84665
1485253116      1206   374323    2.85586
1485253117      753   375261    2.86301
1485253118      988   376249    2.87055
1485253119      845   377094    2.877
1485253120      1192   378286    2.88609
1485253121      741   379066    2.89204
1485253122      1100   380166    2.90044
1485253123      1005   381171    2.9081
1485253124      727   381926    2.91386
1485253125      825   382871    2.92107
1485253126      1207   384078    2.93028
1485253128      813   385016    2.93744
1485253129      1202   386218    2.94661
1485253130      912   387130    2.95357
1485253131      963   388093    2.96091
1485253132      868   388961    2.96754
1485253133      1018   389979    2.9753
1485253134      811   390966    2.98283
1485253135      1182   392148    2.99185
1485253136      550   392698    2.99605
1485253137      1193   393891    3.00515
1485253138      777   394771    3.01186
1485253139      982   395753    3.01936
1485253140      858   396916    3.02823
1485253141      938   397861    3.03544
1485253142      1157   399018    3.04427
1485253144      783   400006    3.0518
1485253145      1190   401196    3.06088
1485253146      832   402151    3.06817
1485253147      585   402866    3.07362
1485253148      874   403811    3.08083
1485253149      1198   405009    3.08997
1485253150      785   405956    3.0972
1485253151      1048   407004    3.10519
1485253152      846   408101    3.11356
1485253154      792   409046    3.12077
1485253155      1212   410258    3.13002
1485253156      772   411191    3.13714
1485253157      1157   412348    3.14597
1485253158      790   413336    3.1535
1485253159      812   414281    3.16071
1485253160      887   415168    3.16748
1485253161      1167   416335    3.17638
1485253162      766   417141    3.18253
1485253163      1186   418327    3.19158
1485253164      801   419128    3.19769
1485253165      956   420084    3.20499
1485253167      716   420946    3.21156
1485253168      1172   422118    3.2205
1485253169      808   423091    3.22793
1485253170      847   424036    3.23514
1485253171      1185   425221    3.24418
1485253172      796   426181    3.2515
1485253173      1124   427305    3.26008
1485253174      860   428326    3.26787
1485253175      865   429271    3.27508
1485253176      1084   430355    3.28335
1485253177      915   431416    3.29144
1485253178      1036   432452    3.29935
1485253180      845   433561    3.30781
1485253181      914   434506    3.31502
1485253182      1190   435696    3.3241
1485253183      817   436651    3.33138
1485253184      1203   437854    3.34056
1485253185      819   438796    3.34775
1485253186      804   439741    3.35496
1485253187      1090   440831    3.36327
1485253188      909   441886    3.37132
1485253189      1049   442935    3.37933
1485253191      851   444031    3.38769
1485253192      865   444976    3.3949
1485253193      1171   446147    3.40383
1485253194      817   447121    3.41126
1485253195      1192   448313    3.42036
1485253196      828   449266    3.42763
1485253197      789   450211    3.43484
1485253198      1186   451397    3.44389
1485253200      785   452356    3.4512
1485253201      1196   453552    3.46033
1485253202      824   454501    3.46757
1485253203      864   455446    3.47478
1485253204      1120   456566    3.48332
1485253205      833   457591    3.49114
1485253206      1048   458639    3.49914
1485253207      876   459736    3.50751
1485253209      805   460681    3.51472
1485253210      1181   461862    3.52373
1485253211      960   462822    3.53105
1485253212      889   463711    3.53783
1485253213      1034   464745    3.54572
1485253214      808   465686    3.5529
1485253215      832   466631    3.56011
1485253216      1195   467826    3.56923
1485253217      824   468776    3.57648
1485253218      1205   469981    3.58567
1485253219      783   470921    3.59284
1485253220      911   471866    3.60005
1485253221      1199   473065    3.6092
1485253222      824   474011    3.61642
1485253223      1033   475044    3.6243
1485253225      879   476156    3.63278
1485253226      859   477101    3.63999
1485253227      1068   478169    3.64814
1485253228      868   479246    3.65636
1485253229      1197   480443    3.66549
1485253230      816   481391    3.67272
1485253231      805   482336    3.67993
1485253232      945   483281    3.68714
1485253233      1183   484464    3.69617
1485253234      718   485196    3.70175
1485253235      1078   486274    3.70998
1485253236      799   487073    3.71607
1485253237      873   487946    3.72273
1485253239      793   489001    3.73078
1485253240      1084   490085    3.73905
1485253241      858   491146    3.74715
1485253242      801   492091    3.75436
1485253243      1204   493295    3.76354
1485253244      790   494236    3.77072
1485253245      1051   495287    3.77874
1485253246      953   496381    3.78709
1485253247      934   497315    3.79421
1485253248      812   498127    3.80041
1485253249      1182   499309    3.80943
