1481703082      84   85    8.10623e-05
1481703083      87   173    0.000164986
1481703084      88   261    0.000248909
1481703085      81   343    0.00032711
1481703086      82   426    0.000406265
1481703087      84   510    0.000486374
1481703088      83   594    0.000566483
1481703089      83   677    0.000645638
1481703090      80   758    0.000722885
1481703091      80   838    0.000799179
1481703092      78   916    0.000873566
1481703093      81   997    0.000950813
1481703094      80   1078    0.00102806
1481703095      79   1158    0.00110435
1481703096      77   1235    0.00117779
1481703097      78   1314    0.00125313
1481703098      75   1390    0.00132561
1481703099      73   1464    0.00139618
1481703100      70   1534    0.00146294
1481703101      66   1600    0.00152588
1481703102      65   1666    0.00158882
1481703103      65   1732    0.00165176
1481703104      64   1796    0.0017128
1481703105      65   1861    0.00177479
1481703106      62   1924    0.00183487
1481703107      62   1986    0.001894
1481703108      61   2047    0.00195217
1481703109      61   2109    0.0020113
1481703110      63   2173    0.00207233
1481703111      61   2234    0.00213051
1481703112      62   2296    0.00218964
1481703113      60   2356    0.00224686
1481703114      62   2418    0.00230598
