1485636016      1470   1471    0.0112228
1485636017      1468   2941    0.022438
1485636018      1469   4411    0.0336533
1485636019      1338   5749    0.0438614
1485636021      876   6776    0.0516968
1485636022      1223   8000    0.0610352
1485636023      924   8924    0.0680847
1485636024      1212   10136    0.0773315
1485636025      866   11002    0.0839386
1485636026      891   12121    0.0924759
1485636027      1217   13338    0.101761
1485636028      886   14266    0.108841
1485636029      1116   15382    0.117355
1485636030      938   16320    0.124512
1485636031      993   17466    0.133255
