1488541476      998   998    0.0104694
1488541477      994   1993    0.0209074
1488541478      999   2993    0.0313978
1488541479      970   3963    0.0415735
1488541480      773   4736    0.0496826
1488541481      653   5526    0.05797
1488541482      786   6312    0.0662155
1488541483      796   7108    0.0745659
1488541484      587   7695    0.0807238
1488541485      641   8376    0.0878677
1488541486      803   9179    0.0962915
1488541487      798   9977    0.104663
1488541488      589   10566    0.110842
1488541489      797   11363    0.119203
1488541490      640   12003    0.125916
1488541491      797   12800    0.134277
1488541492      562   13366    0.140215
1488541493      802   14168    0.148628
1488541494      797   14965    0.156989
1488541495      583   15548    0.163105
1488541496      662   16216    0.170113
1488541497      798   17014    0.178484
1488541498      796   17810    0.186834
1488541499      576   18386    0.192877
1488541500      795   19181    0.201217
1488541501      658   19839    0.208119
1488541502      789   20628    0.216396
1488541503      566   21206    0.22246
1488541504      778   21984    0.230621
1488541505      680   22664    0.237755
1488541506      607   23346    0.244909
1488541507      650   24056    0.252357
1488541508      737   24793    0.260089
1488541509      721   25514    0.267653
1488541510      548   26196    0.274807
1488541511      728   26924    0.282444
1488541512      592   27516    0.288654
1488541513      724   28240    0.296249
1488541514      727   28967    0.303876
1488541515      524   29581    0.310317
1488541516      733   30314    0.318007
1488541517      734   31048    0.325706
1488541518      591   31639    0.331906
1488541519      723   32362    0.339491
1488541521      523   32966    0.345827
1488541522      754   33720    0.353737
1488541523      741   34461    0.36151
1488541524      590   35106    0.368277
1488541525      673   35816    0.375725
1488541526      798   36614    0.384096
1488541527      758   37372    0.392048
1488541528      500   37956    0.398174
1488541529      754   38710    0.406084
1488541530      649   39359    0.412892
1488541531      800   40159    0.421285
1488541532      613   40806    0.428072
1488541533      806   41612    0.436527
1488541534      666   42411    0.444909
1488541535      673   43121    0.452357
1488541536      784   43905    0.460582
1488541537      799   44704    0.468964
1488541538      572   45276    0.474964
1488541539      799   46075    0.483346
1488541540      775   46850    0.491476
1488541541      644   47494    0.498232
1488541542      597   48111    0.504704
1488541543      795   48906    0.513044
1488541544      784   49690    0.521269
1488541545      551   50251    0.527154
1488541546      650   50961    0.534602
1488541548      466   51496    0.540215
1488541549      764   52260    0.548229
1488541550      799   53059    0.556611
1488541551      590   53649    0.5628
1488541552      802   54451    0.571214
1488541553      659   55110    0.578127
1488541554      777   55887    0.586278
1488541555      587   56486    0.592562
1488541556      780   57266    0.600744
1488541557      798   58064    0.609116
1488541558      557   58626    0.615011
1488541559      671   59336    0.622459
1488541560      803   60139    0.630883
1488541561      796   60935    0.639234
1488541562      569   61504    0.645203
1488541563      796   62300    0.653553
1488541564      637   62937    0.660235
1488541565      783   63720    0.668449
1488541566      580   64326    0.674807
1488541567      795   65121    0.683146
1488541568      791   65912    0.691444
1488541569      589   66501    0.697623
1488541570      639   67176    0.704704
1488541571      793   67969    0.713023
1488541572      776   68745    0.721164
1488541573      480   69316    0.727154
1488541574      801   70117    0.735557
1488541575      636   70753    0.742229
1488541576      796   71549    0.750579
1488541577      579   72166    0.757051
1488541578      802   72968    0.765465
1488541579      793   73761    0.773784
1488541580      530   74306    0.779501
1488541581      679   75016    0.786949
1488541582      802   75818    0.795362
1488541583      795   76613    0.803702
1488541584      596   77209    0.809955
1488541585      785   77994    0.81819
1488541586      654   78648    0.82505
1488541587      790   79438    0.833338
1488541588      572   80010    0.839338
1488541589      801   80811    0.847741
1488541590      663   81611    0.856133
1488541591      682   82321    0.863582
1488541592      808   83129    0.872058
1488541593      666   83926    0.880419
1488541594      801   84727    0.888822
1488541595      783   85510    0.897036
1488541596      607   86117    0.903403
1488541597      649   86776    0.910316
1488541598      764   87540    0.918331
1488541599      733   88273    0.926021
1488541601      612   88916    0.932766
1488541602      796   89712    0.941116
1488541603      656   90368    0.947998
1488541604      798   91166    0.956369
1488541605      594   91766    0.962664
1488541606      787   92553    0.97092
1488541607      795   93348    0.979259
1488541608      583   93931    0.985375
1488541609      653   94616    0.992561
1488541610      392   95151    0.998174
1488541611      797   95948    1.00653
1488541612      780   96728    1.01472
1488541613      598   97326    1.02099
1488541614      656   98001    1.02807
1488541615      745   98746    1.03589
1488541616      794   99540    1.04422
1488541617      590   100141    1.05052
1488541618      782   100923    1.05872
1488541619      795   101718    1.06706
1488541620      616   102334    1.07353
1488541621      597   102991    1.08042
1488541622      799   103790    1.0888
1488541623      795   104585    1.09714
1488541624      572   105157    1.10314
1488541625      661   105841    1.11032
1488541626      799   106640    1.1187
1488541627      779   107419    1.12687
1488541628      584   108003    1.133
1488541629      797   108800    1.14136
1488541630      632   109586    1.1496
1488541631      641   110296    1.15705
1488541632      792   111088    1.16536
1488541633      796   111884    1.17371
1488541635      526   112436    1.1795
1488541636      799   113235    1.18788
1488541637      649   113884    1.19469
1488541638      709   114593    1.20213
1488541639      613   115286    1.2094
1488541640      792   116078    1.21771
1488541641      444   116522    1.22236
1488541642      790   117312    1.23065
1488541643      660   117972    1.23758
1488541644      623   118671    1.24491
1488541645      804   119475    1.25334
1488541646      789   120264    1.26162
1488541647      594   120858    1.26785
1488541648      658   121521    1.27481
1488541649      802   122323    1.28322
1488541650      794   123117    1.29155
1488541651      581   123698    1.29764
1488541652      794   124492    1.30597
1488541653      645   125266    1.31409
1488541654      663   125976    1.32154
1488541655      789   126765    1.32982
1488541656      797   127562    1.33818
1488541657      556   128118    1.34401
1488541658      806   128924    1.35247
1488541659      644   129568    1.35922
1488541660      802   130370    1.36764
1488541661      595   130966    1.37389
1488541662      805   131771    1.38233
1488541663      799   132570    1.39071
1488541664      585   133155    1.39685
1488541665      655   133816    1.40379
1488541666      801   134617    1.41219
1488541667      793   135410    1.42051
1488541668      611   136021    1.42692
1488541669      804   136825    1.43535
1488541670      673   137498    1.44241
1488541671      661   138271    1.45052
1488541672      535   138806    1.45613
1488541673      808   139614    1.46461
1488541674      655   140411    1.47297
1488541675      684   141121    1.48042
1488541676      811   141932    1.48893
1488541678      660   142726    1.49726
1488541679      804   143530    1.50569
1488541680      798   144328    1.51406
1488541681      587   144915    1.52022
1488541682      660   145576    1.52715
1488541683      792   146368    1.53546
1488541684      798   147166    1.54383
1488541685      590   147756    1.55002
1488541686      801   148557    1.55842
1488541687      661   149218    1.56536
1488541688      793   150011    1.57368
1488541689      597   150608    1.57994
1488541690      772   151380    1.58804
1488541691      781   152161    1.59623
1488541692      497   152706    1.60195
1488541693      673   153416    1.6094
1488541694      798   154214    1.61777
1488541695      784   154998    1.62599
1488541696      587   155585    1.63215
1488541697      777   156362    1.6403
1488541698      637   156999    1.64699
1488541699      795   157794    1.65532
1488541700      456   158406    1.66175
1488541701      798   159204    1.67012
1488541702      786   159990    1.67836
1488541704      365   160546    1.68419
1488541705      661   161256    1.69164
1488541706      804   162060    1.70008
1488541707      794   162854    1.70841
1488541708      518   163396    1.71409
1488541709      797   164193    1.72245
1488541710      647   164840    1.72924
1488541711      762   165602    1.73723
1488541712      605   166246    1.74399
1488541713      777   167023    1.75214
1488541714      790   167813    1.76043
1488541715      549   168386    1.76644
1488541716      614   169096    1.77389
1488541717      801   169897    1.78229
1488541718      798   170695    1.79066
1488541719      543   171238    1.79636
1488541720      730   171968    1.80402
1488541721      647   172615    1.8108
1488541722      779   173394    1.81898
1488541723      628   174086    1.82623
1488541724      770   174856    1.83431
1488541725      755   175611    1.84223
1488541726      538   176226    1.84868
1488541727      653   176936    1.85613
1488541728      738   177674    1.86387
1488541729      753   178427    1.87177
1488541731      538   179076    1.87858
1488541732      735   179811    1.88629
1488541733      592   180403    1.8925
1488541734      729   181132    1.90015
1488541735      220   181391    1.90287
1488541736      732   182123    1.91055
1488541737      724   182847    1.91814
1488541738      554   183531    1.92532
1488541739      646   184241    1.93277
1488541740      786   185027    1.94101
1488541741      787   185814    1.94927
1488541742      561   186381    1.95521
1488541743      806   187187    1.96367
1488541744      795   187982    1.97201
1488541745      644   188626    1.97877
1488541746      594   189231    1.98511
1488541747      796   190027    1.99346
1488541748      796   190823    2.00181
1488541749      572   191395    2.00781
1488541750      658   192081    2.01501
1488541751      801   192882    2.02341
1488541752      795   193677    2.03175
1488541753      583   194260    2.03787
1488541754      795   195055    2.04621
1488541755      650   195826    2.0543
1488541756      669   196536    2.06174
1488541757      795   197331    2.07008
1488541758      790   198121    2.07837
1488541759      578   198699    2.08444
1488541760      779   199478    2.09261
1488541761      650   200128    2.09943
1488541762      796   200924    2.10778
1488541763      589   201526    2.11409
1488541764      793   202319    2.12241
1488541765      641   202960    2.12914
1488541767      626   203666    2.13654
1488541768      674   204376    2.14399
1488541769      802   205178    2.1524
1488541770      797   205975    2.16076
1488541771      578   206553    2.16683
1488541772      796   207349    2.17518
1488541773      639   207988    2.18188
1488541774      776   208764    2.19002
1488541775      587   209366    2.19634
1488541776      787   210153    2.20459
1488541777      790   210943    2.21288
1488541778      556   211506    2.21879
1488541779      668   212216    2.22623
1488541780      796   213012    2.23458
1488541781      790   213802    2.24287
1488541782      581   214383    2.24897
1488541783      778   215161    2.25713
1488541784      634   215795    2.26378
1488541785      792   216587    2.27209
1488541786      584   217206    2.27858
1488541787      801   218007    2.28698
1488541788      794   218801    2.29531
1488541789      558   219359    2.30117
1488541790      659   220056    2.30848
1488541791      804   220860    2.31691
1488541792      786   221646    2.32516
1488541793      543   222196    2.33093
1488541794      711   222907    2.33839
1488541795      571   223478    2.34438
1488541796      798   224276    2.35275
1488541797      647   225046    2.36083
1488541798      806   225852    2.36928
1488541799      654   226651    2.37766
1488541800      680   227361    2.38511
1488541801      773   228134    2.39322
1488541802      795   228929    2.40156
1488541803      596   229525    2.40781
1488541804      801   230326    2.41622
1488541806      661   231106    2.4244
1488541807      676   231816    2.43185
1488541808      785   232601    2.44008
1488541809      800   233401    2.44847
1488541810      546   233956    2.4543
1488541811      805   234761    2.46274
1488541812      377   235201    2.46736
1488541813      630   235831    2.47397
1488541814      798   236629    2.48234
1488541815      620   237341    2.48981
1488541816      799   238140    2.49819
1488541817      783   238923    2.5064
1488541818      647   239570    2.51319
1488541819      525   240191    2.5197
1488541820      643   240834    2.52645
1488541821      796   241630    2.5348
1488541822      604   242331    2.54215
1488541823      676   243041    2.5496
1488541824      805   243846    2.55805
1488541825      779   244625    2.56622
1488541826      510   245181    2.57205
1488541827      716   245897    2.57956
1488541828      786   246683    2.58781
1488541829      621   247304    2.59432
1488541831      608   248031    2.60195
1488541832      780   248811    2.61013
1488541833      795   249606    2.61847
