1482841129      1498   1498    0.00285721
1482841130      1500   2998    0.00571823
1482841131      1499   4497    0.00857735
1482841132      1499   5996    0.0114365
1482841133      1500   7496    0.0142975
1482841134      1499   8995    0.0171566
1482841135      1499   10495    0.0200176
1482841136      1499   11995    0.0228786
1482841137      1499   13495    0.0257397
1482841138      1310   14805    0.0282383
1482841139      1352   16157    0.030817
1482841140      1354   17511    0.0333996
1482841141      1359   18870    0.0359917
1482841142      1184   20058    0.0382576
1482841143      1357   21415    0.0408459
1482841144      1355   22770    0.0434303
1482841145      1344   24114    0.0459938
1482841146      1214   25418    0.048481
1482841147      1350   26768    0.0510559
1482841148      1181   27949    0.0533085
1482841149      1357   29306    0.0558968
1482841150      1206   30512    0.058197
1482841151      1348   31860    0.0607681
1482841152      1352   33212    0.0633469
1482841153      1339   34551    0.0659008
1482841154      1201   35827    0.0683346
1482841155      1159   36986    0.0705452
1482841156      1296   38282    0.0730171
1482841157      1186   39468    0.0752792
1482841158      1229   40697    0.0776234
1482841159      1189   41886    0.0798912
1482841160      1104   43020    0.0820541
1482841161      1351   44371    0.084631
1482841162      1346   45717    0.0871983
1482841163      1353   47070    0.0897789
1482841164      1214   48380    0.0922775
1482841165      1361   49741    0.0948734
1482841166      1347   51088    0.0974426
1482841167      1354   52442    0.100025
1482841168      1209   53740    0.102501
1482841169      1195   54935    0.10478
1482841170      1343   56278    0.107342
1482841171      1348   57626    0.109913
1482841172      1211   58837    0.112223
1482841173      1343   60180    0.114784
1482841174      1352   61532    0.117363
1482841175      1355   62887    0.119947
1482841176      1188   64149    0.122355
1482841177      1354   65503    0.124937
1482841178      1355   66858    0.127522
1482841179      1081   68126    0.12994
1482841180      1355   69481    0.132524
1482841181      1321   70802    0.135044
1482841182      1353   72155    0.137625
1482841183      1323   73478    0.140148
1482841184      1188   74666    0.142414
1482841185      1355   76021    0.144999
1482841186      1323   77344    0.147522
1482841187      1349   78693    0.150095
1482841188      1194   79918    0.152431
1482841189      1316   81234    0.154942
1482841190      1189   82423    0.157209
1482841191      1323   83746    0.159733
1482841192      1201   84967    0.162062
1482841193      1360   86327    0.164656
1482841194      1348   87675    0.167227
1482841195      1339   89014    0.169781
1482841197      1208   90327    0.172285
1482841198      1365   91692    0.174889
1482841199      1333   93025    0.177431
1482841200      1344   94369    0.179995
1482841201      1020   95389    0.18194
1482841202      1343   96732    0.184502
1482841203      1345   98077    0.187067
1482841204      1339   99416    0.189621
1482841205      1200   100736    0.192139
1482841206      1363   102099    0.194738
1482841207      1323   103422    0.197262
1482841208      1316   104738    0.199772
1482841209      1347   106085    0.202341
1482841210      1189   107274    0.204609
1482841211      1358   108632    0.207199
1482841212      1015   109647    0.209135
1482841213      1286   110933    0.211588
1482841214      1184   112217    0.214037
1482841215      1343   113560    0.216599
1482841216      1348   114908    0.21917
1482841217      1356   116264    0.221756
1482841218      1215   117577    0.22426
1482841219      1354   118931    0.226843
1482841220      1353   120284    0.229424
1482841221      1292   121576    0.231888
1482841222      794   122626    0.233891
1482841223      1283   123909    0.236338
1482841224      1336   125245    0.238886
1482841225      1356   126601    0.241472
1482841226      1346   127947    0.24404
1482841227      1196   129143    0.246321
1482841228      1331   130474    0.248859
1482841229      558   131202    0.250248
1482841230      1353   132555    0.252829
1482841231      1353   133908    0.255409
1482841232      1348   135256    0.25798
1482841234      885   136251    0.259878
1482841235      1362   137613    0.262476
1482841236      1320   138933    0.264994
1482841237      1350   140283    0.267569
1482841238      1214   141611    0.270102
1482841239      1359   142970    0.272694
1482841240      1318   144288    0.275208
1482841241      1349   145637    0.277781
1482841242      1330   146967    0.280317
1482841243      1177   148144    0.282562
1482841244      1346   149490    0.28513
1482841245      967   150457    0.286974
1482841246      1355   151812    0.289558
1482841247      1210   153092    0.292
1482841248      1362   154454    0.294598
1482841249      1328   155782    0.297131
1482841250      1349   157131    0.299704
1482841251      1218   158452    0.302223
1482841252      1337   159789    0.304773
1482841253      1355   161144    0.307358
1482841254      1324   162468    0.309883
1482841255      896   163501    0.311853
1482841256      1361   164862    0.314449
1482841257      1328   166190    0.316982
1482841258      1352   167542    0.319561
1482841259      1202   168861    0.322077
1482841260      1361   170222    0.324673
1482841261      1321   171543    0.327192
1482841262      1353   172896    0.329773
1482841263      1319   174215    0.332289
1482841264      1186   175401    0.334551
1482841265      1348   176749    0.337122
1482841266      961   177710    0.338955
1482841267      1350   179060    0.34153
1482841268      1211   180342    0.343975
1482841269      1354   181696    0.346558
1482841270      1341   183037    0.349115
1482841271      1317   184354    0.351627
1482841272      1219   185702    0.354198
1482841273      1318   187020    0.356712
1482841274      1348   188368    0.359283
1482841275      1275   189643    0.361715
1482841276      853   190751    0.363829
1482841277      1344   192095    0.366392
1482841278      1180   193275    0.368643
1482841279      1153   194428    0.370842
1482841280      1279   195707    0.373281
1482841281      1353   197060    0.375862
1482841283      1082   198255    0.378141
1482841284      1329   199584    0.380676
1482841285      1353   200937    0.383257
1482841286      1344   202281    0.38582
1482841287      1224   203615    0.388365
1482841288      1193   204808    0.39064
1482841289      1346   206154    0.393208
1482841290      1352   207506    0.395786
1482841291      1193   208699    0.398062
1482841292      1353   210052    0.400642
1482841293      1355   211407    0.403227
1482841294      1343   212750    0.405788
1482841295      1024   214024    0.408218
1482841296      1353   215377    0.410799
1482841297      1353   216730    0.41338
1482841298      1094   218001    0.415804
1482841299      1356   219357    0.41839
1482841300      1345   220702    0.420956
1482841301      1352   222054    0.423534
1482841302      1214   223361    0.426027
1482841303      1358   224719    0.428617
1482841304      1352   226071    0.431196
1482841305      1344   227415    0.43376
1482841306      1220   228721    0.436251
1482841307      1353   230074    0.438831
1482841308      1355   231429    0.441416
1482841309      1188   232617    0.443682
1482841310      1195   233812    0.445961
1482841311      1352   235164    0.44854
1482841312      1349   236513    0.451113
1482841313      1348   237861    0.453684
1482841314      1213   239130    0.456104
1482841315      1351   240481    0.458681
1482841316      1349   241830    0.461254
1482841317      1353   243183    0.463835
1482841318      1225   244490    0.466328
1482841319      1195   245685    0.468607
1482841320      1354   247039    0.471189
1482841321      1347   248386    0.473759
1482841322      1207   249593    0.476061
1482841323      1344   250937    0.478624
1482841324      1350   252287    0.481199
1482841325      1357   253644    0.483788
1482841326      1200   254899    0.486181
1482841327      1363   256262    0.488781
1482841328      1347   257609    0.49135
1482841330      1096   258876    0.493767
1482841331      1359   260235    0.496359
1482841332      1353   261588    0.49894
1482841333      1358   262946    0.50153
1482841334      1215   264236    0.50399
1482841335      1354   265590    0.506573
1482841336      1351   266941    0.50915
1482841337      1182   268123    0.511404
1482841338      1186   269309    0.513666
1482841339      1349   270658    0.516239
1482841340      1034   271740    0.518303
1482841341      1190   272930    0.520573
1482841342      1262   274192    0.52298
1482841343      1178   275370    0.525227
1482841344      1342   276712    0.527786
1482841345      1141   277861    0.529978
1482841346      1364   279225    0.532579
1482841347      1344   280569    0.535143
1482841348      1351   281920    0.53772
1482841349      1208   283221    0.540201
1482841350      1360   284581    0.542795
1482841351      1352   285933    0.545374
1482841352      1188   287121    0.54764
1482841353      1198   288319    0.549925
1482841354      1345   289664    0.55249
1482841355      1347   291011    0.555059
1482841356      1355   292366    0.557644
1482841357      1207   293630    0.560055
1482841358      1355   294985    0.562639
1482841359      1352   296337    0.565218
1482841360      1344   297681    0.567781
1482841361      1219   298990    0.570278
1482841362      1196   300186    0.572559
1482841363      1353   301539    0.57514
1482841364      1352   302891    0.577719
1482841365      1205   304096    0.580017
1482841366      1344   305440    0.582581
1482841367      1351   306791    0.585157
1482841368      1357   308148    0.587746
1482841369      1202   309399    0.590132
1482841370      1358   310757    0.592722
1482841371      1354   312111    0.595304
1482841372      1092   313376    0.597717
1482841373      1351   314727    0.600294
1482841374      1353   316080    0.602875
1482841375      1346   317426    0.605442
1482841376      1220   318736    0.607941
1482841377      1353   320089    0.610521
1482841378      1354   321443    0.613104
1482841379      1356   322799    0.61569
1482841380      1213   324096    0.618164
1482841381      1352   325448    0.620743
1482841382      1353   326801    0.623323
1482841383      1188   327989    0.625589
1482841384      1201   329190    0.62788
1482841385      1354   330544    0.630463
1482841386      1347   331891    0.633032
1482841387      1351   333242    0.635609
1482841388      1206   334505    0.638018
1482841389      1362   335867    0.640615
1482841390      1345   337212    0.643181
1482841391      1348   338560    0.645752
1482841392      1213   339865    0.648241
1482841393      1191   341056    0.650513
1482841394      1345   342401    0.653078
1482841395      1348   343749    0.655649
1482841396      1086   344914    0.657871
1482841397      1356   346270    0.660458
1482841398      1350   347620    0.663033
1482841399      1210   348830    0.66534
1482841400      1315   350145    0.667849
1482841401      1120   351346    0.670139
1482841402      1263   352609    0.672548
1482841403      1105   353714    0.674656
1482841404      1148   354862    0.676846
1482841405      1351   356213    0.679422
1482841406      1210   357467    0.681814
1482841407      1331   358798    0.684353
1482841408      1353   360151    0.686934
1482841409      1327   361478    0.689465
1482841411      1206   362827    0.692038
1482841412      1355   364182    0.694622
1482841413      1316   365498    0.697132
1482841414      1344   366842    0.699696
1482841415      1016   367876    0.701668
1482841416      1348   369224    0.704239
1482841417      1346   370570    0.706806
1482841418      1340   371910    0.709362
1482841419      1210   373236    0.711891
1482841420      1354   374590    0.714474
1482841421      1339   375929    0.717028
1482841422      1353   377282    0.719608
1482841423      1202   378596    0.722115
1482841424      1350   379946    0.724689
1482841425      1338   381284    0.727242
1482841426      1047   382331    0.729239
1482841427      1202   383645    0.731745
1482841428      1360   385005    0.734339
1482841429      1324   386329    0.736864
1482841430      1352   387681    0.739443
1482841431      1229   389005    0.741968
1482841432      1364   390369    0.74457
1482841433      1325   391694    0.747097
1482841434      1353   393047    0.749678
1482841435      1196   394365    0.752192
1482841436      1192   395557    0.754465
1482841437      1351   396908    0.757042
1482841438      1345   398253    0.759607
1482841439      1189   399442    0.761875
1482841440      1342   400784    0.764435
1482841441      1337   402121    0.766985
1482841442      1344   403465    0.769548
1482841443      1208   404774    0.772045
1482841444      1329   406103    0.77458
1482841445      1350   407453    0.777155
1482841446      1100   408751    0.779631
1482841447      1347   410098    0.7822
1482841448      1356   411454    0.784786
1482841449      1320   412774    0.787304
1482841450      1213   414111    0.789854
1482841451      1351   415462    0.792431
1482841452      1342   416804    0.794991
1482841453      1345   418149    0.797556
1482841455      1168   419471    0.800077
1482841456      1335   420806    0.802624
1482841457      1206   422012    0.804924
1482841458      1176   423188    0.807167
1482841459      1318   424506    0.809681
1482841460      1192   425698    0.811954
1482841461      1350   427048    0.814529
1482841462      1354   428402    0.817112
1482841463      1320   429722    0.81963
1482841464      1182   430952    0.821976
1482841465      1363   432315    0.824575
1482841466      1332   433647    0.827116
1482841467      1353   435000    0.829697
1482841468      1009   436009    0.831621
1482841469      1341   437350    0.834179
1482841470      1352   438702    0.836758
1482841471      1324   440026    0.839283
1482841472      1219   441361    0.841829
1482841473      1358   442719    0.844419
1482841474      1298   444017    0.846895
1482841475      1344   445361    0.849459
1482841476      1349   446710    0.852032
1482841477      1192   447902    0.854305
1482841478      1340   449242    0.856861
1482841479      1190   450432    0.859131
1482841480      1333   451765    0.861673
1482841481      1188   452953    0.863939
1482841482      1357   454310    0.866528
1482841483      1328   455638    0.869061
1482841484      1354   456992    0.871643
1482841485      1155   458202    0.873951
1482841486      1344   459546    0.876514
1482841487      1349   460895    0.879087
1482841488      1347   462242    0.881657
1482841489      958   463251    0.883581
1482841490      1357   464608    0.886169
1482841491      1353   465961    0.88875
1482841492      1325   467286    0.891277
1482841493      1214   468611    0.893805
1482841494      1352   469963    0.896383
1482841495      1342   471305    0.898943
1482841496      1347   472652    0.901512
1482841497      1212   473971    0.904028
1482841498      1344   475315    0.906591
1482841499      1358   476673    0.909182
1482841500      1085   477758    0.911251
1482841501      1202   479020    0.913658
1482841502      1339   480359    0.916212
1482841503      1345   481704    0.918777
1482841504      1339   483043    0.921331
1482841505      1191   484380    0.923882
1482841506      1361   485741    0.926477
1482841507      1318   487059    0.928991
1482841508      1352   488411    0.93157
1482841509      1198   489740    0.934105
1482841510      1193   490933    0.93638
1482841511      1324   492257    0.938906
1482841512      1353   493610    0.941486
1482841513      1158   494789    0.943735
1482841514      1353   496142    0.946316
1482841515      1337   497479    0.948866
1482841516      1186   498665    0.951128
1482841517      1183   499848    0.953384
