1482809836      1498   1498    0.00285721
1482809837      1499   2997    0.00571632
1482809838      1499   4496    0.00857544
1482809839      1500   5996    0.0114365
1482809840      1499   7495    0.0142956
1482809841      1500   8996    0.0171585
1482809842      1499   10495    0.0200176
1482809843      1499   11995    0.0228786
1482809844      1499   13495    0.0257397
1482809845      1234   14729    0.0280933
1482809846      1353   16082    0.030674
1482809847      1350   17432    0.0332489
1482809848      1359   18791    0.035841
1482809849      1211   20063    0.0382671
1482809850      1365   21428    0.0408707
1482809851      1346   22774    0.043438
1482809852      1351   24125    0.0460148
1482809853      1220   25423    0.0484905
1482809854      1360   26783    0.0510845
1482809855      1187   27970    0.0533485
1482809856      1353   29323    0.0559292
1482809857      1211   30534    0.058239
1482809858      1347   31881    0.0608082
1482809859      1349   33230    0.0633812
1482809860      1341   34571    0.0659389
1482809861      1194   35837    0.0683537
1482809862      1361   37198    0.0709496
1482809863      1348   38546    0.0735207
1482809864      1345   39891    0.076086
1482809865      1030   40921    0.0780506
1482809866      1345   42266    0.080616
1482809867      1354   43620    0.0831985
1482809868      1350   44970    0.0857735
1482809869      1206   46251    0.0882168
1482809870      1362   47613    0.0908146
1482809871      1318   48931    0.0933285
1482809872      1349   50280    0.0959015
1482809873      1318   51598    0.0984154
1482809874      1181   52779    0.100668
1482809875      1354   54133    0.103251
1482809876      1158   55291    0.105459
1482809877      1356   56647    0.108046
1482809878      1184   57831    0.110304
1482809879      1350   59181    0.112879
1482809880      1352   60533    0.115458
1482809881      1342   61875    0.118017
1482809883      1188   63097    0.120348
1482809884      1362   64459    0.122946
1482809885      1323   65782    0.125469
1482809886      1353   67135    0.12805
1482809887      1028   68163    0.130011
1482809888      1349   69512    0.132584
1482809889      1349   70861    0.135157
1482809890      1339   72200    0.137711
1482809891      1217   73511    0.140211
1482809892      1355   74866    0.142796
1482809893      1339   76205    0.14535
1482809894      1346   77551    0.147917
1482809895      1212   78871    0.150434
1482809896      1325   80196    0.152962
1482809897      1348   81544    0.155533
1482809898      956   82500    0.157356
1482809899      1344   83844    0.15992
1482809900      1181   85025    0.162172
1482809901      1036   86069    0.164164
1482809902      1347   87416    0.166733
1482809903      1354   88770    0.169315
1482809904      1208   89978    0.171619
1482809905      1193   91171    0.173895
1482809906      1251   92422    0.176281
1482809907      1141   93573    0.178476
1482809908      1329   94902    0.181011
1482809909      1123   96025    0.183153
1482809910      1349   97374    0.185726
1482809911      1197   98627    0.188116
1482809912      1360   99987    0.19071
1482809913      1347   101334    0.193279
1482809914      1329   102663    0.195814
1482809915      1223   103987    0.198339
1482809916      1364   105351    0.200941
1482809917      1347   106698    0.20351
1482809918      1326   108024    0.206039
1482809919      1045   109069    0.208033
1482809920      1353   110422    0.210613
1482809921      1314   111736    0.21312
1482809922      1347   113083    0.215689
1482809923      1196   114401    0.218203
1482809924      1357   115758    0.220791
1482809925      1345   117103    0.223356
1482809926      1353   118456    0.225937
1482809927      1184   119761    0.228426
1482809928      1347   121108    0.230995
1482809929      1301   122409    0.233477
1482809930      963   123372    0.235313
1482809931      1349   124721    0.237886
1482809932      844   125565    0.239496
1482809933      1340   126905    0.242052
1482809934      1187   128092    0.244316
1482809935      1352   129444    0.246895
1482809936      1339   130783    0.249449
1482809937      1357   132140    0.252037
1482809938      1180   133391    0.254423
1482809939      1343   134734    0.256985
1482809940      1355   136089    0.259569
1482809941      918   137007    0.26132
1482809942      1349   138356    0.263893
1482809943      1207   139563    0.266195
1482809944      1355   140918    0.26878
1482809945      1321   142239    0.271299
1482809946      1353   143592    0.27388
1482809947      1195   144877    0.276331
1482809948      1353   146230    0.278912
1482809949      1345   147575    0.281477
1482809950      1338   148913    0.284029
1482809951      904   149931    0.285971
1482809952      1356   151287    0.288557
1482809953      1338   152625    0.291109
1482809954      1357   153982    0.293697
1482809955      1218   155291    0.296194
1482809956      1300   156591    0.298674
1482809957      1319   157910    0.301189
1482809958      1206   159116    0.30349
1482809959      1338   160454    0.306042
1482809960      1143   161723    0.308462
1482809961      1345   163068    0.311028
1482809962      1184   164252    0.313286
1482809963      1322   165574    0.315807
1482809964      1164   166777    0.318102
1482809965      1353   168130    0.320683
1482809966      1353   169483    0.323263
1482809967      1354   170837    0.325846
1482809969      1206   172137    0.328325
1482809970      1359   173496    0.330917
1482809971      1342   174838    0.333477
1482809972      1343   176181    0.336039
1482809973      1043   177224    0.338028
1482809974      1351   178575    0.340605
1482809975      1353   179928    0.343185
1482809976      1344   181272    0.345749
1482809977      1207   182551    0.348188
1482809978      1357   183908    0.350777
1482809979      1356   185264    0.353363
1482809980      1332   186596    0.355904
1482809981      1218   187911    0.358412
1482809982      1350   189261    0.360987
1482809983      1351   190612    0.363564
1482809984      1186   191798    0.365826
1482809985      1189   192987    0.368093
1482809986      1356   194343    0.37068
1482809987      1356   195699    0.373266
1482809988      1348   197047    0.375837
1482809989      1214   198325    0.378275
1482809990      1361   199686    0.380871
1482809991      1351   201037    0.383448
1482809992      1353   202390    0.386028
1482809993      1229   203619    0.388372
1482809994      1036   204655    0.390348
1482809995      1344   205999    0.392912
1482809996      1344   207343    0.395475
1482809997      1348   208691    0.398046
1482809998      1207   209898    0.400349
1482809999      1346   211244    0.402916
1482810000      1353   212597    0.405497
1482810001      1349   213946    0.40807
1482810002      1199   215171    0.410406
1482810003      1360   216531    0.413
1482810004      1358   217889    0.41559
1482810005      1186   219075    0.417852
1482810006      1199   220274    0.420139
1482810007      1353   221627    0.42272
1482810008      1358   222985    0.42531
1482810009      1349   224334    0.427883
1482810010      1206   225585    0.430269
1482810011      1358   226943    0.432859
1482810012      1351   228294    0.435436
1482810013      1356   229650    0.438023
1482810014      1214   230945    0.440493
1482810015      1195   232140    0.442772
1482810016      1319   233459    0.445288
1482810017      1179   234638    0.447536
1482810018      1259   235897    0.449938
1482810019      1189   237086    0.452206
1482810020      1184   238270    0.454464
1482810021      1178   239448    0.456711
1482810022      1316   240764    0.459221
1482810023      546   241359    0.460356
1482810024      1345   242704    0.462921
1482810025      1340   244044    0.465477
1482810026      1022   245341    0.467951
1482810027      1354   246695    0.470533
1482810028      1353   248048    0.473114
1482810029      1354   249402    0.475697
1482810030      1209   250701    0.478174
1482810031      1365   252066    0.480778
1482810032      1349   253415    0.483351
1482810033      1354   254769    0.485933
1482810034      1213   256061    0.488398
1482810035      1358   257419    0.490988
1482810036      1356   258775    0.493574
1482810037      1183   259958    0.495831
1482810038      1208   261166    0.498135
1482810039      1349   262515    0.500708
1482810040      1352   263867    0.503286
1482810041      1332   265199    0.505827
1482810042      1209   266475    0.508261
1482810043      1363   267838    0.51086
1482810044      1345   269183    0.513426
1482810045      1352   270535    0.516005
1482810046      1186   271835    0.518484
1482810047      1187   273022    0.520748
1482810048      1350   274372    0.523323
1482810049      1355   275727    0.525908
1482810050      1199   276926    0.528194
1482810051      1354   278280    0.530777
1482810052      1350   279630    0.533352
1482810053      1354   280984    0.535934
1482810055      1201   282249    0.538347
1482810056      1351   283600    0.540924
1482810057      1347   284947    0.543493
1482810058      1095   286231    0.545942
1482810059      1353   287584    0.548523
1482810060      1352   288936    0.551102
1482810061      1335   290271    0.553648
1482810062      1214   291591    0.556166
1482810063      1357   292948    0.558754
1482810064      1356   294304    0.56134
1482810065      1345   295649    0.563906
1482810066      1209   296951    0.566389
1482810067      1354   298305    0.568972
1482810068      1352   299657    0.57155
1482810069      1180   300837    0.573801
1482810070      1201   302038    0.576092
1482810071      1358   303396    0.578682
1482810072      1350   304746    0.581257
1482810073      1350   306096    0.583832
1482810074      1167   307365    0.586252
1482810075      1359   308724    0.588844
1482810076      1345   310069    0.59141
1482810077      1351   311420    0.593987
1482810078      1097   312725    0.596476
1482810079      1119   313844    0.59861
1482810080      1219   315063    0.600935
1482810081      1184   316247    0.603193
1482810082      1283   317530    0.60564
1482810083      1104   318851    0.60816
1482810084      1194   320045    0.610437
1482810085      1345   321390    0.613003
1482810086      1336   322726    0.615551
1482810087      1344   324070    0.618114
1482810088      1195   325283    0.620428
1482810089      1359   326642    0.62302
1482810090      1187   327829    0.625284
1482810091      1350   329179    0.627859
1482810092      1197   330376    0.630142
1482810093      1332   331708    0.632683
1482810094      1355   333063    0.635267
1482810095      1327   334390    0.637798
1482810096      1194   335697    0.640291
1482810097      1361   337058    0.642887
1482810098      1336   338394    0.645435
1482810099      1355   339749    0.64802
1482810100      1024   340773    0.649973
1482810101      1344   342117    0.652536
1482810102      1347   343464    0.655106
1482810103      1339   344803    0.65766
1482810105      1203   346111    0.660154
1482810106      1354   347465    0.662737
1482810107      1346   348811    0.665304
1482810108      1346   350157    0.667871
1482810109      1211   351471    0.670378
1482810110      1327   352798    0.672909
1482810111      1346   354144    0.675476
1482810112      958   355102    0.677303
1482810113      1353   356455    0.679884
1482810114      1200   357655    0.682173
1482810115      1342   358997    0.684732
1482810116      1323   360320    0.687256
1482810117      1345   361665    0.689821
1482810118      1220   362957    0.692286
1482810119      1338   364295    0.694838
1482810120      1350   365645    0.697412
1482810121      1346   366991    0.69998
1482810122      1034   368025    0.701952
1482810123      1352   369377    0.704531
1482810124      1319   370696    0.707047
1482810125      1349   372045    0.70962
1482810126      1208   373371    0.712149
1482810127      1344   374715    0.714712
1482810128      1357   376072    0.7173
1482810129      573   376645    0.718393
1482810130      1357   378002    0.720982
1482810131      1352   379354    0.72356
1482810132      1342   380696    0.72612
1482810133      1037   381733    0.728098
1482810134      1346   383079    0.730665
1482810135      1337   384416    0.733215
1482810136      1357   385773    0.735804
1482810137      1103   387001    0.738146
1482810138      1354   388355    0.740728
1482810139      1253   389608    0.743118
1482810140      1327   390935    0.745649
1482810141      1346   392281    0.748217
1482810142      1198   393479    0.750502
1482810143      1353   394832    0.753082
1482810144      1179   396011    0.755331
1482810145      1336   397347    0.757879
1482810146      1189   398536    0.760147
1482810147      1356   399892    0.762733
1482810148      1350   401242    0.765308
1482810149      1344   402586    0.767872
1482810150      1196   403847    0.770277
1482810151      1362   405209    0.772875
1482810152      1323   406532    0.775398
1482810153      1351   407883    0.777975
1482810154      1027   408910    0.779934
1482810155      1323   410233    0.782457
1482810156      1349   411582    0.78503
1482810157      1340   412922    0.787586
1482810158      1203   414261    0.79014
1482810159      1359   415620    0.792732
1482810160      1354   416974    0.795315
1482810161      1358   418332    0.797905
1482810162      1208   419621    0.800364
1482810163      1353   420974    0.802944
1482810164      1332   422306    0.805485
1482810165      1185   423491    0.807745
1482810166      1168   424675    0.810003
1482810167      1342   426017    0.812563
1482810168      1344   427361    0.815126
1482810169      1329   428690    0.817661
1482810170      1343   430033    0.820223
1482810171      1200   431233    0.822512
1482810172      1354   432587    0.825094
1482810173      1358   433945    0.827684
1482810174      1349   435294    0.830257
1482810175      1028   436322    0.832218
1482810176      1324   437646    0.834743
1482810177      1350   438996    0.837318
1482810178      1346   440342    0.839886
1482810179      1176   441521    0.842134
1482810180      1359   442880    0.844727
1482810181      1346   444226    0.847294
1482810182      1345   445571    0.849859
1482810183      1208   446881    0.852358
1482810184      1344   448225    0.854921
1482810185      1353   449578    0.857502
1482810186      1054   450632    0.859512
1482810187      1202   451935    0.861998
1482810188      1352   453287    0.864576
1482810189      945   454232    0.866379
1482810190      1355   455587    0.868963
1482810191      1350   456937    0.871538
1482810192      1353   458290    0.874119
1482810193      1165   459455    0.876341
1482810194      1341   460796    0.878899
1482810195      1356   462152    0.881485
1482810197      994   463421    0.883905
1482810198      1346   464767    0.886473
1482810199      1207   465974    0.888775
1482810200      1181   467155    0.891027
1482810201      1344   468499    0.893591
1482810202      1206   469705    0.895891
1482810203      1201   470906    0.898182
1482810204      1181   472087    0.900434
1482810205      1321   473408    0.902954
1482810206      1352   474760    0.905533
1482810207      1291   476051    0.907995
1482810208      997   477051    0.909903
1482810209      1348   478399    0.912474
1482810210      1350   479749    0.915049
1482810211      1355   481104    0.917633
1482810212      1213   482411    0.920126
1482810213      1360   483771    0.92272
1482810214      1347   485118    0.925289
1482810215      1353   486471    0.92787
1482810216      1219   487771    0.930349
1482810217      1310   489081    0.932848
1482810218      1347   490428    0.935417
1482810219      1186   491614    0.937679
1482810220      898   492825    0.939989
1482810221      1361   494186    0.942585
1482810222      1345   495531    0.94515
1482810223      1314   496845    0.947657
1482810224      1219   498185    0.950212
1482810225      1356   499541    0.952799
