1500022441      85   85    0.000567436
1500022442      83   169    0.0011282
1500022443      84   254    0.00169563
1500022444      80   334    0.00222969
1500022445      75   410    0.00273705
1500022446      77   488    0.00325775
1500022447      74   562    0.00375175
1500022448      73   635    0.00423908
1500022449      85   720    0.00480652
1500022450      79   800    0.00534058
1500022451      81   882    0.00588799
1500022452      69   951    0.00634861
1500022453      71   1023    0.00682926
1500022454      69   1093    0.00729656
1500022455      74   1168    0.00779724
1500022456      73   1241    0.00828457
1500022457      75   1316    0.00878525
1500022458      75   1392    0.0092926
1500022459      75   1468    0.00979996
1500022460      78   1547    0.0103273
1500022461      78   1625    0.010848
1500022462      81   1707    0.0113955
1500022463      76   1783    0.0119028
1500022464      80   1864    0.0124435
1500022465      81   1945    0.0129843
1500022466      83   2028    0.0135384
1500022467      82   2110    0.0140858
1500022468      81   2192    0.0146332
1500022469      87   2279    0.015214
1500022470      87   2367    0.0158014
1500022471      83   2450    0.0163555
1500022472      84   2534    0.0169163
1500022473      80   2614    0.0174503
1500022474      83   2698    0.0180111
1500022475      83   2782    0.0185719
1500022476      85   2868    0.019146
1500022477      84   2952    0.0197067
1500022478      79   3032    0.0202408
1500022479      79   3112    0.0207748
1500022480      85   3198    0.021349
1500022481      81   3280    0.0218964
1500022482      85   3365    0.0224638
1500022483      79   3445    0.0229979
1500022484      81   3527    0.0235453
1500022485      81   3609    0.0240927
1500022486      77   3687    0.0246134
1500022487      76   3763    0.0251207
1500022488      80   3843    0.0256548
1500022489      83   3926    0.0262089
1500022490      82   4009    0.026763
1500022491      85   4094    0.0273304
1500022492      82   4176    0.0278778
1500022493      84   4261    0.0284452
1500022494      86   4347    0.0290194
1500022495      82   4430    0.0295734
1500022496      85   4516    0.0301476
1500022497      85   4601    0.030715
1500022498      82   4684    0.0312691
1500022499      82   4767    0.0318232
1500022500      82   4849    0.0323706
1500022501      72   4921    0.0328512
1500022502      75   4997    0.0333586
1500022503      80   5077    0.0338926
1500022504      84   5162    0.0344601
1500022505      82   5245    0.0350142
1500022506      88   5334    0.0356083
1500022507      89   5424    0.0362091
1500022508      86   5511    0.0367899
1500022509      88   5600    0.037384
1500022510      86   5687    0.0379648
1500022511      82   5769    0.0385122
1500022512      82   5851    0.0390596
1500022513      79   5931    0.0395937
1500022514      77   6009    0.0401144
1500022515      80   6089    0.0406485
1500022516      81   6170    0.0411892
