1485827570      1412   1412    0.0107727
1485827571      1418   2831    0.0215988
1485827572      1427   4258    0.032486
1485827573      1415   5673    0.0432816
1485827574      525   6486    0.0494843
1485827575      1125   7611    0.0580673
1485827576      880   8631    0.0658493
1485827577      1146   9777    0.0745926
1485827578      894   10671    0.0814133
1485827579      791   11541    0.0880508
1485827580      1177   12718    0.0970306
1485827582      835   13686    0.104416
1485827583      1146   14832    0.113159
1485827584      839   15671    0.11956
1485827585      828   16596    0.126617
1485827586      1133   17729    0.135262
1485827587      888   18741    0.142982
1485827588      1065   19806    0.151108
1485827589      899   20705    0.157967
1485827590      886   21651    0.165184
1485827591      1183   22834    0.17421
1485827592      876   23796    0.181549
1485827593      1159   24955    0.190392
1485827594      898   25853    0.197243
1485827595      803   26706    0.203751
1485827596      1182   27888    0.212769
1485827597      886   28851    0.220116
1485827598      1121   29972    0.228668
1485827599      834   30806    0.235031
1485827600      875   31761    0.242317
1485827601      1171   32932    0.251251
1485827602      846   33906    0.258682
1485827603      1179   35085    0.267677
1485827604      901   35986    0.274551
1485827605      810   36816    0.280884
1485827606      1171   37987    0.289818
1485827608      833   38961    0.297249
1485827609      1181   40142    0.306259
1485827610      903   41045    0.313148
1485827611      767   41871    0.31945
1485827612      1190   43061    0.328529
1485827613      856   44016    0.335815
1485827614      1130   45146    0.344437
1485827615      902   46048    0.351318
1485827616      858   46926    0.358017
1485827617      1177   48103    0.366997
1485827618      869   49071    0.374382
1485827619      1179   50250    0.383377
1485827620      881   51131    0.390099
1485827621      791   51981    0.396584
1485827622      1175   53156    0.405548
1485827623      855   54126    0.412949
1485827624      1186   55312    0.421997
1485827625      901   56213    0.428871
1485827626      809   57036    0.43515
1485827627      1066   58102    0.443283
1485827628      852   59181    0.451515
1485827629      1182   60363    0.460533
1485827630      902   61265    0.467415
1485827631      798   62091    0.473717
1485827632      1179   63270    0.482712
1485827634      872   64236    0.490082
1485827635      1181   65417    0.499092
1485827636      901   66318    0.505966
1485827637      836   67154    0.512344
1485827638      1133   68287    0.520988
1485827639      907   69291    0.528648
1485827640      1181   70472    0.537659
1485827641      902   71374    0.54454
1485827642      458   71832    0.548035
1485827643      875   72916    0.556305
1485827644      1175   74091    0.565269
1485827645      897   75061    0.57267
1485827646      879   75940    0.579376
1485827647      1179   77119    0.588371
1485827648      831   77971    0.594872
1485827649      1188   79159    0.603935
1485827650      859   80116    0.611237
1485827651      842   80958    0.617661
1485827652      1180   82138    0.626663
1485827653      867   83026    0.633438
1485827654      1167   84193    0.642342
1485827655      896   85171    0.649803
1485827656      712   85936    0.65564
1485827657      1183   87119    0.664665
1485827658      930   88049    0.671761
1485827659      683   88796    0.67746
1485827660      1178   89974    0.686447
1485827662      827   90941    0.693825
1485827663      776   91717    0.699745
1485827664      1124   92841    0.708321
1485827665      782   93851    0.716026
1485827666      1188   95039    0.72509
1485827667      818   95996    0.732391
1485827668      757   96761    0.738228
1485827669      941   97702    0.745407
1485827670      1175   98877    0.754372
1485827671      726   99621    0.760048
1485827672      681   100336    0.765503
1485827673      906   101242    0.772415
1485827674      1176   102418    0.781387
1485827675      851   103269    0.78788
1485827676      1170   104439    0.796806
1485827677      888   105391    0.80407
1485827678      890   106281    0.81086
1485827679      1175   107456    0.819824
1485827680      844   108301    0.826271
1485827681      1181   109482    0.835281
1485827682      890   110446    0.842636
1485827683      887   111333    0.849403
1485827684      1176   112509    0.858376
1485827685      833   113356    0.864838
1485827686      1172   114528    0.873779
1485827687      892   115501    0.881203
1485827688      899   116400    0.888062
1485827689      1175   117575    0.897026
1485827690      860   118435    0.903587
1485827691      1171   119606    0.912521
1485827692      890   120556    0.919769
1485827693      905   121461    0.926674
1485827694      1172   122633    0.935616
1485827695      846   123479    0.94207
1485827696      1172   124651    0.951012
1485827698      888   125611    0.958336
1485827699      906   126517    0.965248
1485827700      1170   127687    0.974174
1485827701      849   128536    0.980652
1485827702      1174   129710    0.989609
1485827703      884   130666    0.996902
1485827704      904   131570    1.0038
1485827705      1175   132745    1.01276
1485827706      859   133604    1.01932
1485827707      1169   134773    1.02824
1485827708      866   135721    1.03547
1485827709      910   136631    1.04241
1485827710      1181   137812    1.05142
1485827711      852   138664    1.05792
1485827712      1184   139848    1.06696
1485827713      880   140776    1.07404
1485827714      904   141680    1.08093
1485827715      1174   142854    1.08989
1485827716      846   143700    1.09634
1485827717      1170   144870    1.10527
1485827718      893   145831    1.1126
1485827719      906   146737    1.11951
1485827720      1151   147888    1.1283
1485827721      847   148741    1.1348
1485827722      1191   149932    1.14389
1485827723      886   150886    1.15117
1485827724      908   151794    1.1581
1485827725      1183   152977    1.16712
1485827726      845   153822    1.17357
1485827727      1182   155004    1.18259
1485827728      881   155941    1.18974
1485827729      910   156851    1.19668
1485827730      1171   158022    1.20561
1485827731      857   158879    1.21215
1485827732      1170   160049    1.22108
1485827733      882   160996    1.2283
1485827734      546   161711    1.23376
1485827735      1135   162846    1.24242
1485827736      926   163906    1.2505
1485827737      1180   165086    1.25951
1485827739      892   166051    1.26687
1485827740      905   166956    1.27377
1485827741      1163   168119    1.28265
1485827742      840   168961    1.28907
1485827743      1187   170148    1.29813
1485827744      895   171106    1.30544
1485827745      904   172010    1.31233
1485827746      1175   173185    1.3213
1485827747      855   174040    1.32782
1485827748      1177   175217    1.3368
1485827749      881   176161    1.344
1485827750      904   177065    1.3509
1485827751      1172   178237    1.35984
1485827752      839   179076    1.36624
1485827753      1183   180259    1.37527
1485827754      886   181216    1.38257
1485827755      906   182122    1.38948
1485827756      1174   183296    1.39844
1485827757      843   184139    1.40487
1485827758      1180   185319    1.41387
1485827759      890   186271    1.42113
1485827760      904   187175    1.42803
1485827761      1175   188350    1.437
1485827762      833   189183    1.44335
1485827763      1188   190371    1.45242
1485827764      884   191326    1.4597
1485827765      906   192232    1.46661
1485827766      1171   193403    1.47555
1485827767      854   194257    1.48206
1485827768      1183   195440    1.49109
1485827769      885   196381    1.49827
1485827770      908   197289    1.5052
1485827771      1171   198460    1.51413
1485827772      849   199309    1.52061
1485827773      1178   200487    1.52959
1485827774      884   201436    1.53683
1485827775      905   202341    1.54374
1485827776      1170   203511    1.55267
1485827777      859   204370    1.55922
1485827778      1179   205549    1.56821
1485827779      804   206491    1.5754
1485827780      734   207256    1.58124
1485827781      1176   208432    1.59021
1485827782      925   209357    1.59727
1485827783      717   210116    1.60306
1485827784      1178   211294    1.61205
1485827785      823   212261    1.61942
1485827786      820   213081    1.62568
1485827787      1048   214129    1.63367
1485827789      854   215171    1.64162
1485827790      1185   216356    1.65067
1485827791      829   217316    1.65799
1485827792      739   218081    1.66383
1485827793      928   219009    1.67091
1485827794      1170   220179    1.67983
1485827795      866   221045    1.68644
1485827796      1176   222221    1.69541
1485827797      898   223119    1.70226
1485827798      856   223975    1.70879
1485827799      1169   225144    1.71771
1485827800      849   225996    1.72421
1485827801      903   226899    1.7311
1485827802      895   227794    1.73793
1485827803      945   228906    1.74641
1485827804      1180   230086    1.75542
1485827805      885   231051    1.76278
1485827806      1190   232241    1.77186
1485827807      895   233136    1.77869
1485827808      841   233977    1.7851
1485827809      1173   235150    1.79405
1485827810      879   236106    1.80135
1485827811      1168   237274    1.81026
1485827812      899   238173    1.81712
1485827813      839   239016    1.82355
1485827814      1180   240196    1.83255
1485827815      897   241161    1.83991
1485827816      1184   242345    1.84895
1485827817      900   243245    1.85581
1485827818      859   244104    1.86237
1485827819      1171   245275    1.8713
1485827820      887   246216    1.87848
1485827821      1183   247399    1.8875
1485827822      900   248299    1.89437
1485827823      854   249153    1.90089
1485827824      1174   250327    1.90984
1485827825      885   251271    1.91705
1485827826      1181   252452    1.92606
1485827827      901   253353    1.93293
1485827828      849   254202    1.93941
1485827829      1171   255373    1.94834
1485827831      887   256326    1.95561
1485827832      1185   257511    1.96465
1485827833      896   258407    1.97149
1485827834      861   259268    1.97806
1485827835      1185   260453    1.9871
1485827836      879   261381    1.99418
1485827837      1180   262561    2.00318
1485827838      902   263463    2.01006
1485827839      851   264314    2.01656
1485827840      1175   265489    2.02552
1485827841      891   266436    2.03275
1485827842      1177   267613    2.04173
1485827843      900   268513    2.04859
1485827844      849   269362    2.05507
1485827845      1185   270547    2.06411
1485827846      881   271491    2.07131
1485827847      1186   272677    2.08036
1485827848      901   273578    2.08723
1485827849      856   274434    2.09377
1485827850      1175   275609    2.10273
1485827851      888   276546    2.10988
1485827852      1186   277732    2.11893
1485827853      900   278632    2.12579
1485827854      853   279485    2.1323
1485827855      1179   280664    2.1413
1485827856      889   281601    2.14845
1485827857      1183   282784    2.15747
1485827858      898   283682    2.16432
1485827859      851   284533    2.17081
1485827860      1175   285708    2.17978
1485827861      891   286656    2.18701
1485827862      1184   287840    2.19604
1485827863      268   288136    2.1983
1485827864      777   288913    2.20423
1485827865      1183   290096    2.21326
1485827866      869   290996    2.22012
1485827867      1192   292188    2.22922
1485827868      887   293141    2.23649
1485827869      918   294059    2.24349
1485827870      1179   295238    2.25249
1485827871      858   296096    2.25903
1485827872      1179   297275    2.26803
1485827873      871   298196    2.27505
1485827874      896   299092    2.28189
1485827875      1179   300271    2.29089
1485827876      867   301138    2.2975
1485827877      1179   302317    2.3065
1485827878      881   303251    2.31362
1485827879      912   304163    2.32058
1485827880      1177   305340    2.32956
1485827881      855   306195    2.33608
1485827882      1173   307368    2.34503
1485827883      882   308306    2.35219
1485827884      902   309208    2.35907
1485827885      1171   310379    2.368
1485827886      859   311238    2.37456
1485827887      1170   312408    2.38348
1485827888      892   313361    2.39075
1485827889      911   314272    2.39771
1485827890      1175   315447    2.40667
1485827891      852   316299    2.41317
1485827892      1178   317477    2.42216
1485827893      890   318416    2.42932
1485827895      537   319181    2.43516
1485827896      1182   320363    2.44418
1485827897      890   321326    2.45152
1485827898      1188   322514    2.46059
1485827899      887   323471    2.46789
1485827900      914   324385    2.47486
1485827901      1174   325559    2.48382
1485827902      867   326426    2.49043
1485827903      1175   327601    2.4994
1485827904      876   328526    2.50645
1485827905      910   329436    2.5134
1485827906      1179   330615    2.52239
1485827907      852   331467    2.52889
1485827908      908   332375    2.53582
1485827909      1176   333551    2.54479
1485827910      391   333942    2.54778
1485827911      880   335061    2.55631
1485827912      1179   336240    2.56531
1485827913      830   337206    2.57268
1485827914      1052   338258    2.5807
1485827915      901   339159    2.58758
1485827916      946   340105    2.5948
1485827918      697   340831    2.60033
1485827919      1189   342020    2.60941
1485827920      828   342976    2.6167
1485827921      775   343751    2.62261
1485827922      966   344717    2.62998
1485827923      1095   345812    2.63834
1485827924      845   346657    2.64478
1485827925      1173   347830    2.65373
1485827926      877   348746    2.66072
1485827927      893   349639    2.66753
1485827928      1169   350808    2.67645
1485827929      854   351662    2.68297
1485827930      1174   352836    2.69193
1485827931      887   353801    2.69929
1485827932      901   354702    2.70616
1485827933      1164   355866    2.71504
1485827934      838   356711    2.72149
1485827935      1184   357895    2.73052
1485827936      884   358856    2.73785
1485827937      861   359717    2.74442
1485827938      1164   360881    2.7533
1485827939      852   361766    2.76006
1485827940      1181   362947    2.76907
1485827941      895   363911    2.77642
1485827942      890   364801    2.78321
1485827943      1182   365983    2.79223
1485827944      851   366834    2.79872
1485827945      1166   368000    2.80762
1485827946      900   368966    2.81499
1485827947      898   369864    2.82184
1485827948      1140   371004    2.83054
1485827949      861   371876    2.83719
1485827950      1185   373061    2.84623
1485827951      889   374021    2.85355
1485827952      911   374932    2.8605
1485827953      1175   376107    2.86947
1485827954      851   376958    2.87596
1485827955      1171   378129    2.8849
1485827956      722   379076    2.89212
1485827957      1006   380082    2.8998
1485827958      1175   381257    2.90876
1485827959      859   382116    2.91531
1485827960      1183   383299    2.92434
1485827961      840   384139    2.93075
1485827962      907   385046    2.93767
1485827963      1170   386216    2.94659
1485827964      863   387079    2.95318
1485827965      1175   388254    2.96214
1485827967      878   389186    2.96925
1485827968      914   390100    2.97623
1485827969      1180   391280    2.98523
1485827970      855   392135    2.99175
1485827971      1170   393305    3.00068
1485827972      886   394241    3.00782
1485827973      912   395153    3.01478
1485827974      1178   396331    3.02377
1485827975      849   397180    3.03024
1485827976      1168   398348    3.03915
1485827977      888   399296    3.04639
1485827978      908   400204    3.05331
1485827979      1174   401378    3.06227
1485827980      854   402232    3.06879
1485827981      1175   403407    3.07775
1485827982      884   404351    3.08495
1485827983      907   405258    3.09187
1485827984      1182   406440    3.10089
1485827985      844   407284    3.10733
1485827986      1181   408465    3.11634
1485827987      720   409406    3.12352
1485827988      1008   410414    3.13121
1485827989      1165   411579    3.1401
1485827990      851   412430    3.14659
1485827991      1176   413606    3.15556
1485827992      845   414461    3.16209
1485827993      908   415369    3.16901
1485827994      1171   416540    3.17795
1485827995      854   417394    3.18446
1485827996      1178   418572    3.19345
1485827997      883   419516    3.20065
1485827998      907   420423    3.20757
1485827999      1171   421594    3.21651
1485828000      863   422457    3.22309
1485828001      1176   423633    3.23206
1485828002      890   424571    3.23922
1485828003      895   425466    3.24605
1485828004      1168   426634    3.25496
1485828005      845   427481    3.26142
1485828006      1176   428657    3.27039
1485828007      895   429626    3.27779
1485828008      907   430533    3.28471
1485828009      1173   431706    3.29366
1485828010      850   432556    3.30014
1485828011      1174   433730    3.3091
1485828012      887   434681    3.31635
1485828013      909   435590    3.32329
1485828014      1174   436764    3.33224
1485828015      850   437614    3.33873
1485828016      1168   438782    3.34764
1485828017      891   439736    3.35492
1485828019      511   440501    3.36076
1485828020      1178   441679    3.36974
1485828021      900   442646    3.37712
1485828022      1182   443828    3.38614
1485828023      892   444791    3.39349
1485828024      901   445692    3.40036
1485828025      1176   446868    3.40933
1485828026      847   447715    3.41579
1485828027      1172   448887    3.42474
1485828028      893   449846    3.43205
1485828029      906   450752    3.43896
1485828030      1011   451763    3.44668
1485828031      831   452756    3.45425
1485828032      1190   453946    3.46333
1485828033      813   454901    3.47062
1485828034      747   455666    3.47646
1485828035      1017   456683    3.48421
1485828036      1100   457783    3.49261
1485828038      683   458526    3.49828
1485828039      1189   459715    3.50735
1485828040      696   460411    3.51266
1485828041      854   461436    3.52048
1485828042      1182   462618    3.5295
1485828043      836   463581    3.53684
1485828044      1049   464630    3.54485
1485828045      899   465529    3.5517
1485828046      892   466491    3.55904
1485828047      1186   467677    3.56809
1485828048      889   468636    3.57541
1485828049      1183   469819    3.58443
1485828050      589   470408    3.58893
1485828051      951   471546    3.59761
1485828052      1186   472732    3.60666
1485828053      890   473691    3.61398
1485828054      1178   474869    3.62296
1485828055      894   475763    3.62978
1485828056      832   476601    3.63618
1485828057      1183   477784    3.6452
1485828058      883   478746    3.65254
1485828059      1179   479925    3.66154
1485828060      880   480805    3.66825
1485828061      849   481656    3.67474
1485828062      1181   482837    3.68375
1485828064      883   483801    3.69111
1485828065      1177   484978    3.70009
1485828066      886   485864    3.70685
1485828067      844   486711    3.71331
1485828068      1179   487890    3.72231
1485828069      891   488856    3.72968
1485828070      1188   490044    3.73874
1485828071      898   490942    3.74559
1485828072      860   491802    3.75215
1485828073      1173   492975    3.7611
1485828074      887   493911    3.76824
1485828075      1176   495087    3.77721
1485828076      900   495987    3.78408
1485828077      864   496851    3.79067
1485828078      1175   498026    3.79964
1485828079      885   498966    3.80681
