1499848830      28   29    0.00431442
1499848831      27   57    0.00848007
1499848832      28   86    0.0127945
1499848833      26   113    0.0168114
1499848834      28   141    0.020977
1499848835      25   167    0.0248451
1499848836      28   196    0.0291595
1499848837      28   225    0.033474
1499848838      25   251    0.0373421
1499848839      26   278    0.0413589
1499848840      28   307    0.0456734
1499848841      30   337    0.0501366
1499848842      27   364    0.0541534
1499848843      25   390    0.0580215
1499848844      23   413    0.0614433
1499848845      28   442    0.0657578
1499848846      32   474    0.0705185
1499848847      20   494    0.073494
1499848848      31   525    0.0781059
1499848849      31   557    0.0828667
1499848851      23   584    0.0868835
1499848852      31   616    0.0916443
1499848853      31   647    0.0962563
1499848854      23   674    0.100273
1499848855      32   706    0.105034
1499848856      31   737    0.109646
1499848857      22   764    0.113663
1499848858      32   796    0.118423
1499848859      17   813    0.120953
1499848860      31   845    0.125713
1499848861      27   872    0.12973
1499848862      23   897    0.13345
1499848863      31   929    0.13821
1499848864      32   961    0.142971
1499848865      24   987    0.146839
1499848866      32   1019    0.1516
1499848867      31   1051    0.156361
1499848868      23   1077    0.160229
1499848869      31   1109    0.164989
1499848870      29   1138    0.169304
1499848872      21   1167    0.173618
1499848873      30   1197    0.178082
1499848874      16   1213    0.180462
