1484127468      1304   1306    0.00996399
1484127469      1333   2641    0.0201492
1484127470      1314   3955    0.0301743
1484127471      1366   5321    0.040596
1484127472      710   6236    0.0475769
1484127473      1013   7249    0.0553055
1484127474      1103   8352    0.0637207
1484127475      701   9096    0.069397
1484127476      614   9710    0.0740814
1484127477      993   10703    0.0816574
1484127478      991   11694    0.0892181
1484127479      639   12471    0.0951462
1484127480      1143   13614    0.103867
1484127482      648   14416    0.109985
1484127483      1138   15554    0.118668
1484127484      806   16360    0.124817
1484127485      775   17276    0.131805
1484127486      1048   18324    0.139801
1484127487      636   19221    0.146645
1484127488      1154   20375    0.155449
1484127490      804   21366    0.16301
1484127491      1044   22410    0.170975
1484127492      851   23511    0.179375
1484127493      1038   24549    0.187294
1484127494      801   25456    0.194214
1484127495      1052   26508    0.20224
1484127496      847   27601    0.210579
1484127497      1139   28740    0.219269
1484127498      685   29425    0.224495
1484127499      748   30261    0.230873
1484127500      1152   31413    0.239662
1484127502      809   32406    0.247238
1484127503      566   33121    0.252693
1484127504      625   33746    0.257462
1484127505      1145   34891    0.266197
1484127506      765   35781    0.272987
1484127507      1030   36811    0.280846
1484127508      849   37926    0.289352
1484127509      1038   38964    0.297272
1484127510      762   39871    0.304192
1484127511      1153   41024    0.312988
1484127513      804   42016    0.320557
1484127514      1123   43139    0.329124
1484127515      721   43860    0.334625
1484127516      735   44676    0.340851
1484127517      1092   45768    0.349182
1484127518      1039   46807    0.357109
1484127519      598   47536    0.362671
1484127520      927   48463    0.369743
1484127521      1004   49467    0.377403
1484127522      726   50196    0.382965
1484127523      1014   51210    0.390701
1484127524      1003   52213    0.398354
1484127525      550   52856    0.403259
1484127526      1138   53994    0.411942
1484127527      845   55001    0.419624
1484127528      1006   56007    0.427299
1484127529      1097   57104    0.435669
1484127530      606   57710    0.440292
1484127531      1148   58858    0.449051
1484127533      734   59806    0.456284
1484127534      803   60609    0.46241
1484127535      1082   61691    0.470665
1484127536      673   62466    0.476578
1484127537      1126   63592    0.485168
1484127538      795   64611    0.492943
1484127539      1068   65679    0.501091
1484127540      995   66674    0.508682
1484127541      601   67275    0.513268
1484127542      997   68272    0.520874
1484127543      1099   69371    0.529259
1484127544      668   70131    0.535057
1484127545      1016   71147    0.542809
1484127547      753   72076    0.549896
1484127548      1134   73210    0.558548
1484127549      818   74221    0.566261
1484127550      1141   75362    0.574966
1484127551      869   76366    0.582626
1484127552      1041   77407    0.590569
1484127553      833   78311    0.597466
1484127554      1136   79447    0.606133
1484127555      874   80456    0.613831
1484127556      1146   81602    0.622574
1484127557      736   82401    0.62867
1484127558      1141   83542    0.637375
1484127559      874   84546    0.645035
1484127560      1143   85689    0.653755
1484127561      738   86491    0.659874
1484127562      1134   87625    0.668526
1484127564      728   88636    0.676239
1484127565      1144   89780    0.684967
1484127566      864   90781    0.692604
1484127567      1036   91817    0.700508
1484127568      836   92726    0.707443
1484127569      1041   93767    0.715385
1484127570      905   94871    0.723808
1484127571      1140   96011    0.732506
1484127572      724   96816    0.738647
1484127573      1146   97962    0.747391
1484127575      863   98961    0.755013
1484127576      1139   100100    0.763702
1484127577      699   100906    0.769852
1484127578      1015   101921    0.777596
1484127579      1062   102983    0.785698
1484127580      691   103766    0.791672
1484127581      1140   104906    0.800369
1484127582      691   105711    0.806511
1484127583      1125   106836    0.815094
1484127584      811   107856    0.822876
1484127585      1139   108995    0.831566
1484127586      841   110001    0.839241
1484127587      1022   111023    0.847038
1484127589      778   111946    0.85408
1484127590      1024   112970    0.861893
1484127591      897   114091    0.870445
1484127592      1132   115223    0.879082
1484127593      646   116036    0.885284
1484127594      1086   117122    0.89357
1484127595      1014   118136    0.901306
1484127596      727   118896    0.907104
1484127597      1137   120033    0.915779
1484127598      666   120841    0.921944
1484127599      1142   121983    0.930656
1484127601      251   122271    0.932854
1484127602      1038   123309    0.940773
1484127603      1001   124310    0.94841
1484127604      656   124966    0.953415
1484127605      1006   125972    0.96109
1484127606      875   127076    0.969513
1484127607      1136   128212    0.97818
1484127608      860   129221    0.985878
1484127609      1040   130261    0.993813
1484127610      789   131166    1.00072
1484127611      1151   132317    1.0095
1484127612      866   133311    1.01708
1484127613      1101   134412    1.02548
1484127614      754   135256    1.03192
1484127615      1030   136286    1.03978
1484127617      910   137401    1.04829
1484127618      1150   138551    1.05706
1484127619      733   139346    1.06313
1484127620      1142   140488    1.07184
1484127621      868   141491    1.07949
1484127622      1149   142640    1.08826
1484127623      860   143636    1.09586
1484127624      1038   144674    1.10378
1484127625      831   145581    1.11069
1484127626      1148   146729    1.11945
1484127627      866   147726    1.12706
1484127628      1141   148867    1.13577
1484127629      734   149671    1.1419
1484127630      1153   150824    1.1507
1484127632      863   151816    1.15826
1484127633      1139   152955    1.16695
1484127634      736   153761    1.1731
1484127635      1140   154901    1.1818
1484127636      863   155906    1.18947
1484127637      1138   157044    1.19815
1484127638      873   158051    1.20583
1484127639      1001   159052    1.21347
1484127640      643   159996    1.22067
1484127641      1152   161148    1.22946
1484127642      973   162121    1.23689
1484127644      645   162856    1.24249
1484127645      595   163451    1.24703
1484127646      1138   164589    1.25571
1484127647      737   165516    1.26279
1484127648      939   166455    1.26995
1484127649      1010   167465    1.27766
1484127650      593   168176    1.28308
1484127651      993   169169    1.29066
1484127652      1061   170230    1.29875
1484127653      669   171036    1.3049
1484127654      959   171995    1.31222
1484127656      650   172981    1.31974
1484127657      1126   174107    1.32833
1484127658      947   175054    1.33556
1484127659      661   175841    1.34156
1484127660      1147   176988    1.35031
1484127661      614   177786    1.3564
1484127662      933   178719    1.36352
1484127663      1125   179844    1.3721
1484127664      677   180646    1.37822
1484127665      966   181612    1.38559
1484127667      608   182591    1.39306
1484127668      1129   183720    1.40167
1484127669      966   184686    1.40904
1484127670      631   185451    1.41488
1484127671      1060   186511    1.42297
1484127672      688   187396    1.42972
1484127673      833   188229    1.43607
1484127674      1115   189344    1.44458
1484127675      840   190184    1.45099
1484127677      654   190971    1.45699
1484127678      1125   192096    1.46558
1484127679      738   192916    1.47183
1484127680      1146   194062    1.48058
1484127681      952   195014    1.48784
1484127682      681   195776    1.49365
1484127683      1148   196924    1.50241
1484127684      624   197548    1.50717
1484127685      731   198436    1.51395
1484127686      1145   199581    1.52268
1484127687      957   200538    1.52998
1484127688      670   201296    1.53577
1484127689      1038   202334    1.54369
1484127690      755   203241    1.55061
1484127691      983   204224    1.55811
1484127692      1142   205366    1.56682
1484127694      682   206101    1.57243
1484127695      661   206762    1.57747
1484127696      1134   207896    1.58612
1484127697      745   208761    1.59272
1484127698      986   209747    1.60024
1484127699      1143   210890    1.60896
1484127700      509   211421    1.61301
1484127701      950   212371    1.62026
1484127702      1018   213389    1.62803
1484127703      696   214281    1.63483
1484127704      978   215259    1.6423
1484127705      663   216226    1.64967
1484127706      1013   217239    1.6574
1484127707      974   218213    1.66483
1484127709      699   219086    1.67149
1484127710      1124   220210    1.68007
1484127711      678   221031    1.68633
1484127712      947   221978    1.69356
1484127713      927   222905    1.70063
1484127714      794   223891    1.70815
1484127715      1005   224896    1.71582
1484127716      936   225832    1.72296
1484127717      574   226551    1.72845
1484127718      997   227548    1.73605
1484127719      970   228518    1.74345
1484127721      689   229411    1.75027
1484127722      939   230350    1.75743
1484127723      842   231192    1.76385
1484127724      668   232071    1.77056
1484127725      1147   233218    1.77931
1484127726      989   234207    1.78686
1484127727      651   234931    1.79238
1484127728      1008   235939    1.80007
1484127729      812   236876    1.80722
1484127730      1000   237876    1.81485
1484127731      957   238833    1.82215
1484127732      782   239736    1.82904
1484127733      673   240409    1.83418
1484127734      1013   241422    1.8419
1484127736      705   242396    1.84933
1484127737      1109   243505    1.8578
1484127738      811   244541    1.8657
1484127739      1037   245578    1.87361
1484127740      770   246486    1.88054
1484127741      962   247448    1.88788
1484127742      1145   248593    1.89661
1484127743      689   249346    1.90236
1484127744      652   249998    1.90733
1484127745      1142   251140    1.91605
1484127747      739   252006    1.92265
1484127748      981   252987    1.93014
1484127749      1145   254132    1.93887
1484127750      523   254666    1.94295
1484127751      1005   255671    1.95061
1484127752      1130   256801    1.95924
1484127753      675   257526    1.96477
1484127754      997   258523    1.97237
1484127755      657   259471    1.97961
1484127756      1152   260623    1.9884
1484127757      975   261598    1.99583
1484127758      679   262331    2.00143
1484127759      1135   263466    2.01009
1484127760      669   264276    2.01627
1484127761      902   265178    2.02315
1484127762      1139   266317    2.03184
1484127764      670   267136    2.03809
1484127765      946   268082    2.0453
1484127766      676   269081    2.05293
1484127767      1014   270095    2.06066
1484127768      982   271077    2.06815
1484127769      677   271941    2.07475
1484127770      995   272936    2.08234
1484127772      776   273886    2.08958
1484127773      1118   275004    2.09811
1484127774      724   275728    2.10364
1484127775      686   276746    2.1114
1484127776      1008   277754    2.11909
1484127777      704   278691    2.12624
1484127778      1036   279727    2.13415
1484127779      793   280520    2.1402
1484127781      755   281551    2.14806
1484127782      1067   282618    2.1562
1484127783      721   283339    2.16171
1484127784      623   284211    2.16836
1484127785      1035   285246    2.17625
1484127786      1005   286251    2.18392
1484127787      747   286998    2.18962
1484127788      613   287786    2.19563
1484127789      933   288719    2.20275
1484127790      729   289448    2.20831
1484127792      741   290446    2.21593
1484127793      1004   291450    2.22359
1484127794      857   292307    2.23013
1484127795      603   293106    2.23622
1484127796      1076   294182    2.24443
1484127797      1000   295182    2.25206
1484127798      692   295966    2.25804
1484127799      1089   297055    2.26635
1484127801      662   297911    2.27288
1484127802      1143   299054    2.2816
1484127803      869   300056    2.28925
1484127804      1133   301189    2.29789
1484127805      865   302201    2.30561
1484127806      1033   303234    2.31349
1484127807      819   304146    2.32045
1484127808      1145   305291    2.32919
1484127809      869   306291    2.33681
1484127810      1149   307440    2.34558
1484127811      734   308236    2.35165
1484127812      1137   309373    2.36033
1484127813      870   310381    2.36802
1484127814      1144   311525    2.37675
1484127815      711   312326    2.38286
1484127816      1152   313478    2.39165
1484127818      863   314471    2.39922
1484127819      1153   315624    2.40802
1484127820      859   316616    2.41559
1484127821      1037   317653    2.4235
1484127822      837   318561    2.43043
1484127823      1154   319715    2.43923
1484127824      862   320706    2.44679
1484127825      1149   321855    2.45556
1484127826      677   322651    2.46163
1484127827      1146   323797    2.47038
1484127828      861   324796    2.478
1484127829      1018   325814    2.48576
1484127831      735   326741    2.49284
1484127832      1109   327850    2.5013
1484127833      1005   328855    2.50896
1484127834      686   329601    2.51466
1484127835      1098   330699    2.52303
1484127836      660   331546    2.5295
1484127837      1126   332672    2.53809
1484127838      1012   333684    2.54581
1484127839      628   334406    2.55132
1484127840      1113   335519    2.55981
1484127841      745   336351    2.56615
1484127842      1142   337493    2.57487
1484127843      991   338484    2.58243
1484127844      688   339211    2.58797
1484127845      1146   340357    2.59672
1484127847      659   341156    2.60281
1484127848      1037   342193    2.61073
1484127849      1003   343196    2.61838
1484127850      688   344016    2.62463
1484127851      1036   345052    2.63254
1484127852      767   345961    2.63947
1484127853      1013   346974    2.6472
1484127854      1120   348094    2.65575
1484127855      658   348821    2.66129
1484127856      1097   349918    2.66966
1484127857      736   350766    2.67613
1484127858      1092   351858    2.68446
1484127859      953   352811    2.69173
1484127860      765   353626    2.69795
1484127861      1030   354656    2.70581
1484127862      765   355571    2.71279
1484127863      1154   356725    2.7216
1484127865      861   357716    2.72916
1484127866      1145   358861    2.73789
1484127867      860   359861    2.74552
1484127868      1039   360900    2.75345
1484127869      830   361806    2.76036
1484127870      1151   362957    2.76914
1484127871      846   363951    2.77673
1484127872      1141   365092    2.78543
1484127873      732   365896    2.79156
1484127874      1154   367050    2.80037
1484127875      869   368041    2.80793
1484127876      1151   369192    2.81671
1484127877      729   369986    2.82277
1484127878      1020   371006    2.83055
1484127880      913   372131    2.83913
1484127881      1145   373276    2.84787
1484127882      866   374276    2.8555
1484127883      1039   375315    2.86343
1484127884      832   376221    2.87034
1484127885      1146   377367    2.87908
1484127886      873   378366    2.8867
1484127887      1138   379504    2.89539
1484127888      739   380311    2.90154
1484127889      1137   381448    2.91022
1484127890      804   382456    2.91791
1484127891      1147   383603    2.92666
1484127892      715   384401    2.93275
1484127893      1156   385557    2.94157
1484127895      852   386546    2.94911
1484127896      1013   387559    2.95684
1484127897      1088   388647    2.96514
1484127898      548   389206    2.96941
1484127899      1007   390213    2.97709
1484127900      1014   391227    2.98483
1484127901      755   392066    2.99123
1484127902      1138   393204    2.99991
1484127903      726   394011    3.00607
1484127904      1119   395130    3.0146
1484127905      816   396156    3.02243
1484127906      1143   397299    3.03115
1484127907      954   398253    3.03843
1484127908      528   398816    3.04272
1484127909      1008   399824    3.05042
1484127910      920   400961    3.05909
1484127911      1012   401973    3.06681
1484127913      830   403106    3.07545
1484127914      1031   404137    3.08332
1484127915      823   405051    3.09029
1484127916      1152   406203    3.09908
1484127917      748   407196    3.10666
1484127918      1140   408336    3.11536
1484127920      570   409141    3.1215
1484127921      1017   410158    3.12926
1484127922      840   410998    3.13567
1484127923      753   412001    3.14332
1484127924      1118   413119    3.15185
1484127925      700   413946    3.15816
1484127926      1150   415096    3.16693
1484127927      947   416043    3.17416
1484127928      643   416806    3.17998
1484127929      1149   417955    3.18874
1484127930      614   418569    3.19343
1484127931      717   419466    3.20027
1484127932      1140   420606    3.20897
1484127933      859   421465    3.21552
1484127935      685   422326    3.22209
1484127936      1026   423352    3.22992
1484127937      859   424211    3.23647
1484127938      673   424986    3.24239
1484127939      1138   426124    3.25107
1484127940      783   427131    3.25875
1484127941      1038   428169    3.26667
1484127942      730   429076    3.27359
1484127943      882   429958    3.28032
1484127944      1141   431099    3.28902
1484127946      701   431936    3.29541
1484127947      611   432547    3.30007
1484127948      1137   433684    3.30875
1484127949      902   434586    3.31563
1484127950      663   435311    3.32116
1484127951      1137   436448    3.32983
1484127952      659   437256    3.336
1484127953      927   438183    3.34307
1484127954      1082   439265    3.35133
1484127955      677   440116    3.35782
1484127956      975   441091    3.36526
1484127958      620   442061    3.37266
1484127959      1003   443064    3.38031
1484127960      957   444021    3.38761
1484127961      746   444921    3.39448
1484127962      1030   445951    3.40234
1484127963      710   446866    3.40932
1484127964      946   447812    3.41653
1484127965      1142   448954    3.42525
1484127966      666   449726    3.43114
1484127967      966   450692    3.43851
1484127969      666   451671    3.44598
1484127970      1018   452689    3.45374
1484127971      976   453665    3.46119
1484127972      706   454531    3.4678
1484127973      1147   455678    3.47655
1484127974      655   456476    3.48264
1484127975      1044   457520    3.4906
1484127976      1008   458528    3.49829
1484127977      716   459336    3.50446
1484127978      994   460330    3.51204
1484127980      620   461281    3.51929
1484127981      1013   462294    3.52702
1484127982      975   463270    3.53447
1484127983      745   464141    3.54111
1484127984      994   465135    3.5487
1484127985      717   466086    3.55595
1484127986      1001   467087    3.56359
1484127987      1105   468192    3.57202
1484127989      690   468946    3.57777
1484127990      994   469940    3.58536
1484127991      642   470891    3.59261
1484127992      1151   472042    3.60139
1484127993      925   472967    3.60845
1484127994      707   473751    3.61443
1484127995      1139   474890    3.62312
1484127996      672   475696    3.62927
1484127997      1049   476745    3.63728
1484127999      828   477841    3.64564
1484128000      1149   478990    3.6544
1484128001      984   479974    3.66191
1484128002      631   480605    3.66673
1484128003      1134   481739    3.67538
1484128004      763   482646    3.6823
1484128005      1149   483795    3.69106
1484128006      984   484779    3.69857
1484128007      453   485306    3.70259
1484128008      1143   486449    3.71131
1484128009      988   487437    3.71885
1484128010      677   488166    3.72441
1484128011      1141   489307    3.73312
1484128012      673   490111    3.73925
1484128013      888   490999    3.74603
1484128014      1007   492006    3.75371
1484128016      730   492971    3.76107
1484128017      997   493968    3.76868
1484128018      838   494806    3.77507
1484128019      793   495599    3.78112
1484128020      639   496346    3.78682
1484128021      1138   497484    3.7955
1484128022      987   498471    3.80303
1484128023      680   499206    3.80864
