1486098250      1409   1411    0.0107651
1486098251      1386   2797    0.0213394
1486098252      1376   4173    0.0318375
1486098253      1366   5539    0.0422592
1486098254      877   6481    0.0494461
1486098255      1175   7656    0.0584106
1486098256      898   8626    0.0658112
1486098257      1189   9815    0.0748825
1486098258      900   10715    0.081749
1486098259      848   11563    0.0882187
1486098260      1172   12735    0.0971603
1486098261      879   13676    0.10434
1486098262      1180   14856    0.113342
1486098263      899   15755    0.120201
1486098264      844   16599    0.12664
1486098265      1172   17771    0.135582
1486098266      892   18726    0.142868
1486098267      1188   19914    0.151932
1486098268      901   20815    0.158806
1486098269      847   21662    0.165268
1486098270      1176   22838    0.17424
1486098271      883   23776    0.181396
1486098272      1181   24957    0.190407
1486098273      902   25859    0.197289
1486098274      847   26706    0.203751
1486098275      1177   27883    0.21273
1486098276      882   28826    0.219925
1486098277      1186   30012    0.228973
1486098278      901   30913    0.235847
1486098279      848   31761    0.242317
1486098280      1172   32933    0.251259
1486098281      888   33876    0.258453
1486098282      1172   35048    0.267395
1486098283      647   35695    0.272331
1486098285      820   36781    0.280617
1486098286      1179   37960    0.289612
1486098287      828   38926    0.296982
1486098288      1181   40107    0.305992
1486098289      763   40870    0.311813
1486098290      815   41831    0.319145
1486098291      1183   43014    0.328171
1486098292      824   43976    0.33551
1486098293      1030   45006    0.343369
1486098294      898   45904    0.35022
1486098295      897   46881    0.357674
1486098296      912   47793    0.364632
1486098297      1181   48974    0.373642
1486098298      692   49741    0.379494
1486098299      654   50501    0.385292
1486098300      1187   51688    0.394348
1486098301      922   52610    0.401382
1486098303      678   53361    0.407112
1486098304      1184   54545    0.416145
1486098305      939   55484    0.423309
1486098306      674   56266    0.429276
1486098307      1183   57449    0.438301
1486098308      822   58411    0.445641
1486098309      1184   59595    0.454674
1486098310      894   60556    0.462006
1486098311      912   61468    0.468964
1486098312      1172   62640    0.477905
1486098313      848   63488    0.484375
1486098314      1176   64664    0.493347
1486098315      877   65606    0.500534
1486098316      910   66516    0.507477
1486098317      1171   67687    0.516411
1486098318      851   68538    0.522903
1486098319      1187   69725    0.53196
1486098320      886   70656    0.539062
1486098321      906   71562    0.545975
1486098322      1171   72733    0.554909
1486098323      852   73585    0.561409
1486098324      1171   74756    0.570343
1486098325      890   75706    0.577591
1486098326      910   76616    0.584534
1486098327      1176   77792    0.593506
1486098328      845   78637    0.599953
1486098329      1174   79811    0.60891
1486098330      878   80756    0.616119
1486098331      898   81654    0.622971
1486098332      1173   82827    0.63192
1486098333      840   83667    0.638329
1486098334      1174   84841    0.647285
1486098335      882   85806    0.654648
1486098336      901   86707    0.661522
1486098337      1167   87874    0.670425
1486098339      727   88711    0.676811
1486098340      1183   89894    0.685837
1486098341      804   90856    0.693176
1486098342      756   91616    0.698975
1486098343      1029   92645    0.706825
1486098344      944   93761    0.71534
1486098345      1039   94800    0.723267
1486098346      859   95906    0.731705
1486098347      625   96666    0.737503
1486098348      1168   97834    0.746414
1486098350      814   98811    0.753868
1486098351      1184   99995    0.762901
1486098352      793   100956    0.770233
1486098353      698   101716    0.776031
1486098354      1189   102905    0.785103
1486098355      791   103861    0.792397
1486098356      1095   104956    0.800751
1486098357      907   106006    0.808762
1486098358      733   106766    0.81456
1486098359      916   107682    0.821548
1486098360      1175   108857    0.830513
1486098361      684   109626    0.83638
1486098362      961   110587    0.843712
1486098363      738   111325    0.849342
1486098364      1186   112511    0.858391
1486098365      856   113367    0.864922
1486098366      1176   114543    0.873894
1486098367      840   115391    0.880363
1486098368      905   116296    0.887268
1486098369      1167   117463    0.896172
1486098370      862   118325    0.902748
1486098371      1180   119505    0.911751
1486098372      887   120441    0.918892
1486098373      906   121347    0.925804
1486098374      1183   122530    0.93483
1486098375      857   123387    0.941368
1486098376      1180   124567    0.950371
1486098378      799   125491    0.95742
1486098379      906   126397    0.964333
1486098380      1180   127577    0.973335
1486098381      854   128431    0.979851
1486098382      1147   129578    0.988602
1486098383      898   130541    0.995949
1486098384      905   131446    1.00285
1486098385      1170   132616    1.01178
1486098386      857   133473    1.01832
1486098387      1173   134646    1.02727
1486098388      891   135591    1.03448
1486098389      904   136495    1.04137
1486098390      1178   137673    1.05036
1486098391      850   138523    1.05685
1486098392      1175   139698    1.06581
1486098393      879   140641    1.07301
1486098394      893   141534    1.07982
1486098395      1178   142712    1.08881
1486098396      838   143550    1.0952
1486098397      1176   144726    1.10417
1486098398      889   145691    1.11153
1486098399      903   146594    1.11842
1486098400      1177   147771    1.1274
1486098401      845   148616    1.13385
1486098402      1179   149795    1.14285
1486098403      890   150741    1.15006
1486098404      903   151644    1.15695
1486098405      1173   152817    1.1659
1486098406      828   153646    1.17223
1486098407      1184   154830    1.18126
1486098408      824   155791    1.18859
1486098409      828   156619    1.19491
1486098410      1175   157794    1.20387
1486098411      865   158696    1.21075
1486098412      1178   159874    1.21974
1486098413      893   160841    1.22712
1486098414      905   161746    1.23402
1486098415      1177   162923    1.243
1486098416      848   163771    1.24947
1486098417      1168   164939    1.25838
1486098418      887   165891    1.26565
1486098419      904   166795    1.27254
1486098420      1178   167973    1.28153
1486098421      847   168820    1.28799
1486098422      1175   169995    1.29696
1486098423      886   170941    1.30418
1486098424      901   171842    1.31105
1486098425      1176   173018    1.32002
1486098426      760   173846    1.32634
1486098427      1180   175026    1.33534
1486098429      825   175991    1.3427
1486098430      761   176752    1.34851
1486098431      1016   177768    1.35626
1486098432      943   178896    1.36487
1486098433      1046   179942    1.37285
1486098434      867   181041    1.38123
1486098435      830   181871    1.38757
1486098436      1178   183049    1.39655
1486098437      781   183946    1.4034
1486098438      1179   185125    1.41239
1486098440      525   186091    1.41976
1486098441      902   186993    1.42664
1486098442      924   187917    1.43369
1486098443      825   188996    1.44193
1486098444      1178   190174    1.45091
1486098446      829   191141    1.45829
1486098447      673   191901    1.46409
1486098448      1191   193092    1.47318
1486098449      916   194008    1.48016
1486098450      673   194761    1.48591
1486098451      1168   195929    1.49482
1486098452      891   196906    1.50227
1486098453      901   197807    1.50915
1486098454      1181   198988    1.51816
1486098455      860   199848    1.52472
1486098456      1172   201020    1.53366
1486098457      883   201956    1.5408
1486098458      907   202863    1.54772
1486098459      1158   204021    1.55656
1486098460      849   204870    1.56303
1486098461      1181   206051    1.57204
1486098462      885   207006    1.57933
1486098463      906   207912    1.58624
1486098464      1180   209092    1.59525
1486098465      850   209942    1.60173
1486098466      1179   211121    1.61073
1486098467      881   212056    1.61786
1486098468      886   212942    1.62462
1486098469      1165   214107    1.63351
1486098470      849   214961    1.64002
1486098471      542   215676    1.64548
1486098472      1183   216859    1.6545
1486098473      880   217739    1.66122
1486098474      839   218581    1.66764
1486098475      1173   219754    1.67659
1486098477      901   220726    1.68401
1486098478      1185   221911    1.69305
1486098479      899   222810    1.69991
1486098480      847   223657    1.70637
1486098481      1184   224841    1.7154
1486098482      803   225776    1.72253
1486098483      1180   226956    1.73154
1486098484      660   227616    1.73657
1486098485      803   228681    1.7447
1486098486      1185   229866    1.75374
1486098487      823   230826    1.76106
1486098488      1180   232006    1.77007
1486098489      765   232771    1.7759
1486098490      812   233731    1.78323
1486098491      1182   234913    1.79224
1486098493      812   235876    1.79959
1486098494      1023   236899    1.8074
1486098495      896   237795    1.81423
1486098496      931   238726    1.82133
1486098497      696   239496    1.82721
1486098498      1180   240676    1.83621
1486098499      827   241641    1.84357
1486098500      666   242401    1.84937
1486098501      1180   243581    1.85838
1486098502      473   244054    1.86198
1486098503      1175   245229    1.87095
1486098504      738   245976    1.87665
1486098505      1052   247028    1.88467
1486098506      788   247816    1.89069
1486098507      1023   248839    1.89849
1486098508      864   249703    1.90508
1486098509      1171   250874    1.91402
1486098510      847   251741    1.92063
1486098511      906   252647    1.92754
1486098512      1173   253820    1.93649
1486098513      845   254665    1.94294
1486098514      1179   255844    1.95193
1486098515      886   256791    1.95916
1486098516      906   257697    1.96607
1486098517      1170   258867    1.975
1486098518      854   259721    1.98151
1486098519      1180   260901    1.99052
1486098520      881   261841    1.99769
1486098521      907   262748    2.00461
1486098522      1177   263925    2.01359
1486098523      856   264781    2.02012
1486098524      1175   265956    2.02908
1486098525      883   266891    2.03622
1486098526      906   267797    2.04313
1486098527      1179   268976    2.05212
1486098528      831   269807    2.05846
1486098529      1173   270980    2.06741
1486098530      895   271941    2.07475
1486098531      904   272845    2.08164
1486098532      1177   274022    2.09062
1486098533      764   274846    2.09691
1486098534      1182   276028    2.10593
1486098535      890   276991    2.11327
1486098536      905   277896    2.12018
1486098537      1173   279069    2.12913
1486098538      851   279920    2.13562
1486098539      1172   281092    2.14456
1486098540      891   282041    2.1518
1486098541      901   282942    2.15868
1486098542      1172   284114    2.16762
1486098543      843   284957    2.17405
1486098544      1170   286127    2.18298
1486098546      885   287091    2.19033
1486098547      905   287996    2.19724
1486098548      1174   289170    2.20619
1486098549      843   290013    2.21262
1486098550      1178   291191    2.22161
1486098551      884   292141    2.22886
1486098552      899   293040    2.23572
1486098553      1152   294192    2.24451
1486098554      847   295046    2.25102
1486098555      1176   296222    2.25999
1486098556      895   297191    2.26739
1486098557      904   298095    2.27428
1486098558      1176   299271    2.28326
1486098559      850   300121    2.28974
1486098560      1175   301296    2.29871
1486098561      881   302241    2.30592
1486098562      881   303122    2.31264
1486098563      1176   304298    2.32161
1486098564      523   305146    2.32808
1486098565      1176   306322    2.33705
1486098566      891   307291    2.34444
1486098567      900   308191    2.35131
1486098568      1165   309356    2.3602
1486098570      758   310196    2.36661
1486098571      1175   311371    2.37557
1486098572      820   312341    2.38297
1486098573      767   313108    2.38882
1486098574      1125   314233    2.39741
1486098575      868   315246    2.40514
1486098576      1042   316288    2.41309
1486098577      851   317391    2.4215
1486098578      837   318228    2.42789
1486098579      1166   319394    2.43678
1486098580      784   320296    2.44366
1486098581      1183   321479    2.45269
1486098582      954   322433    2.45997
1486098583      716   323156    2.46548
1486098585      676   323916    2.47128
1486098586      915   324831    2.47826
1486098587      1171   326002    2.4872
1486098588      749   326776    2.4931
1486098589      1048   327824    2.5011
1486098590      681   328505    2.50629
1486098591      1175   329680    2.51526
1486098592      665   330396    2.52072
1486098593      930   331326    2.52782
1486098594      1169   332495    2.53674
1486098595      514   333256    2.54254
1486098596      990   334246    2.55009
1486098597      1180   335426    2.5591
1486098598      851   336277    2.56559
1486098599      1174   337451    2.57455
1486098600      837   338306    2.58107
1486098601      898   339204    2.58792
1486098602      1167   340371    2.59682
1486098603      814   341211    2.60323
1486098604      1174   342385    2.61219
1486098605      880   343356    2.6196
1486098606      909   344265    2.62653
1486098607      1175   345440    2.6355
1486098608      839   346279    2.6419
1486098609      1172   347451    2.65084
1486098610      889   348406    2.65813
1486098611      903   349309    2.66502
1486098612      1170   350479    2.67394
1486098613      848   351327    2.68041
1486098614      1174   352501    2.68937
1486098615      889   353456    2.69666
1486098616      905   354361    2.70356
1486098617      1171   355532    2.71249
1486098618      831   356363    2.71883
1486098619      1177   357540    2.72781
1486098620      897   358506    2.73518
1486098621      900   359406    2.74205
1486098622      1174   360580    2.75101
1486098623      857   361437    2.75755
1486098624      1178   362615    2.76653
1486098626      782   363556    2.77371
1486098627      839   364395    2.78011
1486098628      916   365311    2.7871
1486098629      867   366461    2.79588
1486098630      1182   367643    2.80489
1486098631      820   368606    2.81224
1486098632      780   369386    2.81819
1486098633      1161   370547    2.82705
1486098634      818   371511    2.8344
1486098635      1183   372694    2.84343
1486098637      806   373656    2.85077
1486098638      783   374439    2.85674
1486098639      1182   375621    2.86576
1486098640      916   376537    2.87275
1486098641      730   377276    2.87839
1486098642      1179   378455    2.88738
1486098643      691   379146    2.89265
1486098644      790   380181    2.90055
1486098645      1182   381363    2.90957
1486098646      932   382295    2.91668
1486098647      692   383041    2.92237
1486098648      898   383939    2.92922
1486098649      921   384860    2.93625
1486098650      830   385946    2.94453
1486098651      1178   387124    2.95352
1486098652      892   388091    2.9609
1486098653      899   388990    2.96776
1486098654      1177   390167    2.97674
1486098655      838   391005    2.98313
1486098656      1173   392178    2.99208
1486098657      888   393141    2.99943
1486098658      901   394042    3.0063
1486098659      1174   395216    3.01526
1486098660      832   396048    3.02161
1486098661      1177   397225    3.03059
1486098662      251   397476    3.0325
1486098663      1181   398657    3.04151
1486098664      897   399554    3.04836
1486098665      834   400388    3.05472
1486098666      1179   401567    3.06371
1486098668      891   402526    3.07103
1486098669      1171   403697    3.07996
1486098670      895   404592    3.08679
1486098671      838   405431    3.09319
1486098672      1177   406608    3.10217
1486098673      894   407576    3.10956
1486098674      1178   408754    3.11855
1486098675      893   409647    3.12536
1486098676      838   410485    3.13175
1486098677      1175   411660    3.14072
1486098678      889   412626    3.14809
1486098679      1177   413803    3.15707
1486098680      893   414696    3.16388
1486098681      840   415536    3.17029
1486098682      1168   416704    3.1792
1486098683      894   417676    3.18661
1486098684      1184   418860    3.19565
1486098685      893   419753    3.20246
1486098686      849   420602    3.20894
1486098687      1177   421779    3.21792
1486098688      880   422726    3.22514
1486098689      1188   423914    3.23421
1486098690      891   424805    3.241
1486098691      848   425653    3.24747
1486098692      1173   426826    3.25642
1486098693      883   427776    3.26367
1486098694      639   428491    3.26913
1486098695      896   429387    3.27596
1486098696      1171   430558    3.2849
1486098697      834   431396    3.29129
1486098698      1189   432585    3.30036
1486098699      890   433541    3.30766
1486098700      899   434440    3.31451
1486098701      1175   435615    3.32348
1486098702      857   436472    3.33002
1486098703      1175   437647    3.33898
1486098704      883   438591    3.34618
1486098705      903   439494    3.35307
1486098706      1176   440670    3.36205
1486098707      843   441513    3.36848
1486098708      1167   442680    3.37738
1486098709      883   443641    3.38471
1486098710      893   444534    3.39153
1486098711      1171   445705    3.40046
1486098712      761   446546    3.40688
1486098713      1186   447732    3.41592
1486098715      818   448691    3.42324
1486098716      758   449451    3.42904
1486098717      1010   450461    3.43674
1486098718      938   451596    3.4454
1486098719      1075   452671    3.45361
1486098720      845   453741    3.46177
1486098721      783   454524    3.46774
1486098722      1176   455700    3.47672
1486098723      805   456646    3.48393
1486098724      1178   457824    3.49292
1486098725      808   458791    3.5003
1486098727      663   459551    3.5061
1486098728      1168   460719    3.51501
1486098729      939   461658    3.52217
1486098730      681   462411    3.52792
1486098731      1179   463590    3.53691
1486098732      953   464543    3.54418
1486098733      585   465316    3.55008
1486098734      1180   466496    3.55908
1486098735      929   467425    3.56617
1486098736      675   468176    3.5719
1486098737      1111   469287    3.58038
1486098738      891   470178    3.58717
1486098739      870   471081    3.59406
1486098740      1182   472263    3.60308
1486098741      890   473226    3.61043
1486098742      1177   474403    3.61941
1486098743      798   475201    3.6255
1486098744      882   476131    3.63259
1486098745      1179   477310    3.64159
1486098746      895   478276    3.64896
1486098747      1183   479459    3.65798
1486098748      897   480356    3.66483
1486098749      860   481216    3.67139
1486098750      1175   482391    3.68035
1486098751      877   483326    3.68748
1486098752      1177   484503    3.69646
1486098753      895   485398    3.70329
1486098754      835   486233    3.70966
1486098755      928   487161    3.71674
1486098756      1174   488335    3.7257
1486098757      849   489184    3.73218
1486098758      895   490079    3.73901
1486098759      1172   491251    3.74795
1486098760      849   492100    3.75443
1486098761      1171   493271    3.76336
1486098762      851   494141    3.77
1486098763      900   495041    3.77686
1486098764      1176   496217    3.78584
1486098765      835   497052    3.79221
1486098766      1186   498238    3.80125
1486098767      895   499191    3.80853
