1486557767      995   995    0.010438
1486557768      989   1985    0.0208235
1486557769      998   2983    0.0312929
1486557770      933   3949    0.0414267
1486557771      789   4738    0.0497036
1486557772      796   5534    0.058054
1486557773      592   6126    0.0642643
1486557774      798   6924    0.0726357
1486557775      654   7694    0.0807133
1486557777      677   8432    0.0884552
1486557778      803   9235    0.096879
1486557779      775   10010    0.105009
1486557780      597   10607    0.111272
1486557781      801   11408    0.119675
1486557782      642   12050    0.12641
1486557783      795   12845    0.134749
1486557784      595   13450    0.141096
1486557785      806   14256    0.149551
1486557786      796   15052    0.157902
1486557787      574   15626    0.163923
1486557788      665   16328    0.171288
1486557789      806   17134    0.179743
1486557790      797   17931    0.188104
1486557791      587   18518    0.194262
1486557792      799   19317    0.202643
1486557793      650   19967    0.209462
1486557794      797   20764    0.217823
1486557795      571   21346    0.223928
1486557796      761   22107    0.231912
1486557797      797   22904    0.240273
1486557798      562   23486    0.246378
1486557799      652   24138    0.253218
1486557800      526   24759    0.259732
1486557801      804   25563    0.268167
1486557802      678   26241    0.275279
1486557803      521   26762    0.280745
1486557804      532   27434    0.287794
1486557805      558   27992    0.293648
1486557806      606   28707    0.301148
1486557807      806   29513    0.309604
1486557808      749   30262    0.317461
1486557809      547   30847    0.323598
1486557811      574   31585    0.33134
1486557812      808   32393    0.339816
1486557813      648   33041    0.346614
1486557814      535   33725    0.353789
1486557815      650   34375    0.360608
1486557816      796   35171    0.368958
1486557817      603   35774    0.375284
1486557818      632   36406    0.381914
1486557819      523   37138    0.389593
1486557820      788   37926    0.39786
1486557821      767   38693    0.405906
1486557822      565   39278    0.412043
1486557824      594   40016    0.419785
1486557825      791   40807    0.428082
1486557826      639   41446    0.434786
1486557827      536   42156    0.442234
1486557828      809   42965    0.450721
1486557829      605   43570    0.457067
1486557830      642   44212    0.463802
1486557831      793   45005    0.472121
1486557832      452   45569    0.478038
1486557833      735   46304    0.485748
1486557834      731   47035    0.493417
1486557835      636   47671    0.500089
1486557836      687   48358    0.507296
1486557837      575   48982    0.513842
1486557838      742   49724    0.521626
1486557839      792   50516    0.529934
1486557840      583   51122    0.536291
1486557841      681   51860    0.544033
1486557842      797   52657    0.552394
1486557843      770   53427    0.560472
1486557844      538   54000    0.566483
1486557845      771   54771    0.574571
1486557846      610   55381    0.58097
1486557847      804   56185    0.589404
1486557849      592   56878    0.596674
1486557850      766   57644    0.60471
1486557851      785   58429    0.612945
1486557852      544   59018    0.619123
1486557853      684   59756    0.626865
1486557854      798   60554    0.635237
1486557855      775   61329    0.643367
1486557856      601   61930    0.649672
1486557857      759   62689    0.657634
1486557858      651   63340    0.664463
1486557859      731   64071    0.672132
1486557860      638   64774    0.679506
1486557861      786   65560    0.687752
1486557862      798   66358    0.696123
1486557863      604   66962    0.702459
1486557864      613   67575    0.70889
1486557865      601   68187    0.71531
1486557866      805   68992    0.723755
1486557867      797   69789    0.732116
1486557868      597   70386    0.738379
1486557869      656   71065    0.745502
1486557870      797   71862    0.753862
1486557871      791   72653    0.76216
1486557872      602   73255    0.768476
1486557873      796   74051    0.776826
1486557874      648   74810    0.784788
1486557875      678   75548    0.79253
1486557876      803   76351    0.800954
1486557877      666   77153    0.809367
1486557878      811   77964    0.817875
1486557880      662   78758    0.826204
1486557881      679   79496    0.833946
1486557882      805   80301    0.842391
1486557883      796   81097    0.850741
1486557884      597   81694    0.857004
1486557885      798   82492    0.865376
1486557886      649   83141    0.872184
1486557887      800   83941    0.880576
1486557888      499   84514    0.886587
1486557889      658   85172    0.89349
1486557890      797   85969    0.901851
1486557891      651   86620    0.90868
1486557892      558   87178    0.914534
1486557893      569   87927    0.922391
1486557894      805   88732    0.930836
1486557895      671   89403    0.937875
1486557896      587   90067    0.94484
1486557897      677   90805    0.952582
1486557898      641   91446    0.959307
1486557899      800   92246    0.967699
1486557900      641   92887    0.974423
1486557902      513   93480    0.980644
1486557903      809   94289    0.989131
1486557904      495   94784    0.994324
1486557905      643   95427    1.00107
1486557906      782   96209    1.00927
1486557907      589   96893    1.01645
1486557908      775   97668    1.02458
1486557909      802   98470    1.03299
1486557910      600   99070    1.03929
1486557911      651   99721    1.04611
1486557912      512   100306    1.05225
1486557913      803   101109    1.06068
1486557914      617   101726    1.06715
1486557915      607   102446    1.0747
1486557916      563   103184    1.08244
1486557917      714   103898    1.08993
1486557918      717   104615    1.09746
1486557919      617   105324    1.10489
1486557920      781   106105    1.11309
1486557921      566   106671    1.11902
1486557922      620   107291    1.12553
1486557923      795   108086    1.13387
1486557925      580   108737    1.1407
1486557926      744   109481    1.1485
1486557927      791   110272    1.1568
1486557928      482   110754    1.16186
1486557929      777   111531    1.17001
1486557930      587   112150    1.1765
1486557931      730   112880    1.18416
1486557932      730   113610    1.19182
1486557933      587   114290    1.19895
1486557934      585   115028    1.20669
1486557935      805   115833    1.21514
1486557936      772   116605    1.22324
1486557937      475   117168    1.22914
1486557938      678   117846    1.23625
1486557939      592   118441    1.2425
1486557940      749   119190    1.25035
1486557941      803   119993    1.25878
1486557942      582   120581    1.26495
1486557943      804   121385    1.27338
1486557944      789   122174    1.28166
1486557945      645   122819    1.28842
1486557946      605   123459    1.29514
1486557947      808   124267    1.30361
1486557948      795   125062    1.31195
1486557949      530   125599    1.31759
1486557950      658   126337    1.32533
1486557951      757   127094    1.33327
1486557952      754   127848    1.34118
1486557954      604   128477    1.34778
1486557955      709   129186    1.35522
1486557956      743   129929    1.36301
1486557957      579   130508    1.36908
1486557958      670   131178    1.37611
1486557959      611   131890    1.38358
1486557960      630   132520    1.39019
1486557961      709   133229    1.39763
1486557962      618   133847    1.40411
1486557963      650   134497    1.41093
1486557964      660   135157    1.41785
1486557965      593   135838    1.425
1486557966      803   136641    1.43342
1486557967      745   137386    1.44124
1486557968      559   137978    1.44745
1486557969      594   138716    1.45519
1486557970      810   139526    1.46369
1486557971      636   140162    1.47036
1486557972      546   140856    1.47764
1486557973      811   141667    1.48615
1486557974      648   142315    1.49294
1486557975      678   142993    1.50006
1486557977      623   143734    1.50783
1486557978      808   144542    1.51631
1486557979      766   145308    1.52434
1486557980      555   145874    1.53028
1486557981      588   146612    1.53802
1486557982      777   147389    1.54617
1486557983      666   148055    1.55316
1486557984      609   148752    1.56047
1486557985      796   149548    1.56882
1486557986      622   150170    1.57535
1486557987      633   150803    1.58199
1486557988      802   151605    1.5904
1486557989      537   152165    1.59627
1486557990      766   152931    1.60431
1486557991      801   153732    1.61271
1486557992      613   154345    1.61914
1486557993      643   154988    1.62589
1486557994      541   155578    1.63208
1486557995      801   156379    1.64048
1486557996      799   157178    1.64886
1486557997      533   157718    1.65453
1486557998      674   158456    1.66227
1486557999      802   159258    1.67068
1486558000      789   160047    1.67896
1486558001      597   160644    1.68522
1486558002      784   161428    1.69345
1486558003      595   162023    1.69969
1486558004      799   162822    1.70807
1486558005      615   163474    1.71491
1486558006      801   164275    1.72331
1486558007      800   165075    1.73171
1486558008      584   165659    1.73783
1486558009      651   166352    1.7451
1486558010      811   167163    1.75361
1486558011      787   167950    1.76187
1486558012      567   168517    1.76781
1486558013      796   169313    1.77616
1486558014      640   169953    1.78288
1486558015      799   170752    1.79126
1486558016      566   171370    1.79774
1486558017      795   172165    1.80608
1486558018      785   172950    1.81432
1486558019      568   173518    1.82028
1486558021      671   174248    1.82793
1486558022      805   175053    1.83638
1486558023      795   175848    1.84472
1486558024      71   175919    1.84546
1486558025      788   176707    1.85373
1486558026      644   177458    1.86161
1486558027      678   178196    1.86935
1486558028      794   178990    1.87768
1486558029      760   179750    1.88565
1486558030      568   180336    1.8918
1486558031      808   181144    1.90028
1486558032      649   181793    1.90708
1486558033      793   182586    1.9154
1486558034      591   183214    1.92199
1486558035      809   184023    1.93048
1486558036      794   184817    1.93881
1486558037      590   185407    1.945
1486558038      652   186092    1.95218
1486558039      793   186885    1.9605
1486558040      717   187602    1.96802
1486558041      605   188232    1.97463
1486558042      803   189035    1.98306
1486558043      620   189655    1.98956
1486558044      797   190452    1.99792
1486558045      612   191110    2.00482
1486558046      776   191886    2.01296
1486558047      674   192560    2.02003
1486558048      600   193250    2.02727
1486558050      564   193988    2.03502
1486558051      781   194769    2.04321
1486558052      711   195480    2.05067
1486558053      567   196128    2.05746
1486558054      749   196877    2.06532
1486558055      649   197526    2.07213
1486558056      638   198164    2.07882
1486558057      797   198961    2.08718
1486558058      506   199541    2.09327
1486558059      434   200076    2.09888
1486558060      510   200611    2.10449
1486558061      672   201349    2.11224
1486558062      659   202008    2.11915
1486558063      794   202802    2.12748
1486558064      635   203437    2.13414
1486558065      553   204024    2.1403
1486558066      649   204673    2.14711
1486558067      592   205297    2.15365
1486558068      803   206100    2.16208
1486558069      643   206743    2.16882
1486558071      546   207437    2.1761
1486558072      808   208245    2.18458
1486558073      638   208883    2.19127
1486558074      656   209539    2.19815
1486558075      757   210296    2.20609
1486558076      550   210850    2.2119
1486558077      806   211656    2.22036
1486558078      765   212421    2.22838
1486558079      562   212990    2.23435
1486558080      594   213728    2.2421
1486558081      804   214532    2.25053
1486558082      648   215180    2.25733
1486558083      562   215868    2.26455
1486558084      807   216675    2.27301
1486558085      611   217286    2.27942
1486558086      639   217925    2.28612
1486558087      651   218576    2.29295
1486558088      632   219281    2.30035
1486558089      810   220091    2.30885
1486558090      661   220886    2.31719
1486558091      736   221622    2.32491
1486558092      604   222226    2.33124
1486558093      798   223024    2.33961
1486558095      644   223764    2.34738
1486558096      812   224576    2.3559
1486558097      657   225233    2.36279
1486558098      791   226024    2.37109
1486558099      603   226642    2.37757
1486558100      805   227447    2.38601
1486558101      666   228247    2.39441
1486558102      680   228985    2.40215
1486558103      805   229790    2.41059
1486558104      795   230585    2.41893
1486558105      599   231184    2.42522
1486558106      799   231983    2.4336
1486558107      640   232730    2.44143
1486558108      676   233468    2.44918
1486558109      810   234278    2.45767
1486558110      794   235072    2.466
1486558111      606   235678    2.47236
1486558112      703   236381    2.47974
1486558113      574   236955    2.48576
1486558114      636   237591    2.49243
1486558115      804   238395    2.50086
1486558116      519   239021    2.50743
1486558117      559   239580    2.51329
1486558118      718   240298    2.52083
1486558119      516   240829    2.5264
1486558120      642   241471    2.53313
1486558121      795   242266    2.54147
1486558122      663   242929    2.54843
1486558123      525   243504    2.55446
1486558124      715   244219    2.56196
1486558126      417   244777    2.56781
1486558127      468   245312    2.57343
1486558128      802   246114    2.58184
1486558129      641   246755    2.58856
1486558130      537   247452    2.59587
1486558131      803   248255    2.6043
1486558132      377   248725    2.60923
1486558133      634   249359    2.61588
