1500041403      64   64    0.000427246
1500041404      61   125    0.000834465
1500041405      56   181    0.00120831
1500041406      51   232    0.00154877
1500041407      59   291    0.00194263
1500041408      56   348    0.00232315
1500041409      60   409    0.00273037
1500041410      68   477    0.00318432
1500041411      68   545    0.00363827
1500041412      88   633    0.00422573
1500041413      96   730    0.00487328
1500041414      93   824    0.00550079
1500041415      96   920    0.00614166
1500041416      95   1015    0.00677586
