1489492857      69   69    0.000197411
1489492858      75   145    0.000414848
1489492859      74   220    0.000629425
1489492860      72   292    0.000835419
1489492861      77   369    0.00105572
1489492862      54   423    0.00121021
1489492863      51   475    0.00135899
1489492864      67   543    0.00155354
1489492865      67   611    0.00174809
1489492866      54   666    0.00190544
1489492867      58   725    0.00207424
1489492868      57   782    0.00223732
1489492869      63   845    0.00241756
1489492870      57   902    0.00258064
1489492871      48   951    0.00272083
1489492872      43   994    0.00284386
1489492873      51   1046    0.00299263
1489492874      49   1095    0.00313282
1489492875      34   1129    0.00323009
1489492876      41   1170    0.0033474
1489492877      53   1224    0.00350189
1489492878      49   1274    0.00364494
1489492879      51   1326    0.00379372
1489492880      52   1379    0.00394535
1489492881      52   1432    0.00409698
1489492882      41   1473    0.00421429
1489492883      49   1523    0.00435734
1489492884      37   1561    0.00446606
1489492885      44   1605    0.00459194
1489492886      57   1663    0.00475788
1489492887      63   1726    0.00493813
1489492888      58   1784    0.00510406
1489492889      60   1844    0.00527573
1489492890      59   1903    0.00544453
1489492891      53   1957    0.00559902
1489492892      54   2012    0.00575638
1489492893      55   2068    0.0059166
1489492894      55   2123    0.00607395
1489492895      47   2171    0.00621128
1489492896      54   2225    0.00636578
1489492897      54   2280    0.00652313
1489492898      53   2333    0.00667477
1489492899      54   2388    0.00683212
1489492900      56   2445    0.0069952
1489492901      55   2501    0.00715542
1489492902      57   2558    0.0073185
1489492903      55   2613    0.00747585
1489492904      57   2670    0.00763893
1489492905      53   2724    0.00779343
1489492906      52   2776    0.0079422
1489492907      50   2827    0.00808811
1489492908      51   2879    0.00823689
1489492909      52   2932    0.00838852
1489492910      51   2984    0.00853729
1489492911      56   3041    0.00870037
1489492912      54   3095    0.00885487
1489492913      59   3154    0.00902367
1489492914      59   3214    0.00919533
1489492915      60   3275    0.00936985
1489492916      45   3320    0.0094986
1489492917      49   3371    0.00964451
1489492918      41   3413    0.00976467
1489492919      47   3461    0.009902
1489492920      55   3516    0.0100594
1489492921      57   3573    0.0102224
1489492922      53   3626    0.0103741
1489492923      49   3676    0.0105171
1489492924      50   3726    0.0106602
1489492925      55   3781    0.0108175
1489492926      55   3836    0.0109749
1489492927      55   3892    0.0111351
1489492928      53   3946    0.0112896
1489492929      56   4003    0.0114527
1489492930      49   4053    0.0115957
1489492931      54   4107    0.0117502
1489492932      55   4162    0.0119076
1489492933      54   4216    0.0120621
1489492934      53   4269    0.0122137
1489492935      50   4320    0.0123596
1489492936      51   4372    0.0125084
1489492937      50   4422    0.0126514
1489492938      52   4475    0.0128031
1489492939      54   4530    0.0129604
1489492940      54   4584    0.0131149
1489492941      56   4641    0.013278
1489492942      55   4696    0.0134354
1489492943      54   4751    0.0135927
1489492945      43   4795    0.0137186
1489492946      49   4844    0.0138588
1489492947      38   4882    0.0139675
1489492948      45   4927    0.0140963
1489492949      64   4992    0.0142822
1489492950      59   5051    0.014451
1489492951      50   5102    0.0145969
1489492952      53   5155    0.0147486
1489492953      55   5210    0.0149059
1489492954      54   5264    0.0150604
1489492955      55   5319    0.0152178
1489492956      55   5375    0.015378
1489492957      50   5426    0.0155239
1489492958      43   5470    0.0156498
1489492959      52   5522    0.0157986
1489492960      51   5573    0.0159445
1489492961      50   5623    0.0160875
1489492962      47   5671    0.0162249
1489492963      39   5711    0.0163393
1489492964      39   5750    0.0164509
1489492965      52   5803    0.0166025
1489492966      52   5856    0.0167542
1489492967      52   5909    0.0169058
1489492968      52   5962    0.0170574
1489492969      54   6016    0.0172119
1489492970      53   6069    0.0173635
1489492971      54   6123    0.017518
1489492972      56   6179    0.0176783
1489492973      51   6231    0.017827
1489492974      57   6288    0.0179901
1489492975      59   6347    0.0181589
1489492976      60   6407    0.0183306
1489492977      62   6469    0.018508
1489492978      57   6526    0.018671
1489492979      64   6591    0.018857
1489492980      64   6656    0.019043
1489492981      59   6715    0.0192118
1489492982      58   6773    0.0193777
1489492983      57   6830    0.0195408
1489492984      55   6885    0.0196981
1489492985      54   6940    0.0198555
1489492986      53   6994    0.02001
1489492987      53   7048    0.0201645
1489492988      55   7103    0.0203218
1489492989      53   7157    0.0204763
1489492990      56   7214    0.0206394
1489492991      50   7265    0.0207853
1489492992      53   7318    0.020937
1489492993      63   7381    0.0211172
1489492994      63   7444    0.0212975
1489492995      55   7500    0.0214577
1489492996      66   7566    0.0216465
1489492997      55   7621    0.0218039
1489492998      54   7676    0.0219612
1489492999      55   7731    0.0221186
1489493000      54   7786    0.0222759
1489493001      56   7842    0.0224361
1489493002      55   7897    0.0225935
1489493003      56   7953    0.0227537
1489493004      56   8009    0.0229139
1489493005      57   8066    0.023077
1489493006      59   8126    0.0232487
1489493007      60   8187    0.0234232
1489493008      64   8251    0.0236063
1489493009      63   8315    0.0237894
1489493010      59   8375    0.0239611
1489493011      59   8435    0.0241327
1489493012      59   8495    0.0243044
1489493013      59   8555    0.0244761
1489493014      57   8613    0.024642
1489493015      56   8669    0.0248022
1489493016      54   8723    0.0249567
1489493017      55   8778    0.0251141
1489493018      54   8832    0.0252686
1489493019      55   8887    0.0254259
1489493020      55   8943    0.0255861
1489493021      56   8999    0.0257463
1489493022      54   9053    0.0259008
1489493023      55   9109    0.0260611
1489493024      55   9164    0.0262184
1489493025      55   9220    0.0263786
1489493026      56   9276    0.0265388
1489493027      55   9331    0.0266962
1489493028      56   9387    0.0268564
1489493029      55   9443    0.0270166
1489493030      56   9499    0.0271769
1489493031      55   9554    0.0273342
1489493032      56   9610    0.0274944
1489493033      56   9667    0.0276575
1489493034      54   9721    0.027812
1489493035      56   9777    0.0279722
1489493036      56   9834    0.0281353
1489493037      62   9896    0.0283127
1489493038      61   9958    0.0284901
