1485898365      1425   1425    0.0108719
1485898366      1364   2791    0.0212936
1485898367      1428   4219    0.0321884
1485898368      1415   5634    0.042984
1485898370      560   6486    0.0494843
1485898371      1130   7616    0.0581055
1485898372      894   8631    0.0658493
1485898373      1077   9708    0.0740662
1485898374      889   10597    0.0808487
1485898375      826   11541    0.0880508
1485898376      1154   12695    0.0968552
1485898377      888   13686    0.104416
1485898378      1180   14866    0.113419
1485898379      820   15686    0.119675
1485898380      862   16596    0.126617
1485898381      1097   17693    0.134987
1485898382      856   18741    0.142982
1485898383      1175   19916    0.151947
1485898384      880   20796    0.158661
1485898385      779   21651    0.165184
1485898386      1053   22704    0.173218
1485898387      1071   23775    0.181389
1485898388      709   24511    0.187004
1485898389      797   25308    0.193085
1485898390      1081   26389    0.201332
1485898392      793   27421    0.209206
1485898393      1068   28489    0.217354
1485898394      925   29414    0.224411
1485898395      646   30281    0.231026
1485898396      640   31046    0.236862
1485898397      1010   32056    0.244568
1485898398      885   33191    0.253227
1485898399      1177   34368    0.262207
1485898401      724   35336    0.269592
1485898402      679   36101    0.275429
1485898403      905   37006    0.282333
1485898404      1133   38139    0.290977
1485898405      668   38961    0.297249
1485898406      1063   40024    0.305359
1485898407      531   40555    0.30941
1485898408      1111   41666    0.317886
1485898409      868   42534    0.324509
1485898410      854   43388    0.331024
1485898411      1151   44539    0.339806
1485898412      791   45446    0.346725
1485898413      796   46242    0.352798
1485898414      1120   47362    0.361343
1485898415      841   48356    0.368927
1485898416      1131   49487    0.377556
1485898418      840   50501    0.385292
1485898419      773   51274    0.39119
1485898420      1173   52447    0.400139
1485898421      854   53411    0.407494
1485898422      1178   54589    0.416481
1485898423      835   55556    0.423859
1485898424      849   56405    0.430336
1485898425      1040   57445    0.438271
1485898426      819   58466    0.44606
1485898427      1070   59536    0.454224
1485898428      865   60611    0.462425
1485898429      870   61481    0.469063
1485898430      1065   62546    0.477188
1485898431      949   63495    0.484428
1485898432      849   64344    0.490906
1485898433      1046   65390    0.498886
1485898434      767   66157    0.504738
1485898436      837   67146    0.512283
1485898437      1060   68206    0.52037
1485898438      903   69291    0.528648
1485898439      1049   70340    0.536652
1485898440      768   71108    0.542511
1485898441      924   72201    0.55085
1485898442      1181   73382    0.55986
1485898443      825   74346    0.567215
1485898444      1121   75467    0.575768
1485898445      898   76365    0.582619
1485898446      795   77256    0.589417
1485898447      1176   78432    0.598389
1485898448      820   79401    0.605782
1485898449      1089   80490    0.61409
1485898450      887   81377    0.620857
1485898452      804   82311    0.627983
1485898453      1185   83496    0.637024
1485898454      833   84456    0.644348
1485898455      1078   85534    0.652573
1485898456      768   86302    0.658432
1485898457      919   87366    0.66655
1485898458      1186   88552    0.675598
1485898459      833   89511    0.682915
1485898460      1062   90573    0.691017
1485898461      844   91417    0.697456
1485898462      271   91706    0.699661
1485898463      1087   92793    0.707954
1485898464      864   93851    0.716026
1485898465      1177   95028    0.725006
1485898467      849   95996    0.732391
1485898468      762   96761    0.738228
1485898469      1052   97813    0.746254
1485898470      1066   98879    0.754387
1485898471      722   99621    0.760048
1485898472      1178   100799    0.769035
1485898473      771   101570    0.774918
1485898474      851   102531    0.782249
1485898475      1178   103709    0.791237
1485898476      888   104676    0.798615
1485898477      1055   105731    0.806664
1485898478      897   106628    0.813507
1485898479      775   107586    0.820816
1485898480      1185   108771    0.829857
1485898481      761   109731    0.837181
1485898482      1179   110910    0.846176
1485898483      866   111776    0.852783
1485898484      794   112641    0.859383
1485898485      1067   113708    0.867523
1485898487      859   114786    0.875748
1485898488      1079   115865    0.88398
1485898489      789   116654    0.889999
1485898490      858   117696    0.897949
1485898491      1079   118775    0.906181
1485898492      1041   119816    0.914124
1485898493      739   120556    0.919769
1485898494      861   121417    0.926338
1485898495      1007   122424    0.934021
1485898496      811   123466    0.941971
1485898497      1180   124646    0.950974
1485898498      833   125611    0.958336
1485898499      818   126429    0.964577
1485898500      1078   127507    0.972801
1485898501      843   128521    0.980537
1485898502      1170   129691    0.989464
1485898504      832   130666    0.996902
1485898505      906   131572    1.00381
1485898506      1137   132709    1.01249
1485898507      766   133576    1.0191
1485898508      1177   134753    1.02808
1485898509      833   135721    1.03547
1485898510      823   136544    1.04175
1485898511      1146   137690    1.05049
1485898512      872   138631    1.05767
1485898513      1171   139802    1.0666
1485898514      966   140768    1.07397
1485898515      688   141491    1.07949
1485898516      671   142256    1.08533
1485898517      830   143086    1.09166
1485898518      1060   144146    1.09975
1485898519      823   145116    1.10715
1485898520      1034   146150    1.11504
1485898521      673   146823    1.12017
1485898522      1046   147869    1.12815
1485898523      783   148652    1.13412
1485898524      723   149456    1.14026
1485898525      1165   150621    1.14915
1485898527      771   151601    1.15662
1485898528      728   152366    1.16246
1485898529      822   153188    1.16873
1485898530      1045   154233    1.1767
1485898531      823   155226    1.18428
1485898532      1077   156303    1.1925
1485898533      894   157197    1.19932
1485898535      591   158136    1.20648
1485898536      1118   159254    1.21501
1485898537      887   160281    1.22285
1485898538      1144   161425    1.23158
1485898539      857   162282    1.23811
1485898540      802   163191    1.24505
1485898541      1140   164331    1.25375
1485898542      899   165336    1.26141
1485898543      1048   166384    1.26941
1485898544      846   167230    1.27586
1485898545      876   168246    1.28362
1485898546      1140   169386    1.29231
1485898547      793   170391    1.29998
1485898548      1054   171445    1.30802
1485898549      867   172312    1.31464
1485898551      866   173301    1.32218
1485898552      1084   174385    1.33045
1485898553      921   175446    1.33855
1485898554      1164   176610    1.34743
1485898555      851   177461    1.35392
1485898556      798   178356    1.36075
1485898557      1146   179502    1.36949
1485898558      838   180501    1.37711
1485898559      1055   181556    1.38516
1485898560      843   182399    1.39159
1485898561      830   183411    1.39931
1485898562      1175   184586    1.40828
1485898563      870   185556    1.41568
1485898564      1058   186614    1.42375
1485898565      477   187091    1.42739
1485898566      1042   188133    1.43534
1485898568      816   189181    1.44334
1485898569      1162   190343    1.4522
1485898570      791   191326    1.4597
1485898571      891   192217    1.4665
1485898572      1042   193259    1.47445
1485898573      830   194236    1.4819
1485898574      1046   195282    1.48988
1485898575      861   196381    1.49827
1485898576      842   197223    1.50469
1485898577      1180   198403    1.51369
1485898578      850   199291    1.52047
1485898579      1158   200449    1.5293
1485898580      890   201436    1.53683
1485898581      890   202326    1.54362
1485898582      1178   203504    1.55261
1485898584      767   204346    1.55904
1485898585      1059   205405    1.56712
1485898586      888   206491    1.5754
1485898587      820   207311    1.58166
1485898588      1080   208391    1.5899
1485898589      872   209401    1.5976
1485898590      1179   210580    1.6066
1485898591      822   211546    1.61397
1485898592      863   212409    1.62055
1485898593      1045   213454    1.62852
1485898594      851   214456    1.63617
1485898595      1071   215527    1.64434
1485898597      882   216601    1.65253
1485898598      853   217454    1.65904
1485898599      1061   218515    1.66714
1485898600      893   219511    1.67474
1485898601      1170   220681    1.68366
1485898602      829   221656    1.6911
1485898603      873   222529    1.69776
1485898604      1181   223710    1.70677
1485898605      737   224566    1.7133
1485898606      1130   225696    1.72192
1485898607      868   226711    1.72967
1485898608      895   227606    1.7365
1485898609      1049   228655    1.7445
1485898610      885   229621    1.75187
1485898611      1140   230761    1.76057
1485898612      874   231766    1.76823
1485898613      766   232532    1.77408
1485898614      1087   233619    1.78237
1485898616      884   234676    1.79044
1485898617      1173   235849    1.79939
1485898618      865   236821    1.8068
1485898619      904   237725    1.8137
1485898620      1046   238771    1.82168
1485898621      877   239731    1.829
1485898622      1182   240913    1.83802
1485898623      875   241876    1.84537
1485898624      847   242723    1.85183
1485898625      1066   243789    1.85996
1485898626      899   244786    1.86757
1485898627      1159   245945    1.87641
1485898628      834   246931    1.88393
1485898629      903   247834    1.89082
1485898630      1091   248925    1.89915
1485898631      764   249841    1.90614
1485898632      1069   250910    1.91429
1485898634      843   251986    1.9225
1485898635      884   252870    1.92924
1485898636      1166   254036    1.93814
1485898637      793   254896    1.9447
1485898638      1131   256027    1.95333
1485898639      788   257041    1.96107
1485898640      783   257824    1.96704
1485898641      1111   258935    1.97552
1485898642      825   259951    1.98327
1485898643      1047   260998    1.99126
1485898645      850   262096    1.99963
1485898646      712   262861    2.00547
1485898647      1053   263914    2.0135
1485898648      801   264715    2.01962
1485898649      773   265721    2.02729
1485898650      1060   266781    2.03538
1485898651      1034   267815    2.04327
1485898652      637   268452    2.04813
1485898653      675   269346    2.05495
1485898654      1118   270464    2.06348
1485898655      1008   271472    2.07117
1485898656      669   272206    2.07677
1485898657      680   272971    2.0826
1485898658      1053   274024    2.09064
1485898659      927   274951    2.09771
1485898661      781   275831    2.10442
1485898662      1173   277004    2.11337
1485898663      709   277976    2.12079
1485898664      928   278904    2.12787
1485898665      1059   279963    2.13595
1485898666      834   280886    2.14299
1485898667      1060   281946    2.15108
1485898668      1049   282995    2.15908
1485898669      660   283796    2.16519
1485898670      1182   284978    2.17421
1485898672      787   285941    2.18156
1485898673      1183   287124    2.19058
1485898674      810   288086    2.19792
1485898675      788   288874    2.20393
1485898676      1114   289988    2.21243
1485898677      889   290996    2.22012
1485898678      1119   292115    2.22866
1485898679      852   293141    2.23649
1485898680      908   294049    2.24342
1485898681      1068   295117    2.25156
1485898682      757   296051    2.25869
1485898683      1050   297101    2.2667
1485898684      903   298196    2.27505
1485898685      806   299002    2.2812
1485898686      1113   300115    2.2897
1485898688      906   301106    2.29726
1485898689      1181   302287    2.30627
1485898690      786   303251    2.31362
1485898691      892   304143    2.32043
1485898692      1043   305186    2.32838
1485898693      835   306161    2.33582
1485898694      1054   307215    2.34386
1485898695      935   308306    2.35219
1485898696      796   309102    2.35826
1485898697      1177   310279    2.36724
1485898698      881   311216    2.37439
1485898699      1175   312391    2.38335
1485898700      799   313361    2.39075
1485898701      795   314156    2.39682
1485898702      1160   315316    2.40567
1485898704      844   316271    2.41296
1485898705      1167   317438    2.42186
1485898706      887   318416    2.42932
1485898707      896   319312    2.43616
1485898708      1040   320352    2.44409
1485898709      839   321326    2.45152
1485898710      1055   322381    2.45957
1485898711      1045   323426    2.46754
1485898712      654   324236    2.47372
1485898713      1174   325410    2.48268
1485898714      872   326381    2.49009
1485898715      1178   327559    2.49908
1485898716      859   328526    2.50645
1485898717      798   329324    2.51254
1485898718      1126   330450    2.52113
1485898719      878   331436    2.52866
1485898720      1058   332494    2.53673
1485898722      918   333581    2.54502
1485898723      803   334384    2.55115
1485898724      1150   335534    2.55992
1485898725      830   336491    2.56722
1485898726      1084   337575    2.57549
1485898727      855   338636    2.58359
1485898728      775   339411    2.5895
1485898729      1172   340583    2.59844
1485898730      835   341546    2.60579
1485898731      1077   342623    2.61401
1485898732      840   343691    2.62215
1485898733      815   344506    2.62837
1485898734      1057   345563    2.63644
1485898736      907   346601    2.64436
1485898737      1156   347757    2.65318
1485898738      874   348746    2.66072
1485898739      906   349652    2.66763
1485898740      1050   350702    2.67564
1485898741      857   351656    2.68292
1485898742      1069   352725    2.69108
1485898743      871   353801    2.69929
1485898744      760   354566    2.70512
1485898745      1104   355670    2.71355
1485898746      812   356711    2.72149
1485898747      1047   357758    2.72948
1485898749      865   358856    2.73785
1485898750      788   359644    2.74387
1485898751      1061   360705    2.75196
1485898752      1046   361751    2.75994
1485898753      722   362481    2.76551
1485898754      1072   363553    2.77369
1485898755      851   364404    2.78018
1485898756      897   365391    2.78771
1485898757      1070   366461    2.79588
1485898758      877   367536    2.80408
1485898759      1076   368612    2.81229
1485898760      788   369400    2.8183
1485898761      306   369731    2.82082
1485898762      1069   370800    2.82898
1485898763      880   371876    2.83719
1485898764      1119   372995    2.84573
1485898765      859   374021    2.85355
1485898767      670   374786    2.85939
1485898768      931   375717    2.86649
1485898769      1040   376757    2.87443
1485898770      789   377546    2.88045
1485898771      739   378361    2.88667
1485898772      642   379126    2.8925
1485898773      1065   380191    2.90063
1485898774      866   381057    2.90723
1485898775      769   381986    2.91432
1485898776      1171   383157    2.92326
1485898777      799   384131    2.93069
1485898778      641   384896    2.93652
1485898779      861   385757    2.94309
1485898780      1129   386886    2.95171
1485898781      821   387707    2.95797
1485898783      709   388471    2.9638
1485898784      899   389370    2.97066
1485898785      1050   390420    2.97867
1485898786      798   391381    2.986
1485898787      1007   392388    2.99368
1485898788      1136   393524    3.00235
1485898789      654   394241    3.00782
1485898790      764   395006    3.01366
1485898791      1167   396173    3.02256
1485898792      838   397151    3.03002
1485898793      1162   398313    3.03889
1485898794      846   399296    3.04639
1485898795      766   400062    3.05223
1485898796      1169   401231    3.06115
1485898797      782   402206    3.06859
1485898798      1188   403394    3.07765
1485898800      826   404351    3.08495
1485898801      785   405136    3.09094
1485898802      1067   406203    3.09908
1485898803      909   407261    3.10715
1485898804      1107   408368    3.1156
1485898805      804   409406    3.12352
1485898806      885   410291    3.13027
1485898807      1176   411467    3.13924
1485898808      792   412316    3.14572
1485898809      1054   413370    3.15376
1485898810      929   414461    3.16209
1485898811      844   415305    3.16853
1485898812      1159   416464    3.17737
1485898813      811   417371    3.18429
1485898814      1083   418454    3.19255
1485898816      846   419516    3.20065
1485898817      850   420366    3.20714
1485898818      1071   421437    3.21531
1485898819      811   422426    3.22285
1485898820      1083   423509    3.23112
1485898821      832   424571    3.23922
1485898822      849   425420    3.2457
1485898823      1107   426527    3.25414
1485898824      818   427481    3.26142
1485898825      1086   428567    3.26971
1485898827      830   429626    3.27779
1485898828      851   430477    3.28428
1485898829      1136   431613    3.29295
1485898830      866   432536    3.29999
1485898831      1150   433686    3.30876
1485898832      875   434681    3.31635
1485898833      778   435459    3.32229
1485898834      1157   436616    3.33112
1485898835      842   437591    3.33855
1485898836      1039   438630    3.34648
1485898837      1071   439701    3.35465
1485898838      778   440479    3.36059
1485898839      704   441216    3.36621
1485898840      1078   442294    3.37444
1485898841      1064   443358    3.38255
1485898842      727   444085    3.3881
1485898843      888   444973    3.39487
1485898844      1055   446028    3.40292
1485898845      791   446986    3.41023
1485898846      1095   448081    3.41859
1485898847      848   449131    3.4266
1485898848      904   450035    3.43349
1485898849      1051   451086    3.44151
1485898851      823   452041    3.4488
1485898852      1177   453218    3.45778
1485898853      892   454186    3.46516
1485898854      784   454970    3.47115
1485898855      1185   456155    3.48019
1485898856      825   457096    3.48737
1485898857      1051   458147    3.49538
1485898858      891   459241    3.50373
1485898859      710   459956    3.50919
1485898860      590   460546    3.51369
1485898861      858   461436    3.52048
1485898862      1177   462613    3.52946
1485898863      857   463581    3.53684
1485898864      1179   464760    3.54584
1485898865      785   465545    3.55183
1485898866      810   466491    3.55904
1485898867      1186   467677    3.56809
1485898869      765   468636    3.57541
1485898870      1186   469822    3.58446
1485898871      896   470718    3.59129
1485898872      769   471546    3.59761
1485898873      1049   472595    3.60561
1485898874      856   473691    3.61398
1485898875      1100   474791    3.62237
1485898876      766   475557    3.62821
1485898877      868   476601    3.63618
1485898878      1077   477678    3.64439
1485898879      850   478746    3.65254
1485898880      1110   479856    3.66101
1485898881      896   480752    3.66785
1485898883      777   481656    3.67474
1485898884      1048   482704    3.68274
1485898885      1064   483768    3.69086
1485898886      782   484550    3.69682
1485898887      797   485347    3.7029
1485898888      1048   486395    3.7109
1485898889      850   487426    3.71877
1485898890      1047   488473    3.72675
1485898891      808   489281    3.73292
1485898892      837   490286    3.74059
1485898893      838   491124    3.74698
1485898894      1171   492295    3.75591
1485898895      876   493196    3.76279
1485898896      1171   494367    3.77172
1485898897      907   495274    3.77864
1485898898      610   496106    3.78499
1485898899      1190   497296    3.79407
1485898901      764   498251    3.80135
1485898902      1048   499299    3.80935
