1487934596      999   999    0.0104799
1487934597      1000   1999    0.0209703
1487934598      1000   2999    0.0314608
1487934599      973   3972    0.0416679
1487934600      779   4751    0.04984
1487934601      632   5490    0.0575924
1487934602      792   6282    0.0659008
1487934603      791   7073    0.0741987
1487934604      583   7656    0.0803146
1487934605      639   8304    0.0871124
1487934606      758   9062    0.0950642
1487934607      795   9857    0.103404
1487934608      575   10444    0.109562
1487934609      797   11241    0.117923
1487934610      632   11873    0.124553
1487934611      704   12577    0.131938
1487934612      603   13258    0.139082
1487934613      694   13952    0.146362
1487934614      708   14660    0.15379
1487934615      718   15378    0.161322
1487934616      626   16004    0.167889
1487934617      596   16607    0.174214
1487934618      802   17409    0.182628
1487934619      792   18201    0.190936
1487934620      599   18800    0.19722
1487934621      610   19421    0.203734
1487934622      804   20225    0.212169
1487934623      768   20993    0.220225
1487934625      506   21561    0.226184
1487934626      807   22368    0.23465
1487934627      709   23077    0.242087
1487934628      660   23737    0.249011
1487934629      567   24375    0.255704
1487934630      814   25189    0.264243
1487934631      777   25966    0.272394
1487934632      295   26261    0.275489
1487934633      725   26986    0.283094
1487934634      620   27606    0.289598
1487934635      588   28259    0.296449
1487934636      766   29025    0.304484
1487934637      787   29812    0.31274
1487934638      508   30399    0.318898
1487934639      649   31073    0.325969
1487934640      647   31720    0.332756
1487934641      792   32512    0.341064
1487934642      661   33173    0.347999
1487934643      543   33748    0.354031
1487934644      772   34520    0.362129
1487934645      384   34957    0.366714
1487934646      801   35758    0.375116
1487934647      662   36420    0.382061
1487934648      591   37097    0.389163
1487934649      798   37895    0.397534
1487934650      759   38654    0.405497
1487934651      643   39297    0.412242
1487934652      597   39911    0.418683
1487934653      792   40703    0.426991
1487934654      783   41486    0.435205
1487934655      564   42051    0.441133
1487934656      655   42725    0.448203
1487934657      798   43523    0.456574
1487934658      788   44311    0.464841
1487934659      581   44892    0.470936
1487934660      790   45682    0.479223
1487934662      652   46470    0.48749
1487934663      652   47144    0.49456
1487934664      771   47915    0.502648
1487934665      796   48711    0.510999
1487934666      575   49286    0.517031
1487934667      755   50041    0.524951
1487934668      648   50689    0.531749
1487934669      375   51064    0.535683
1487934670      792   51856    0.543991
1487934671      641   52633    0.552142
1487934672      794   53427    0.560472
1487934673      783   54210    0.568686
1487934674      643   54853    0.575431
1487934675      585   55447    0.581662
1487934676      801   56248    0.590065
1487934677      795   57043    0.598405
1487934678      577   57620    0.604458
1487934679      640   58261    0.611182
1487934680      795   59056    0.619522
1487934681      773   59829    0.627631
1487934682      584   60413    0.633758
1487934683      786   61199    0.642003
1487934684      798   61997    0.650374
1487934685      656   62653    0.657256
1487934686      593   63246    0.663477
1487934687      798   64044    0.671848
1487934688      652   64820    0.679989
1487934689      791   65611    0.688287
1487934690      649   66260    0.695095
1487934691      788   67048    0.703362
1487934692      592   67640    0.709572
1487934693      789   68429    0.717849
1487934694      798   69227    0.72622
1487934695      592   69819    0.73243
1487934696      646   70465    0.739207
1487934697      799   71264    0.747589
1487934698      716   71980    0.7551
1487934700      314   72588    0.761478
1487934701      804   73392    0.769913
1487934702      568   73960    0.775871
1487934703      759   74719    0.783834
1487934704      575   75402    0.790998
1487934705      798   76200    0.79937
1487934706      776   76976    0.80751
1487934707      586   77562    0.813658
1487934708      647   78216    0.820518
1487934709      780   78996    0.828701
1487934710      796   79792    0.837051
1487934711      573   80365    0.843062
1487934712      800   81165    0.851455
1487934713      647   81812    0.858242
1487934714      729   82541    0.86589
1487934715      570   83170    0.872488
1487934716      710   83880    0.879936
1487934717      787   84667    0.888192
1487934718      559   85310    0.894938
1487934720      624   85984    0.902008
1487934721      800   86784    0.9104
1487934722      694   87478    0.917681
1487934723      569   88124    0.924458
1487934724      772   88896    0.932556
1487934725      640   89536    0.93927
1487934726      791   90327    0.947568
1487934727      582   90938    0.953978
1487934728      799   91737    0.962359
1487934729      790   92527    0.970647
1487934730      585   93112    0.976784
1487934731      637   93752    0.983498
1487934732      752   94504    0.991386
1487934733      707   95211    0.998803
1487934734      562   95892    1.00595
1487934735      671   96563    1.01299
1487934736      555   97118    1.01881
1487934737      698   97816    1.02613
1487934738      704   98520    1.03352
1487934739      684   99204    1.04069
1487934740      526   99776    1.04669
1487934741      786   100562    1.05494
1487934742      629   101191    1.06154
1487934743      787   101978    1.06979
1487934744      592   102590    1.07621
1487934745      799   103389    1.08459
1487934746      786   104175    1.09284
1487934747      562   104737    1.09873
1487934748      646   105404    1.10573
1487934749      792   106196    1.11404
1487934750      780   106976    1.12222
1487934751      587   107563    1.12838
1487934752      780   108343    1.13656
1487934753      611   108954    1.14297
1487934754      788   109742    1.15124
1487934755      589   110358    1.1577
1487934756      798   111156    1.16607
1487934757      794   111950    1.1744
1487934758      577   112527    1.18046
1487934759      633   113172    1.18722
1487934760      797   113969    1.19558
1487934761      791   114760    1.20388
1487934762      585   115345    1.21002
1487934763      793   116138    1.21834
1487934764      614   116752    1.22478
1487934765      791   117543    1.23308
1487934767      330   118126    1.23919
1487934768      795   118921    1.24753
1487934769      734   119655    1.25523
1487934770      552   120266    1.26164
1487934771      563   120940    1.26871
1487934772      802   121742    1.27712
1487934773      778   122520    1.28529
1487934774      482   123080    1.29116
1487934775      634   123714    1.29781
1487934776      632   124346    1.30444
1487934777      618   124964    1.31092
1487934778      790   125754    1.31921
1487934780      584   126429    1.32629
1487934781      801   127230    1.3347
1487934782      775   128005    1.34283
1487934783      155   128173    1.34459
1487934784      776   128949    1.35273
1487934785      555   129504    1.35855
1487934786      579   130083    1.36462
1487934787      696   130779    1.37193
1487934788      593   131383    1.37826
1487934789      655   132057    1.38533
1487934790      801   132858    1.39374
1487934791      558   133416    1.39959
1487934792      755   134171    1.40751
1487934793      395   134732    1.41339
1487934794      719   135451    1.42094
1487934795      642   136093    1.42767
1487934796      665   136758    1.43465
1487934797      591   137349    1.44085
1487934798      596   138081    1.44853
1487934799      712   138793    1.456
1487934800      770   139563    1.46407
1487934801      622   140185    1.4706
1487934803      532   140895    1.47805
1487934804      734   141629    1.48575
1487934805      714   142343    1.49324
1487934806      626   143035    1.5005
1487934807      653   143709    1.50757
1487934808      813   144522    1.5161
1487934809      622   145144    1.52262
1487934810      610   145849    1.53002
1487934811      801   146650    1.53842
1487934812      745   147395    1.54624
1487934813      646   148041    1.55301
1487934814      595   148663    1.55954
1487934815      793   149456    1.56786
1487934816      770   150226    1.57593
1487934817      508   150803    1.58199
1487934818      597   151477    1.58906
1487934819      730   152207    1.59671
1487934820      710   152917    1.60416
1487934821      560   153617    1.61151
1487934822      781   154398    1.6197
1487934823      794   155192    1.62803
1487934824      463   155655    1.63289
1487934826      620   156431    1.64103
1487934827      802   157233    1.64944
1487934828      778   158011    1.6576
1487934829      553   158571    1.66348
1487934830      565   159245    1.67055
1487934831      754   159999    1.67846
1487934832      789   160788    1.68673
1487934833      585   161385    1.693
1487934834      787   162172    1.70125
1487934835      370   162542    1.70513
1487934836      624   163166    1.71168
1487934837      621   163787    1.71819
1487934838      611   164398    1.7246
1487934839      763   165161    1.73261
1487934840      569   165804    1.73935
1487934841      803   166607    1.74778
1487934842      592   167199    1.75399
1487934843      793   167992    1.76231
1487934844      568   168618    1.76887
1487934845      713   169331    1.77635
1487934846      789   170120    1.78463
1487934847      577   170758    1.79132
1487934848      644   171432    1.79839
1487934849      799   172231    1.80678
1487934850      795   173026    1.81511
1487934851      599   173625    1.8214
1487934852      681   174306    1.82854
1487934853      543   174849    1.83424
1487934854      770   175619    1.84232
1487934856      641   176386    1.85036
1487934857      798   177184    1.85873
1487934858      796   177980    1.86708
1487934859      570   178550    1.87306
1487934860      626   179200    1.87988
1487934861      796   179996    1.88823
1487934862      709   180705    1.89567
1487934863      600   181340    1.90233
1487934864      788   182128    1.9106
1487934865      546   182674    1.91633
1487934866      736   183410    1.92405
1487934867      638   184154    1.93185
1487934868      800   184954    1.94024
1487934869      793   185747    1.94856
1487934870      590   186337    1.95475
1487934871      627   186968    1.96137
1487934872      791   187759    1.96967
1487934873      787   188546    1.97793
1487934874      537   189108    1.98382
1487934875      799   189907    1.9922
1487934876      541   190448    1.99788
1487934877      788   191236    2.00615
1487934878      580   191922    2.01334
1487934879      793   192715    2.02166
1487934880      794   193509    2.02999
1487934881      562   194071    2.03589
1487934882      643   194736    2.04286
1487934883      705   195441    2.05026
1487934884      795   196236    2.0586
1487934885      542   196876    2.06531
1487934886      642   197518    2.07205
1487934887      551   198085    2.07799
1487934888      627   198712    2.08457
1487934889      794   199506    2.0929
1487934890      713   200219    2.10038
1487934891      519   200760    2.10606
1487934892      759   201519    2.11402
1487934894      344   201969    2.11874
1487934895      674   202643    2.12581
1487934896      709   203352    2.13325
1487934897      610   203962    2.13965
1487934898      655   204617    2.14652
1487934899      441   205179    2.15241
1487934900      649   205853    2.15948
1487934902      324   206388    2.1651
1487934903      761   207149    2.17308
1487934904      771   207920    2.18117
1487934905      600   208528    2.18755
1487934906      796   209324    2.1959
1487934907      644   209968    2.20265
1487934908      798   210766    2.21102
1487934909      593   211359    2.21724
1487934910      769   212128    2.22531
1487934911      785   212913    2.23355
1487934912      593   213506    2.23977
1487934913      654   214160    2.24663
1487934914      783   214943    2.25484
1487934915      719   215662    2.26238
1487934916      598   216296    2.26904
1487934917      582   216878    2.27514
1487934918      514   217505    2.28172
1487934919      713   218218    2.2892
1487934920      712   218930    2.29667
1487934921      550   219480    2.30244
1487934922      589   220069    2.30862
1487934923      537   220715    2.31539
1487934924      574   221389    2.32246
1487934925      682   222071    2.32962
1487934926      794   222865    2.33795
1487934927      612   223529    2.34491
1487934928      802   224331    2.35333
1487934929      797   225128    2.36169
1487934930      648   225776    2.36848
1487934931      566   226343    2.37443
1487934932      803   227146    2.38286
1487934933      797   227943    2.39122
1487934934      571   228514    2.39721
1487934935      632   229157    2.40395
1487934936      803   229960    2.41238
1487934937      788   230748    2.42064
1487934938      594   231342    2.42687
1487934939      750   232092    2.43474
1487934940      791   232883    2.44304
1487934941      648   233531    2.44984
1487934942      584   234115    2.45596
1487934943      802   234917    2.46438
1487934944      797   235714    2.47274
1487934945      583   236297    2.47885
1487934946      645   236942    2.48562
1487934947      783   237725    2.49383
1487934948      791   238516    2.50213
1487934949      568   239084    2.50809
1487934950      795   239879    2.51643
1487934952      640   240670    2.52473
1487934953      656   241344    2.5318
1487934954      803   242147    2.54022
1487934955      797   242944    2.54858
1487934956      575   243519    2.55462
1487934957      793   244312    2.56293
1487934958      627   244939    2.56951
1487934959      793   245732    2.57783
1487934960      574   246306    2.58385
1487934961      800   247106    2.59225
1487934962      788   247894    2.60051
1487934963      572   248466    2.60651
1487934964      625   249112    2.61329
1487934965      754   249866    2.6212
