1500891505      68   69    6.58035e-05
1500891506      70   139    0.000132561
1500891507      74   214    0.000204086
1500891508      71   286    0.000272751
1500891509      74   361    0.000344276
1500891510      76   437    0.000416756
1500891511      75   512    0.000488281
1500891512      75   587    0.000559807
1500891513      75   662    0.000631332
1500891514      74   737    0.000702858
1500891515      81   818    0.000780106
1500891516      75   893    0.000851631
1500891517      74   968    0.000923157
1500891518      73   1042    0.000993729
1500891519      75   1118    0.00106621
1500891520      76   1194    0.00113869
1500891521      74   1269    0.00121021
1500891522      76   1345    0.00128269
1500891523      75   1420    0.00135422
1500891524      74   1495    0.00142574
1500891525      73   1568    0.00149536
1500891526      73   1642    0.00156593
1500891527      75   1717    0.00163746
1500891528      76   1794    0.00171089
1500891529      74   1868    0.00178146
1500891530      75   1943    0.00185299
1500891531      74   2018    0.00192451
1500891532      76   2094    0.00199699
1500891533      75   2170    0.00206947
1500891534      72   2243    0.00213909
1500891535      75   2318    0.00221062
1500891536      73   2392    0.00228119
1500891537      75   2468    0.00235367
1500891538      75   2543    0.00242519
1500891539      74   2617    0.00249577
1500891540      74   2692    0.00256729
1500891541      78   2770    0.00264168
1500891542      75   2846    0.00271416
1500891543      75   2921    0.00278568
1500891544      78   2999    0.00286007
1500891545      75   3075    0.00293255
1500891546      76   3151    0.00300503
1500891547      73   3225    0.0030756
1500891548      74   3299    0.00314617
1500891549      74   3374    0.0032177
1500891550      75   3450    0.00329018
1500891551      75   3525    0.0033617
1500891552      75   3600    0.00343323
1500891553      75   3675    0.00350475
1500891554      73   3750    0.00357628
1500891555      74   3825    0.0036478
1500891556      73   3899    0.00371838
1500891557      74   3974    0.0037899
1500891558      76   4050    0.00386238
1500891559      73   4123    0.003932
1500891560      73   4197    0.00400257
1500891561      72   4269    0.00407124
1500891562      73   4343    0.00414181
1500891563      75   4418    0.00421333
1500891564      72   4490    0.004282
1500891565      73   4564    0.00435257
1500891566      75   4639    0.0044241
1500891567      74   4713    0.00449467
1500891568      73   4787    0.00456524
1500891569      76   4863    0.00463772
1500891570      75   4939    0.0047102
1500891571      73   5013    0.00478077
1500891572      75   5088    0.00485229
1500891573      77   5165    0.00492573
1500891574      77   5243    0.00500011
1500891575      74   5317    0.00507069
1500891576      74   5391    0.00514126
1500891577      76   5467    0.00521374
1500891578      75   5543    0.00528622
1500891579      73   5616    0.00535583
1500891580      75   5691    0.00542736
1500891581      74   5766    0.00549889
1500891582      75   5841    0.00557041
1500891583      75   5916    0.00564194
1500891584      73   5989    0.00571156
1500891585      76   6065    0.00578403
1500891586      74   6141    0.00585651
1500891587      70   6212    0.00592422
1500891588      70   6282    0.00599098
1500891589      69   6352    0.00605774
1500891590      67   6419    0.00612164
1500891591      72   6492    0.00619125
1500891592      66   6559    0.00625515
1500891593      64   6624    0.00631714
1500891594      64   6689    0.00637913
1500891595      74   6763    0.0064497
1500891596      69   6834    0.00651741
1500891597      71   6906    0.00658607
1500891598      68   6974    0.00665092
1500891599      65   7039    0.00671291
1500891600      63   7102    0.00677299
1500891601      61   7164    0.00683212
1500891602      66   7231    0.00689602
1500891603      71   7302    0.00696373
1500891604      72   7374    0.00703239
1500891605      69   7444    0.00709915
1500891606      69   7513    0.00716496
1500891607      72   7585    0.00723362
1500891608      69   7654    0.00729942
1500891609      68   7723    0.00736523
1500891610      67   7791    0.00743008
1500891611      69   7860    0.00749588
1500891612      68   7929    0.00756168
1500891613      70   7999    0.00762844
1500891614      67   8066    0.00769234
1500891615      66   8132    0.00775528
1500891616      71   8204    0.00782394
1500891617      67   8272    0.00788879
1500891618      68   8341    0.0079546
1500891619      67   8409    0.00801945
1500891620      70   8480    0.00808716
1500891621      68   8549    0.00815296
1500891622      71   8620    0.00822067
1500891623      69   8689    0.00828648
1500891624      69   8759    0.00835323
1500891625      70   8830    0.00842094
1500891626      69   8900    0.0084877
1500891627      69   8970    0.00855446
1500891628      69   9040    0.00862122
1500891629      68   9108    0.00868607
1500891630      68   9176    0.00875092
1500891631      69   9246    0.00881767
1500891632      68   9315    0.00888348
1500891633      70   9385    0.00895023
1500891634      70   9455    0.00901699
1500891635      69   9525    0.00908375
1500891637      72   9598    0.00915337
1500891638      71   9669    0.00922108
1500891639      69   9738    0.00928688
1500891640      73   9811    0.0093565
1500891641      70   9882    0.00942421
1500891642      69   9951    0.00949001
1500891643      70   10021    0.00955677
1500891644      63   10084    0.00961685
1500891645      0   10084    0.00961685
1500891646      0   10084    0.00961685
1500891647      0   10084    0.00961685
1500891648      0   10084    0.00961685
1500891649      0   10084    0.00961685
1500891650      0   10084    0.00961685
1500891651      0   10084    0.00961685
1500891652      0   10084    0.00961685
1500891653      0   10084    0.00961685
1500891654      0   10084    0.00961685
1500891655      0   10084    0.00961685
1500891656      0   10084    0.00961685
1500891657      0   10084    0.00961685
1500891658      0   10084    0.00961685
1500891659      0   10084    0.00961685
1500891660      0   10084    0.00961685
1500891661      0   10084    0.00961685
1500891662      0   10084    0.00961685
1500891663      0   10084    0.00961685
1500891664      0   10084    0.00961685
1500891665      0   10084    0.00961685
1500891666      0   10084    0.00961685
1500891667      0   10084    0.00961685
1500891668      0   10084    0.00961685
1500891669      0   10084    0.00961685
1500891670      0   10084    0.00961685
1500891671      0   10084    0.00961685
1500891672      0   10084    0.00961685
1500891673      0   10084    0.00961685
1500891674      0   10084    0.00961685
1500891675      0   10084    0.00961685
1500891676      0   10084    0.00961685
1500891677      0   10084    0.00961685
1500891678      0   10084    0.00961685
1500891679      0   10084    0.00961685
1500891680      0   10084    0.00961685
1500891681      0   10084    0.00961685
1500891682      0   10084    0.00961685
1500891683      0   10084    0.00961685
1500891684      0   10084    0.00961685
1500891685      0   10084    0.00961685
1500891686      0   10084    0.00961685
1500891687      0   10084    0.00961685
1500891688      0   10084    0.00961685
1500891689      0   10084    0.00961685
1500891690      0   10084    0.00961685
1500891691      0   10084    0.00961685
1500891692      0   10084    0.00961685
1500891693      0   10084    0.00961685
1500891694      0   10084    0.00961685
1500891695      0   10084    0.00961685
1500891696      0   10084    0.00961685
1500891697      0   10084    0.00961685
1500891698      0   10084    0.00961685
1500891699      0   10084    0.00961685
1500891700      0   10084    0.00961685
1500891701      0   10084    0.00961685
1500891702      0   10084    0.00961685
1500891703      0   10084    0.00961685
1500891704      0   10084    0.00961685
1500891705      0   10084    0.00961685
1500891706      0   10084    0.00961685
1500891707      0   10084    0.00961685
1500891708      0   10084    0.00961685
1500891709      0   10084    0.00961685
1500891710      0   10084    0.00961685
1500891711