1484907983      1460   1461    0.0111465
1484907984      1463   2924    0.0223083
1484907985      1445   4371    0.0333481
1484907986      1414   5785    0.044136
1484907987      934   6766    0.0516205
1484907988      1208   7974    0.0608368
1484907989      917   8911    0.0679855
1484907990      1219   10130    0.0772858
1484907991      936   11066    0.0844269
1484907993      806   12101    0.0923233
1484907994      1211   13312    0.101562
1484907995      917   14246    0.108688
1484907996      1213   15460    0.11795
1484907997      944   16404    0.125153
1484907998      954   17436    0.133026
1484907999      1214   18650    0.142288
1484908000      924   19581    0.149391
1484908001      1223   20804    0.158722
1484908002      950   21754    0.16597
1484908003      945   22771    0.173729
1484908004      1212   23983    0.182976
1484908005      920   24916    0.190094
1484908006      1221   26137    0.199409
1484908007      941   27078    0.206589
1484908008      958   28106    0.214432
1484908009      1221   29327    0.223747
1484908010      921   30251    0.230797
1484908011      1206   31457    0.239998
1484908012      924   32381    0.247047
1484908013      956   33441    0.255135
1484908014      1212   34653    0.264381
1484908015      919   35586    0.2715
1484908016      1205   36791    0.280693
1484908017      933   37724    0.287811
1484908018      953   38776    0.295837
1484908019      1210   39986    0.305069
1484908020      813   40921    0.312202
1484908021      1216   42137    0.32148
1484908022      573   42710    0.325851
1484908023      600   43396    0.331085
1484908024      1216   44612    0.340363
1484908026      794   45541    0.34745
1484908027      1217   46758    0.356735
1484908028      814   47686    0.363815
1484908029      1015   48701    0.371559
1484908030      897   49598    0.378403
1484908031      1031   50629    0.386269
1484908032      806   51591    0.393608
1484908033      1211   52802    0.402847
1484908034      706   53508    0.408234
1484908035      1210   54718    0.417465
1484908036      748   55496    0.423401
1484908037      982   56478    0.430893
1484908038      878   57641    0.439766
1484908039      976   58686    0.447739
1484908040      1199   59885    0.456886
1484908042      811   60831    0.464104
1484908043      1213   62044    0.473358
1484908044      796   62976    0.480469
1484908045      1010   63986    0.488174
1484908046      816   64802    0.4944
1484908047      1021   65823    0.50219
1484908048      844   66881    0.510262
1484908049      1215   68096    0.519531
1484908050      806   69026    0.526627
1484908051      862   70071    0.534599
1484908052      1213   71284    0.543854
1484908054      796   72216    0.550964
1484908055      984   73200    0.558472
1484908056      960   74361    0.567329
1484908057      790   75151    0.573357
1484908058      820   76121    0.580757
1484908059      1209   77330    0.589981
1484908060      806   78266    0.597122
1484908061      1212   79478    0.606369
1484908062      750   80228    0.612091
1484908063      1216   81444    0.621368
1484908064      701   82171    0.626915
1484908065      1215   83386    0.636185
1484908066      812   84316    0.64328
1484908067      981   85297    0.650764
1484908068      819   86116    0.657013
1484908069      1142   87258    0.665726
1484908070      838   88221    0.673073
1484908071      1212   89433    0.68232
1484908073      789   90366    0.689438
1484908074      881   91411    0.697411
1484908075      1213   92624    0.706665
1484908076      822   93556    0.713776
1484908077      983   94539    0.721275
1484908078      887   95701    0.730141
1484908079      880   96746    0.738113
1484908080      1047   97793    0.746101
1484908082      886   98891    0.754478
1484908083      1213   100104    0.763733
1484908084      821   101036    0.770844
1484908085      305   101366    0.773361
1484908086      1212   102578    0.782608
1484908087      826   103511    0.789726
1484908088      1047   104558    0.797714
1484908089      885   105656    0.806091
1484908090      842   106701    0.814064
1484908091      1215   107916    0.823334
1484908093      795   108846    0.830429
1484908094      1128   109974    0.839035
1484908095      901   110991    0.846794
1484908096      885   112036    0.854767
1484908097      902   112938    0.861649
1484908098      1204   114142    0.870834
1484908099      746   114896    0.876587
1484908100      1212   116108    0.885834
1484908101      824   117041    0.892952
1484908102      991   118032    0.900513
1484908103      731   118801    0.90638
1484908104      1211   120012    0.915619
1484908105      827   120946    0.922745
1484908106      1213   122159    0.931999
1484908107      754   122913    0.937752
1484908108      895   123808    0.94458
1484908109      880   124851    0.952538
1484908110      1189   126040    0.961609
1484908112      839   126996    0.968903
1484908113      847   128041    0.976875
1484908114      1103   129144    0.985291
1484908115      954   130098    0.992569
1484908116      709   130807    0.997978
1484908117      664   131616    1.00415
1484908118      1212   132828    1.0134
1484908119      686   133514    1.01863
1484908120      961   134475    1.02596
1484908121      763   135521    1.03394
1484908122      1212   136733    1.04319
1484908124      806   137666    1.05031
1484908125      809   138711    1.05828
1484908126      1203   139914    1.06746
1484908127      759   140856    1.07465
1484908128      966   141822    1.08202
1484908129      992   143001    1.09101
1484908130      863   144046    1.09898
1484908131      1009   145055    1.10668
1484908132      1069   146124    1.11484
1484908134      739   146906    1.1208
1484908135      1169   148075    1.12972
1484908136      783   149051    1.13717
1484908137      956   150007    1.14446
1484908138      696   150811    1.1506
1484908139      1142   151953    1.15931
1484908140      848   152956    1.16696
1484908141      1213   154169    1.17622
1484908142      750   154919    1.18194
1484908143      971   155890    1.18935
1484908144      723   156861    1.19675
1484908145      1121   157982    1.20531
1484908147      817   159006    1.21312
1484908148      829   160051    1.22109
1484908149      1089   161140    1.2294
1484908150      999   162139    1.23702
1484908151      641   162911    1.24291
1484908152      898   163809    1.24976
1484908153      984   164793    1.25727
1484908154      911   165704    1.26422
1484908155      917   166816    1.27271
1484908156      1052   167868    1.28073
1484908158      885   168961    1.28907
1484908159      1199   170160    1.29822
1484908160      645   170805    1.30314
1484908161      964   171769    1.31049
1484908162      844   172866    1.31886
1484908163      1204   174070    1.32805
1484908164      771   175011    1.33523
1484908165      838   176056    1.3432
1484908166      1149   177205    1.35197
1484908167      965   178170    1.35933
1484908168      682   178916    1.36502
1484908169      1221   180137    1.37434
1484908171      752   181061    1.38139
1484908172      910   182106    1.38936
1484908173      1103   183209    1.39777
1484908174      890   184251    1.40572
1484908175      1094   185345    1.41407
1484908176      896   186396    1.42209
1484908177      856   187441    1.43006
1484908178      1208   188649    1.43928
1484908180      793   189586    1.44643
1484908181      930   190516    1.45352
1484908182      1214   191730    1.46278
1484908183      253   192061    1.46531
1484908184      1121   193182    1.47386
1484908185      959   194141    1.48118
1484908186      697   194921    1.48713
1484908187      1152   196073    1.49592
1484908188      942   197015    1.50311
1484908189      605   197620    1.50772
1484908190      1198   198818    1.51686
1484908191      695   199541    1.52238
1484908192      853   200394    1.52888
1484908193      1085   201479    1.53716
1484908194      766   202401    1.5442
1484908195      880   203446    1.55217
1484908196      1201   204647    1.56133
1484908198      767   205591    1.56853
1484908199      1117   206708    1.57706
1484908200      886   207736    1.5849
1484908201      799   208781    1.59287
1484908202      1195   209976    1.60199
1484908203      813   210926    1.60924
1484908204      1090   212016    1.61755
1484908205      894   213071    1.6256
1484908207      802   214116    1.63358
1484908208      1194   215310    1.64268
1484908209      802   216261    1.64994
1484908210      939   217200    1.6571
1484908211      1072   218272    1.66528
1484908212      849   219121    1.67176
1484908214      633   220166    1.67973
1484908215      1209   221375    1.68896
1484908216      745   222311    1.6961
1484908217      1209   223520    1.70532
1484908218      519   224071    1.70953
1484908219      1212   225283    1.71877
1484908220      806   226216    1.72589
1484908221      982   227198    1.73338
1484908222      876   228361    1.74226
1484908224      973   229406    1.75023
1484908225      935   230341    1.75736
1484908226      1096   231437    1.76572
1484908227      750   232266    1.77205
1484908228      981   233247    1.77953
1484908229      958   234411    1.78841
1484908230      737   235148    1.79404
1484908231      761   236171    1.80184
1484908232      1213   237384    1.8111
1484908233      795   238316    1.81821
1484908234      915   239231    1.82519
1484908235      820   240076    1.83163
1484908236      998   241074    1.83925
1484908238      826   242221    1.848
1484908239      1209   243430    1.85722
1484908240      744   244366    1.86436
1484908241      757   245411    1.87234
1484908242      1203   246614    1.88152
1484908244      743   247556    1.8887
1484908245      898   248454    1.89555
1484908246      1190   249644    1.90463
1484908247      688   250416    1.91052
1484908248      852   251461    1.9185
1484908249      1079   252540    1.92673
1484908250      983   253523    1.93423
1484908251      691   254321    1.94032
1484908252      1079   255400    1.94855
1484908253      541   256081    1.95374
1484908254      1084   257165    1.96201
1484908255      1020   258185    1.9698
1484908256      717   258941    1.97556
1484908257      1115   260056    1.98407
1484908258      901   260957    1.99094
1484908259      594   261551    1.99548
1484908260      1197   262748    2.00461
1484908262      764   263561    2.01081
1484908263      1088   264649    2.01911
1484908264      1017   265666    2.02687
1484908265      739   266421    2.03263
1484908266      860   267466    2.0406
1484908267      1215   268681    2.04987
1484908268      817   269611    2.05697
1484908269      1109   270720    2.06543
1484908270      870   271756    2.07333
1484908271      959   272715    2.08065
1484908272      738   273516    2.08676
1484908273      1085   274601    2.09504
1484908274      959   275560    2.10236
1484908275      618   276178    2.10707
1484908276      780   277091    2.11404
1484908278      883   278136    2.12201
1484908279      1207   279343    2.13122
1484908280      828   280281    2.13837
1484908281      927   281208    2.14545
1484908282      1194   282402    2.15456
1484908283      716   283118    2.16002
1484908284      863   283981    2.1666
1484908285      888   284901    2.17362
1484908286      1029   285930    2.18147
1484908287      1077   287007    2.18969
1484908288      720   287761    2.19544
1484908289      978   288739    2.2029
1484908290      681   289521    2.20887
1484908291      1140   290661    2.21757
1484908292      833   291666    2.22523
1484908293      1018   292684    2.233
1484908294      802   293486    2.23912
1484908295      888   294374    2.2459
1484908296      1195   295569    2.25501
1484908297      655   296286    2.26048
1484908298      1024   297310    2.2683
1484908299      1092   298402    2.27663
1484908300      572   298974    2.28099
1484908301      1160   300134    2.28984
1484908302      634   300906    2.29573
1484908303      1025   301931    2.30355
1484908305      877   303051    2.3121
1484908306      827   304096    2.32007
1484908307      1181   305277    2.32908
1484908308      958   306235    2.33639
1484908309      669   306956    2.34189
1484908310      1140   308096    2.35059
1484908311      840   309101    2.35825
1484908312      831   310146    2.36623
1484908313      1197   311343    2.37536
1484908315      850   312291    2.38259
1484908316      1044   313335    2.39056
1484908317      849   314436    2.39896
1484908318      823   315481    2.40693
1484908319      1183   316664    2.41595
1484908320      804   317626    2.42329
1484908321      1211   318837    2.43253
1484908323      770   319771    2.43966
1484908324      947   320718    2.44688
1484908325      741   321531    2.45309
1484908326      1205   322736    2.46228
1484908327      833   323676    2.46945
1484908328      1085   324761    2.47773
1484908329      768   325529    2.48359
1484908330      1116   326645    2.4921
1484908331      810   327581    2.49924
1484908332      982   328563    2.50674
1484908333      895   329726    2.51561
1484908334      898   330771    2.52358
1484908335      984   331755    2.53109
1484908337      993   332916    2.53995
1484908338      1211   334127    2.54919
1484908339      793   335061    2.55631
1484908340      731   336106    2.56429
1484908341      1162   337268    2.57315
1484908342      968   338236    2.58054
1484908343      879   339115    2.58724
1484908344      1071   340186    2.59541
1484908345      808   341111    2.60247
1484908347      829   342156    2.61044
1484908348      1151   343307    2.61922
1484908349      855   344162    2.62575
1484908350      827   345016    2.63226
1484908351      1047   346063    2.64025
1484908352      871   346934    2.6469
1484908353      1180   348114    2.6559
1484908354      746   348921    2.66206
1484908355      1162   350083    2.67092
1484908356      814   351066    2.67842
1484908357      896   352111    2.68639
1484908358      1039   353150    2.69432
1484908359      927   354256    2.70276
1484908360      1201   355457    2.71192
1484908361      834   356401    2.71912
1484908362      1044   357445    2.72709
1484908363      909   358354    2.73402
1484908364      977   359331    2.74148
1484908366      794   360306    2.74892
1484908367      1179   361485    2.75791
1484908368      316   361801    2.76032
1484908369      759   362781    2.7678
1484908370      1095   363876    2.77615
1484908371      841   364926    2.78416
1484908372      1068   365994    2.79231
1484908373      908   367071    2.80053
1484908375      872   368116    2.8085
1484908376      928   369044    2.81558
1484908377      1207   370251    2.82479
1484908378      691   370976    2.83032
1484908379      1087   372063    2.83862
1484908380      991   373054    2.84618
1484908381      681   373735    2.85137
1484908382      1087   374822    2.85966
1484908383      659   375596    2.86557
1484908384      1086   376682    2.87386
1484908385      841   377741    2.88194
1484908386      952   378786    2.88991
1484908387      1148   379934    2.89867
1484908388      857   380931    2.90627
1484908389      1208   382139    2.91549
1484908390      797   383076    2.92264
1484908392      765   384121    2.93061
1484908393      1202   385323    2.93978
1484908394      782   386266    2.94698
1484908395      1211   387477    2.95621
1484908396      918   388395    2.96322
1484908397      645   389126    2.9688
1484908398      290   389456    2.97131
1484908399      983   390439    2.97881
1484908400      1080   391519    2.98705
1484908401      786   392316    2.99313
1484908402      1091   393407    3.00146
1484908404      842   394461    3.0095
1484908405      971   395432    3.01691
1484908406      750   396221    3.02293
1484908407      1080   397301    3.03117
1484908408      841   398366    3.03929
1484908409      1082   399448    3.04755
1484908410      814   400262    3.05376
1484908411      916   401178    3.06075
1484908412      855   402271    3.06908
1484908413      1130   403401    3.07771
1484908414      799   404416    3.08545
1484908416      853   405461    3.09342
1484908417      1211   406672    3.10266
1484908418      802   407606    3.10979
1484908419      1215   408821    3.11906
1484908420      907   409751    3.12615
1484908421      957   410796    3.13412
1484908422      1210   412006    3.14336
1484908423      911   412941    3.15049
1484908424      1157   414098    3.15932
1484908425      900   415086    3.16685
1484908426      957   416131    3.17483
1484908427      1213   417344    3.18408
1484908428      878   418276    3.19119
1484908429      1205   419481    3.20039
1484908430      919   420421    3.20756
1484908431      911   421466    3.21553
1484908432      1188   422654    3.22459
1484908433      910   423611    3.2319
1484908434      1207   424818    3.2411
1484908435      912   425756    3.24826
1484908437      952   426801    3.25623
1484908438      1210   428011    3.26546
1484908439      821   428946    3.2726
1484908440      1218   430164    3.28189
1484908441      840   431091    3.28896
1484908442      870   432136    3.29694
1484908443      1130   433266    3.30556
1484908444      859   434281    3.3133
1484908445      1064   435345    3.32142
1484908446      1074   436419    3.32961
1484908447      838   437257    3.33601
1484908448      856   438186    3.34309
1484908449      1111   439297    3.35157
1484908451      806   440331    3.35946
1484908452      1209   441540    3.36868
1484908453      795   442476    3.37582
1484908454      941   443521    3.3838
1484908455      1212   444733    3.39304
1484908456      802   445666    3.40016
1484908457      1198   446864    3.4093
1484908458      822   447811    3.41653
1484908459      855   448856    3.4245
1484908460      1006   449862    3.43217
1484908461      1119   450981    3.44071
1484908462      713   451716    3.44632
1484908463      1203   452919    3.4555
1484908464      717   453636    3.46097
1484908465      967   454603    3.46835
1484908466      939   455621    3.47611
1484908467      1026   456647    3.48394
1484908469      954   457766    3.49248
1484908470      967   458733    3.49986
1484908471      843   459576    3.50629
1484908472      1029   460605    3.51414
1484908473      833   461671    3.52227
1484908474      1209   462880    3.53149
1484908475      792   463816    3.53864
1484908476      899   464715    3.54549
1484908477      750   465576    3.55206
1484908478      1212   466788    3.56131
1484908479      791   467721    3.56843
1484908480      862   468583    3.575
1484908481      910   469493    3.58195
1484908482      985   470478    3.58946
1484908484      861   471626    3.59822
1484908485      1221   472847    3.60754
1484908486      818   473771    3.61459
1484908487      964   474816    3.62256
1484908488      1203   476019    3.63174
1484908489      769   476961    3.63892
1484908490      1027   477988    3.64676
1484908491      1107   479095    3.6552
1484908492      661   479821    3.66074
1484908494      813   480866    3.66872
1484908495      1210   482076    3.67795
1484908496      806   483011    3.68508
1484908497      1109   484120    3.69354
1484908498      1010   485130    3.70125
1484908499      763   485893    3.70707
1484908500      986   486879    3.71459
1484908501      666   487631    3.72033
1484908502      1118   488749    3.72886
1484908503      979   489728    3.73633
1484908504      910   490638    3.74327
1484908505      883   491521    3.75001
1484908506      696   492251    3.75558
1484908507      1202   493453    3.76475
1484908508      832   494396    3.77194
1484908509      1213   495609    3.7812
1484908510      760   496369    3.78699
1484908511      1202   497571    3.79617
1484908512      662   498301    3.80173
1484908513      1113   499414    3.81023
