1482766042      1498   1498    0.00285721
1482766043      1500   2998    0.00571823
1482766044      1499   4497    0.00857735
1482766045      1499   5996    0.0114365
1482766046      1500   7496    0.0142975
1482766047      1499   8996    0.0171585
1482766048      1499   10495    0.0200176
1482766049      1500   11996    0.0228806
1482766050      1499   13495    0.0257397
1482766052      1210   14738    0.0281105
1482766053      1361   16099    0.0307064
1482766054      1328   17427    0.0332394
1482766055      1353   18780    0.03582
1482766056      1208   20098    0.0383339
1482766057      1359   21457    0.040926
1482766058      1330   22787    0.0434628
1482766059      1324   24111    0.0459881
1482766060      1255   25366    0.0483818
1482766061      1009   26530    0.050602
1482766062      943   27473    0.0524006
1482766063      1330   28803    0.0549374
1482766064      1284   30087    0.0573864
1482766065      1167   31254    0.0596123
1482766066      1204   32458    0.0619087
1482766067      1244   33702    0.0642815
1482766068      1181   34883    0.066534
1482766069      1351   36234    0.0691109
1482766070      1353   37587    0.0716915
1482766071      1355   38942    0.074276
1482766072      1204   40195    0.0766659
1482766073      1179   41374    0.0789146
1482766074      1353   42727    0.0814953
1482766075      1352   44079    0.084074
1482766076      1199   45284    0.0863724
1482766077      1361   46645    0.0889683
1482766078      1357   48002    0.0915565
1482766079      1345   49347    0.0941219
1482766080      1217   50644    0.0965958
1482766081      1365   52009    0.0991993
1482766082      1347   53356    0.101768
1482766083      1098   54661    0.104258
1482766084      1365   56026    0.106861
1482766085      1352   57378    0.10944
1482766086      1357   58735    0.112028
1482766087      1214   60021    0.114481
1482766088      1360   61381    0.117075
1482766089      1348   62729    0.119646
1482766090      1352   64081    0.122225
1482766091      1213   65381    0.124704
1482766092      1355   66736    0.127289
1482766093      1352   68088    0.129868
1482766094      1173   69261    0.132105
1482766095      1201   70470    0.134411
1482766096      1364   71834    0.137012
1482766097      1350   73184    0.139587
1482766098      1352   74536    0.142166
1482766099      1174   75830    0.144634
1482766100      1354   77184    0.147217
1482766101      1352   78536    0.149796
1482766102      1356   79892    0.152382
1482766103      1205   81190    0.154858
1482766104      1182   82372    0.157112
1482766105      1354   83726    0.159695
1482766106      1354   85080    0.162277
1482766107      1192   86279    0.164564
1482766108      1348   87627    0.167135
1482766109      1356   88983    0.169722
1482766110      1342   90325    0.172281
1482766111      1215   91639    0.174788
1482766112      1363   93002    0.177387
1482766113      1345   94347    0.179953
1482766115      1097   95656    0.182449
1482766116      1364   97020    0.185051
1482766117      1353   98373    0.187632
1482766118      1311   99684    0.190132
1482766119      1255   100939    0.192526
1482766120      1125   102088    0.194717
1482766121      1356   103444    0.197304
1482766122      1343   104787    0.199865
1482766123      1177   105964    0.20211
1482766124      1183   107147    0.204367
1482766125      1187   108334    0.206631
1482766126      893   109321    0.208513
1482766127      1206   110527    0.210814
1482766128      1347   111874    0.213383
1482766129      1342   113216    0.215942
1482766130      1348   114564    0.218513
1482766131      1203   115767    0.220808
1482766132      1344   117111    0.223372
1482766133      1347   118458    0.225941
1482766134      1354   119812    0.228523
1482766135      1224   121113    0.231005
1482766136      1357   122470    0.233593
1482766137      1168   123638    0.235821
1482766138      1354   124992    0.238403
1482766139      1207   126202    0.240711
1482766140      1358   127560    0.243301
1482766141      1348   128908    0.245872
1482766142      1354   130262    0.248455
1482766143      1212   131562    0.250935
1482766144      1353   132915    0.253515
1482766145      1353   134268    0.256096
1482766146      1359   135627    0.258688
1482766147      1020   136651    0.260641
1482766148      1360   138011    0.263235
1482766149      1355   139366    0.26582
1482766150      1360   140726    0.268414
1482766151      1218   142011    0.270864
1482766152      1355   143366    0.273449
1482766153      1352   144718    0.276028
1482766154      1357   146075    0.278616
1482766155      1205   147371    0.281088
1482766156      1361   148732    0.283684
1482766157      1344   150076    0.286247
1482766158      1135   151211    0.288412
1482766159      1205   152460    0.290794
1482766160      1359   153819    0.293386
1482766161      1353   155172    0.295967
1482766162      1355   156527    0.298552
1482766163      1213   157820    0.301018
1482766164      1364   159184    0.303619
1482766165      1349   160533    0.306192
1482766166      1353   161886    0.308773
1482766167      1212   163180    0.311241
1482766168      1181   164361    0.313494
1482766169      1351   165712    0.316071
1482766170      1353   167065    0.318651
1482766171      1056   168269    0.320948
1482766172      1353   169622    0.323528
1482766173      1356   170978    0.326115
1482766174      1352   172330    0.328693
1482766175      1215   173629    0.331171
1482766176      1360   174989    0.333765
1482766177      1353   176342    0.336346
1482766179      1016   177646    0.338833
1482766180      1345   178991    0.341398
1482766181      1342   180333    0.343958
1482766182      1184   181517    0.346216
1482766183      1116   182633    0.348345
1482766184      1348   183981    0.350916
1482766185      1210   185191    0.353224
1482766186      1351   186542    0.355801
1482766187      1257   187799    0.358198
1482766188      1297   189096    0.360672
1482766189      1264   190360    0.363083
1482766190      836   191311    0.364897
1482766191      1358   192669    0.367487
1482766192      1358   194027    0.370077
1482766193      1349   195376    0.37265
1482766194      1212   196671    0.37512
1482766195      1359   198030    0.377712
1482766196      1323   199353    0.380236
1482766197      1355   200708    0.38282
1482766198      1319   202027    0.385336
1482766199      1185   203212    0.387596
1482766200      1357   204569    0.390184
1482766201      1054   205623    0.392195
1482766202      1349   206972    0.394768
1482766203      1133   208192    0.397095
1482766204      1351   209543    0.399672
1482766205      1355   210898    0.402256
1482766206      1349   212247    0.404829
1482766207      1203   213552    0.407318
1482766208      1362   214914    0.409916
1482766209      1345   216259    0.412481
1482766210      1341   217600    0.415039
1482766211      1024   218641    0.417025
1482766212      1354   219995    0.419607
1482766213      1339   221334    0.422161
1482766214      1357   222691    0.424749
1482766215      1205   224001    0.427248
1482766216      1344   225345    0.429811
1482766217      1359   226704    0.432404
1482766218      1332   228036    0.434944
1482766219      1211   229361    0.437471
1482766220      1351   230712    0.440048
1482766221      1347   232059    0.442617
1482766222      1156   233215    0.444822
1482766223      1186   234450    0.447178
1482766224      1358   235808    0.449768
1482766225      1351   237159    0.452345
1482766226      1341   238500    0.454903
1482766227      1214   239810    0.457401
1482766228      1353   241163    0.459982
1482766229      1345   242508    0.462547
1482766230      1359   243867    0.465139
1482766231      1199   245170    0.467625
1482766232      948   246118    0.469433
1482766233      1350   247468    0.472008
1482766234      1353   248821    0.474588
1482766235      1358   250179    0.477179
1482766236      1204   251383    0.479475
1482766237      1223   252606    0.481808
1482766238      1169   253775    0.484037
1482766239      1356   255131    0.486624
1482766240      1314   256445    0.48913
1482766242      1206   257763    0.491644
1482766243      1324   259087    0.494169
1482766244      1172   260259    0.496405
1482766245      1352   261611    0.498983
1482766246      1210   262852    0.50135
1482766247      1230   264082    0.503696
1482766248      1349   265431    0.506269
1482766249      1177   266608    0.508514
1482766250      1353   267961    0.511095
1482766251      1201   269284    0.513618
1482766252      1361   270645    0.516214
1482766253      1348   271993    0.518785
1482766254      1062   273301    0.52128
1482766255      1361   274662    0.523876
1482766256      1346   276008    0.526443
1482766257      1347   277355    0.529013
1482766258      1210   278661    0.531504
1482766259      1352   280013    0.534082
1482766260      1353   281366    0.536663
1482766261      1353   282719    0.539244
1482766262      1216   284021    0.541727
1482766263      1337   285358    0.544277
1482766264      1350   286708    0.546852
1482766265      944   287652    0.548653
1482766266      1357   289009    0.551241
1482766267      1198   290207    0.553526
1482766268      1346   291553    0.556093
1482766269      1354   292907    0.558676
1482766270      1359   294266    0.561268
1482766271      1206   295542    0.563702
1482766272      1327   296869    0.566233
1482766273      1343   298212    0.568794
1482766274      1339   299551    0.571348
1482766275      932   300631    0.573408
1482766276      1365   301996    0.576012
1482766277      1322   303318    0.578533
1482766278      1351   304669    0.58111
1482766279      1215   305991    0.583632
1482766280      1355   307346    0.586216
1482766281      1340   308686    0.588772
1482766282      1355   310041    0.591356
1482766283      1213   311351    0.593855
1482766284      1345   312696    0.59642
1482766285      1357   314053    0.599009
1482766286      932   314985    0.600786
1482766287      1345   316330    0.603352
1482766288      1200   317530    0.60564
1482766289      1345   318875    0.608206
1482766290      1334   320209    0.61075
1482766291      1358   321567    0.61334
1482766292      1197   322872    0.615829
1482766293      1362   324234    0.618427
1482766294      1358   325592    0.621017
1482766295      1347   326939    0.623587
1482766296      1020   327961    0.625536
1482766297      1352   329313    0.628115
1482766298      1353   330666    0.630695
1482766299      1279   331945    0.633135
1482766300      1343   333288    0.635696
1482766302      998   334393    0.637804
1482766303      1244   335637    0.640177
1482766304      1237   336874    0.642536
1482766305      1220   338094    0.644863
1482766306      1146   339240    0.647049
1482766307      1347   340587    0.649618
1482766308      981   341626    0.6516
1482766309      1350   342976    0.654175
1482766310      1352   344328    0.656754
1482766311      1352   345680    0.659332
1482766312      1220   346986    0.661823
1482766313      1352   348338    0.664402
1482766314      1352   349690    0.666981
1482766315      1349   351039    0.669554
1482766316      1217   352346    0.672047
1482766317      1358   353704    0.674637
1482766318      1351   355055    0.677214
1482766319      1172   356227    0.679449
1482766320      1204   357435    0.681753
1482766321      1359   358794    0.684345
1482766322      1358   360152    0.686935
1482766323      1349   361501    0.689508
1482766324      1216   362795    0.691977
1482766325      1355   364150    0.694561
1482766326      1351   365501    0.697138
1482766327      1353   366854    0.699718
1482766328      940   368155    0.7022
1482766329      1177   369332    0.704445
1482766330      1352   370684    0.707024
1482766331      1353   372037    0.709604
1482766332      1200   373244    0.711906
1482766333      1361   374605    0.714502
1482766334      1350   375955    0.717077
1482766335      1300   377255    0.719557
1482766336      1346   378601    0.722124
1482766337      1212   379813    0.724436
1482766338      1348   381161    0.727007
1482766339      1352   382513    0.729586
1482766340      1172   383685    0.731821
1482766341      1209   384894    0.734127
1482766342      1358   386252    0.736717
1482766343      1347   387599    0.739286
1482766344      1347   388946    0.741856
1482766345      1208   390154    0.74416
1482766346      1352   391506    0.746738
1482766347      1353   392859    0.749319
1482766348      1358   394217    0.751909
1482766349      1205   395485    0.754328
1482766350      1176   396661    0.756571
1482766351      1350   398011    0.759146
1482766352      1349   399360    0.761719
1482766353      1195   400574    0.764034
1482766354      1352   401926    0.766613
1482766355      1354   403280    0.769196
1482766356      1345   404625    0.771761
1482766357      1221   405934    0.774258
1482766358      1350   407284    0.776833
1482766359      1346   408630    0.7794
1482766361      1084   409951    0.781919
1482766362      1209   411160    0.784225
1482766363      1253   412413    0.786615
1482766364      1349   413762    0.789188
1482766365      1357   415119    0.791777
1482766366      1080   416383    0.794188
1482766367      1188   417571    0.796453
1482766368      1310   418881    0.798952
1482766369      1230   420111    0.801298
1482766370      1303   421414    0.803783
1482766371      1351   422765    0.80636
1482766372      1011   423776    0.808289
1482766373      1352   425128    0.810867
1482766374      1357   426485    0.813456
1482766375      1357   427842    0.816044
1482766376      1196   429038    0.818325
1482766377      1351   430389    0.820902
1482766378      1356   431745    0.823488
1482766379      1347   433092    0.826057
1482766380      1209   434336    0.82843
1482766381      1356   435692    0.831017
1482766382      1351   437043    0.833593
1482766383      1171   438214    0.835827
1482766384      1205   439425    0.838137
1482766385      1352   440777    0.840715
1482766386      1350   442127    0.84329
1482766387      1354   443481    0.845873
1482766388      1223   444785    0.84836
1482766389      1353   446138    0.850941
1482766390      1352   447490    0.853519
1482766391      1355   448845    0.856104
1482766392      1217   450145    0.858583
1482766393      1164   451309    0.860804
1482766394      1353   452662    0.863384
1482766395      1349   454011    0.865957
1482766396      1204   455234    0.86829
1482766397      1362   456596    0.870888
1482766398      1344   457940    0.873451
1482766399      1353   459293    0.876032
1482766400      1213   460594    0.878513
1482766401      1360   461954    0.881107
1482766402      1357   463311    0.883696
1482766403      1098   464611    0.886175
1482766404      1359   465970    0.888767
1482766405      1356   467326    0.891354
1482766406      1345   468671    0.893919
1482766407      1220   469971    0.896399
1482766408      1358   471329    0.898989
1482766409      1356   472685    0.901575
1482766410      1346   474031    0.904142
1482766411      1219   475331    0.906622
1482766412      1357   476688    0.90921
1482766413      1339   478027    0.911764
1482766414      1171   479198    0.913998
1482766415      1181   480420    0.916328
1482766416      1346   481766    0.918896
1482766417      1349   483115    0.921469
1482766418      1331   484446    0.924007
1482766419      1203   485780    0.926552
1482766420      1359   487139    0.929144
1482766421      1348   488487    0.931715
1482766422      1346   489833    0.934282
1482766424      1052   491140    0.936775
1482766425      951   492091    0.938589
1482766426      1271   493362    0.941013
1482766427      1187   494549    0.943277
1482766428      1188   495737    0.945543
1482766429      1243   496980    0.947914
1482766430      1332   498312    0.950455
1482766431      1100   499445    0.952616
