1483474285      1498   1498    0.00285721
1483474286      1499   2997    0.00571632
1483474287      1500   4497    0.00857735
1483474288      1499   5996    0.0114365
1483474289      1499   7495    0.0142956
1483474290      1499   8995    0.0171566
1483474291      1499   10495    0.0200176
1483474292      1499   11995    0.0228786
1483474293      1499   13495    0.0257397
1483474294      1312   14807    0.0282421
1483474295      1353   16160    0.0308228
1483474296      1345   17505    0.0333881
1483474297      1346   18851    0.0359554
1483474298      1205   20056    0.0382538
1483474299      1346   21402    0.0408211
1483474300      1353   22755    0.0434017
1483474301      1356   24111    0.0459881
1483474302      1205   25383    0.0484142
1483474303      1350   26733    0.0509892
1483474304      1198   27931    0.0532742
1483474305      1356   29287    0.0558605
1483474306      1202   30489    0.0581532
1483474307      1346   31835    0.0607204
1483474308      1347   33182    0.0632896
1483474309      1357   34539    0.0658779
1483474310      1194   35757    0.0682011
1483474311      1363   37120    0.0708008
1483474312      1196   38316    0.073082
1483474313      1290   39606    0.0755424
1483474314      919   40771    0.0777645
1483474315      1346   42117    0.0803318
1483474316      1342   43459    0.0828915
1483474317      1190   44649    0.0851612
1483474318      1186   45835    0.0874233
1483474319      1261   47096    0.0898285
1483474320      681   47777    0.0911274
1483474321      1239   49016    0.0934906
1483474322      1218   50234    0.0958138
1483474323      1197   51431    0.0980968
1483474324      1202   52633    0.100389
1483474325      1351   53984    0.102966
1483474326      1203   55187    0.105261
1483474327      1220   56505    0.107775
1483474328      1352   57857    0.110353
1483474329      1353   59210    0.112934
1483474330      1347   60557    0.115503
1483474331      1217   61865    0.117998
1483474332      1354   63219    0.120581
1483474333      1354   64573    0.123163
1483474334      1344   65917    0.125727
1483474335      1213   67225    0.128222
1483474336      1211   68436    0.130531
1483474337      1347   69783    0.133101
1483474338      1359   71142    0.135693
1483474339      1206   72348    0.137993
1483474340      1345   73693    0.140558
1483474341      1352   75045    0.143137
1483474342      1356   76401    0.145723
1483474343      1196   77599    0.148008
1483474344      1343   78942    0.15057
1483474345      1354   80296    0.153152
1483474346      1099   81541    0.155527
1483474347      1359   82900    0.158119
1483474348      1356   84256    0.160706
1483474349      1350   85606    0.16328
1483474350      1220   86901    0.165751
1483474351      1352   88253    0.168329
1483474352      1354   89607    0.170912
1483474353      1356   90963    0.173498
1483474354      1212   92261    0.175974
1483474355      1350   93611    0.178549
1483474356      1345   94956    0.181114
1483474357      1202   96158    0.183407
1483474358      1203   97361    0.185701
1483474359      1344   98705    0.188265
1483474360      1350   100055    0.19084
1483474361      1357   101412    0.193428
1483474362      1194   102635    0.195761
1483474363      1360   103995    0.198355
1483474364      1348   105343    0.200926
1483474365      1353   106696    0.203506
1483474366      1204   107995    0.205984
1483474367      1210   109205    0.208292
1483474368      1350   110555    0.210867
1483474369      1356   111911    0.213453
1483474370      1196   113107    0.215734
1483474371      1334   114441    0.218279
1483474372      1190   115631    0.220549
1483474373      1265   116896    0.222961
1483474374      1325   118221    0.225489
1483474376      1133   119441    0.227816
1483474377      1193   120634    0.230091
1483474378      1192   121826    0.232365
1483474379      1202   123028    0.234657
1483474380      1259   124287    0.237059
1483474381      1239   125526    0.239422
1483474382      1066   126599    0.241468
1483474383      1360   127959    0.244062
1483474384      1317   129276    0.246574
1483474385      1350   130626    0.249149
1483474386      1217   131959    0.251692
1483474387      1326   133285    0.254221
1483474388      1347   134632    0.25679
1483474389      1099   135901    0.259211
1483474390      1361   137262    0.261806
1483474391      1356   138618    0.264393
1483474392      1322   139940    0.266914
1483474393      1206   141261    0.269434
1483474394      1352   142613    0.272013
1483474395      1336   143949    0.274561
1483474396      1356   145305    0.277147
1483474397      1206   146621    0.279657
1483474398      1332   147953    0.282198
1483474399      1353   149306    0.284779
1483474400      1189   150495    0.287046
1483474401      1196   151691    0.289328
1483474402      1347   153038    0.291897
1483474403      1334   154372    0.294441
1483474404      1343   155715    0.297003
1483474405      1198   156995    0.299444
1483474406      1355   158350    0.302029
1483474407      1349   159699    0.304602
1483474408      1342   161041    0.307161
1483474409      1209   162355    0.309668
1483474410      1210   163565    0.311975
1483474411      1338   164903    0.314528
1483474412      1357   166260    0.317116
1483474413      1207   167467    0.319418
1483474414      1347   168814    0.321987
1483474415      1352   170166    0.324566
1483474416      1345   171511    0.327131
1483474417      1189   172729    0.329454
1483474418      1328   174057    0.331987
1483474419      1352   175409    0.334566
1483474420      1102   176671    0.336973
1483474421      1352   178023    0.339552
1483474422      1352   179375    0.342131
1483474423      1317   180692    0.344643
1483474424      1217   182031    0.347197
1483474425      1359   183390    0.349789
1483474426      1342   184732    0.352348
1483474427      1357   186089    0.354937
1483474428      1199   187391    0.35742
1483474429      1354   188745    0.360003
1483474430      1348   190093    0.362574
1483474431      990   191083    0.364462
1483474432      1183   192266    0.366718
1483474433      1187   193453    0.368982
1483474435      955   194549    0.371073
1483474436      1287   195836    0.373528
1483474437      1230   197066    0.375874
1483474438      1273   198339    0.378302
1483474439      1173   199512    0.380539
1483474440      1189   200701    0.382807
1483474441      1293   201994    0.385273
1483474442      1042   203125    0.38743
1483474443      1175   204300    0.389671
1483474444      1347   205647    0.392241
1483474445      1343   206990    0.394802
1483474446      1195   208185    0.397081
1483474447      1339   209524    0.399635
1483474448      1346   210870    0.402203
1483474449      1341   212211    0.40476
1483474450      1195   213499    0.407217
1483474451      1355   214854    0.409801
1483474452      1341   216195    0.412359
1483474453      1056   217441    0.414736
1483474454      1355   218796    0.41732
1483474455      1341   220137    0.419878
1483474456      1345   221482    0.422443
1483474457      1208   222801    0.424959
1483474458      1355   224156    0.427544
1483474459      1334   225490    0.430088
1483474460      1356   226846    0.432674
1483474461      1181   228161    0.435183
1483474462      1347   229508    0.437752
1483474463      1342   230850    0.440311
1483474464      991   231841    0.442202
1483474465      1208   233175    0.444746
1483474466      1350   234525    0.447321
1483474467      1347   235872    0.44989
1483474468      1338   237210    0.452442
1483474469      1208   238535    0.454969
1483474470      1360   239895    0.457563
1483474471      1345   241240    0.460129
1483474472      1346   242586    0.462696
1483474473      1214   243895    0.465193
1483474474      1000   244895    0.4671
1483474475      1353   246248    0.469681
1483474476      1045   247293    0.471674
1483474477      1346   248639    0.474241
1483474479      1212   249981    0.476801
1483474480      1363   251344    0.479401
1483474481      1321   252665    0.48192
1483474482      1347   254012    0.484489
1483474483      1214   255341    0.487024
1483474484      1331   256672    0.489563
1483474485      1352   258024    0.492142
1483474486      1012   259036    0.494072
1483474487      1214   260355    0.496588
1483474488      1354   261709    0.49917
1483474489      1352   263061    0.501749
1483474490      1355   264416    0.504333
1483474491      1134   265715    0.506811
1483474492      1363   267078    0.509411
1483474493      1337   268415    0.511961
1483474494      1211   269626    0.514271
1483474495      1295   270921    0.516741
1483474496      908   271829    0.518473
1483474497      1348   273177    0.521044
1483474498      1329   274506    0.523579
1483474499      1346   275852    0.526146
1483474500      1204   277161    0.528643
1483474501      1309   278470    0.531139
1483474502      1354   279824    0.533722
1483474503      1323   281147    0.536245
1483474504      1350   282497    0.53882
1483474505      1188   283685    0.541086
1483474506      1342   285027    0.543646
1483474507      1019   286046    0.545589
1483474508      1358   287404    0.54818
1483474509      1191   288607    0.550474
1483474510      1354   289961    0.553057
1483474511      1332   291293    0.555597
1483474512      550   291843    0.556646
1483474513      1342   293185    0.559206
1483474514      1346   294531    0.561773
1483474515      1353   295884    0.564354
1483474516      1214   297183    0.566832
1483474517      1357   298540    0.56942
1483474518      1204   299744    0.571716
1483474519      1338   301082    0.574268
1483474520      1200   302282    0.576557
1483474521      1345   303627    0.579123
1483474522      1353   304980    0.581703
1483474523      1356   306336    0.58429
1483474524      1197   307557    0.586618
1483474525      1363   308920    0.589218
1483474526      1342   310262    0.591778
1483474527      1354   311616    0.59436
1483474528      1049   312665    0.596361
1483474529      1349   314014    0.598934
1483474530      1356   315370    0.601521
1483474531      1348   316718    0.604092
1483474532      1197   317931    0.606405
1483474533      1358   319289    0.608995
1483474534      1353   320642    0.611576
1483474535      1354   321996    0.614159
1483474536      1211   323291    0.616629
1483474537      1362   324653    0.619226
1483474538      1346   325999    0.621794
1483474539      1203   327202    0.624088
1483474540      1200   328402    0.626377
1483474541      1342   329744    0.628937
1483474542      1351   331095    0.631514
1483474543      1345   332440    0.634079
1483474544      1198   333665    0.636415
1483474545      1358   335023    0.639006
1483474546      1342   336365    0.641565
1483474547      1349   337714    0.644138
1483474548      1213   339025    0.646639
1483474549      1209   340234    0.648945
1483474550      1327   341561    0.651476
1483474551      1347   342908    0.654045
1483474552      965   344039    0.656202
1483474553      1302   345341    0.658686
1483474554      1349   346690    0.661259
1483474555      1206   347896    0.663559
1483474556      1210   349106    0.665867
1483474557      1328   350434    0.6684
1483474558      988   351543    0.670515
1483474559      1257   352800    0.672913
1483474560      1200   354000    0.675201
1483474561      1350   355350    0.677776
1483474563      1198   356557    0.680079
1483474564      1362   357919    0.682676
1483474565      1343   359262    0.685238
1483474566      1350   360612    0.687813
1483474567      1211   361917    0.690302
1483474568      1348   363265    0.692873
1483474569      1350   364615    0.695448
1483474570      1353   365968    0.698029
1483474571      1045   367013    0.700022
1483474572      1345   368358    0.702587
1483474573      1351   369709    0.705164
1483474574      1342   371051    0.707724
1483474575      1204   372291    0.710089
1483474576      1353   373644    0.712669
1483474577      1352   374996    0.715248
1483474578      1341   376337    0.717806
1483474579      1213   377651    0.720312
1483474580      1349   379000    0.722885
1483474581      1349   380349    0.725458
1483474582      1201   381550    0.727749
1483474583      1196   382746    0.73003
1483474584      1352   384098    0.732609
1483474585      1342   385440    0.735168
1483474586      1349   386789    0.737741
1483474587      1200   388025    0.740099
1483474588      1358   389383    0.742689
1483474589      1344   390727    0.745253
1483474590      1349   392076    0.747826
1483474591      1210   393385    0.750322
1483474592      1209   394594    0.752628
1483474593      1350   395944    0.755203
1483474594      1340   397284    0.757759
1483474595      1179   398463    0.760008
1483474596      1353   399816    0.762589
1483474597      1348   401164    0.76516
1483474598      1350   402514    0.767735
1483474599      1199   403759    0.770109
1483474600      1347   405106    0.772678
1483474601      1350   406456    0.775253
1483474602      1095   407701    0.777628
1483474603      1354   409055    0.78021
1483474604      1353   410408    0.782791
1483474605      1344   411752    0.785355
1483474606      1209   413061    0.787851
1483474607      1354   414415    0.790434
1483474608      1354   415769    0.793016
1483474609      1345   417114    0.795582
1483474610      1147   418421    0.798075
1483474611      1339   419760    0.800629
1483474612      1325   421085    0.803156
1483474613      594   421679    0.804289
1483474614      1202   422881    0.806581
1483474615      1325   424206    0.809109
1483474616      1182   425388    0.811363
1483474617      1241   426629    0.81373
1483474618      1199   427828    0.816017
1483474619      1175   429003    0.818258
1483474620      1352   430355    0.820837
1483474621      1339   431694    0.823391
1483474622      1351   433045    0.825968
1483474623      1195   434240    0.828247
1483474624      1202   435442    0.83054
1483474625      1347   436789    0.833109
1483474626      1204   438097    0.835604
1483474627      1359   439456    0.838196
1483474628      1346   440802    0.840763
1483474629      1348   442150    0.843334
1483474630      1214   443457    0.845827
1483474631      1346   444803    0.848394
1483474632      1346   446149    0.850962
1483474633      1333   447482    0.853504
1483474634      1048   448530    0.855503
1483474635      1347   449877    0.858072
1483474636      1344   451221    0.860636
1483474637      1345   452566    0.863201
1483474638      1192   453831    0.865614
1483474639      1345   455176    0.868179
1483474640      1355   456531    0.870764
1483474641      1325   457856    0.873291
1483474643      1202   459191    0.875837
1483474644      1358   460549    0.878428
1483474645      1336   461885    0.880976
1483474646      1202   463087    0.883268
1483474647      1189   464276    0.885536
1483474648      1320   465596    0.888054
1483474649      1346   466942    0.890621
1483474650      1336   468278    0.893169
1483474651      1190   469565    0.895624
1483474652      1358   470923    0.898214
1483474653      1320   472243    0.900732
1483474654      1349   473592    0.903305
1483474655      1210   474925    0.905848
1483474656      1007   475932    0.907768
1483474657      1351   477283    0.910345
1483474658      1326   478609    0.912874
1483474659      1206   479939    0.915411
1483474660      1358   481297    0.918001
1483474661      1343   482640    0.920563
1483474662      1352   483992    0.923141
1483474663      1213   485299    0.925634
1483474664      1347   486646    0.928204
1483474665      1331   487977    0.930742
1483474666      1104   489241    0.933153
1483474667      1360   490601    0.935747
1483474668      1322   491923    0.938269
1483474669      1310   493233    0.940767
1483474670      1175   494408    0.943008
1483474671      1231   495639    0.945356
1483474672      1189   496828    0.947624
1483474673      1323   498151    0.950148
1483474674      1300   499451    0.952627
