1500021839      499   499    0.00713825
1500021840      500   999    0.0142908
1500021841      500   1499    0.0214434
1500021842      499   1998    0.0285816
1500021843      500   2498    0.0357342
1500021844      500   2998    0.0428867
1500021845      500   3498    0.0500393
1500021846      471   3969    0.056777
1500021847      500   4469    0.0639296
1500021848      375   4892    0.0699806
1500021849      507   5399    0.0772333
1500021850      380   5847    0.083642
1500021851      506   6353    0.0908804
1500021852      364   6802    0.0973034
1500021853      507   7309    0.104556
1500021854      383   7757    0.110965
1500021855      321   8078    0.115557
1500021856      500   8578    0.122709
1500021857      369   8947    0.127988
1500021858      500   9447    0.13514
1500021859      369   9816    0.140419
1500021860      500   10316    0.147572
1500021862      375   10738    0.153608
1500021863      507   11245    0.160861
1500021864      353   11693    0.16727
1500021865      365   12058    0.172491
1500021866      500   12558    0.179644
1500021867      343   12901    0.18455
1500021868      500   13401    0.191703
1500021869      370   13771    0.196996
1500021870      500   14271    0.204148
1500021871      361   14674    0.209913
1500021872      507   15181    0.217166
1500021873      382   15629    0.223575
1500021874      432   16061    0.229754
1500021875      500   16561    0.236907
1500021876      371   16932    0.242214
1500021877      499   17431    0.249352
1500021878      370   17801    0.254645
1500021879      500   18301    0.261798
1500021880      348   18649    0.266776
1500021881      499   19148    0.273914
1500021882      360   19565    0.27988
1500021883      364   19929    0.285087
1500021884      499   20428    0.292225
1500021885      369   20797    0.297503
1500021886      500   21297    0.304656
1500021887      345   21642    0.309591
1500021888      499   22141    0.31673
1500021889      360   22546    0.322523
1500021890      507   23053    0.329776
1500021892      380   23501    0.336185
1500021893      352   23853    0.34122
1500021894      500   24353    0.348372
1500021895      372   24725    0.353694
1500021896      500   25225    0.360847
1500021897      370   25595    0.366139
1500021898      500   26095    0.373292
1500021899      356   26482    0.378828
1500021900      507   26989    0.386081
1500021901      383   27437    0.392489
1500021902      362   27799    0.397668
1500021903      499   28298    0.404806
1500021904      371   28669    0.410113
1500021905      500   29169    0.417266
1500021906      368   29537    0.42253
1500021907      500   30037    0.429683
1500021908      354   30418    0.435133
1500021909      507   30925    0.442386
1500021910      383   31373    0.448794
1500021911      365   31738    0.454016
1500021912      500   32238    0.461168
1500021913      303   32541    0.465503
1500021914      500   33041    0.472655
1500021915      345   33399    0.477777
1500021916      507   33906    0.485029
1500021917      370   34354    0.491438
1500021918      507   34861    0.498691
1500021920      356   35309    0.505099
1500021921      363   35672    0.510292
1500021922      499   36171    0.51743
1500021923      368   36539    0.522695
1500021924      500   37039    0.529847
1500021925      352   37391    0.534883
1500021926      499   37890    0.542021
1500021927      357   38290    0.547743
1500021928      507   38797    0.554996
1500021929      360   39245    0.561404
1500021930      368   39613    0.566669
1500021931      500   40113    0.573821
1500021932      370   40483    0.579114
1500021933      500   40983    0.586267
1500021934      369   41352    0.591545
1500021935      500   41852    0.598698
1500021936      366   42226    0.604048
1500021937      506   42732    0.611286
1500021938      382   43181    0.617709
1500021939      387   43568    0.623245
1500021940      500   44068    0.630398
1500021941      335   44403    0.63519
1500021942      500   44903    0.642343
1500021943      350   45253    0.647349
1500021944      500   45753    0.654502
1500021945      370   46162    0.660353
1500021946      507   46669    0.667605
1500021947      369   47117    0.674014
1500021948      367   47484    0.679264
1500021949      500   47984    0.686417
1500021950      369   48353    0.691695
1500021951      499   48852    0.698833
1500021952      353   49205    0.703883
1500021953      500   49705    0.711036
1500021955      348   50098    0.716658
1500021956      507   50605    0.72391
1500021957      383   51053    0.730319
1500021958      369   51422    0.735598
1500021959      500   51922    0.74275
1500021960      370   52292    0.748043
1500021961      500   52792    0.755196
1500021962      333   53125    0.759959
1500021963      500   53625    0.767112
1500021964      374   54034    0.772963
1500021965      507   54541    0.780215
1500021966      380   54989    0.786624
1500021967      432   55421    0.792804
1500021968      500   55921    0.799956
1500021969      343   56264    0.804863
1500021970      500   56764    0.812016
1500021971      246   57015    0.815606
1500021972      506   57521    0.822845
1500021973      384   57970    0.829268
1500021974      507   58477    0.83652
1500021975      372   58925    0.842929
1500021976      361   59286    0.848093
1500021977      500   59786    0.855246
1500021978      368   60154    0.86051
1500021979      500   60654    0.867662
1500021980      371   61025    0.87297
1500021981      500   61525    0.880122
1500021982      366   61906    0.885572
1500021983      507   62413    0.892825
1500021985      384   62861    0.899234
1500021986      356   63217    0.904326
1500021987      500   63717    0.911479
1500021988      367   64084    0.916729
1500021989      500   64584    0.923882
1500021990      372   64956    0.929203
1500021991      500   65456    0.936356
1500021992      307   65842    0.941877
1500021993      507   66349    0.94913
1500021994      385   66797    0.955539
1500021995      422   67219    0.961576
1500021996      500   67719    0.968728
1500021997      349   68068    0.973721
1500021998      500   68568    0.980873
1500021999      343   68911    0.98578
1500022000      500   69411    0.992932
1500022001      351   69778    0.998182
1500022002      507   70285    1.00543
1500022003      369   70733    1.01184
1500022004      367   71100    1.01709
1500022005      499   71599    1.02423
1500022006      351   71950    1.02925
1500022007      500   72450    1.03641
1500022008      352   72802    1.04144
1500022009      499   73301    1.04858
1500022010      373   73714    1.05449
1500022011      507   74221    1.06174
1500022013      384   74669    1.06815
1500022014      368   75037    1.07341
1500022015      500   75537    1.08057
1500022016      357   75894    1.08567
1500022017      499   76393    1.09281
1500022018      368   76761    1.09807
1500022019      500   77261    1.10523
1500022020      370   77650    1.11079
1500022021      507   78157    1.11804
1500022022      380   78605    1.12445
1500022023      361   78966    1.12962
1500022024      499   79465    1.13676
1500022025      365   79830    1.14198
1500022026      500   80330    1.14913
1500022027      278   80631    1.15344
1500022028      507   81138    1.16069
1500022029      374   81586    1.1671
1500022030      506   82092    1.17434
1500022031      383   82541    1.18076
1500022032      414   82955    1.18668
1500022033      500   83455    1.19383
1500022034      371   83826    1.19914
1500022035      500   84326    1.20629
1500022036      369   84695    1.21157
1500022037      500   85195    1.21872
1500022038      371   85566    1.22403
1500022039      500   86066    1.23118
1500022040      366   86477    1.23706
1500022041      366   86843    1.2423
1500022042      500   87343    1.24945
1500022043      370   87713    1.25474
1500022044      500   88213    1.2619
1500022045      370   88583    1.26719
1500022046      500   89083    1.27434
1500022047      351   89458    1.27971
1500022048      507   89965    1.28696
1500022050      370   90413    1.29337
1500022051      367   90780    1.29862
1500022052      499   91279    1.30576
1500022053      354   91633    1.31082
1500022054      500   92133    1.31797
1500022055      368   92501    1.32324
1500022056      499   93000    1.33038
1500022057      358   93394    1.33601
1500022058      507   93901    1.34326
1500022059      382   94349    1.34967
1500022060      430   94779    1.35582
1500022061      500   95279    1.36298
1500022062      371   95650    1.36828
1500022063      500   96150    1.37544
1500022064      347   96497    1.3804
1500022065      499   96996    1.38754
1500022066      370   97366    1.39283
1500022067      500   97866    1.39998
1500022068      352   98285    1.40598
1500022069      432   98717    1.41216
1500022070      500   99217    1.41931
1500022071      371   99588    1.42462
1500022072      500   100088    1.43177
1500022073      347   100435    1.43673
1500022074      500   100935    1.44389
1500022075      352   101287    1.44892
1500022076      500   101787    1.45607
1500022077      379   102221    1.46228
1500022078      361   102582    1.46745
1500022079      500   103082    1.4746
1500022080      369   103451    1.47988
1500022081      500   103951    1.48703
1500022082      366   104317    1.49227
1500022083      500   104817    1.49942
1500022084      368   105202    1.50493
1500022085      507   105709    1.51218
1500022086      364   106157    1.51859
1500022087      363   106520    1.52378
1500022088      500   107020    1.53093
1500022089      344   107364    1.53585
1500022090      500   107864    1.54301
1500022091      366   108230    1.54824
1500022092      500   108730    1.5554
1500022094      374   109138    1.56123
1500022095      507   109645    1.56848
1500022096      384   110093    1.57489
1500022097      374   110467    1.58024
1500022098      500   110967    1.5874
1500022099      350   111317    1.5924
1500022100      500   111817    1.59956
1500022101      341   112158    1.60443
1500022102      500   112658    1.61159
1500022103      338   113074    1.61754
1500022104      507   113581    1.62479
1500022105      379   114029    1.6312
1500022106      353   114382    1.63625
1500022107      500   114882    1.6434
1500022108      361   115243    1.64856
1500022109      500   115743    1.65572
1500022110      341   116084    1.66059
1500022111      500   116584    1.66775
1500022112      347   117010    1.67384
1500022113      507   117517    1.68109
1500022115      366   117965    1.6875
1500022116      365   118330    1.69272
1500022117      500   118830    1.69988
1500022118      344   119174    1.7048
1500022119      500   119674    1.71195
1500022120      350   120024    1.71696
1500022121      500   120524    1.72411
1500022122      376   120946    1.73015
1500022123      507   121453    1.7374
1500022124      382   121901    1.74381
1500022125      402   122303    1.74956
1500022126      500   122803    1.75671
1500022127      365   123168    1.76193
1500022128      500   123668    1.76908
1500022129      348   124016    1.77406
1500022130      499   124515    1.7812
1500022131      364   124882    1.78645
1500022132      506   125388    1.79369
1500022133      382   125837    1.80011
1500022134      360   126197    1.80526
1500022135      500   126697    1.81242
1500022136      371   127068    1.81772
1500022137      500   127568    1.82487
1500022138      366   127934    1.83011
1500022139      500   128434    1.83726
1500022140      370   128818    1.84276
1500022141      507   129325    1.85001
1500022142      384   129773    1.85642
1500022143      356   130129    1.86151
1500022144      500   130629    1.86866
1500022145      369   130998    1.87394
1500022146      500   131498    1.88109
1500022147      296   131799    1.8854
1500022148      507   132306    1.89265
1500022149      367   132754    1.89906
1500022150      507   133261    1.90631
1500022152      370   133709    1.91272
1500022153      432   134141    1.9189
1500022154      499   134640    1.92604
1500022155      354   134994    1.9311
1500022156      500   135494    1.93826
1500022157      353   135847    1.94331
1500022158      500   136347    1.95046
1500022159      370   136717    1.95575
1500022160      500   137217    1.9629
1500022161      350   137645    1.96903
1500022162      358   138003    1.97415
1500022163      499   138502    1.98129
1500022164      368   138870    1.98655
1500022165      500   139370    1.9937
1500022166      350   139720    1.99871
1500022167      500   140220    2.00586
1500022168      375   140626    2.01167
1500022169      507   141133    2.01892
1500022170      371   141581    2.02533
1500022171      355   141936    2.03041
1500022172      500   142436    2.03756
1500022173      370   142806    2.04286
1500022174      500   143306    2.05001
1500022175      372   143678    2.05533
1500022176      500   144178    2.06248
1500022177      366   144562    2.06798
1500022178      507   145069    2.07523
1500022179      371   145517    2.08164
1500022180      365   145882    2.08686
1500022181      500   146382    2.09401
1500022182      368   146750    2.09928
1500022183      500   147250    2.10643
1500022184      350   147600    2.11143
1500022185      500   148100    2.11859
1500022187      368   148498    2.12428
1500022188      507   149005    2.13153
1500022189      381   149453    2.13794
1500022190      363   149816    2.14314
1500022191      499   150315    2.15027
1500022192      329   150644    2.15498
1500022193      500   151144    2.16213
1500022194      371   151515    2.16744
1500022195      499   152014    2.17458
1500022196      379   152434    2.18059
1500022197      506   152940    2.18782
1500022198      385   153389    2.19425
1500022199      365   153754    2.19947
1500022200      500   154254    2.20662
1500022201      338   154592    2.21146
1500022202      499   155091    2.21859
1500022203      350   155441    2.2236
1500022204      500   155941    2.23075
1500022205      367   156370    2.23689
1500022206      506   156876    2.24413
1500022207      384   157325    2.25055
1500022208      365   157690    2.25577
1500022209      500   158190    2.26293
1500022210      370   158560    2.26822
1500022211      500   159060    2.27537
1500022212      370   159430    2.28066
1500022213      500   159930    2.28782
1500022214      366   160306    2.2932
1500022215      507   160813    2.30045
1500022217      371   161261    2.30686
1500022218      402   161663    2.31261
1500022219      499   162162    2.31975
1500022220      368   162530    2.32501
1500022221      500   163030    2.33216
1500022222      325   163355    2.33681
1500022223      499   163854    2.34395
1500022224      368   164242    2.3495
1500022225      506   164748    2.35674
1500022226      368   165197    2.36316
1500022227      357   165554    2.36827
1500022228      499   166053    2.37541
1500022229      369   166422    2.38069
1500022230      500   166922    2.38784
1500022231      363   167285    2.39303
1500022232      500   167785    2.40018
1500022233      357   168178    2.40581
1500022234      507   168685    2.41306
1500022235      360   169133    2.41947
1500022236      372   169505    2.42479
1500022237      500   170005    2.43194
1500022238      370   170375    2.43723
1500022239      500   170875    2.44439
1500022240      371   171246    2.44969
1500022241      500   171746    2.45685
1500022242      362   172114    2.46211
1500022243      507   172621    2.46936
1500022244      384   173069    2.47577
1500022245      441   173510    2.48208
1500022246      500   174010    2.48923
1500022247      349   174359    2.49423
1500022248      499   174858    2.50136
1500022249      372   175230    2.50669
1500022250      500   175730    2.51384
1500022251      347   176077    2.5188
1500022252      499   176576    2.52594
1500022253      379   177005    2.53208
1500022254      363   177368    2.53727
1500022255      500   177868    2.54442
1500022256      371   178239    2.54973
1500022257      499   178738    2.55687
1500022258      346   179084    2.56182
1500022259      500   179584    2.56897
1500022261      374   179986    2.57472
1500022262      507   180493    2.58197
1500022263      381   180941    2.58838
1500022264      358   181299    2.5935
1500022265      501   181800    2.60067
1500022266      349   182149    2.60566
1500022267      499   182648    2.6128
1500022268      352   183000    2.61784
1500022269      500   183500    2.62499
1500022270      356   183922    2.63103
1500022271      507   184429    2.63828
1500022272      381   184877    2.64469
1500022273      362   185239    2.64987
1500022274      500   185739    2.65702
1500022275      370   186109    2.66231
1500022276      500   186609    2.66946
1500022277      326   186935    2.67413
1500022278      500   187435    2.68128
1500022279      379   187858    2.68733
1500022280      507   188365    2.69458
1500022281      382   188813    2.70099
1500022282      368   189181    2.70626
1500022283      500   189681    2.71341
1500022284      347   190028    2.71837
1500022285      500   190528    2.72552
1500022286      372   190900    2.73085
1500022287      500   191400    2.738
1500022288      371   191794    2.74364
1500022289      506   192300    2.75087
1500022291      384   192749    2.7573
1500022292      364   193113    2.7625
1500022293      500   193613    2.76966
1500022294      350   193963    2.77466
1500022295      500   194463    2.78182
1500022296      369   194832    2.78709
1500022297      500   195332    2.79425
1500022298      372   195730    2.79994
1500022299      507   196237    2.80719
1500022300      369   196685    2.8136
1500022301      359   197044    2.81874
1500022302      500   197544    2.82589
1500022303      368   197912    2.83115
1500022304      500   198412    2.83831
1500022305      371   198783    2.84361
1500022306      500   199283    2.85077
1500022307      369   199666    2.85625
1500022308      506   200172    2.86348
1500022309      362   200621    2.86991
1500022310      400   201021    2.87563
1500022311      500   201521    2.88278
1500022312      307   201828    2.88717
1500022313      500   202328    2.89433
1500022314      372   202700    2.89965
1500022315      499   203199    2.90679
1500022316      372   203602    2.91255
1500022317      507   204109    2.9198
1500022318      384   204557    2.92621
1500022319      358   204915    2.93133
1500022320      500   205415    2.93849
1500022321      371   205786    2.94379
1500022322      500   206286    2.95094
1500022323      359   206645    2.95608
1500022324      499   207144    2.96322
1500022325      371   207538    2.96885
1500022326      506   208044    2.97609
1500022328      383   208493    2.98252
1500022329      366   208859    2.98775
1500022330      499   209358    2.99489
1500022331      363   209721    3.00008
1500022332      500   210221    3.00724
1500022333      342   210563    3.01213
1500022334      499   211062    3.01927
1500022335      372   211474    3.02516
1500022336      506   211980    3.0324
1500022337      373   212429    3.03882
1500022338      435   212864    3.04504
1500022339      500   213364    3.0522
1500022340      348   213712    3.05717
1500022341      499   214211    3.06431
1500022342      313   214524    3.06879
1500022343      500   215024    3.07594
1500022344      350   215410    3.08146
1500022345      507   215917    3.08872
1500022346      382   216365    3.09513
1500022347      355   216720    3.1002
1500022348      500   217220    3.10736
1500022349      326   217546    3.11202
1500022350      499   218045    3.11916
1500022351      346   218391    3.12411
1500022352      506   218897    3.13135
1500022353      385   219346    3.13777
1500022354      507   219853    3.14502
1500022356      383   220301    3.15143
1500022357      355   220656    3.15651
1500022358      500   221156    3.16366
1500022359      370   221526    3.16895
1500022360      500   222026    3.17611
1500022361      333   222359    3.18087
1500022362      499   222858    3.18801
1500022363      317   223282    3.19407
1500022364      506   223788    3.20131
1500022365      383   224237    3.20774
1500022366      404   224641    3.21352
1500022367      500   225141    3.22067
1500022368      362   225503    3.22585
1500022369      500   226003    3.233
1500022370      370   226373    3.23829
1500022371      500   226873    3.24544
1500022372      366   227239    3.25068
1500022373      500   227739    3.25783
1500022374      380   228173    3.26404
1500022375      356   228529    3.26913
1500022376      500   229029    3.27629
1500022377      370   229399    3.28158
1500022378      500   229899    3.28873
1500022379      333   230232    3.2935
1500022380      500   230732    3.30065
1500022381      378   231154    3.30668
1500022382      507   231661    3.31394
1500022383      383   232109    3.32035
1500022384      382   232491    3.32581
1500022385      499   232990    3.33295
1500022386      352   233342    3.33798
1500022387      500   233842    3.34514
1500022388      370   234212    3.35043
1500022389      500   234712    3.35758
1500022390      368   235090    3.36299
1500022391      506   235596    3.37023
1500022393      385   236045    3.37665
1500022394      342   236387    3.38154
1500022395      500   236887    3.3887
1500022396      370   237257    3.39399
1500022397      499   237756    3.40113
1500022398      302   238071    3.40563
1500022399      507   238578    3.41289
1500022400      380   239026    3.41929
1500022401      506   239532    3.42653
1500022402      383   239981    3.43296
1500022403      371   240352    3.43826
1500022404      500   240852    3.44542
1500022405      371   241223    3.45072
1500022406      499   241722    3.45786
1500022407      345   242067    3.4628
1500022408      500   242567    3.46995
1500022409      371   242962    3.4756
1500022410      506   243468    3.48284
1500022411      384   243917    3.48926
1500022412      357   244274    3.49437
1500022413      500   244774    3.50152
1500022414      370   245144    3.50681
1500022415      500   245644    3.51397
1500022416      373   246017    3.5193
1500022417      500   246517    3.52645
1500022418      342   246898    3.5319
1500022419      507   247405    3.53916
1500022421      384   247853    3.54557
1500022422      367   248220    3.55082
1500022423      500   248720    3.55797
1500022424      353   249073    3.56302
1500022425      500   249573    3.57017
1500022426      369   249942    3.57545
