1486394589      0   0    0
1486394590      0   0    0
1486394591      0   0    0
1486394592      0   0    0
1486394593      0   0    0
1486394594      0   0    0
1486394595      31   31    0.000325203
1486394596      46   78    0.000818253
1486394597      48   127    0.00133228
1486394598      49   177    0.0018568
1486394599      48   226    0.00237083
1486394600      50   277    0.00290585
1486394601      51   329    0.00345135
1486394602      50   380    0.00398636
1486394603      51   432    0.00453186
1486394604      53   485    0.00508785
1486394605      53   539    0.00565434
1486394606      50   589    0.00617886
1486394607      53   643    0.00674534
1486394608      49   693    0.00726986
1486394609      51   744    0.00780487
1486394610      50   794    0.00832939
1486394611      49   843    0.00884342
1486394612      49   892    0.00935745
1486394613      49   941    0.00987148
1486394614      49   991    0.010396
1486394615      49   1041    0.0109205
1486394616      50   1091    0.011445
1486394617      49   1140    0.0119591
1486394618      49   1190    0.0124836
1486394619      48   1239    0.0129976
1486394620      50   1289    0.0135221
1486394621      49   1339    0.0140467
1486394622      49   1389    0.0145712
1486394623      31   1420    0.0148964
1486394624      48   1469    0.0154104
1486394625      49   1519    0.0159349
1486394626      49   1568    0.016449
1486394627      36   1604    0.0168266
1486394628      32   1637    0.0171728
1486394629      48   1685    0.0176764
1486394630      19   1704    0.0178757
1486394631      51   1755    0.0184107
1486394632      52   1807    0.0189562
1486394633      32   1839    0.0192919
1486394634      17   1856    0.0194702
1486394635      0   1856    0.0194702
1486394636      0   1856    0.0194702
1486394637      0   1856    0.0194702
1486394638      0   1856    0.0194702
1486394639      0   1856    0.0194702
1486394640      0   1856    0.0194702
1486394641      0   1856    0.0194702
1486394642      0   1856    0.0194702
1486394643      0   1856    0.0194702
1486394644      0   1856    0.0194702
1486394645      0   1856    0.0194702
1486394646      0   1856    0.0194702
1486394647      0   1856    0.0194702
1486394648      0   1856    0.0194702
1486394649      0   1856    0.0194702
1486394650      0   1856    0.0194702
1486394651      0   1856    0.0194702
1486394652      0   1856    0.0194702
1486394653      0   1856    0.0194702
1486394654      0   1856    0.0194702
1486394655      0   1856    0.0194702
1486394656      0   1856    0.0194702
1486394657      0   1856    0.0194702
1486394658      0   1856    0.0194702
1486394659      0   1856    0.0194702
1486394660      0   1856    0.0194702
1486394661      0   1856    0.0194702
1486394662      0   1856    0.0194702
1486394663      0   1856    0.0194702
1486394664      0   1856    0.0194702
1486394665      0   1856    0.0194702
1486394666      0   1856    0.0194702
1486394667      0   1856    0.0194702
1486394668      0   1856    0.0194702
1486394669      0   1856    0.0194702
1486394670      0   1856    0.0194702
1486394671      0   1856    0.0194702
1486394672      0   1856    0.0194702
1486394673      0   1856    0.0194702
1486394674      0   1856    0.0194702
1486394675      0   1856    0.0194702
1486394676      0   1856    0.0194702
1486394677      2   1858    0.0194912
1486394678      0   1858    0.0194912
1486394679      0   1858    0.0194912
1486394680      0   1858    0.0194912
1486394681      0   1858    0.0194912
1486394682      0   1858    0.0194912
1486394683      0   1858    0.0194912
1486394684      0   1858    0.0194912
1486394685      0   1858    0.0194912
1486394686      0   1858    0.0194912
1486394687      0   1858    0.0194912
1486394688      0   1858    0.0194912
1486394689      0   1858    0.0194912
1486394690      0   1858    0.0194912
1486394691      0   1858    0.0194912
1486394692      0   1858    0.0194912
1486394693      0   1858    0.0194912
1486394694      0   1858    0.0194912
1486394695      0   1858    0.0194912
1486394696      0   1858    0.0194912
1486394697      0   1858    0.0194912
1486394698      0   1858    0.0194912
1486394699      0   1858    0.0194912
1486394700      0   1858    0.0194912
1486394701      0   1858    0.0194912
1486394702      0   1858    0.0194912
1486394703      0   1858    0.0194912
1486394704      0   1858    0.0194912
1486394705      0   1858    0.0194912
1486394706      0   1858    0.0194912
1486394707      0   1858    0.0194912
1486394708      0   1858    0.0194912
1486394709      0   1858    0.0194912
1486394710      0   1858    0.0194912
1486394711      0   1858    0.0194912
1486394712      0   1858    0.0194912
1486394713      0   1858    0.0194912
1486394714      0   1858    0.0194912
1486394715      0   1858    0.0194912
1486394716      0   1858    0.0194912
1486394717      0   1858    0.0194912
1486394718      0   1858    0.0194912
1486394719      0   1858    0.0194912
1486394720      0   1858    0.0194912
1486394721      0   1858    0.0194912
1486394722      0   1858    0.0194912
1486394723      0   1858    0.0194912
1486394724      0   1858    0.0194912
1486394725      0   1858    0.0194912
1486394726      0   1858    0.0194912
1486394727      0   1858    0.0194912
1486394728      0   1858    0.0194912
1486394729      0   1858    0.0194912
1486394730      0   1858    0.0194912
1486394731      0   1858    0.0194912
1486394732      0   1858    0.0194912
1486394733      0   1858    0.0194912
1486394734      0   1858    0.0194912
1486394735      0   1858    0.0194912
1486394736      0   1858    0.0194912
1486394737      0   1858    0.0194912
1486394738      0   1858    0.0194912
1486394739      0   1858    0.0194912
1486394740      0   1858    0.0194912
1486394741      0   1858    0.0194912
1486394742      0   1858    0.0194912
1486394743      0   1858    0.0194912
1486394744      0   1858    0.0194912
1486394745      0   1858    0.0194912
1486394746      0   1858    0.0194912
1486394747      0   1858    0.0194912
1486394748      0   1858    0.0194912
1486394749      0   1858    0.0194912
1486394750      0   1858    0.0194912
1486394751      0   1858    0.0194912
1486394752      0   1858    0.0194912
1486394753      0   1858    0.0194912
1486394754      1   1859    0.0195017
