1500364072      999   999    0
1500364073      996   1995    0
1500364074      1000   2995    0
1500364075      999   3994    0
1500364076      1000   4994    0
1500364077      999   5993    0
1500364078      1000   6993    0
1500364079      999   7992    0
1500364080      1000   8992    0
1500364081      999   9991    0
1500364082      1000   10991    0
1500364083      999   11990    0
1500364084      1000   12990    0
1500364085      1000   13990    0
1500364086      999   14989    0
1500364087      1000   15989    0
1500364088      999   16988    0
1500364089      1000   17988    0
1500364090      999   18987    0
1500364091      1000   19987    0
1500364092      999   20986    0
1500364093      1000   21986    0
1500364094      999   22985    0
1500364095      1000   23985    0
1500364096      999   24984    0
1500364097      1000   25984    0
1500364098      1000   26984    0
1500364099      999   27983    0
1500364100      1000   28983    0
1500364101      999   29982    0
1500364102      1000   30982    0
1500364103      999   31981    0
1500364104      1000   32981    0
1500364105      999   33980    0
1500364106      1000   34980    0
1500364107      999   35979    0
1500364108      1000   36979    0
1500364109      999   37978    0
1500364110      1000   38978    0
1500364111      1000   39978    0
1500364112      999   40977    0
1500364113      1000   41977    0
1500364114      999   42976    0
1500364115      1000   43976    0
1500364116      999   44975    0
1500364117      1000   45975    0
1500364118      999   46974    0
1500364119      1000   47974    0
1500364120      999   48973    0
1500364121      1000   49973    0
1500364122      999   50972    0
1500364123      1000   51972    0
1500364124      999   52971    0
1500364125      1000   53971    0
1500364126      1000   54971    0
1500364127      999   55970    0
1500364128      1000   56970    0
1500364129      999   57969    0
1500364130      1000   58969    0
1500364131      999   59968    0
1500364132      1000   60968    0
1500364133      999   61967    0
1500364134      1000   62967    0
1500364135      999   63966    0
1500364136      1000   64966    0
1500364137      999   65965    0
1500364138      1000   66965    0
1500364139      999   67964    0
1500364140      1000   68964    0
1500364141      1000   69964    0
1500364142      999   70963    0
1500364143      1000   71963    0
1500364144      999   72962    0
1500364145      1000   73962    0
1500364146      999   74961    0
1500364147      1000   75961    0
1500364148      999   76960    0
1500364149      1000   77960    0
1500364150      999   78959    0
1500364151      882   79841    0
1500364152      999   80840    0
1500364153      1000   81840    0
1500364154      999   82839    0
1500364155      933   83772    0
1500364156      1000   84772    0
1500364157      999   85771    0
1500364158      953   86724    0
1500364159      999   87723    0
1500364160      1000   88723    0
1500364161      952   89675    0
1500364162      1000   90675    0
1500364163      999   91674    0
1500364164      953   92627    0
1500364165      999   93626    0
1500364166      1000   94626    0
1500364167      999   95625    0
1500364168      952   96577    0
1500364169      1000   97577    0
1500364170      999   98576    0
1500364171      932   99508    0
1500364172      999   100507    0
1500364173      999   101506    0
1500364174      952   102458    0
1500364175      1000   103458    0
1500364176      999   104457    0
1500364177      1000   105457    0
1500364178      952   106409    0
1500364179      1000   107409    0
1500364180      999   108408    0
1500364181      953   109361    0
1500364182      997   110358    0
1500364183      999   111357    0
1500364184      953   112310    0
1500364185      999   113309    0
1500364186      1000   114309    0
1500364187      999   115308    0
1500364188      944   116252    0
1500364189      999   117251    0
1500364190      1000   118251    0
1500364191      951   119202    0
1500364192      1000   120202    0
1500364193      999   121201    0
1500364194      952   122153    0
1500364195      999   123152    0
1500364196      1000   124152    0
1500364197      946   125115    0
1500364198      1007   126122    0
1500364199      999   127121    0
1500364200      1000   128121    0
1500364201      951   129072    0
1500364202      1000   130072    0
1500364203      999   131071    0
1500364204      952   132023    0
1500364205      999   133022    0
1500364206      1000   134022    0
1500364207      951   134973    0
1500364208      1000   135973    0
1500364209      1000   136973    0
1500364210      999   137972    0
1500364211      937   138909    0
1500364212      999   139908    0
1500364213      1000   140908    0
1500364214      951   141859    0
1500364215      1000   142859    0
1500364216      999   143858    0
1500364217      952   144810    0
1500364218      999   145809    0
1500364219      1000   146809    0
1500364220      999   147808    0
1500364221      924   148732    0
1500364222      1000   149732    0
1500364223      999   150731    0
1500364224      952   151683    0
1500364225      999   152682    0
1500364226      1000   153682    0
1500364227      951   154633    0
1500364228      1000   155633    0
1500364229      999   156632    0
1500364230      948   157625    0
1500364231      1006   158631    0
1500364232      928   159559    0
1500364233      999   160558    0
1500364234      1000   161558    0
1500364235      953   162511    0
1500364236      999   163510    0
1500364237      1000   164510    0
1500364238      999   165509    0
1500364239      952   166461    0
1500364240      999   167460    0
1500364241      1000   168460    0
1500364242      950   169410    0
1500364243      1000   170410    0
1500364244      999   171409    0
1500364245      952   172361    0
1500364246      999   173360    0
1500364247      1000   174360    0
1500364248      1000   175360    0
1500364249      935   176295    0
1500364250      1000   177295    0
1500364251      999   178294    0
1500364252      952   179246    0
1500364253      999   180245    0
1500364254      1000   181245    0
1500364255      951   182196    0
1500364256      1000   183196    0
1500364257      999   184195    0
1500364258      1000   185195    0
1500364259      916   186111    0
1500364260      1000   187111    0
1500364261      1000   188111    0
1500364262      951   189062    0
1500364263      1000   190062    0
1500364264      999   191061    0
1500364265      943   192004    0
1500364266      999   193003    0
1500364267      1000   194003    0
1500364268      945   194962    0
1500364269      1006   195968    0
1500364270      1000   196968    0
1500364271      999   197967    0
1500364272      952   198919    0
1500364273      999   199918    0
1500364274      1000   200918    0
1500364275      952   201870    0
1500364276      999   202869    0
1500364277      1000   203869    0
1500364278      951   204820    0
1500364279      1000   205820    0
1500364280      999   206819    0
1500364281      1000   207819    0
1500364282      951   208770    0
1500364283      1000   209770    0
1500364284      999   210769    0
1500364285      952   211721    0
1500364286      999   212720    0
1500364287      1000   213720    0
1500364288      952   214672    0
1500364289      999   215671    0
1500364290      1000   216671    0
1500364291      999   217670    0
1500364292      926   218596    0
1500364293      999   219595    0
1500364294      1000   220595    0
1500364295      951   221546    0
1500364296      1000   222546    0
1500364297      999   223545    0
1500364298      952   224497    0
1500364299      999   225496    0
1500364300      1000   226496    0
1500364301      946   227472    0
1500364302      1006   228478    0
1500364303      1000   229478    0
1500364304      996   230474    0
1500364305      952   231426    0
1500364306      995   232421    0
1500364307      1000   233421    0
1500364308      951   234372    0
1500364309      1000   235372    0
1500364310      1000   236372    0
1500364311      951   237323    0
1500364312      1000   238323    0
1500364313      928   239251    0
1500364314      1000   240251    0
1500364315      999   241250    0
1500364316      952   242202    0
1500364317      999   243201    0
1500364318      1000   244201    0
1500364319      999   245200    0
1500364320      931   246131    0
1500364321      999   247130    0
1500364322      1000   248130    0
1500364323      952   249082    0
1500364324      999   250081    0
1500364325      1000   251081    0
1500364326      951   252032    0
1500364327      1000   253032    0
1500364328      999   254031    0
1500364329      1000   255031    0
1500364330      926   255957    0
1500364331      1000   256957    0
1500364332      999   257956    0
1500364333      953   258909    0
1500364334      999   259908    0
1500364335      1000   260908    0
1500364336      946   261854    0
1500364337      999   262853    0
1500364338      1000   263853    0
1500364339      945   264809    0
1500364340      1006   265815    0
1500364341      1000   266815    0
1500364342      999   267814    0
1500364343      940   268754    0
1500364344      999   269753    0
1500364345      1000   270753    0
1500364346      952   271705    0
1500364347      999   272704    0
1500364348      1000   273704    0
1500364349      951   274655    0
1500364350      1000   275655    0
1500364351      999   276654    0
1500364352      1000   277654    0
1500364353      951   278605    0
1500364354      1000   279605    0
1500364355      999   280604    0
1500364356      952   281556    0
1500364357      999   282555    0
1500364358      1000   283555    0
1500364359      952   284507    0
1500364360      999   285506    0
1500364361      1000   286506    0
1500364362      999   287505    0
1500364363      927   288432    0
1500364364      999   289431    0
1500364365      1000   290431    0
1500364366      952   291383    0
1500364367      1000   292383    0
1500364368      999   293382    0
1500364369      952   294334    0
1500364370      999   295333    0
1500364371      1000   296333    0
1500364372      947   297319    0
1500364373      1006   298325    0
1500364374      1000   299325    0
1500364375      999   300324    0
1500364376      953   301277    0
1500364377      999   302276    0
1500364378      1000   303276    0
1500364379      952   304228    0
1500364380      1000   305228    0
1500364381      1000   306228    0
1500364382      952   307180    0
1500364383      1000   308180    0
1500364384      999   309179    0
1500364385      997   310176    0
1500364386      952   311128    0
1500364387      1000   312128    0
1500364388      999   313127    0
1500364389      953   314080    0
1500364390      999   315079    0
1500364391      1000   316079    0
1500364392      952   317031    0
1500364393      1000   318031    0
1500364394      929   318960    0
1500364395      999   319959    0
1500364396      1000   320959    0
1500364397      952   321911    0
1500364398      1000   322911    0
1500364399      999   323910    0
1500364400      948   324903    0
1500364401      1007   325910    0
1500364402      999   326909    0
1500364403      1000   327909    0
1500364404      952   328861    0
1500364405      1000   329861    0
1500364406      999   330860    0
1500364407      953   331813    0
1500364408      999   332812    0
1500364409      1000   333812    0
1500364410      952   334764    0
1500364411      999   335763    0
1500364412      997   336760    0
1500364413      1000   337760    0
1500364414      952   338712    0
1500364415      1000   339712    0
1500364416      1000   340712    0
1500364417      952   341664    0
1500364418      1000   342664    0
1500364419      999   343663    0
1500364420      953   344616    0
1500364421      999   345615    0
1500364422      1000   346615    0
1500364423      999   347614    0
1500364424      912   348526    0
1500364425      998   349524    0
1500364426      1000   350524    0
1500364427      952   351476    0
1500364428      997   352473    0
1500364429      1000   353473    0
1500364430      952   354425    0
1500364431      1000   355425    0
1500364432      999   356424    0
1500364433      948   357413    0
1500364434      1007   358420    0
1500364435      999   359419    0
1500364436      1000   360419    0
1500364437      952   361371    0
1500364438      1000   362371    0
1500364439      999   363370    0
1500364440      953   364323    0
1500364441      999   365322    0
1500364442      1000   366322    0
1500364443      952   367274    0
1500364444      1000   368274    0
1500364445      999   369273    0
1500364446      1000   370273    0
1500364447      953   371226    0
1500364448      999   372225    0
1500364449      1000   373225    0
1500364450      952   374177    0
1500364451      1000   375177    0
1500364452      999   376176    0
1500364453      953   377129    0
1500364454      999   378128    0
1500364455      1000   379128    0
1500364456      999   380127    0
1500364457      938   381065    0
1500364458      999   382064    0
1500364459      1000   383064    0
1500364460      953   384017    0
1500364461      999   385016    0
1500364462      1000   386016    0
1500364463      944   386960    0
1500364464      1000   387960    0
1500364465      999   388959    0
1500364466      947   389923    0
1500364467      1007   390930    0
1500364468      999   391929    0
1500364469      1000   392929    0
1500364470      952   393881    0
1500364471      1000   394881    0
1500364472      999   395880    0
1500364473      953   396833    0
1500364474      999   397832    0
1500364475      923   398755    0
1500364476      993   399748    0
1500364477      1000   400748    0
1500364478      953   401701    0
1500364479      999   402700    0
1500364480      1000   403700    0
1500364481      952   404652    0
1500364482      1000   405652    0
1500364483      999   406651    0
1500364484      1000   407651    0
1500364485      920   408571    0
1500364486      1000   409571    0
1500364487      999   410570    0
1500364488      953   411523    0
1500364489      999   412522    0
1500364490      1000   413522    0
1500364491      953   414475    0
1500364492      999   415474    0
1500364493      1000   416474    0
1500364494      999   417473    0
1500364495      935   418408    0
1500364496      999   419407    0
1500364497      1000   420407    0
1500364498      952   421359    0
1500364499      1000   422359    0
1500364500      999   423358    0
1500364501      942   424300    0
1500364502      999   425299    0
1500364503      1000   426299    0
1500364504      946   427260    0
1500364505      1007   428267    0
1500364506      999   429266    0
1500364507      1000   430266    0
1500364508      937   431203    0
1500364509      1000   432203    0
1500364510      999   433202    0
1500364511      953   434155    0
1500364512      999   435154    0
1500364513      1000   436154    0
1500364514      953   437107    0
1500364515      999   438106    0
1500364516      1000   439106    0
1500364517      999   440105    0
1500364518      939   441044    0
1500364519      997   442041    0
1500364520      1000   443041    0
1500364521      951   443992    0
1500364522      1000   444992    0
1500364523      999   445991    0
1500364524      952   446943    0
1500364525      999   447942    0
1500364526      1000   448942    0
1500364527      999   449941    0
1500364528      915   450856    0
1500364529      1000   451856    0
1500364530      999   452855    0
1500364531      941   453796    0
1500364532      999   454795    0
1500364533      1000   455795    0
1500364534      951   456746    0
1500364535      1000   457746    0
1500364536      999   458745    0
1500364537      1000   459745    0
1500364538      939   460684    0
1500364539      998   461682    0
1500364540      999   462681    0
1500364541      953   463634    0
1500364542      1000   464634    0
1500364543      999   465633    0
1500364544      953   466586    0
1500364545      996   467582    0
1500364546      1000   468582    0
1500364547      951   469533    0
1500364548      1000   470533    0
1500364549      999   471532    0
1500364550      1000   472532    0
1500364551      952   473484    0
1500364552      1000   474484    0
1500364553      999   475483    0
1500364554      952   476435    0
1500364555      1000   477435    0
1500364556      928   478363    0
1500364557      1000   479363    0
1500364558      999   480362    0
1500364559      952   481314    0
1500364560      999   482313    0
1500364561      1000   483313    0
1500364562      952   484265    0
1500364563      1000   485265    0
1500364564      999   486264    0
1500364565      1000   487264    0
1500364566      934   488198    0
1500364567      1000   489198    0
1500364568      999   490197    0
1500364569      928   491125    0
1500364570      1000   492125    0
1500364571      999   493124    0
1500364572      953   494077    0
1500364573      999   495076    0
1500364574      1000   496076    0
1500364575      999   497075    0
1500364576      936   498011    0
1500364577      999   499010    0
