1487046311      967   967    0.0101442
1487046312      981   1948    0.0204353
1487046313      997   2945    0.0308943
1487046314      1000   3945    0.0413847
1487046315      607   4560    0.0478363
1487046316      809   5369    0.0563231
1487046317      649   6018    0.0631313
1487046318      550   6700    0.0702858
1487046319      808   7508    0.0787621
1487046321      428   8049    0.0844374
1487046322      817   8866    0.093008
1487046323      747   9613    0.100844
1487046324      556   10189    0.106887
1487046325      809   10998    0.115374
1487046326      742   11740    0.123158
1487046327      422   12162    0.127584
1487046328      790   12952    0.135872
1487046329      629   13581    0.14247
1487046330      583   14213    0.1491
1487046331      810   15023    0.157598
1487046332      745   15768    0.165413
1487046333      369   16137    0.169284
1487046334      809   16946    0.177771
1487046335      619   17565    0.184264
1487046336      575   18237    0.191314
1487046337      807   19044    0.19978
1487046338      743   19787    0.207574
1487046339      408   20195    0.211854
1487046340      803   20998    0.220278
1487046341      647   21645    0.227065
1487046342      525   22261    0.233527
1487046343      809   23070    0.242014
1487046344      642   23866    0.250364
1487046345      805   24671    0.258809
1487046346      495   25215    0.264516
1487046347      727   25942    0.272142
1487046348      771   26713    0.280231
1487046350      564   27355    0.286965
1487046351      793   28148    0.295284
1487046352      418   28566    0.299669
1487046353      573   29239    0.306729
1487046354      801   30040    0.315132
1487046355      645   30844    0.323566
1487046356      809   31653    0.332053
1487046357      558   32211    0.337907
1487046358      669   32880    0.344925
1487046359      804   33684    0.353359
1487046360      596   34333    0.360168
1487046361      771   35104    0.368256
1487046362      780   35884    0.376438
1487046363      591   36475    0.382638
1487046364      746   37221    0.390464
1487046365      581   37822    0.396769
1487046366      800   38622    0.405161
1487046367      774   39396    0.41328
1487046368      563   39962    0.419218
1487046369      805   40767    0.427663
1487046370      540   41311    0.43337
1487046371      776   42087    0.44151
1487046372      806   42893    0.449965
1487046373      608   43501    0.456344
1487046374      648   44265    0.464358
1487046375      810   45075    0.472856
1487046377      658   45870    0.481195
1487046378      808   46678    0.489672
1487046379      662   47475    0.498033
1487046380      800   48275    0.506425
1487046381      592   48867    0.512635
1487046382      804   49671    0.52107
1487046383      656   50429    0.529021
1487046384      806   51235    0.537477
1487046385      668   52034    0.545858
1487046386      806   52840    0.554314
1487046387      618   53458    0.560797
1487046388      801   54259    0.5692
1487046389      645   54988    0.576847
1487046390      811   55799    0.585355
1487046391      602   56401    0.59167
1487046392      808   57209    0.600146
1487046393      647   57942    0.607836
1487046394      812   58754    0.616354
1487046396      662   59547    0.624673
1487046397      811   60358    0.633181
1487046398      601   60959    0.639485
1487046399      803   61762    0.647909
1487046400      647   62501    0.655662
1487046401      810   63311    0.664159
1487046402      663   64106    0.672499
1487046403      805   64911    0.680943
1487046404      580   65491    0.687028
1487046405      795   66286    0.695368
1487046406      645   67060    0.703487
1487046407      734   67794    0.711187
1487046408      599   68409    0.717639
1487046409      752   69161    0.725528
1487046410      803   69964    0.733952
1487046411      599   70563    0.740235
1487046412      769   71332    0.748302
1487046413      803   72135    0.756726
1487046414      130   72265    0.75809
1487046415      630   72968    0.765465
1487046416      814   73782    0.774004
1487046417      665   74573    0.782302
1487046418      807   75380    0.790768
1487046420      666   76178    0.799139
1487046421      805   76983    0.807584
1487046422      609   77592    0.813972
1487046423      803   78395    0.822396
1487046424      640   79132    0.830128
1487046425      806   79938    0.838583
1487046426      578   80516    0.844646
1487046427      799   81315    0.853028
1487046428      706   82021    0.860435
1487046429      523   82621    0.866729
1487046430      807   83428    0.875195
1487046431      792   84220    0.883503
1487046432      602   84822    0.889818
1487046433      651   85575    0.897717
1487046434      774   86349    0.905837
1487046435      789   87138    0.914114
1487046436      567   87715    0.920167
1487046437      808   88523    0.928643
1487046438      478   89064    0.934319
1487046439      664   89728    0.941284
1487046440      803   90531    0.949708
1487046441      590   91204    0.956768
1487046442      763   91967    0.964772
1487046444      495   92553    0.97092
1487046445      360   93088    0.976532
1487046446      818   93906    0.985113
1487046447      707   94613    0.99253
1487046448      569   95228    0.998981
1487046449      807   96035    1.00745
1487046450      521   96577    1.01313
1487046451      673   97250    1.02019
1487046452      798   98048    1.02856
1487046453      587   98717    1.03558
1487046454      749   99466    1.04344
1487046455      801   100267    1.05184
1487046456      532   100799    1.05742
1487046457      641   101440    1.06415
1487046459      578   102206    1.07218
1487046460      804   103010    1.08062
1487046461      729   103739    1.08827
1487046462      567   104346    1.09463
1487046463      804   105150    1.10307
1487046464      566   105716    1.109
1487046465      806   106522    1.11746
1487046466      761   107283    1.12544
1487046467      571   107854    1.13143
1487046468      548   108649    1.13977
1487046469      810   109459    1.14827
1487046470      692   110151    1.15553
1487046471      589   110789    1.16222
1487046472      815   111604    1.17077
1487046473      750   112354    1.17864
1487046474      317   112673    1.18199
1487046475      807   113480    1.19045
1487046476      667   114147    1.19745
1487046477      601   114813    1.20444
1487046478      807   115620    1.2129
1487046479      766   116386    1.22094
1487046480      307   116697    1.2242
1487046481      813   117510    1.23273
1487046482      766   118276    1.24076
1487046483      563   118839    1.24667
1487046484      814   119653    1.25521
1487046485      761   120414    1.26319
1487046486      306   120721    1.26641
1487046487      814   121535    1.27495
1487046488      769   122304    1.28302
1487046489      566   122870    1.28896
1487046490      805   123675    1.2974
1487046491      775   124450    1.30553
1487046492      592   125042    1.31174
1487046494      648   125815    1.31985
1487046495      803   126618    1.32828
1487046496      667   127420    1.33669
1487046497      813   128233    1.34522
1487046498      603   128836    1.35154
1487046499      789   129625    1.35982
1487046500      648   130374    1.36768
1487046501      803   131177    1.3761
1487046502      666   131979    1.38451
1487046503      809   132788    1.393
1487046504      593   133381    1.39922
1487046505      694   134075    1.4065
1487046506      807   134882    1.41497
1487046507      518   135468    1.42112
1487046508      765   136233    1.42914
1487046509      608   136841    1.43552
1487046510      766   137607    1.44355
1487046511      759   138366    1.45152
1487046512      601   138967    1.45782
1487046513      797   139764    1.46618
1487046514      667   140562    1.47455
1487046515      806   141368    1.48301
1487046516      597   141965    1.48927
1487046517      807   142772    1.49774
1487046519      652   143516    1.50554
1487046520      812   144328    1.51406
1487046521      529   144865    1.51969
1487046522      811   145676    1.5282
1487046523      763   146439    1.53621
1487046524      563   147005    1.54214
1487046525      809   147814    1.55063
1487046526      725   148539    1.55824
1487046527      589   149128    1.56441
1487046528      766   149894    1.57245
1487046529      553   150494    1.57874
1487046530      815   151309    1.58729
1487046531      658   152099    1.59558
1487046532      810   152909    1.60408
1487046533      582   153491    1.61018
1487046534      808   154299    1.61866
1487046535      644   155053    1.62657
1487046536      813   155866    1.6351
1487046537      616   156658    1.64341
1487046538      775   157433    1.65154
1487046539      596   158029    1.65779
1487046540      804   158833    1.66622
1487046542      639   159612    1.6744
1487046543      774   160386    1.68252
1487046544      557   160961    1.68855
1487046545      807   161768    1.69701
1487046546      657   162566    1.70539
1487046547      812   163378    1.7139
1487046548      660   164171    1.72222
1487046549      808   164979    1.7307
1487046550      592   165571    1.73691
1487046551      800   166371    1.7453
1487046552      653   167125    1.75321
1487046553      815   167940    1.76176
1487046554      660   168730    1.77005
1487046555      804   169534    1.77848
1487046556      615   170149    1.78493
1487046557      804   170953    1.79337
1487046558      646   171684    1.80104
1487046559      814   172498    1.80958
1487046560      585   173083    1.81571
1487046561      809   173892    1.8242
1487046563      651   174638    1.83203
1487046564      803   175441    1.84045
1487046565      798   176239    1.84882
1487046566      606   176845    1.85518
1487046567      649   177592    1.86301
1487046568      809   178401    1.8715
1487046569      659   179197    1.87985
1487046570      809   180006    1.88834
1487046571      769   180775    1.89641
1487046572      589   181364    1.90258
1487046573      662   182151    1.91084
1487046574      816   182967    1.9194
1487046575      657   183756    1.92768
1487046576      809   184565    1.93616
1487046577      595   185160    1.94241
1487046578      809   185969    1.95089
1487046579      650   186710    1.95867
1487046580      809   187519    1.96715
1487046582      667   188315    1.9755
1487046583      790   189105    1.98379
1487046584      585   189692    1.98995
1487046585      805   190497    1.99839
1487046586      653   191269    2.00649
1487046587      813   192082    2.01502
1487046588      664   192874    2.02333
1487046589      804   193678    2.03176
1487046590      603   194281    2.03809
1487046591      798   195079    2.04646
1487046592      655   195828    2.05432
1487046593      744   196572    2.06212
1487046594      598   197177    2.06847
1487046595      745   197922    2.07628
1487046596      789   198711    2.08456
1487046597      605   199317    2.09092
1487046598      784   200101    2.09914
1487046599      794   200895    2.10747
1487046600      593   201488    2.11369
1487046601      658   202271    2.12191
1487046602      808   203079    2.13038
1487046604      664   203876    2.13874
1487046605      400   204411    2.14436
1487046606      813   205224    2.15289
1487046607      525   205760    2.15851
1487046608      756   206516    2.16644
1487046609      779   207295    2.17461
1487046610      574   207900    2.18096
1487046611      735   208635    2.18867
1487046612      482   209249    2.19511
1487046613      805   210054    2.20355
1487046614      743   210797    2.21135
1487046615      566   211389    2.21756
1487046616      787   212176    2.22581
1487046617      736   212912    2.23354
1487046618      407   213319    2.23781
1487046619      803   214122    2.24623
1487046620      640   214762    2.25294
1487046622      539   215413    2.25977
1487046623      815   216228    2.26832
1487046624      742   216970    2.27611
1487046625      411   217381    2.28042
1487046626      799   218180    2.2888
1487046627      641   218821    2.29552
1487046628      555   219437    2.30199
1487046629      809   220246    2.31047
1487046630      734   220980    2.31817
1487046631      397   221377    2.32234
1487046632      803   222180    2.33076
1487046633      653   222833    2.33761
1487046634      556   223461    2.3442
1487046635      797   224258    2.35256
1487046636      714   224972    2.36005
1487046637      458   225430    2.36485
1487046638      780   226210    2.37304
1487046639      589   226799    2.37922
1487046640      550   227485    2.38641
1487046641      694   228179    2.39369
1487046642      641   228820    2.40042
1487046643      599   229419    2.4067
1487046644      800   230219    2.41509
1487046645      740   230959    2.42286
1487046646      565   231524    2.42878
1487046647      793   232317    2.4371
1487046648      781   233098    2.4453
1487046649      566   233664    2.45123
1487046650      656   234320    2.45811
1487046651      610   234998    2.46523
1487046652      810   235808    2.47372
1487046653      767   236575    2.48177
1487046654      574   237149    2.48779
1487046655      786   237935    2.49604
1487046656      560   238495    2.50191
1487046657      772   239267    2.51001
1487046658      789   240056    2.51829
1487046659      594   240650    2.52452
1487046660      774   241424    2.53264
1487046661      523   241976    2.53843
1487046662      811   242787    2.54694
1487046663      772   243559    2.55504
1487046664      575   244134    2.56107
1487046665      802   244936    2.56948
1487046666      601   245537    2.57579
1487046667      801   246338    2.58419
1487046668      636   247070    2.59187
1487046669      810   247880    2.60036
1487046670      784   248664    2.60859
1487046671      617   249281    2.61506
