1482091213      1498   1498    0.00285721
1482091214      1500   2998    0.00571823
1482091215      1499   4497    0.00857735
1482091216      1499   5996    0.0114365
1482091217      1500   7496    0.0142975
1482091218      1499   8995    0.0171566
1482091219      1500   10495    0.0200176
1482091220      1499   11994    0.0228767
1482091221      1499   13493    0.0257359
1482091222      1500   14993    0.0285969
1482091223      1460   16453    0.0313816
1482091224      1382   17835    0.0340176
1482091225      1383   19218    0.0366554
1482091226      1380   20598    0.0392876
1482091227      1262   21860    0.0416946
1482091228      1332   23192    0.0442352
1482091229      1328   24520    0.0467682
1482091230      1327   25847    0.0492992
1482091231      1219   27106    0.0517006
1482091232      1391   28497    0.0543537
1482091233      1335   29832    0.0569
1482091234      1334   31166    0.0594444
1482091235      1191   32466    0.061924
1482091236      1248   33843    0.0645504
1482091237      1341   35184    0.0671082
1482091238      1335   36519    0.0696545
1482091239      1335   37854    0.0722008
1482091240      1335   39189    0.0747471
1482091241      1170   40359    0.0769787
1482091242      1336   41695    0.0795269
1482091243      1362   43057    0.0821247
1482091244      1380   44437    0.0847569
1482091245      1269   45706    0.0871773
1482091246      1382   47088    0.0898132
1482091247      1380   48468    0.0924454
1482091248      1279   49747    0.0948849
1482091249      1380   51127    0.097517
1482091250      1267   52394    0.0999336
1482091251      1383   53777    0.102571
1482091252      1382   55159    0.105207
1482091253      1385   56544    0.107849
1482091254      1271   57815    0.110273
1482091255      1385   59200    0.112915
1482091256      1383   60583    0.115553
1482091257      1385   61968    0.118195
1482091258      1264   63232    0.120605
1482091259      1385   64617    0.123247
1482091260      1286   65903    0.1257
1482091261      1352   67255    0.128279
1482091262      1339   68594    0.130833
1482091263      1186   69829    0.133188
1482091264      1348   71177    0.135759
1482091265      1340   72517    0.138315
1482091266      1340   73857    0.140871
1482091267      1270   75189    0.143412
1482091268      1391   76580    0.146065
1482091269      1382   77962    0.148701
1482091270      1383   79345    0.151339
1482091271      1267   80612    0.153755
1482091272      1283   81926    0.156261
1482091273      1391   83317    0.158915
1482091274      1386   84703    0.161558
1482091275      1383   86086    0.164196
1482091276      1269   87355    0.166616
1482091277      1386   88741    0.16926
1482091278      1384   90125    0.1719
1482091279      1377   91502    0.174526
1482091280      1270   92772    0.176949
1482091281      1385   94157    0.17959
1482091282      1384   95541    0.18223
1482091283      1386   96927    0.184874
1482091284      1271   98198    0.187298
1482091285      1285   99483    0.189749
1482091286      1384   100867    0.192389
1482091287      1371   102238    0.195004
1482091288      1372   103610    0.19762
1482091289      1249   104859    0.200003
1482091290      1373   106232    0.202621
1482091291      1375   107607    0.205244
1482091292      1381   108988    0.207878
1482091293      1260   110248    0.210281
1482091294      1380   111628    0.212914
1482091295      1386   113014    0.215557
1482091296      1267   114391    0.218184
1482091297      1160   115768    0.22081
1482091298      1254   117022    0.223202
1482091299      1223   118245    0.225534
1482091300      1226   119471    0.227873
1482091301      1365   120836    0.230476
1482091302      1162   122200    0.233078
1482091303      1392   123592    0.235733
1482091304      1319   124911    0.238249
1482091305      1385   126296    0.240891
1482091306      1265   127561    0.243303
1482091307      1392   128953    0.245958
1482091308      1384   130337    0.248598
1482091309      1281   131618    0.251041
1482091310      1385   133003    0.253683
1482091311      1269   134297    0.256151
1482091312      1393   135690    0.258808
1482091313      1385   137075    0.26145
1482091314      1385   138460    0.264091
1482091315      1272   139732    0.266518
1482091316      1384   141116    0.269157
1482091317      1385   142501    0.271799
1482091318      1386   143887    0.274443
1482091319      1269   145156    0.276863
1482091320      1385   146541    0.279505
1482091321      1285   147826    0.281956
1482091322      1385   149211    0.284597
1482091323      1385   150596    0.287239
1482091324      1224   151820    0.289574
1482091325      1385   153205    0.292215
1482091326      1385   154590    0.294857
1482091327      1386   155976    0.297501
1482091328      1264   157240    0.299911
1482091329      1385   158625    0.302553
1482091330      1385   160010    0.305195
1482091331      1385   161395    0.307837
1482091332      1271   162666    0.310261
1482091333      1284   163950    0.31271
1482091334      1385   165335    0.315351
1482091335      1384   166719    0.317991
1482091336      1386   168105    0.320635
1482091337      1270   169375    0.323057
1482091338      1384   170759    0.325697
1482091339      1386   172145    0.328341
1482091340      1277   173499    0.330923
1482091341      1393   174892    0.33358
1482091342      1385   176277    0.336222
1482091343      1385   177662    0.338863
1482091344      1272   178934    0.34129
1482091346      1129   180236    0.343773
1482091347      1392   181628    0.346428
1482091348      1385   183013    0.34907
1482091349      1386   184399    0.351713
1482091350      1272   185671    0.354139
1482091351      1384   187055    0.356779
1482091352      1386   188441    0.359423
1482091353      1386   189827    0.362066
1482091354      1270   191097    0.364489
1482091355      1385   192482    0.36713
1482091356      1385   193867    0.369772
1482091357      1254   195121    0.372164
1482091358      1155   196316    0.374443
1482091359      1164   197480    0.376663
1482091360      1180   198765    0.379114
1482091361      1322   200087    0.381636
1482091362      1385   201472    0.384277
1482091363      1337   202809    0.386827
1482091364      1155   204125    0.389338
1482091365      1371   205496    0.391953
1482091366      1322   206818    0.394474
1482091367      1238   208056    0.396835
1482091368      1338   209394    0.399387
1482091369      1266   210660    0.401802
1482091370      1386   212046    0.404446
1482091371      1287   213333    0.4069
1482091372      1386   214719    0.409544
1482091373      1384   216103    0.412184
1482091374      1271   217374    0.414608
1482091375      1385   218759    0.41725
1482091376      1386   220145    0.419893
1482091377      1387   221532    0.422539
1482091378      1273   222805    0.424967
1482091379      1386   224191    0.42761
1482091380      1387   225578    0.430256
1482091381      1280   226942    0.432858
1482091382      1394   228336    0.435516
1482091383      1285   229621    0.437967
1482091384      1386   231007    0.440611
1482091385      1387   232394    0.443256
1482091386      1269   233679    0.445707
1482091387      1345   235024    0.448273
1482091388      1386   236410    0.450916
1482091389      1386   237796    0.45356
1482091390      1272   239068    0.455986
1482091391      1385   240453    0.458628
1482091392      1385   241838    0.461269
1482091393      1386   243224    0.463913
1482091394      1269   244493    0.466333
1482091395      1279   245776    0.468781
1482091396      1394   247170    0.471439
1482091397      1385   248555    0.474081
1482091398      1386   249941    0.476725
1482091399      1272   251213    0.479151
1482091400      1385   252598    0.481792
1482091401      1385   253983    0.484434
1482091402      1386   255369    0.487078
1482091403      1271   256640    0.489502
1482091404      1385   258025    0.492144
1482091405      1386   259411    0.494787
1482091406      1279   260784    0.497406
1482091407      1296   262161    0.500032
1482091408      1392   263553    0.502687
1482091409      1384   264937    0.505327
1482091410      1385   266322    0.507969
1482091411      1270   267592    0.510391
1482091412      1385   268977    0.513033
1482091413      1386   270363    0.515676
1482091414      1385   271748    0.518318
1482091415      1271   273019    0.520742
1482091416      1386   274405    0.523386
1482091417      1385   275790    0.526028
1482091418      1281   277169    0.528658
1482091419      1375   278544    0.531281
1482091420      1097   279641    0.533373
1482091421      1372   281013    0.53599
1482091422      1225   282238    0.538326
1482091423      1369   283607    0.540937
1482091424      1228   284835    0.54328
1482091425      1116   286050    0.545597
1482091426      1233   287283    0.547949
1482091427      1271   288554    0.550373
1482091428      1182   289736    0.552628
1482091429      1336   291072    0.555176
1482091430      1378   292450    0.557804
1482091431      1272   293722    0.56023
1482091432      1284   295006    0.562679
1482091433      1384   296390    0.565319
1482091434      1386   297776    0.567963
1482091435      1384   299160    0.570602
1482091436      1269   300429    0.573023
1482091437      1385   301814    0.575665
1482091438      1384   303198    0.578304
1482091439      1282   304579    0.580938
1482091440      1392   305971    0.583593
1482091441      1384   307355    0.586233
1482091442      1386   308741    0.588877
1482091443      1271   310012    0.591301
1482091444      1281   311316    0.593788
1482091445      1391   312707    0.596441
1482091446      1386   314093    0.599085
1482091447      1385   315478    0.601727
1482091448      1271   316749    0.604151
1482091449      1386   318135    0.606794
1482091450      1384   319519    0.609434
1482091451      1385   320904    0.612076
1482091452      1272   322176    0.614502
1482091453      1385   323561    0.617144
1482091454      1385   324946    0.619785
1482091455      1280   326324    0.622414
1482091456      1297   327701    0.62504
1482091457      1392   329093    0.627695
1482091458      1385   330478    0.630337
1482091459      1385   331863    0.632978
1482091460      1272   333135    0.635405
1482091461      1385   334520    0.638046
1482091462      1385   335905    0.640688
1482091463      1386   337291    0.643332
1482091464      1271   338562    0.645756
1482091465      1386   339948    0.648399
1482091466      1386   341334    0.651043
1482091468      1280   342709    0.653666
1482091469      1297   344086    0.656292
1482091470      1392   345478    0.658947
1482091471      1386   346864    0.661591
1482091472      1385   348249    0.664232
1482091473      1270   349519    0.666655
1482091474      1386   350905    0.669298
1482091475      1385   352290    0.67194
1482091476      1384   353674    0.67458
1482091477      1271   354945    0.677004
1482091478      1385   356330    0.679646
1482091479      1385   357715    0.682287
1482091480      1281   359094    0.684917
1482091481      1296   360471    0.687544
1482091482      1232   361703    0.689894
1482091483      1227   362930    0.692234
1482091484      1224   364154    0.694569
1482091485      1225   365379    0.696905
1482091486      1264   366643    0.699316
1482091487      1146   367975    0.701857
1482091488      1232   369207    0.704206
1482091489      1228   370435    0.706549
1482091490      1231   371666    0.708897
1482091491      1237   372903    0.711256
1482091492      1384   374287    0.713896
1482091493      1132   375479    0.716169
1482091494      1344   376823    0.718733
1482091495      1284   378107    0.721182
1482091496      1385   379492    0.723824
1482091497      1386   380878    0.726467
1482091498      1275   382216    0.729019
1482091499      1394   383610    0.731678
1482091500      1385   384995    0.73432
1482091501      1385   386380    0.736961
1482091502      1272   387652    0.739388
1482091503      1385   389037    0.742029
1482091504      1385   390422    0.744671
1482091505      1386   391808    0.747314
1482091506      1271   393079    0.749739
1482091507      1284   394363    0.752188
1482091508      1386   395749    0.754831
1482091509      1364   397113    0.757433
1482091510      1385   398498    0.760075
1482091511      1273   399771    0.762503
1482091512      1385   401156    0.765144
1482091513      1376   402532    0.767769
1482091514      1386   403918    0.770412
1482091515      1271   405189    0.772837
1482091516      1385   406574    0.775478
1482091517      1386   407960    0.778122
1482091518      1279   409321    0.780718
1482091519      1296   410698    0.783344
1482091520      1392   412090    0.785999
1482091521      1377   413467    0.788626
1482091522      1385   414852    0.791267
1482091523      1271   416123    0.793692
1482091524      1385   417508    0.796333
1482091525      1385   418893    0.798975
1482091526      1386   420279    0.801619
1482091527      1271   421550    0.804043
1482091528      1385   422935    0.806684
1482091529      1385   424320    0.809326
1482091530      1282   425706    0.81197
1482091531      1290   427083    0.814596
1482091532      1394   428477    0.817255
1482091533      1385   429862    0.819897
1482091534      1385   431247    0.822538
1482091535      1272   432519    0.824965
1482091536      1386   433905    0.827608
1482091537      1386   435291    0.830252
1482091538      1386   436677    0.832895
1482091539      1271   437948    0.83532
1482091540      1386   439334    0.837963
1482091541      1386   440720    0.840607
1482091542      1280   442091    0.843222
1482091543      1297   443468    0.845848
1482091544      1394   444862    0.848507
1482091545      1227   446089    0.850847
1482091546      1226   447315    0.853186
1482091547      1229   448544    0.85553
1482091548      1279   449900    0.858116
1482091549      1234   451134    0.86047
1482091550      1227   452361    0.86281
1482091551      1276   453637    0.865244
1482091552      1384   455021    0.867884
1482091554      1151   456332    0.870384
1482091555      1234   457566    0.872738
1482091556      1068   458781    0.875055
1482091557      1393   460174    0.877712
1482091558      1385   461559    0.880354
1482091559      1385   462944    0.882996
1482091560      1273   464217    0.885424
1482091561      1386   465603    0.888067
1482091562      1386   466989    0.890711
1482091563      1387   468376    0.893356
1482091564      1273   469649    0.895784
1482091565      1386   471035    0.898428
1482091566      1387   472422    0.901073
1482091567      1281   473789    0.903681
1482091568      1125   475166    0.906307
1482091569      1393   476559    0.908964
1482091570      1386   477945    0.911608
1482091571      1385   479330    0.914249
1482091572      1271   480601    0.916674
1482091573      1386   481987    0.919317
1482091574      1385   483372    0.921959
1482091575      1385   484757    0.924601
1482091576      1272   486029    0.927027
1482091577      1336   487365    0.929575
1482091578      1384   488749    0.932215
1482091579      1386   490135    0.934858
1482091580      1223   491358    0.937191
1482091581      1138   492496    0.939362
1482091582      1273   493769    0.94179
1482091583      1386   495155    0.944433
1482091584      1386   496541    0.947077
1482091585      1387   497928    0.949722
1482091586      1273   499201    0.95215
