1481211518      87   88    8.39233e-05
1481211519      87   175    0.000166893
1481211520      86   262    0.000249863
1481211521      85   347    0.000330925
1481211522      85   432    0.000411987
1481211523      86   519    0.000494957
1481211524      90   609    0.000580788
1481211525      89   698    0.000665665
1481211526      90   788    0.000751495
1481211527      89   878    0.000837326
1481211528      89   967    0.000922203
1481211529      90   1057    0.00100803
1481211530      90   1147    0.00109386
1481211531      90   1237    0.0011797
1481211532      90   1327    0.00126553
1481211533      90   1417    0.00135136
1481211534      91   1509    0.00143909
1481211535      92   1602    0.00152779
1481211536      91   1693    0.00161457
1481211537      90   1784    0.00170135
1481211538      90   1875    0.00178814
1481211539      90   1966    0.00187492
1481211540      91   2057    0.00196171
1481211541      90   2147    0.00204754
1481211542      82   2230    0.00212669
1481211543      89   2319    0.00221157
1481211544      90   2409    0.0022974
1481211545      89   2499    0.00238323
1481211546      90   2589    0.00246906
1481211547      90   2679    0.00255489
1481211548      89   2769    0.00264072
1481211549      89   2858    0.0027256
