1499863421      10   10    0.000143051
1499863422      10   20    0.000286102
1499863423      10   30    0.000429153
1499863424      10   40    0.000572205
1499863425      10   50    0.000715256
1499863426      10   60    0.000858307
1499863427      10   70    0.00100136
1499863428      10   80    0.00114441
1499863429      10   90    0.00128746
1499863430      10   100    0.00143051
1499863431      10   110    0.00157356
1499863432      10   120    0.00171661
1499863433      10   130    0.00185966
1499863434      10   140    0.00200272
1499863435      10   150    0.00214577
1499863436      10   160    0.00228882
1499863437      10   170    0.00243187
1499863438      10   180    0.00257492
1499863439      10   190    0.00271797
1499863440      10   200    0.00286102
1499863441      10   210    0.00300407
1499863442      10   220    0.00314713
1499863443      10   230    0.00329018
1499863444      10   240    0.00343323
1499863445      10   250    0.00357628
1499863446      10   260    0.00371933
1499863447      10   270    0.00386238
1499863448      10   280    0.00400543
1499863449      10   290    0.00414848
1499863450      10   300    0.00429153
1499863451      10   310    0.00443459
1499863452      10   320    0.00457764
1499863453      10   330    0.00472069
1499863454      10   340    0.00486374
1499863455      10   350    0.00500679
1499863456      10   360    0.00514984
1499863457      10   370    0.00529289
1499863458      10   380    0.00543594
1499863459      10   390    0.00557899
1499863460      10   400    0.00572205
1499863461      10   410    0.0058651
1499863462      10   420    0.00600815
1499863463      10   430    0.0061512
1499863464      10   440    0.00629425
1499863465      10   450    0.0064373
1499863466      10   460    0.00658035
1499863467      10   470    0.0067234
1499863468      10   480    0.00686646
1499863469      10   490    0.00700951
1499863470      10   500    0.00715256
1499863471      10   510    0.00729561
1499863472      10   520    0.00743866
1499863473      10   530    0.00758171
1499863474      10   540    0.00772476
1499863475      10   550    0.00786781
1499863476      10   560    0.00801086
1499863477      10   570    0.00815392
1499863478      10   580    0.00829697
1499863479      10   590    0.00844002
1499863480      10   600    0.00858307
1499863481      10   610    0.00872612
1499863482      10   620    0.00886917
1499863483      10   630    0.00901222
1499863484      10   640    0.00915527
1499863485      10   650    0.00929832
1499863486      10   660    0.00944138
1499863487      10   670    0.00958443
1499863488      10   680    0.00972748
1499863489      10   690    0.00987053
1499863490      10   700    0.0100136
1499863491      10   710    0.0101566
1499863492      10   720    0.0102997
1499863493      10   730    0.0104427
1499863494      10   740    0.0105858
1499863495      10   750    0.0107288
1499863496      10   760    0.0108719
1499863497      10   770    0.0110149
1499863498      10   780    0.011158
1499863499      10   790    0.011301
1499863500      10   800    0.0114441
1499863501      10   810    0.0115871
1499863502      10   820    0.0117302
1499863503      10   830    0.0118732
1499863504      10   840    0.0120163
1499863505      10   850    0.0121593
1499863506      10   860    0.0123024
1499863507      10   870    0.0124454
1499863508      10   880    0.0125885
1499863509      10   890    0.0127316
1499863510      10   900    0.0128746
1499863511      10   910    0.0130177
1499863512      10   920    0.0131607
1499863513      10   930    0.0133038
1499863514      10   940    0.0134468
1499863515      10   950    0.0135899
1499863516      10   960    0.0137329
1499863517      10   970    0.013876
1499863518      10   980    0.014019
1499863519      10   990    0.0141621
1499863520      10   1000    0.0143051
1499863521      10   1010    0.0144482
1499863522      10   1020    0.0145912
1499863523      10   1030    0.0147343
1499863524      10   1040    0.0148773
1499863525      10   1050    0.0150204
1499863526      10   1060    0.0151634
1499863527      10   1070    0.0153065
1499863528      10   1080    0.0154495
1499863529      10   1090    0.0155926
1499863530      10   1100    0.0157356
1499863531      10   1110    0.0158787
1499863532      10   1120    0.0160217
1499863533      10   1130    0.0161648
1499863534      10   1140    0.0163078
1499863535      10   1150    0.0164509
1499863536      10   1160    0.0165939
1499863537      10   1170    0.016737
1499863538      10   1180    0.01688
1499863539      10   1190    0.0170231
1499863540      10   1200    0.0171661
1499863541      10   1210    0.0173092
1499863542      10   1220    0.0174522
1499863543      10   1230    0.0175953
1499863544      10   1240    0.0177383
1499863545      10   1250    0.0178814
1499863546      10   1260    0.0180244
