1485840065      1400   1401    0.0106888
1485840066      1425   2826    0.0215607
1485840067      1418   4246    0.0323944
1485840068      1357   5603    0.0427475
1485840070      604   6506    0.0496368
1485840071      1008   7514    0.0573273
1485840072      1053   8567    0.065361
1485840073      763   9366    0.0714569
1485840074      864   10230    0.0780487
1485840075      1172   11402    0.0869904
1485840076      765   12296    0.093811
1485840077      1061   13357    0.101906
1485840078      925   14441    0.110176
1485840079      863   15304    0.11676
1485840080      1073   16377    0.124947
1485840081      891   17371    0.13253
1485840082      1172   18543    0.141472
1485840083      862   19516    0.148895
1485840084      910   20426    0.155838
1485840085      1127   21553    0.164436
1485840087      674   22446    0.171249
1485840088      1052   23498    0.179276
1485840089      1007   24505    0.186958
1485840090      719   25306    0.193069
1485840091      639   26091    0.199059
1485840092      1006   27097    0.206734
1485840093      871   28236    0.215424
1485840094      1093   29329    0.223763
1485840095      833   30162    0.230118
1485840096      904   31066    0.237015
1485840098      654   31881    0.243233
1485840099      941   32822    0.250412
1485840100      1044   33866    0.258377
1485840101      274   34140    0.260468
1485840102      926   35066    0.267532
1485840103      885   35951    0.274284
1485840104      823   36956    0.281952
1485840105      1049   38005    0.289955
1485840106      925   39101    0.298317
1485840107      1160   40261    0.307167
1485840108      756   41017    0.312935
1485840109      838   42031    0.320671
1485840110      1047   43078    0.328659
1485840111      1041   44119    0.336601
1485840112      686   44891    0.342491
1485840113      780   45676    0.34848
1485840114      1096   46772    0.356842
1485840115      1047   47819    0.36483
1485840116      820   48639    0.371086
1485840117      1068   49707    0.379234
1485840118      879   50681    0.386665
1485840119      915   51596    0.393646
1485840120      1181   52777    0.402657
1485840121      734   53611    0.409019
1485840122      1175   54786    0.417984
1485840124      885   55756    0.425385
1485840125      911   56667    0.432335
1485840126      1045   57712    0.440308
1485840127      896   58686    0.447739
1485840128      1052   59738    0.455765
1485840129      867   60831    0.464104
1485840130      783   61616    0.470093
1485840131      994   62610    0.477676
1485840132      1050   63660    0.485687
1485840133      748   64476    0.491913
1485840134      1181   65657    0.500923
1485840135      906   66563    0.507835
1485840136      814   67406    0.514267
1485840137      1128   68534    0.522873
1485840138      832   69551    0.530632
1485840139      1046   70597    0.538612
1485840140      778   71375    0.544548
1485840142      853   72481    0.552986
1485840143      1181   73662    0.561996
1485840144      880   74626    0.569351
1485840145      1178   75804    0.578339
1485840146      773   76577    0.584236
1485840147      890   77556    0.591705
1485840148      1185   78741    0.600746
1485840149      886   79701    0.60807
1485840150      1181   80882    0.617081
1485840151      777   81659    0.623009
1485840152      891   82631    0.630424
1485840153      1178   83809    0.639412
1485840154      881   84776    0.64679
1485840155      1178   85954    0.655777
1485840156      905   86859    0.662682
1485840157      702   87706    0.669144
1485840158      1176   88882    0.678116
1485840159      831   89851    0.685509
1485840160      1050   90901    0.69352
1485840161      896   91797    0.700356
1485840163      844   92781    0.707863
1485840164      1178   93959    0.71685
1485840165      770   94926    0.724228
1485840166      1053   95979    0.732262
1485840167      718   96697    0.73774
1485840168      1135   97832    0.746399
1485840169      841   98673    0.752815
1485840170      1176   99849    0.761787
1485840171      855   100716    0.768402
1485840172      815   101531    0.77462
1485840173      1178   102709    0.783607
1485840174      851   103646    0.790756
1485840175      1072   104718    0.798935
1485840176      845   105791    0.807121
1485840177      903   106694    0.814011
1485840178      1054   107748    0.822052
1485840179      841   108721    0.829475
1485840180      1183   109904    0.838501
1485840181      887   110866    0.84584
1485840182      861   111727    0.852409
1485840183      1044   112771    0.860374
1485840185      861   113796    0.868195
1485840186      1194   114990    0.877304
1485840187      878   115941    0.88456
1485840188      890   116831    0.89135
1485840189      1044   117875    0.899315
1485840190      800   118871    0.906914
1485840191      1163   120034    0.915787
1485840192      844   121016    0.923279
1485840194      536   121801    0.929268
1485840195      1114   122915    0.937767
1485840196      793   123946    0.945633
1485840197      1049   124995    0.953636
1485840198      822   126091    0.961998
1485840199      778   126876    0.967987
1485840200      1185   128061    0.977028
1485840201      852   129021    0.984352
1485840202      1059   130080    0.992432
1485840203      1049   131129    1.00043
1485840204      716   131881    1.00617
1485840205      900   132781    1.01304
1485840206      1046   133827    1.02102
1485840208      776   134811    1.02853
1485840209      1186   135997    1.03757
1485840210      855   136956    1.04489
1485840211      901   137857    1.05177
1485840212      1160   139017    1.06062
1485840213      740   139886    1.06725
1485840214      1056   140942    1.0753
1485840215      867   142031    1.08361
1485840216      676   142816    1.0896
1485840217      1192   144008    1.09869
1485840219      813   144961    1.10596
1485840220      1077   146038    1.11418
1485840221      903   146941    1.12107
1485840222      848   147789    1.12754
1485840223      695   148606    1.13377
1485840224      936   149542    1.14091
1485840225      826   150368    1.14722
1485840226      1065   151433    1.15534
1485840227      675   152181    1.16105
1485840228      706   152966    1.16704
1485840229      1171   154137    1.17597
1485840230      889   155111    1.1834
1485840231      1093   156204    1.19174
1485840232      1035   157239    1.19964
1485840233      644   158041    1.20576
1485840234      1121   159162    1.21431
1485840235      845   160186    1.22212
1485840236      1182   161368    1.23114
1485840238      830   162331    1.23849
1485840239      911   163242    1.24544
1485840240      1113   164355    1.25393
1485840241      851   165261    1.26084
1485840242      1109   166370    1.2693
1485840243      918   167406    1.27721
1485840244      816   168222    1.28343
1485840245      1058   169280    1.2915
1485840246      869   170336    1.29956
1485840247      1185   171521    1.3086
1485840248      887   172481    1.31593
1485840249      880   173361    1.32264
1485840250      1174   174535    1.3316
1485840251      788   175411    1.33828
1485840252      1058   176469    1.34635
1485840253      1058   177527    1.35442
1485840254      682   178341    1.36063
1485840255      1030   179371    1.36849
1485840257      857   180486    1.377
1485840258      1130   181616    1.38562
1485840259      829   182631    1.39336
1485840260      908   183539    1.40029
1485840261      1055   184594    1.40834
1485840262      858   185561    1.41572
1485840263      1085   186646    1.424
1485840264      843   187706    1.43208
1485840265      784   188491    1.43807
1485840266      1147   189638    1.44682
1485840267      897   190636    1.45444
1485840268      1191   191827    1.46352
1485840270      884   192781    1.4708
1485840271      837   193618    1.47719
1485840272      1047   194665    1.48518
1485840273      852   195711    1.49316
1485840274      1095   196806    1.50151
1485840275      1046   197852    1.50949
1485840276      652   198641    1.51551
1485840277      1065   199706    1.52364
1485840278      902   200786    1.53188
1485840279      1061   201847    1.53997
1485840280      1045   202892    1.54794
1485840281      702   203716    1.55423
1485840282      1081   204797    1.56248
1485840284      851   205861    1.57059
1485840285      1062   206923    1.5787
1485840286      918   208006    1.58696
1485840287      762   208791    1.59295
1485840288      1056   209847    1.60101
1485840289      941   210936    1.60931
1485840290      1180   212116    1.61832
1485840291      872   213081    1.62568
1485840292      889   213970    1.63246
1485840293      1078   215048    1.64069
1485840294      832   216011    1.64803
1485840295      1051   217062    1.65605
1485840296      1061   218123    1.66415
1485840297      778   218901    1.67008
1485840298      736   219656    1.67584
1485840299      1130   220786    1.68446
1485840301      784   221801    1.69221
1485840302      1113   222914    1.7007
1485840303      779   223693    1.70664
1485840304      856   224731    1.71456
1485840305      1083   225814    1.72282
1485840306      916   226876    1.73093
1485840307      1161   228037    1.73978
1485840308      846   228883    1.74624
1485840309      880   229806    1.75328
1485840310      1184   230990    1.76231
1485840311      818   231951    1.76965
1485840312      1178   233129    1.77863
1485840313      767   233896    1.78448
1485840314      827   234881    1.792
1485840315      1131   236012    1.80063
1485840316      886   237026    1.80836
1485840317      1068   238094    1.81651
1485840318      796   238890    1.82259
1485840320      847   239956    1.83072
1485840321      1175   241131    1.83968
1485840322      791   242101    1.84708
1485840323      1057   243158    1.85515
1485840324      894   244052    1.86197
1485840325      780   245031    1.86944
1485840326      1057   246088    1.8775
1485840327      1062   247150    1.8856
1485840328      735   247891    1.89126
1485840329      912   248803    1.89822
1485840330      1176   249979    1.90719
1485840331      831   250821    1.91361
1485840332      1184   252005    1.92265
1485840333      890   252966    1.92998
1485840334      866   253832    1.93658
1485840335      1070   254902    1.94475
1485840337      803   255896    1.95233
1485840338      796   256692    1.9584
1485840339      1166   257858    1.9673
1485840340      765   258756    1.97415
1485840341      725   259541    1.98014
1485840342      1185   260726    1.98918
1485840343      907   261633    1.9961
1485840344      635   262401    2.00196
1485840345      964   263365    2.00932
1485840346      843   264208    2.01575
1485840347      1044   265252    2.02371
1485840348      659   266046    2.02977
1485840349      1044   267090    2.03773
1485840351      781   268191    2.04613
1485840352      877   269068    2.05283
1485840353      494   269691    2.05758
1485840354      1103   270794    2.06599
1485840355      806   271836    2.07394
1485840356      1043   272879    2.0819
1485840357      1038   273917    2.08982
1485840358      764   274681    2.09565
1485840359      763   275481    2.10175
1485840360      1171   276652    2.11069
1485840361      893   277626    2.11812
1485840362      1052   278678    2.12614
1485840363      775   279453    2.13206
1485840364      1049   280502    2.14006
1485840365      856   281358    2.14659
1485840366      1054   282412    2.15463
1485840367      872   283416    2.16229
1485840368      876   284292    2.16898
1485840369      1175   285467    2.17794
1485840371      749   286346    2.18465
1485840372      1107   287453    2.19309
1485840373      863   288491    2.20101
1485840374      901   289392    2.20789
1485840375      1179   290571    2.21688
1485840376      832   291421    2.22337
1485840377      1121   292542    2.23192
1485840378      868   293566    2.23973
1485840379      910   294476    2.24667
1485840380      1050   295526    2.25468
1485840381      869   296496    2.26208
1485840382      1166   297662    2.27098
1485840383      810   298641    2.27845
1485840384      823   299464    2.28473
1485840385      1161   300625    2.29359
1485840386      869   301571    2.3008
1485840387      1117   302688    2.30933
1485840389      867   303716    2.31717
1485840390      908   304624    2.3241
1485840391      1117   305741    2.33262
1485840392      780   306646    2.33952
1485840393      1115   307761    2.34803
1485840394      796   308791    2.35589
1485840395      910   309701    2.36283
1485840396      1170   310871    2.37176
1485840397      832   311721    2.37824
1485840398      1143   312864    2.38696
1485840399      842   313866    2.39461
1485840400      778   314651    2.4006
1485840401      1179   315830    2.40959
1485840402      812   316796    2.41696
1485840403      1070   317866    2.42513
1485840404      1049   318915    2.43313
1485840406      714   319656    2.43878
1485840407      909   320565    2.44572
1485840408      1131   321696    2.45435
1485840409      861   322586    2.46114
1485840410      1099   323685    2.46952
1485840411      1038   324723    2.47744
1485840412      687   325516    2.48349
1485840413      1049   326565    2.49149
1485840414      1059   327624    2.49957
1485840415      427   328376    2.50531
1485840416      1176   329552    2.51428
1485840417      727   330279    2.51983
1485840419      840   331306    2.52766
1485840420      1182   332488    2.53668
1485840421      872   333451    2.54403
1485840422      1056   334507    2.55209
1485840423      894   335401    2.55891
1485840424      810   336381    2.56638
1485840425      1179   337560    2.57538
1485840426      817   338526    2.58275
1485840427      1043   339569    2.59071
1485840428      771   340340    2.59659
1485840429      1054   341394    2.60463
1485840430      696   342171    2.61056
1485840431      1083   343254    2.61882
1485840433      863   344316    2.62692
1485840434      909   345225    2.63386
1485840435      1174   346399    2.64281
1485840436      828   347246    2.64928
1485840437      1140   348386    2.65797
1485840438      833   349391    2.66564
1485840439      807   350198    2.6718
1485840440      1047   351245    2.67979
1485840441      899   352321    2.688
1485840442      1118   353439    2.69653
1485840443      909   354466    2.70436
1485840444      909   355375    2.7113
1485840445      1174   356549    2.72025
1485840446      814   357396    2.72672
1485840447      1056   358452    2.73477
1485840448      915   359541    2.74308
1485840449      799   360340    2.74918
1485840450      1120   361460    2.75772
1485840451      894   362471    2.76543
1485840452      1188   363659    2.7745
1485840454      887   364616    2.7818
1485840455      906   365522    2.78871
1485840456      1144   366666    2.79744
1485840457      790   367546    2.80415
1485840458      1187   368733    2.81321
1485840459      807   369691    2.82052
1485840460      784   370476    2.82651
1485840461      1171   371647    2.83544
1485840462      786   372621    2.84287
1485840463      922   373543    2.84991
1485840464      1040   374583    2.85784
1485840465      739   375322    2.86348
1485840466      868   376190    2.8701
1485840467      677   376981    2.87614
1485840468      1066   378047    2.88427
1485840470      830   379126    2.8925
1485840471      1079   380205    2.90073
1485840472      386   380626    2.90395
1485840473      1067   381693    2.91209
1485840474      1017   382710    2.91985
1485840475      692   383486    2.92577
1485840476      1180   384666    2.93477
1485840477      737   385631    2.94213
1485840478      669   386416    2.94812
1485840479      1165   387581    2.95701
1485840480      813   388561    2.96449
1485840481      1152   389713    2.97327
1485840483      838   390706    2.98085
1485840484      772   391491    2.98684
1485840485      1170   392661    2.99577
1485840486      858   393636    3.0032
1485840487      1043   394679    3.01116
1485840488      848   395781    3.01957
1485840489      858   396639    3.02612
1485840490      1035   397674    3.03401
1485840491      860   398711    3.04192
1485840492      1119   399830    3.05046
1485840494      807   400856    3.05829
1485840495      819   401675    3.06454
1485840496      1175   402850    3.0735
1485840497      786   403786    3.08064
1485840498      1188   404974    3.08971
1485840499      844   405931    3.09701
1485840500      889   406820    3.10379
1485840501      1179   407999    3.11279
1485840502      776   408861    3.11936
1485840503      1059   409920    3.12744
1485840504      847   411006    3.13573
1485840505      914   411920    3.1427
1485840506      1154   413074    3.1515
1485840507      813   413936    3.15808
1485840508      1163   415099    3.16695
1485840509      833   416081    3.17445
1485840510      776   416866    3.18044
1485840511      1074   417940    3.18863
1485840513      863   419011    3.1968
1485840514      1048   420059    3.2048
1485840515      1025   421084    3.21262
1485840516      672   421941    3.21915
1485840517      1126   423067    3.22775
1485840518      841   424086    3.23552
1485840519      1184   425270    3.24455
1485840520      775   426231    3.25188
1485840521      781   427016    3.25787
1485840522      1166   428182    3.26677
1485840524      867   429161    3.27424
1485840525      1164   430325    3.28312
1485840526      829   431306    3.2906
1485840527      783   432091    3.29659
1485840528      1044   433135    3.30456
1485840529      880   434236    3.31296
1485840530      1179   435415    3.32195
1485840531      888   436381    3.32932
1485840532      849   437230    3.3358
1485840533      1170   438400    3.34473
1485840534      806   439311    3.35168
1485840535      1124   440435    3.36025
1485840536      891   441456    3.36804
1485840537      850   442306    3.37453
1485840538      971   443277    3.38194
1485840540      924   444386    3.3904
1485840541      1169   445555    3.39931
1485840542      778   446531    3.40676
1485840543      811   447342    3.41295
1485840544      1182   448524    3.42197
1485840545      793   449461    3.42912
1485840546      1182   450643    3.43813
1485840547      779   451606    3.44548
1485840548      911   452517    3.45243
1485840549      1111   453628    3.46091
1485840550      819   454536    3.46783
1485840551      1146   455682    3.47658
1485840553      791   456681    3.4842
1485840554      782   457466    3.49019
1485840555      1074   458540    3.49838
1485840556      863   459611    3.50655
1485840557      1170   460781    3.51548
1485840558      867   461756    3.52292
1485840559      911   462667    3.52987
1485840560      1180   463847    3.53887
1485840561      809   464686    3.54527
1485840562      1126   465812    3.55386
1485840563      825   466831    3.56164
1485840564      853   467684    3.56815
1485840565      1044   468728    3.57611
1485840566      897   469761    3.58399
1485840567      1194   470955    3.5931
1485840569      860   471906    3.60036
1485840570      563   472691    3.60635
1485840571      1055   473746    3.6144
1485840572      1055   474801    3.62244
1485840573      727   475551    3.62817
1485840574      1159   476710    3.63701
1485840575      903   477613    3.6439
1485840576      741   478481    3.65052
1485840577      1116   479597    3.65903
1485840578      835   480626    3.66689
1485840579      1183   481809    3.67591
1485840580      776   482585    3.68183
1485840582      782   483556    3.68924
1485840583      1089   484645    3.69755
1485840584      900   485701    3.7056
1485840585      1167   486868    3.71451
1485840586      855   487723    3.72103
1485840587      834   488631    3.72796
1485840588      1128   489759    3.73656
1485840589      818   490776    3.74432
1485840590      998   491774    3.75194
1485840591      786   492560    3.75793
1485840592      806   493366    3.76408
1485840593      810   494421    3.77213
1485840594      1054   495475    3.78017
1485840595      905   496380    3.78708
1485840597      770   497281    3.79395
1485840598      835   498116    3.80032
1485840599      909   499025    3.80726
