1481636976      1499   1499    0.00142956
1481636977      1499   2998    0.00285912
1481636978      1499   4497    0.00428867
1481636979      1500   5997    0.00571918
1481636980      1499   7496    0.00714874
1481636981      1500   8996    0.00857925
1481636982      1499   10495    0.0100088
1481636983      1499   11994    0.0114384
1481636984      1500   13494    0.0128689
1481636985      1499   14993    0.0142984
1481636986      1499   16492    0.015728
1481636987      1500   17992    0.0171585
1481636988      1499   19491    0.0185881
1481636989      1499   20990    0.0200176
1481636990      1500   22490    0.0214481
1481636991      1499   23989    0.0228777
1481636992      1457   25446    0.0242672
1481636993      1253   26699    0.0254622
1481636994      1383   28082    0.0267811
1481636995      1378   29460    0.0280952
1481636996      1375   30835    0.0294065
1481636997      1499   32334    0.0308361
1481636998      1382   33716    0.0321541
1481636999      1383   35099    0.033473
1481637000      1377   36476    0.0347862
1481637001      1381   37857    0.0361032
1481637002      1383   39240    0.0374222
1481637003      1382   40622    0.0387402
1481637004      1384   42101    0.0401506
1481637005      1507   43608    0.0415878
1481637006      1382   44990    0.0429058
1481637007      1383   46373    0.0442247
1481637008      1383   47756    0.0455437
1481637009      1290   49046    0.0467739
1481637010      1382   50428    0.0480919
1481637011      1500   51928    0.0495224
1481637012      1380   53308    0.0508385
1481637013      1381   54689    0.0521555
1481637014      1329   56018    0.0534229
1481637015      1382   57400    0.0547409
1481637016      1382   58782    0.0560589
1481637017      1384   60166    0.0573788
1481637018      1382   61633    0.0587778
1481637019      1506   63139    0.060214
1481637020      1384   64523    0.0615339
1481637021      1382   65905    0.0628519
1481637022      1382   67287    0.0641699
1481637023      1383   68670    0.0654888
1481637024      1379   70049    0.0668039
1481637025      1353   71402    0.0680943
1481637026      1500   72902    0.0695248
1481637027      1281   74183    0.0707464
1481637028      1379   75562    0.0720615
1481637029      1381   76943    0.0733786
1481637030      1381   78324    0.0746956
1481637031      1381   79705    0.0760126
1481637032      1382   81165    0.077405
1481637033      1507   82672    0.0788422
1481637034      1381   84053    0.0801592
1481637035      1314   85367    0.0814123
1481637036      1381   86748    0.0827293
1481637037      1377   88125    0.0840425
1481637038      1381   89506    0.0853596
1481637039      1382   90888    0.0866776
1481637040      1499   92387    0.0881071
1481637041      1381   93768    0.0894241
1481637042      1382   95150    0.0907421
1481637043      1381   96531    0.0920591
1481637044      1212   97743    0.093215
1481637045      1357   99100    0.0945091
1481637046      1499   100599    0.0959387
1481637047      1382   101981    0.0972567
1481637048      1382   103363    0.0985746
1481637049      1381   104744    0.0998917
1481637050      1375   106119    0.101203
1481637051      1380   107499    0.102519
1481637052      1382   108881    0.103837
1481637053      1337   110369    0.105256
1481637054      1506   111875    0.106692
1481637055      1373   113248    0.108002
1481637056      1382   114630    0.10932
1481637057      1377   116007    0.110633
1481637058      1356   117363    0.111926
1481637059      1382   118745    0.113244
1481637060      1381   120126    0.114561
1481637061      1500   121626    0.115992
1481637062      1286   122912    0.117218
1481637063      1381   124293    0.118535
1481637064      1383   125676    0.119854
1481637065      1312   126988    0.121105
1481637066      1381   128369    0.122422
1481637067      1500   129869    0.123853
1481637068      1377   131246    0.125166
1481637069      1382   132628    0.126484
1481637070      1382   134010    0.127802
1481637071      1382   135392    0.12912
1481637072      1381   136773    0.130437
1481637073      1382   138155    0.131755
1481637074      1377   139573    0.133107
1481637075      1507   141080    0.134544
1481637076      1381   142461    0.135861
1481637077      1381   143842    0.137178
1481637078      1311   145153    0.138429
1481637079      1150   146303    0.139525
1481637080      1499   147802    0.140955
1481637081      1375   149177    0.142266
1481637082      1381   150558    0.143583
1481637083      1381   151939    0.1449
1481637084      1382   153321    0.146218
1481637085      1381   154702    0.147535
1481637086      1382   156084    0.148853
1481637087      1376   157493    0.150197
1481637088      1506   158999    0.151633
1481637089      1383   160382    0.152952
1481637090      1381   161763    0.154269
1481637091      1381   163144    0.155586
1481637092      1383   164527    0.156905
1481637093      1382   165909    0.158223
1481637094      1382   167291    0.159541
1481637095      1384   168777    0.160958
1481637096      1507   170284    0.162395
1481637097      1235   171519    0.163573
1481637098      1377   172896    0.164886
1481637099      1377   174273    0.1662
1481637100      1381   175654    0.167517
1481637101      1381   177035    0.168834
1481637102      1500   178535    0.170264
1481637103      1340   179875    0.171542
1481637104      1374   181249    0.172853
1481637105      1381   182630    0.17417
1481637106      1379   184009    0.175485
1481637107      1379   185388    0.1768
1481637108      1383   186771    0.178119
1481637109      1499   188270    0.179548
1481637110      1378   189648    0.180862
1481637111      1382   191030    0.18218
1481637112      1382   192412    0.183498
1481637113      1381   193793    0.184815
1481637114      1286   195079    0.186042
1481637115      1382   196557    0.187451
1481637116      1506   198063    0.188888
1481637117      1381   199444    0.190205
1481637118      1382   200826    0.191523
1481637119      1376   202202    0.192835
1481637120      1373   203575    0.194144
1481637121      1298   204873    0.195382
1481637122      1350   206229    0.196675
1481637123      1506   207735    0.198112
1481637124      1370   209105    0.199418
1481637125      1381   210486    0.200735
1481637126      1315   211801    0.201989
1481637127      1382   213183    0.203307
1481637128      1381   214564    0.204624
1481637129      1381   215945    0.205941
1481637130      1499   217444    0.207371
1481637131      1380   218824    0.208687
1481637132      1286   220110    0.209913
1481637133      1379   221489    0.211228
1481637134      1382   222871    0.212546
1481637135      1381   224252    0.213863
1481637136      1499   225751    0.215293
1481637137      1330   227081    0.216561
1481637138      1382   228463    0.217879
1481637139      1382   229845    0.219197
1481637140      1381   231226    0.220514
1481637141      1381   232607    0.221831
1481637142      1382   233989    0.223149
1481637143      1379   235433    0.224526
1481637144      1507   236940    0.225964
1481637145      1382   238322    0.227282
1481637146      1375   239697    0.228593
1481637147      1381   241078    0.22991
1481637148      1380   242458    0.231226
1481637149      1288   243746    0.232454
1481637150      1500   245246    0.233885
1481637151      1379   246625    0.2352
1481637152      1381   248006    0.236517
1481637153      1382   249388    0.237835
1481637154      1381   250769    0.239152
1481637155      1381   252150    0.240469
1481637156      1378   253528    0.241783
1481637157      1375   254965    0.243154
1481637158      1507   256472    0.244591
1481637159      1328   257800    0.245857
1481637160      1381   259181    0.247174
1481637161      1382   260563    0.248492
1481637162      1381   261944    0.249809
1481637163      1381   263325    0.251126
1481637164      1371   264696    0.252434
1481637165      1499   266195    0.253863
1481637166      1379   267574    0.255178
1481637167      1284   268858    0.256403
1481637168      1381   270239    0.25772
1481637169      1380   271619    0.259036
1481637170      1383   273002    0.260355
1481637172      1383   274497    0.261781
1481637173      1506   276003    0.263217
1481637174      1377   277380    0.26453
1481637175      1382   278762    0.265848
1481637176      1381   280143    0.267165
1481637177      1381   281524    0.268482
1481637178      1383   282907    0.269801
1481637179      1320   284227    0.27106
1481637180      1499   285726    0.27249
1481637181      1372   287098    0.273798
1481637182      1380   288478    0.275114
1481637183      1376   289854    0.276426
1481637184      1382   291236    0.277744
1481637185      1290   292526    0.278975
1481637186      1499   294025    0.280404
1481637187      1322   295347    0.281665
1481637188      1377   296724    0.282978
1481637189      1354   298078    0.284269
1481637190      1381   299459    0.285586
1481637191      1381   300840    0.286903
1481637192      1382   302222    0.288221
1481637193      1383   303701    0.289632
1481637194      1506   305207    0.291068
1481637195      1382   306589    0.292386
1481637196      1382   307971    0.293704
1481637197      1381   309352    0.295021
1481637198      1378   310730    0.296335
1481637199      1382   312112    0.297653
1481637200      1381   313493    0.29897
1481637201      1382   314985    0.300393
1481637202      1506   316491    0.301829
1481637203      1281   317772    0.303051
1481637204      1381   319153    0.304368
1481637205      1382   320535    0.305686
1481637206      1382   321917    0.307004
1481637207      1382   323299    0.308322
1481637208      1500   324799    0.309752
1481637209      1377   326176    0.311066
1481637210      1382   327558    0.312384
1481637211      1382   328940    0.313702
1481637212      1382   330322    0.31502
1481637213      1322   331644    0.31628
1481637214      1348   332992    0.317566
1481637215      1499   334491    0.318995
1481637216      1379   335870    0.320311
1481637217      1383   337253    0.32163
1481637218      1381   338634    0.322947
1481637219      1379   340013    0.324262
1481637220      1279   341292    0.325481
1481637221      1382   342765    0.326886
1481637222      1506   344271    0.328322
1481637223      1380   345651    0.329638
1481637224      1363   347014    0.330938
1481637225      1381   348395    0.332255
1481637226      1382   349777    0.333573
1481637227      1383   351160    0.334892
1481637228      1381   352541    0.336209
1481637229      1499   354040    0.337639
1481637230      1372   355412    0.338947
1481637231      1381   356793    0.340264
1481637232      1381   358174    0.341581
1481637233      1382   359556    0.342899
1481637234      1317   360873    0.344155
1481637235      1336   362209    0.345429
1481637236      1500   363709    0.34686
1481637237      1376   365085    0.348172
1481637238      1260   366345    0.349374
1481637239      1383   367728    0.350693
1481637240      1381   369109    0.35201
1481637241      1382   370491    0.353328
1481637242      1383   371969    0.354737
1481637243      1506   373475    0.356174
1481637244      1383   374858    0.357492
1481637245      1379   376237    0.358808
1481637246      1356   377593    0.360101
1481637247      1377   378970    0.361414
1481637248      1381   380351    0.362731
1481637249      1381   381732    0.364048
1481637250      1500   383232    0.365479
1481637251      1378   384610    0.366793
1481637252      1381   385991    0.36811
1481637253      1382   387373    0.369428
1481637254      1381   388754    0.370745
1481637255      1027   389889    0.371827
1481637256      1507   391396    0.373264
1481637257      1381   392777    0.374581
1481637258      1381   394158    0.375898
1481637259      1382   395540    0.377216
1481637260      1381   396921    0.378533
1481637261      1381   398302    0.37985
1481637262      1383   399685    0.381169
1481637263      1324   401173    0.382588
1481637264      1506   402679    0.384025
1481637265      1339   404018    0.385302
1481637266      1382   405400    0.38662
1481637267      1381   406781    0.387937
1481637268      1381   408162    0.389254
1481637269      1382   409544    0.390572
1481637270      1381   410925    0.391889
1481637271      1499   412424    0.393318
1481637272      1380   413804    0.394634
1481637273      1284   415088    0.395859
1481637274      1337   416425    0.397134
1481637275      1382   417807    0.398452
1481637276      1381   419188    0.399769
1481637277      1499   420687    0.401198
1481637278      1376   422063    0.402511
1481637279      1381   423444    0.403828
1481637280      1379   424823    0.405143
1481637281      1369   426192    0.406448
1481637282      1381   427573    0.407765
1481637283      1381   428954    0.409082
1481637284      1378   430377    0.410439
1481637285      1506   431883    0.411876
1481637286      1357   433240    0.41317
1481637287      1380   434620    0.414486
1481637288      1381   436001    0.415803
1481637289      1382   437383    0.417121
1481637290      1289   438672    0.41835
1481637291      1499   440171    0.41978
1481637292      1382   441553    0.421098
1481637293      1383   442936    0.422417
1481637294      1382   444318    0.423735
1481637295      1384   445702    0.425055
1481637296      1383   447085    0.426373
1481637297      1383   448468    0.427692
1481637298      1379   449909    0.429067
1481637299      1506   451415    0.430503
1481637300      1382   452797    0.431821
1481637301      1368   454165    0.433125
1481637302      1381   455546    0.434443
1481637303      1383   456929    0.435761
1481637304      1377   458306    0.437075
1481637305      1380   459686    0.438391
1481637306      1499   461185    0.43982
1481637307      1353   462538    0.441111
1481637308      1288   463826    0.442339
1481637309      1382   465208    0.443657
1481637310      1383   466591    0.444976
1481637311      1380   467971    0.446292
1481637312      1379   469441    0.447694
1481637313      1507   470948    0.449131
1481637314      1382   472330    0.450449
1481637315      1377   473707    0.451762
1481637316      1318   475025    0.453019
1481637317      1337   476362    0.454294
1481637318      1381   477743    0.455611
1481637319      1383   479126    0.45693
1481637320      1499   480625    0.45836
1481637321      1380   482005    0.459676
1481637322      1377   483382    0.460989
1481637323      1381   484763    0.462306
1481637324      1382   486145    0.463624
1481637325      1290   487435    0.464854
1481637326      1499   488934    0.466284
1481637327      1377   490311    0.467597
1481637328      1382   491693    0.468915
1481637329      1382   493075    0.470233
1481637330      1383   494458    0.471552
1481637331      1383   495841    0.472871
1481637332      1381   497222    0.474188
1481637333      1379   498645    0.475545
