1489236939      999   999    0.0104799
1489236940      1000   1999    0.0209703
1489236941      1000   2999    0.0314608
1489236942      969   3968    0.041626
1489236943      792   4760    0.0499344
1489236944      657   5554    0.0582638
1489236945      811   6365    0.0667715
1489236946      665   7159    0.0751009
1489236947      678   7897    0.0828428
1489236948      805   8702    0.0912876
1489236950      668   9502    0.0996799
1489236951      807   10309    0.108146
1489236952      662   11107    0.116517
1489236953      680   11845    0.124259
1489236954      804   12649    0.132693
1489236955      669   13450    0.141096
1489236956      808   14258    0.149572
1489236957      660   15055    0.157933
1489236958      682   15793    0.165675
1489236959      807   16600    0.174141
1489236960      783   17383    0.182355
1489236961      601   17984    0.18866
1489236962      783   18767    0.196874
1489236964      659   19538    0.204962
1489236965      681   20276    0.212704
1489236966      798   21074    0.221075
1489236967      799   21873    0.229457
1489236968      568   22441    0.235415
1489236969      739   23180    0.243168
1489236970      628   23808    0.249756
1489236971      755   24563    0.257676
1489236972      596   25294    0.265345
1489236973      805   26099    0.273789
1489236974      768   26867    0.281846
1489236975      435   27302    0.286409
1489236976      428   27730    0.290899
1489236977      794   28524    0.299229
1489236978      635   29242    0.306761
1489236979      794   30036    0.31509
1489236980      794   30830    0.32342
1489236981      552   31382    0.32921
1489236982      631   32120    0.336952
1489236983      796   32916    0.345303
1489236984      780   33696    0.353485
1489236985      572   34268    0.359486
1489236986      714   34982    0.366976
1489236987      554   35536    0.372787
1489236988      713   36249    0.380267
1489236989      797   37046    0.388628
1489236990      596   37673    0.395205
1489236991      804   38477    0.40364
1489236992      788   39265    0.411906
1489236993      637   39902    0.418589
1489236994      612   40551    0.425397
1489236995      785   41336    0.433632
1489236996      798   42134    0.442003
1489236997      579   42713    0.448077
1489236998      633   43429    0.455588
1489236999      791   44220    0.463886
1489237000      717   44937    0.471408
1489237001      598   45569    0.478038
1489237002      762   46331    0.486032
1489237003      715   47046    0.493532
1489237004      644   47690    0.500288
1489237006      492   48447    0.508229
1489237007      812   49259    0.516747
1489237008      777   50036    0.524899
1489237009      591   50627    0.531098
1489237010      646   51325    0.538421
1489237011      800   52125    0.546813
1489237012      801   52926    0.555216
1489237013      477   53465    0.56087
1489237014      805   54270    0.569315
1489237015      785   55055    0.57755
1489237016      371   55426    0.581442
1489237017      716   56142    0.588953
1489237018      641   56878    0.596674
1489237019      801   57679    0.605077
1489237020      784   58463    0.613301
1489237021      589   59052    0.61948
1489237022      664   59756    0.626865
1489237023      786   60542    0.635111
1489237024      797   61339    0.643472
1489237025      565   61904    0.649399
1489237026      799   62703    0.657781
1489237027      636   63339    0.664453
1489237028      793   64132    0.672771
1489237030      590   64774    0.679506
1489237031      800   65574    0.687899
1489237032      772   66346    0.695997
1489237033      589   66935    0.702176
1489237034      657   67652    0.709698
1489237035      779   68431    0.71787
1489237036      789   69220    0.726147
1489237037      564   69792    0.732147
1489237038      795   70587    0.740487
1489237039      645   71232    0.747253
1489237040      797   72029    0.755614
1489237041      593   72670    0.762339
1489237042      802   73472    0.770752
1489237043      789   74261    0.779029
1489237044      273   74534    0.781893
1489237045      614   75148    0.788334
1489237046      794   75942    0.796663
1489237047      613   76618    0.803755
1489237048      793   77411    0.812074
1489237049      788   78199    0.82034
1489237050      563   78762    0.826246
1489237051      655   79496    0.833946
1489237052      802   80298    0.84236
1489237053      788   81086    0.850626
1489237054      547   81636    0.856396
1489237055      796   82432    0.864746
1489237056      623   83055    0.871282
1489237057      785   83840    0.879517
1489237058      607   84514    0.886587
1489237059      800   85314    0.894979
1489237060      797   86111    0.90334
1489237061      585   86696    0.909477
1489237062      621   87392    0.916779
1489237063      802   88194    0.925192
1489237064      790   88984    0.933479
1489237065      588   89572    0.939648
1489237066      796   90368    0.947998
1489237067      641   91009    0.954722
1489237068      791   91800    0.96302
1489237069      588   92410    0.969419
1489237070      788   93198    0.977686
1489237071      764   93962    0.985701
1489237072      586   94550    0.991869
1489237073      665   95288    0.999611
1489237074      799   96087    1.00799
1489237075      792   96879    1.0163
1489237076      605   97484    1.02265
1489237077      792   98276    1.03096
1489237078      642   98918    1.03769
1489237079      799   99717    1.04607
1489237080      598   100315    1.05235
1489237081      803   101118    1.06077
1489237082      661   101911    1.06909
1489237084      684   102649    1.07683
1489237085      806   103455    1.08529
1489237086      797   104252    1.09365
1489237087      611   104863    1.10006
1489237088      796   105659    1.10841
1489237089      643   106394    1.11612
1489237090      683   107132    1.12386
1489237091      776   107908    1.132
1489237092      802   108710    1.14041
1489237093      517   109272    1.14631
1489237094      734   110006    1.15401
1489237095      530   110545    1.15966
1489237096      763   111308    1.16767
1489237097      800   112108    1.17606
1489237098      549   112685    1.18211
1489237099      788   113473    1.19038
1489237100      799   114272    1.19876
1489237101      653   114925    1.20561
1489237102      596   115563    1.2123
1489237103      802   116365    1.22072
1489237104      794   117159    1.22905
1489237105      576   117735    1.23509
1489237106      623   118441    1.2425
1489237107      805   119246    1.25094
1489237108      743   119989    1.25873
1489237109      544   120581    1.26495
1489237110      427   121116    1.27056
1489237111      724   121840    1.27815
1489237112      633   122473    1.28479
1489237113      796   123269    1.29314
1489237115      628   123994    1.30075
1489237116      804   124798    1.30918
1489237117      797   125595    1.31754
1489237118      585   126180    1.32368
1489237119      655   126872    1.33094
1489237120      793   127665    1.33926
1489237121      788   128453    1.34753
1489237122      580   129033    1.35361
1489237123      783   129816    1.36182
1489237124      649   130465    1.36863
1489237125      798   131263    1.377
1489237126      589   131890    1.38358
1489237127      795   132685    1.39192
1489237128      766   133451    1.39996
1489237129      577   134030    1.40603
1489237130      676   134768    1.41377
1489237131      794   135562    1.4221
1489237132      796   136358    1.43045
1489237133      490   136908    1.43622
1489237134      802   137710    1.44464
1489237135      639   138349    1.45134
1489237136      632   138981    1.45797
1489237137      801   139782    1.46637
1489237138      579   140361    1.47245
1489237139      798   141159    1.48082
1489237140      650   141926    1.48886
1489237141      661   142664    1.4966
1489237142      805   143469    1.50505
1489237143      669   144269    1.51344
1489237144      807   145076    1.52191
1489237146      664   145874    1.53028
1489237147      681   146612    1.53802
1489237148      797   147409    1.54638
1489237149      671   148217    1.55486
1489237150      800   149017    1.56325
1489237151      796   149813    1.5716
1489237152      656   150469    1.57848
1489237153      607   151095    1.58505
1489237154      804   151899    1.59348
1489237155      798   152697    1.60186
1489237156      567   153264    1.6078
1489237157      657   153973    1.61524
1489237158      806   154779    1.6237
1489237159      793   155572    1.63202
1489237160      589   156161    1.63819
1489237161      797   156958    1.64655
1489237162      642   157718    1.65453
1489237163      663   158456    1.66227
1489237164      785   159241    1.6705
1489237165      795   160036    1.67884
1489237166      577   160613    1.6849
1489237167      793   161406    1.69322
1489237168      644   162050    1.69997
1489237169      795   162845    1.70831
1489237170      598   163474    1.71491
1489237171      804   164278    1.72334
1489237172      777   165055    1.7315
1489237174      394   165614    1.73736
1489237175      644   166352    1.7451
1489237176      799   167151    1.75348
1489237177      783   167934    1.7617
1489237178      523   168492    1.76755
1489237179      789   169281    1.77583
1489237180      601   169882    1.78213
1489237181      789   170671    1.79041
1489237182      580   171370    1.79774
1489237183      771   172141    1.80583
1489237184      798   172939    1.8142
1489237185      554   173510    1.82019
1489237186      672   174248    1.82793
1489237187      802   175050    1.83635
1489237188      792   175842    1.84466
1489237189      576   176418    1.8507
1489237190      795   177213    1.85904
1489237191      626   177839    1.86561
1489237192      789   178628    1.87388
1489237193      574   179266    1.88058
1489237194      803   180069    1.889
1489237195      798   180867    1.89737
1489237196      571   181438    1.90336
1489237198      653   182144    1.91077
1489237199      795   182939    1.91911
1489237200      782   183721    1.92731
1489237201      529   184284    1.93322
1489237202      796   185080    1.94157
1489237203      640   185720    1.94828
1489237204      788   186508    1.95655
1489237205      615   187123    1.963
1489237206      574   187697    1.96902
1489237207      800   188497    1.97741
1489237208      793   189290    1.98573
1489237209      632   189922    1.99236
1489237210      611   190575    1.99921
1489237211      787   191362    2.00747
1489237212      796   192158    2.01582
1489237213      581   192739    2.02191
1489237214      658   193453    2.0294
1489237215      805   194258    2.03785
1489237216      799   195057    2.04623
1489237217      592   195649    2.05244
1489237218      798   196447    2.06081
1489237219      649   197198    2.06869
1489237220      677   197936    2.07643
1489237221      804   198740    2.08487
1489237222      665   199541    2.09327
1489237223      791   200332    2.10157
1489237224      807   201139    2.11003
1489237225      660   201799    2.11696
1489237226      594   202419    2.12346
1489237227      810   203229    2.13196
1489237228      662   204024    2.1403
1489237229      813   204837    2.14883
1489237230      660   205497    2.15575
1489237231      808   206305    2.16423
1489237232      607   206912    2.17059
1489237233      802   207714    2.17901
1489237235      664   208507    2.18733
1489237236      511   209042    2.19294
1489237237      525   209780    2.20068
1489237238      806   210586    2.20914
1489237239      798   211384    2.21751
1489237240      589   211973    2.22369
1489237241      800   212773    2.23208
1489237242      653   213426    2.23893
1489237243      803   214229    2.24735
1489237244      598   214827    2.25362
1489237245      797   215624    2.26199
1489237246      648   216403    2.27016
1489237247      676   217141    2.2779
1489237248      806   217947    2.28636
1489237249      771   218718    2.29444
1489237250      590   219308    2.30063
1489237251      638   219946    2.30733
1489237252      776   220722    2.31547
1489237253      629   221351    2.32206
1489237254      797   222148    2.33043
1489237255      501   222694    2.33615
1489237256      656   223350    2.34303
1489237257      797   224147    2.3514
1489237259      608   224834    2.3586
1489237260      667   225572    2.36634
1489237261      803   226375    2.37477
1489237262      778   227153    2.38293
1489237263      581   227734    2.38902
1489237264      792   228526    2.39733
1489237265      602   229128    2.40365
1489237266      798   229926    2.41202
1489237267      544   230590    2.41899
1489237268      519   231125    2.4246
1489237269      809   231934    2.43308
1489237270      622   232730    2.44143
1489237271      680   233468    2.44918
1489237272      805   234273    2.45762
1489237274      664   235073    2.46601
1489237275      793   235866    2.47433
1489237276      803   236669    2.48276
1489237277      644   237313    2.48951
1489237278      602   237951    2.49621
1489237279      799   238750    2.50459
1489237280      803   239553    2.51301
1489237281      585   240138    2.51915
1489237282      637   240829    2.5264
1489237283      803   241632    2.53482
1489237284      792   242424    2.54313
1489237285      563   242987    2.54904
1489237286      731   243718    2.5567
1489237287      758   244476    2.56466
1489237288      641   245117    2.57138
1489237289      621   245847    2.57904
1489237290      809   246656    2.58752
1489237291      786   247442    2.59577
1489237292      595   248037    2.60201
1489237293      657   248725    2.60923
1489237294      801   249526    2.61763
