1486927891      998   998    0.0104694
1486927892      999   1998    0.0209599
1486927893      994   2992    0.0313873
1486927894      969   3973    0.0416784
1486927895      808   4781    0.0501547
1486927896      654   5435    0.0570154
1486927897      571   6113    0.0641279
1486927898      807   6920    0.0725937
1486927899      770   7690    0.0806713
1486927900      313   8003    0.0839548
1486927901      796   8799    0.0923052
1486927902      645   9550    0.100183
1486927903      805   10355    0.108628
1486927904      797   11152    0.116989
1486927905      581   11733    0.123084
1486927907      653   12452    0.130627
1486927908      804   13256    0.139061
1486927909      788   14044    0.147327
1486927910      593   14637    0.153548
1486927911      783   15420    0.161762
1486927912      626   16046    0.168329
1486927913      798   16844    0.176701
1486927914      609   17494    0.183519
1486927915      808   18302    0.191996
1486927916      658   19099    0.200356
1486927917      673   19861    0.20835
1486927918      800   20661    0.216743
1486927919      792   21453    0.225051
1486927920      584   22037    0.231177
1486927921      798   22835    0.239549
1486927922      651   23606    0.247637
1486927923      665   24368    0.25563
1486927924      803   25171    0.264054
1486927925      730   25901    0.271712
1486927927      502   26508    0.27808
1486927928      773   27281    0.286189
1486927929      617   27898    0.292662
1486927930      793   28691    0.300981
1486927931      592   29410    0.308523
1486927932      802   30212    0.316936
1486927933      791   31003    0.325234
1486927934      595   31598    0.331476
1486927935      655   32312    0.338966
1486927936      807   33119    0.347432
1486927937      785   33904    0.355667
1486927938      593   34497    0.361888
1486927939      788   35285    0.370154
1486927940      633   35918    0.376795
1486927941      777   36695    0.384946
1486927942      609   37354    0.391859
1486927943      783   38137    0.400073
1486927944      804   38941    0.408507
1486927945      543   39494    0.414309
1486927946      663   40256    0.422302
1486927947      812   41068    0.43082
1486927948      776   41844    0.438961
1486927949      592   42436    0.445171
1486927950      799   43235    0.453553
1486927951      627   43862    0.460131
1486927952      791   44653    0.468429
1486927953      616   45298    0.475195
1486927954      808   46106    0.483671
1486927955      658   46903    0.492032
1486927956      676   47665    0.500026
1486927957      805   48470    0.508471
1486927958      786   49256    0.516716
1486927959      604   49860    0.523052
1486927960      721   50581    0.530616
1486927961      739   51320    0.538368
1486927962      564   51884    0.544285
1486927963      708   52592    0.551712
1486927965      596   53242    0.558531
1486927966      794   54036    0.56686
1486927967      798   54834    0.575232
1486927968      584   55418    0.581358
1486927969      654   56144    0.588974
1486927970      802   56946    0.597387
1486927971      802   57748    0.605801
1486927972      604   58352    0.612137
1486927973      793   59145    0.620456
1486927974      626   59771    0.627023
1486927975      797   60568    0.635384
1486927976      597   61186    0.641867
1486927977      808   61994    0.650343
1486927978      655   62791    0.658704
1486927979      673   63553    0.666698
1486927980      805   64358    0.675142
1486927981      664   65158    0.683535
1486927982      812   65970    0.692053
1486927983      661   66763    0.700372
1486927985      678   67525    0.708365
1486927986      805   68330    0.71681
1486927987      790   69120    0.725098
1486927988      592   69712    0.731308
1486927989      789   70501    0.739585
1486927990      652   71270    0.747652
1486927991      677   72032    0.755646
1486927992      807   72839    0.764112
1486927993      663   73637    0.772483
1486927994      775   74412    0.780613
1486927995      806   75218    0.789068
1486927996      630   75848    0.795677
1486927997      627   76539    0.802926
1486927998      814   77353    0.811465
1486927999      655   78144    0.819763
1486928000      806   78950    0.828218
1486928001      637   79587    0.834901
1486928002      798   80385    0.843272
1486928003      610   81046    0.850206
1486928004      640   81686    0.85692
1486928005      795   82481    0.86526
1486928006      671   83152    0.872299
1486928007      484   83636    0.877377
1486928008      803   84439    0.8858
1486928010      500   85018    0.891874
1486928011      650   85668    0.898693
1486928012      796   86464    0.907043
1486928013      643   87107    0.913789
1486928014      633   87740    0.920429
1486928015      569   88455    0.92793
1486928016      732   89187    0.935609
1486928017      728   89915    0.943246
1486928018      545   90595    0.950379
1486928019      642   91357    0.958373
1486928020      662   92019    0.965318
1486928021      798   92817    0.973689
1486928023      575   93497    0.980823
1486928024      751   94248    0.988701
1486928025      764   95012    0.996716
1486928026      599   95611    1.003
1486928027      639   96250    1.0097
1486928028      547   96934    1.01688
1486928029      808   97742    1.02535
1486928030      630   98372    1.03196
1486928031      565   99074    1.03933
1486928032      591   99836    1.04732
1486928033      812   100648    1.05584
1486928034      645   101293    1.06261
1486928036      557   101976    1.06977
1486928037      802   102778    1.07818
1486928038      402   103273    1.08338
1486928039      797   104070    1.09174
1486928040      765   104835    1.09976
1486928041      565   105413    1.10583
1486928042      810   106223    1.11432
1486928043      750   106973    1.12219
1486928044      315   107288    1.1255
1486928045      800   108088    1.13389
1486928046      717   108805    1.14141
1486928047      568   109385    1.14749
1486928048      801   110186    1.1559
1486928049      752   110938    1.16379
1486928050      370   111308    1.16767
1486928051      796   112104    1.17602
1486928052      707   112811    1.18343
1486928053      572   113383    1.18944
1486928054      799   114182    1.19782
1486928055      711   114893    1.20528
1486928056      217   115110    1.20755
1486928057      530   115724    1.21399
1486928058      802   116526    1.22241
1486928059      700   117226    1.22975
1486928060      595   117864    1.23644
1486928061      807   118671    1.24491
1486928062      631   119302    1.25153
1486928063      805   120107    1.25997
1486928064      603   120766    1.26689
1486928065      805   121571    1.27533
1486928066      790   122361    1.28362
1486928067      609   122970    1.29001
1486928068      651   123668    1.29733
1486928069      795   124463    1.30567
1486928070      797   125260    1.31403
1486928071      587   125847    1.32019
1486928072      802   126649    1.3286
1486928073      628   127277    1.33519
1486928074      796   128073    1.34354
1486928075      611   128710    1.35022
1486928076      812   129522    1.35874
1486928077      660   130315    1.36706
1486928079      667   131077    1.37505
1486928080      788   131865    1.38332
1486928081      797   132662    1.39168
1486928082      590   133252    1.39787
1486928083      804   134056    1.4063
1486928084      653   134822    1.41434
1486928085      677   135584    1.42233
1486928086      805   136389    1.43078
1486928087      791   137180    1.43908
1486928088      599   137779    1.44536
1486928089      792   138571    1.45367
1486928090      642   139213    1.4604
1486928091      804   140017    1.46884
1486928092      597   140626    1.47523
1486928093      808   141434    1.4837
1486928094      790   142224    1.49199
1486928095      604   142828    1.49833
1486928096      652   143528    1.50567
1486928097      803   144331    1.51409
1486928098      798   145129    1.52246
1486928099      598   145727    1.52874
1486928100      797   146524    1.5371
1486928101      643   147167    1.54384
1486928102      802   147969    1.55226
1486928103      594   148570    1.55856
1486928104      796   149366    1.56691
1486928105      803   150169    1.57534
1486928106      604   150773    1.58167
1486928107      651   151472    1.589
1486928108      810   152282    1.5975
1486928109      660   153077    1.60584
1486928110      801   153878    1.61424
1486928111      790   154668    1.62253
1486928112      636   155304    1.6292
1486928113      543   155979    1.63628
1486928114      732   156711    1.64396
1486928115      804   157515    1.6524
1486928117      575   158119    1.65873
1486928118      673   158881    1.66673
1486928119      805   159686    1.67517
1486928120      669   160486    1.68357
1486928121      729   161215    1.69121
1486928122      796   162011    1.69956
1486928123      384   162626    1.70601
1486928125      666   163388    1.71401
1486928126      810   164198    1.72251
1486928127      663   164993    1.73085
1486928128      811   165804    1.73935
1486928129      719   166523    1.7469
1486928130      641   167164    1.75362
1486928131      641   167895    1.76129
1486928132      805   168700    1.76973
1486928133      790   169490    1.77802
1486928134      532   170035    1.78374
1486928135      667   170797    1.79173
1486928136      788   171585    1.8
1486928137      622   172207    1.80652
1486928138      628   172937    1.81418
1486928139      805   173742    1.82263
1486928140      689   174431    1.82985
1486928141      633   175064    1.83649
1486928142      726   175790    1.84411
1486928143      516   176374    1.85024
1486928144      812   177186    1.85876
1486928145      673   177859    1.86582
1486928147      543   178514    1.87269
1486928148      596   179276    1.88068
1486928149      804   180080    1.88911
1486928150      704   180784    1.8965
1486928151      533   181416    1.90313
1486928152      804   182220    1.91156
1486928153      416   182713    1.91674
1486928155      350   183248    1.92235
1486928156      806   184054    1.9308
1486928157      679   184733    1.93793
1486928158      528   185388    1.9448
1486928159      805   186193    1.95324
1486928160      480   186685    1.9584
1486928161      644   187329    1.96516
1486928162      795   188124    1.9735
1486928163      591   188825    1.98085
1486928164      707   189532    1.98827
1486928165      789   190321    1.99655
1486928166      311   190657    2.00007
1486928167      802   191459    2.00848
1486928168      758   192217    2.01644
1486928169      562   192797    2.02252
1486928170      804   193601    2.03096
1486928171      770   194371    2.03903
1486928172      347   194718    2.04267
1486928173      796   195514    2.05102
1486928174      717   196231    2.05855
1486928175      569   196800    2.06451
1486928176      799   197599    2.0729
1486928177      769   198368    2.08096
1486928178      402   198770    2.08518
1486928179      799   199569    2.09356
1486928181      549   200206    2.10024
1486928182      783   200989    2.10846
1486928183      796   201785    2.11681
1486928184      580   202365    2.12289
1486928185      631   202996    2.12951
1486928186      545   203643    2.1363
1486928187      802   204445    2.14471
1486928188      774   205219    2.15283
1486928189      559   205783    2.15875
1486928190      561   206545    2.16674
1486928191      804   207349    2.17518
1486928192      785   208134    2.18341
1486928193      603   208737    2.18974
1486928194      786   209523    2.19798
1486928195      655   210290    2.20603
1486928196      677   211052    2.21402
1486928197      805   211857    2.22247
1486928198      797   212654    2.23083
1486928199      603   213257    2.23715
1486928200      802   214059    2.24557
1486928201      626   214685    2.25214
1486928202      792   215477    2.26044
1486928203      604   216094    2.26692
1486928204      810   216904    2.27541
1486928205      792   217696    2.28372
1486928206      598   218294    2.29
1486928207      650   218996    2.29736
1486928208      805   219801    2.3058
1486928209      796   220597    2.31415
1486928210      602   221199    2.32047
1486928211      799   221998    2.32885
1486928212      620   222618    2.33536
1486928213      796   223414    2.34371
1486928215      544   224038    2.35025
1486928216      812   224850    2.35877
1486928217      534   225384    2.36437
1486928218      785   226169    2.37261
1486928219      624   226793    2.37915
1486928220      620   227475    2.38631
1486928221      811   228286    2.39482
1486928222      656   229080    2.40314
1486928223      802   229882    2.41156
1486928224      637   230519    2.41824
1486928225      794   231313    2.42657
1486928226      619   231982    2.43359
1486928227      808   232790    2.44206
1486928228      788   233578    2.45033
1486928229      595   234173    2.45657
1486928230      654   234884    2.46403
1486928231      802   235686    2.47244
1486928232      781   236467    2.48064
1486928233      560   237027    2.48651
1486928234      799   237826    2.49489
1486928235      625   238451    2.50145
1486928236      792   239243    2.50976
1486928237      620   239926    2.51692
1486928238      730   240656    2.52458
1486928239      797   241453    2.53294
1486928240      583   242066    2.53937
1486928241      670   242828    2.54737
1486928242      803   243631    2.55579
1486928243      781   244412    2.56398
1486928244      602   245014    2.5703
1486928245      786   245800    2.57854
1486928246      621   246421    2.58506
1486928247      795   247216    2.5934
1486928249      567   247870    2.60026
1486928250      809   248679    2.60875
1486928251      777   249456    2.6169
