1489000187      998   998    0.0104694
1489000188      994   1993    0.0209074
1489000189      998   2991    0.0313768
1489000190      971   3962    0.041563
1489000191      789   4751    0.04984
1489000192      642   5534    0.058054
1489000193      805   6339    0.0664988
1489000194      799   7138    0.0748806
1489000195      594   7732    0.0811119
1489000196      659   8392    0.0880356
1489000197      805   9197    0.0964804
1489000198      798   9995    0.104852
1489000199      577   10572    0.110905
1489000200      796   11368    0.119255
1489000201      663   12031    0.12621
1489000202      799   12830    0.134592
1489000203      578   13408    0.140656
1489000204      798   14206    0.149027
1489000205      776   14982    0.157167
1489000206      592   15574    0.163378
1489000207      663   16248    0.170448
1489000208      742   16990    0.178232
1489000209      799   17789    0.186614
1489000210      551   18388    0.192898
1489000211      751   19139    0.200776
1489000212      647   19786    0.207563
1489000213      799   20585    0.215945
1489000214      570   21246    0.222879
1489000215      733   21979    0.230569
1489000216      796   22775    0.238919
1489000217      594   23386    0.245329
1489000218      680   24104    0.252861
1489000219      801   24905    0.261264
1489000220      782   25687    0.269467
1489000222      307   26244    0.275311
1489000223      782   27026    0.283514
1489000224      659   27685    0.290427
1489000225      799   28484    0.298809
1489000226      565   29102    0.305292
1489000227      811   29913    0.3138
1489000229      636   30707    0.322129
1489000230      678   31425    0.329661
1489000231      778   32203    0.337823
1489000232      787   32990    0.346079
1489000233      586   33576    0.352226
1489000234      771   34347    0.360314
1489000235      796   35143    0.368665
1489000236      665   35808    0.375641
1489000237      591   36423    0.382092
1489000238      805   37228    0.390537
1489000239      793   38021    0.398856
1489000240      578   38599    0.40492
1489000241      663   39281    0.412074
1489000242      807   40088    0.42054
1489000243      785   40873    0.428775
1489000244      584   41457    0.434901
1489000245      794   42251    0.443231
1489000246      655   43026    0.451361
1489000247      676   43744    0.458893
1489000248      804   44548    0.467327
1489000249      796   45344    0.475677
1489000250      581   45925    0.481772
1489000251      799   46724    0.490154
1489000252      649   47373    0.496963
1489000253      563   47936    0.502869
1489000254      425   48361    0.507327
1489000255      796   49157    0.515677
1489000256      610   49812    0.522549
1489000257      780   50592    0.530731
1489000258      548   51140    0.53648
1489000259      803   51943    0.544904
1489000260      641   52670    0.55253
1489000261      808   53478    0.561007
1489000262      658   54275    0.569367
1489000263      683   54993    0.5769
1489000264      807   55800    0.585365
1489000265      792   56592    0.593674
1489000266      595   57187    0.599916
1489000267      784   57971    0.60814
1489000269      654   58738    0.616186
1489000270      667   59456    0.623718
1489000271      803   60259    0.632142
1489000272      794   61053    0.640471
1489000273      577   61630    0.646524
1489000274      795   62425    0.654864
1489000275      649   63074    0.661673
1489000276      778   63852    0.669834
1489000277      589   64454    0.676149
1489000278      797   65251    0.68451
1489000279      796   66047    0.692861
1489000280      587   66634    0.699018
1489000281      656   67312    0.706131
1489000282      802   68114    0.714544
1489000283      797   68911    0.722905
1489000284      586   69497    0.729053
1489000285      574   70071    0.735074
1489000286      634   70705    0.741725
1489000287      793   71498    0.750044
1489000288      797   72295    0.758405
1489000289      591   72886    0.764605
1489000290      795   73681    0.772944
1489000291      648   74450    0.781012
1489000292      679   75168    0.788544
1489000293      804   75972    0.796978
1489000294      791   76763    0.805276
1489000295      604   77367    0.811612
1489000296      762   78129    0.819606
1489000297      644   78773    0.826362
1489000298      801   79574    0.834764
1489000299      523   80166    0.840975
1489000300      808   80974    0.849451
1489000301      662   81771    0.857812
1489000302      668   82489    0.865344
1489000303      801   83290    0.873747
1489000304      797   84087    0.882108
1489000305      578   84665    0.888171
1489000306      800   85465    0.896564
1489000308      645   86234    0.904631
1489000309      679   86952    0.912163
1489000310      808   87760    0.920639
1489000311      795   88555    0.928979
1489000312      596   89151    0.935231
1489000313      703   89854    0.942606
1489000314      652   90506    0.949446
1489000315      765   91271    0.957471
1489000316      602   91950    0.964594
1489000317      738   92688    0.972336
1489000318      792   93480    0.980644
1489000319      542   94090    0.987043
1489000320      669   94808    0.994576
1489000321      796   95604    1.00293
1489000322      759   96363    1.01089
1489000323      592   96955    1.0171
1489000324      789   97744    1.02538
1489000325      648   98392    1.03217
1489000326      796   99188    1.04052
1489000327      597   99806    1.04701
1489000328      802   100608    1.05542
1489000329      793   101401    1.06374
1489000330      542   101946    1.06946
1489000331      651   102664    1.07699
1489000332      802   103466    1.0854
1489000333      786   104252    1.09365
1489000334      581   104833    1.09974
1489000335      798   105631    1.10811
1489000336      610   106241    1.11451
1489000337      741   106982    1.12229
1489000338      605   107662    1.12942
1489000339      785   108447    1.13765
1489000340      792   109239    1.14596
1489000341      575   109814    1.15199
1489000342      672   110520    1.1594
1489000343      805   111325    1.16785
1489000344      784   112109    1.17607
1489000345      594   112703    1.1823
1489000346      792   113495    1.19061
1489000347      653   114148    1.19746
1489000348      420   114568    1.20187
1489000349      803   115371    1.21029
1489000350      619   116053    1.21744
1489000351      804   116857    1.22588
1489000353      655   117658    1.23428
1489000354      677   118376    1.24181
1489000355      805   119181    1.25026
1489000356      792   119973    1.25857
1489000357      595   120568    1.26481
1489000358      791   121359    1.27311
1489000359      648   122007    1.2799
1489000360      796   122803    1.28825
1489000361      593   123396    1.29448
1489000362      793   124189    1.30279
1489000363      653   124979    1.31108
1489000364      671   125697    1.31861
1489000365      801   126498    1.32702
1489000366      802   127300    1.33543
1489000367      585   127885    1.34157
1489000368      796   128681    1.34992
1489000369      647   129442    1.3579
1489000370      683   130160    1.36543
1489000371      804   130964    1.37387
1489000372      799   131763    1.38225
1489000373      598   132361    1.38852
1489000374      796   133157    1.39687
1489000375      543   133700    1.40257
1489000376      794   134494    1.4109
1489000377      612   135158    1.41786
1489000378      804   135962    1.4263
1489000379      661   136624    1.43324
1489000380      611   137298    1.44031
1489000381      679   138016    1.44785
1489000382      803   138819    1.45627
1489000383      796   139615    1.46462
1489000384      602   140217    1.47093
1489000385      798   141015    1.47931
1489000386      648   141663    1.4861
1489000387      800   142463    1.4945
1489000388      574   143037    1.50052
1489000389      801   143838    1.50892
1489000391      644   144619    1.51711
1489000392      673   145337    1.52465
1489000393      802   146139    1.53306
1489000394      796   146935    1.54141
1489000395      583   147518    1.54753
1489000396      790   148308    1.55581
1489000397      644   149082    1.56393
1489000398      669   149800    1.57146
1489000399      806   150606    1.57992
1489000400      774   151380    1.58804
1489000401      607   151987    1.59441
1489000402      796   152783    1.60276
1489000403      660   153443    1.60968
1489000404      726   154169    1.6173
1489000405      596   154798    1.6239
1489000406      804   155602    1.63233
1489000407      728   156330    1.63997
1489000408      598   156938    1.64635
1489000409      666   157656    1.65388
1489000410      792   158448    1.66219
1489000411      801   159249    1.67059
1489000412      575   159824    1.67662
1489000413      798   160622    1.68499
1489000414      664   161286    1.69196
1489000415      257   161584    1.69508
1489000416      800   162384    1.70348
1489000417      790   163174    1.71176
1489000418      585   163759    1.7179
1489000419      760   164519    1.72587
1489000420      518   165037    1.73131
1489000421      790   165827    1.73959
1489000423      599   166582    1.74751
1489000424      752   167334    1.7554
1489000425      793   168127    1.76372
1489000426      530   168722    1.76996
1489000427      659   169440    1.7775
1489000428      805   170245    1.78594
1489000429      659   171045    1.79433
1489000430      801   171846    1.80274
1489000431      797   172643    1.8111
1489000432      647   173290    1.81788
1489000433      593   173903    1.82432
1489000434      809   174712    1.8328
1489000435      761   175473    1.84079
1489000436      603   176076    1.84711
1489000437      617   176761    1.8543
1489000438      722   177483    1.86187
1489000439      793   178276    1.87019
1489000440      608   178901    1.87675
1489000441      812   179713    1.88526
1489000442      664   180506    1.89358
1489000443      681   181224    1.90112
1489000444      804   182028    1.90955
1489000445      784   182812    1.91777
1489000446      601   183413    1.92408
1489000447      787   184200    1.93233
1489000448      664   184864    1.9393
1489000449      793   185657    1.94762
1489000450      589   186246    1.9538
1489000451      799   187045    1.96218
1489000453      496   187827    1.97038
1489000454      674   188545    1.97792
1489000455      806   189351    1.98637
1489000456      652   190150    1.99475
1489000457      801   190951    2.00316
1489000458      793   191744    2.01147
1489000459      576   192320    2.01752
1489000460      655   193008    2.02473
1489000461      798   193806    2.03311
1489000462      796   194602    2.04146
1489000463      601   195203    2.04776
1489000464      798   196001    2.05613
1489000465      663   196664    2.06309
1489000466      803   197467    2.07151
1489000467      584   198051    2.07764
1489000468      800   198851    2.08603
1489000469      649   199611    2.094
1489000470      687   200329    2.10153
1489000471      810   201139    2.11003
1489000472      791   201930    2.11833
1489000473      603   202533    2.12466
1489000474      786   203319    2.1329
1489000476      646   204074    2.14082
1489000477      682   204792    2.14835
1489000478      810   205602    2.15685
1489000479      662   206397    2.16519
1489000480      791   207188    2.17349
1489000481      784   207972    2.18171
1489000482      667   208639    2.18871
1489000483      66   208720    2.18956
1489000484      805   209525    2.198
1489000485      799   210324    2.20639
1489000486      581   210905    2.21248
1489000487      794   211699    2.22081
1489000488      654   212353    2.22767
1489000489      801   213154    2.23607
1489000490      565   213719    2.242
1489000491      727   214446    2.24963
1489000492      800   215246    2.25802
1489000493      502   215858    2.26444
1489000494      634   216492    2.27109
1489000496      522   217111    2.27759
1489000497      790   217901    2.28587
1489000498      797   218698    2.29423
1489000499      575   219273    2.30027
1489000500      660   219969    2.30757
1489000501      806   220775    2.31602
1489000502      793   221568    2.32434
1489000503      575   222143    2.33037
1489000504      796   222939    2.33872
1489000505      647   223714    2.34685
1489000506      673   224432    2.35439
1489000507      802   225234    2.3628
1489000508      796   226030    2.37115
1489000509      524   226572    2.37683
1489000510      802   227374    2.38525
1489000511      604   227978    2.39158
1489000512      799   228777    2.39997
1489000513      597   229430    2.40682
1489000514      440   229965    2.41243
1489000515      807   230772    2.42089
1489000516      796   231568    2.42924
1489000517      661   232229    2.43618
1489000518      588   232823    2.44241
1489000519      803   233626    2.45083
1489000520      792   234418    2.45914
1489000521      594   235012    2.46537
1489000522      637   235681    2.47239
1489000523      763   236444    2.4804
1489000524      796   237240    2.48875
1489000525      567   237821    2.49484
1489000526      802   238623    2.50325
1489000527      788   239411    2.51152
1489000528      638   240049    2.51821
1489000529      551   240679    2.52482
1489000530      799   241478    2.53321
1489000531      791   242269    2.5415
1489000532      573   242842    2.54751
1489000533      662   243537    2.5548
1489000534      791   244328    2.5631
1489000535      790   245118    2.57139
1489000536      569   245687    2.57736
1489000537      800   246487    2.58575
1489000539      648   247282    2.59409
1489000540      677   248000    2.60162
1489000541      796   248796    2.60997
1489000542      802   249598    2.61839
