1481191783      1498   1498    0.0014286
1481191784      1499   2997    0.00285816
1481191785      1500   4497    0.00428867
1481191786      1499   5996    0.00571823
1481191787      1499   7495    0.00714779
1481191788      1500   8995    0.0085783
1481191789      1499   10494    0.0100079
1481191790      1499   11993    0.0114374
1481191791      1500   13493    0.0128679
1481191792      1498   14993    0.0142984
1481191793      1500   16493    0.015729
1481191794      1500   17993    0.0171595
1481191795      1499   19492    0.018589
1481191796      1499   20991    0.0200186
1481191797      1496   22487    0.0214453
1481191798      1499   23986    0.0228748
1481191799      1457   25443    0.0242643
1481191800      1367   26845    0.0256014
1481191801      1506   28351    0.0270376
1481191802      1389   29740    0.0283623
1481191803      1390   31130    0.0296879
1481191804      1389   32519    0.0310125
1481191805      1389   33908    0.0323372
1481191806      1389   35297    0.0336618
1481191807      1389   36686    0.0349865
1481191808      1387   38129    0.0363626
1481191809      1507   39636    0.0377998
1481191810      1389   41025    0.0391245
1481191811      1389   42414    0.0404491
1481191812      1390   43804    0.0417747
1481191813      1389   45193    0.0430994
1481191814      1389   46582    0.0444241
1481191815      1390   47972    0.0457497
1481191816      1386   49413    0.0471239
1481191817      1279   50692    0.0483437
1481191818      1377   52077    0.0496645
1481191819      1506   53583    0.0511007
1481191820      1389   54972    0.0524254
1481191821      1388   56360    0.0537491
1481191822      1389   57749    0.0550737
1481191823      1389   59138    0.0563984
1481191824      1390   60528    0.057724
1481191825      1389   61917    0.0590487
1481191826      1384   63361    0.0604258
1481191827      1506   64867    0.061862
1481191828      1389   66256    0.0631866
1481191829      1390   67646    0.0645123
1481191830      1389   69035    0.0658369
1481191831      1389   70424    0.0671616
1481191832      1387   71811    0.0684843
1481191833      1389   73200    0.069809
1481191834      1387   74645    0.071187
1481191835      1241   75886    0.0723705
1481191836      1384   77309    0.0737276
1481191837      1507   78816    0.0751648
1481191838      1338   80154    0.0764408
1481191839      1388   81542    0.0777645
1481191840      1386   82928    0.0790863
1481191841      1389   84317    0.080411
1481191842      1387   85704    0.0817337
1481191843      1382   87086    0.0830517
1481191844      1499   88585    0.0844812
1481191845      1386   89971    0.085803
1481191846      1387   91358    0.0871258
1481191847      1385   92743    0.0884466
1481191848      1386   94129    0.0897684
1481191849      1387   95516    0.0910912
1481191850      1387   96903    0.0924139
1481191851      1347   98265    0.0937128
1481191852      1506   99771    0.095149
1481191853      1145   100929    0.0962534
1481191854      1507   102436    0.0976906
1481191855      1362   103798    0.0989895
1481191856      1386   105184    0.100311
1481191857      1355   106539    0.101604
1481191858      1388   107927    0.102927
1481191859      1375   109302    0.104239
1481191860      1376   110678    0.105551
1481191861      1499   112177    0.10698
1481191862      1323   113500    0.108242
1481191863      1389   114889    0.109567
1481191864      1371   116260    0.110874
1481191865      1386   117646    0.112196
1481191866      1329   118975    0.113463
1481191867      1388   120363    0.114787
1481191868      1499   121862    0.116217
1481191869      1390   123252    0.117542
1481191870      1381   124633    0.118859
1481191871      1324   125957    0.120122
1481191872      1267   127224    0.12133
1481191873      1389   128613    0.122655
1481191874      1387   130000    0.123978
1481191875      1390   131390    0.125303
1481191876      1371   132761    0.126611
1481191877      1388   134221    0.128003
1481191878      1507   135728    0.12944
1481191879      1388   137116    0.130764
1481191880      1388   138504    0.132088
1481191881      1371   139875    0.133395
1481191882      1388   141263    0.134719
1481191883      1388   142651    0.136043
1481191884      1387   144038    0.137365
1481191885      1387   145505    0.138764
1481191886      1507   147012    0.140202
1481191887      1383   148395    0.141521
1481191888      1377   149772    0.142834
1481191889      1375   151147    0.144145
1481191890      1270   152417    0.145356
1481191891      1362   153779    0.146655
1481191892      1376   155155    0.147967
1481191893      1388   156543    0.149291
1481191894      1388   157931    0.150615
1481191895      1499   159430    0.152044
1481191896      1337   160767    0.153319
1481191897      1388   162155    0.154643
1481191898      1388   163543    0.155967
1481191899      1380   164923    0.157283
1481191900      1390   166313    0.158608
1481191901      1310   167623    0.159858
1481191902      1499   169122    0.161287
1481191903      1390   170512    0.162613
1481191904      1387   171899    0.163936
1481191905      1388   173287    0.165259
1481191906      1376   174663    0.166572
1481191907      1380   176043    0.167888
1481191908      1270   177313    0.169099
1481191909      1383   178696    0.170418
1481191910      1387   180083    0.171741
1481191911      1370   181461    0.173055
1481191912      1506   182967    0.174491
1481191913      1373   184340    0.1758
1481191914      1389   185729    0.177125
1481191915      1381   187110    0.178442
1481191916      1388   188498    0.179766
1481191917      1388   189886    0.181089
1481191918      1389   191275    0.182414
1481191919      1369   192745    0.183816
1481191920      1506   194251    0.185252
1481191921      1371   195622    0.18656
1481191922      1385   197007    0.187881
1481191923      1388   198395    0.189204
1481191924      1369   199764    0.19051
1481191925      1388   201152    0.191833
1481191926      1269   202421    0.193044
1481191927      1389   203810    0.194368
1481191928      1390   205200    0.195694
1481191930      1389   206693    0.197118
1481191931      1506   208199    0.198554
1481191932      1389   209588    0.199879
1481191933      1388   210976    0.201202
1481191934      1386   212362    0.202524
1481191935      1389   213751    0.203849
1481191936      1373   215124    0.205158
1481191937      1384   216508    0.206478
1481191938      1388   217977    0.207879
1481191939      1507   219484    0.209316
1481191940      1389   220873    0.210641
1481191941      1388   222261    0.211965
1481191942      1388   223649    0.213288
1481191943      1389   225038    0.214613
1481191944      1390   226428    0.215939
1481191945      1270   227698    0.21715
1481191946      1389   229087    0.218474
1481191947      1389   230476    0.219799
1481191948      1388   231925    0.221181
1481191949      1506   233431    0.222617
1481191950      1388   234819    0.223941
1481191951      1390   236209    0.225266
1481191952      1389   237598    0.226591
1481191953      1389   238987    0.227916
1481191954      1381   240368    0.229233
1481191955      1390   241758    0.230558
1481191956      1387   243209    0.231942
1481191957      1506   244715    0.233378
1481191958      1384   246099    0.234698
1481191959      1381   247480    0.236015
1481191960      1389   248869    0.23734
1481191961      1389   250258    0.238665
1481191962      1389   251647    0.239989
1481191963      1269   252916    0.241199
1481191964      1390   254306    0.242525
1481191965      1389   255695    0.24385
1481191966      1387   257157    0.245244
1481191967      1506   258663    0.24668
1481191968      1389   260052    0.248005
1481191969      1391   261443    0.249331
1481191970      1387   262830    0.250654
1481191971      1389   264219    0.251979
1481191972      1390   265609    0.253304
1481191973      1387   266996    0.254627
1481191974      1384   268441    0.256005
1481191975      1506   269947    0.257442
1481191976      1376   271323    0.258754
1481191977      1389   272712    0.260078
1481191978      1388   274100    0.261402
1481191979      1384   275484    0.262722
1481191980      1388   276872    0.264046
1481191981      1271   278143    0.265258
1481191982      1388   279531    0.266582
1481191983      1368   280899    0.267886
1481191984      1376   282389    0.269307
1481191985      1506   283895    0.270743
1481191986      1363   285258    0.272043
1481191987      1311   286569    0.273293
1481191988      1231   287800    0.274467
1481191989      1240   289040    0.27565
1481191990      1380   290449    0.276994
1481191991      1506   291955    0.27843
1481191992      1389   293344    0.279755
1481191993      1388   294732    0.281078
1481191994      1389   296121    0.282403
1481191995      1359   297480    0.283699
1481191996      1387   298867    0.285022
1481191997      1389   300256    0.286346
1481191998      1389   301733    0.287755
1481191999      1278   303011    0.288974
1481192000      1380   304397    0.290296
1481192001      1507   305904    0.291733
1481192002      1389   307293    0.293057
1481192003      1387   308680    0.29438
1481192004      1390   310070    0.295706
1481192005      1389   311459    0.29703
1481192006      1388   312847    0.298354
1481192007      1389   314236    0.299679
1481192008      1387   315681    0.301057
1481192009      1506   317187    0.302493
1481192010      1389   318576    0.303818
1481192011      1389   319965    0.305142
1481192012      1388   321353    0.306466
1481192013      1390   322743    0.307792
1481192014      1389   324132    0.309116
1481192015      1386   325518    0.310438
1481192016      1387   326965    0.311818
1481192017      1278   328243    0.313037
1481192018      1382   329629    0.314359
1481192019      1506   331135    0.315795
1481192020      1388   332523    0.317119
1481192021      1389   333912    0.318443
1481192022      1389   335301    0.319768
1481192023      1390   336691    0.321094
1481192024      1390   338081    0.322419
1481192025      1390   339471    0.323745
1481192026      1388   340913    0.32512
1481192027      1507   342420    0.326557
1481192028      1389   343809    0.327882
1481192029      1390   345199    0.329207
1481192030      1390   346589    0.330533
1481192031      1371   347960    0.331841
1481192032      1389   349349    0.333165
1481192033      1389   350738    0.33449
1481192034      1386   352197    0.335881
1481192035      1277   353474    0.337099
1481192036      1383   354861    0.338422
1481192037      1506   356367    0.339858
1481192038      1388   357755    0.341182
1481192039      1383   359138    0.342501
1481192040      1389   360527    0.343825
1481192041      1385   361912    0.345146
1481192042      1365   363277    0.346448
1481192043      1390   364667    0.347774
1481192044      1388   366145    0.349183
1481192045      1506   367651    0.350619
1481192046      1389   369040    0.351944
1481192047      1381   370421    0.353261
1481192048      1294   371715    0.354495
1481192049      1231   372946    0.355669
1481192050      1372   374318    0.356977
1481192051      1316   375817    0.358407
1481192052      1507   377324    0.359844
1481192053      1136   378481    0.360948
1481192054      1506   379987    0.362384
1481192055      1388   381375    0.363708
1481192056      1390   382765    0.365033
1481192057      1389   384154    0.366358
1481192058      1389   385543    0.367682
1481192059      1389   386932    0.369007
1481192060      1389   388321    0.370332
1481192061      1377   389765    0.371709
1481192062      1506   391271    0.373145
1481192063      1384   392655    0.374465
1481192064      1390   394045    0.375791
1481192065      1384   395429    0.37711
1481192066      1389   396818    0.378435
1481192067      1390   398208    0.379761
1481192068      1388   399596    0.381084
1481192069      1388   401049    0.38247
1481192070      1507   402556    0.383907
1481192071      1154   403713    0.385011
1481192072      1506   405219    0.386447
1481192073      1390   406609    0.387773
1481192074      1390   407999    0.389098
1481192075      1389   409388    0.390423
1481192076      1389   410777    0.391747
1481192077      1389   412166    0.393072
1481192078      1388   413554    0.394396
1481192079      1387   414997    0.395772
1481192080      1506   416503    0.397208
1481192081      1390   417893    0.398534
1481192082      1389   419282    0.399858
1481192083      1389   420671    0.401183
1481192084      1390   422061    0.402509
1481192085      1388   423449    0.403832
1481192086      1389   424838    0.405157
1481192087      1387   426281    0.406533
1481192088      1507   427788    0.40797
1481192089      1155   428945    0.409074
1481192090      1506   430451    0.41051
1481192091      1390   431841    0.411836
1481192092      1389   433230    0.41316
1481192093      1389   434619    0.414485
1481192094      1383   436002    0.415804
1481192095      1368   437370    0.417109
1481192096      1389   438759    0.418433
1481192098      1390   440229    0.419835
1481192099      1506   441735    0.421271
1481192100      1390   443125    0.422597
1481192101      1390   444515    0.423923
1481192102      1389   445904    0.425247
1481192103      1387   447291    0.42657
1481192104      1386   448677    0.427892
1481192105      1389   450066    0.429216
1481192106      1387   451513    0.430596
1481192107      1506   453019    0.432033
1481192108      1154   454177    0.433137
1481192109      1506   455683    0.434573
1481192110      1364   457047    0.435874
1481192111      1380   458427    0.43719
1481192112      1387   459814    0.438513
1481192113      1369   461183    0.439818
1481192114      1388   462571    0.441142
1481192115      1333   463904    0.442413
1481192116      1500   465404    0.443844
1481192117      1385   466789    0.445165
1481192118      1389   468178    0.446489
1481192119      1390   469568    0.447815
1481192120      1389   470957    0.44914
1481192121      1388   472345    0.450463
1481192122      1389   473734    0.451788
1481192123      1383   475133    0.453122
1481192124      1507   476640    0.454559
1481192125      1388   478028    0.455883
1481192126      1094   479409    0.4572
1481192127      1506   480915    0.458636
1481192128      1390   482305    0.459962
1481192129      1389   483694    0.461287
1481192130      1389   485083    0.462611
1481192131      1389   486472    0.463936
1481192132      1389   487861    0.465261
1481192133      1389   489250    0.466585
1481192134      1387   490693    0.467961
1481192135      1506   492199    0.469398
1481192136      1390   493589    0.470723
1481192137      1389   494978    0.472048
1481192138      1389   496367    0.473372
1481192139      1390   497757    0.474698
1481192140      1389   499146    0.476023
