1482126148      1499   1499    0.00285912
1482126149      1499   2998    0.00571823
1482126150      1499   4497    0.00857735
1482126151      1500   5997    0.0114384
1482126152      1499   7496    0.0142975
1482126153      1499   8995    0.0171566
1482126154      1500   10495    0.0200176
1482126155      1499   11994    0.0228767
1482126156      1499   13493    0.0257359
1482126157      1500   14993    0.0285969
1482126158      1464   16457    0.0313892
1482126159      1383   17840    0.0340271
1482126160      1385   19225    0.0366688
1482126161      1385   20610    0.0393105
1482126162      1271   21881    0.0417347
1482126163      1386   23267    0.0443783
1482126164      1384   24651    0.0470181
1482126165      1384   26035    0.0496578
1482126166      1270   27305    0.0520802
1482126167      1385   28690    0.0547218
1482126168      1385   30075    0.0573635
1482126169      1273   31404    0.0598984
1482126170      1296   32791    0.0625439
1482126171      1391   34182    0.065197
1482126172      1385   35567    0.0678387
1482126173      1383   36950    0.0704765
1482126174      1272   38222    0.0729027
1482126175      1384   39606    0.0755424
1482126176      1384   40990    0.0781822
1482126177      1386   42376    0.0808258
1482126178      1269   43645    0.0832462
1482126179      1384   45029    0.085886
1482126180      1385   46414    0.0885277
1482126181      1281   47799    0.0911694
1482126182      1296   49186    0.0938148
1482126183      1392   50578    0.0964699
1482126184      1385   51963    0.0991116
1482126185      1385   53348    0.101753
1482126186      1217   54565    0.104074
1482126187      1321   55886    0.106594
1482126188      1225   57111    0.108931
1482126189      1226   58337    0.111269
1482126190      1250   59587    0.113653
1482126191      1224   60811    0.115988
1482126192      1268   62079    0.118406
1482126193      1386   63465    0.12105
1482126194      1385   64850    0.123692
1482126195      1267   66117    0.126108
1482126196      1227   67344    0.128448
1482126197      1315   68659    0.130957
1482126198      1245   69904    0.133331
1482126199      1385   71289    0.135973
1482126200      1384   72673    0.138613
1482126201      1384   74057    0.141253
1482126202      1270   75327    0.143675
1482126203      1384   76711    0.146315
1482126204      1384   78095    0.148954
1482126205      1386   79481    0.151598
1482126206      1269   80750    0.154018
1482126207      1281   82031    0.156462
1482126208      1386   83417    0.159105
1482126209      1384   84801    0.161745
1482126210      1384   86185    0.164385
1482126211      1272   87457    0.166811
1482126212      1384   88841    0.169451
1482126213      1385   90226    0.172092
1482126214      1384   91610    0.174732
1482126215      1272   92882    0.177158
1482126216      1386   94268    0.179802
1482126217      1386   95654    0.182446
1482126218      1274   96984    0.184982
1482126219      1287   98371    0.187628
1482126220      1394   99765    0.190287
1482126221      1385   101150    0.192928
1482126222      1385   102535    0.19557
1482126223      1224   103759    0.197905
1482126224      1385   105144    0.200546
1482126225      1385   106529    0.203188
1482126226      1386   107915    0.205832
1482126227      1271   109186    0.208256
1482126228      1385   110571    0.210897
1482126229      1386   111957    0.213541
1482126230      1385   113342    0.216183
1482126231      1271   114613    0.218607
1482126232      1280   115893    0.221048
1482126233      1384   117277    0.223688
1482126234      1385   118662    0.22633
1482126235      1386   120048    0.228973
1482126236      1271   121319    0.231398
1482126237      1384   122703    0.234037
1482126238      1385   124088    0.236679
1482126239      1384   125472    0.239319
1482126240      1269   126741    0.241739
1482126241      1337   128078    0.244289
1482126242      1384   129462    0.246929
1482126243      1282   130846    0.249569
1482126244      1296   132233    0.252214
1482126245      1344   133577    0.254778
1482126246      1385   134962    0.25742
1482126247      1336   136298    0.259968
1482126248      1269   137593    0.262438
1482126249      1301   138894    0.264919
1482126250      1224   140118    0.267254
1482126251      1384   141502    0.269894
1482126252      1385   142887    0.272535
1482126253      1268   144155    0.274954
1482126254      1385   145540    0.277596
1482126255      1322   146862    0.280117
1482126256      1075   147937    0.282167
1482126257      1218   149155    0.284491
1482126258      1204   150359    0.286787
1482126259      1249   151608    0.289169
1482126260      1223   152916    0.291664
1482126261      1393   154309    0.294321
1482126262      1385   155694    0.296963
1482126263      1386   157080    0.299606
1482126264      1271   158351    0.302031
1482126265      1385   159736    0.304672
1482126266      1386   161122    0.307316
1482126267      1385   162507    0.309958
1482126268      1271   163778    0.312382
1482126269      1282   165060    0.314827
1482126270      1385   166445    0.317469
1482126271      1383   167828    0.320107
1482126272      1385   169213    0.322748
1482126273      1270   170483    0.325171
1482126274      1385   171868    0.327812
1482126275      1385   173253    0.330454
1482126276      1384   174637    0.333094
1482126277      1271   175908    0.335518
1482126278      1386   177294    0.338161
1482126279      1385   178679    0.340803
1482126280      1276   180031    0.343382
1482126281      1295   181418    0.346027
1482126282      1393   182811    0.348684
1482126283      1385   184196    0.351326
1482126284      1385   185581    0.353968
1482126285      1230   186811    0.356314
1482126286      1385   188196    0.358955
1482126287      1385   189581    0.361597
1482126288      1386   190967    0.364241
1482126289      1269   192236    0.366661
1482126290      1384   193620    0.369301
1482126291      1386   195006    0.371944
1482126292      1385   196391    0.374586
1482126293      1038   197429    0.376566
1482126294      1386   198815    0.37921
1482126295      1271   200086    0.381634
1482126296      1384   201470    0.384274
1482126297      1386   202856    0.386917
1482126298      1385   204241    0.389559
1482126299      1271   205512    0.391983
1482126300      1386   206898    0.394627
1482126301      1385   208283    0.397268
1482126302      1272   209605    0.39979
1482126303      1392   210997    0.402445
1482126304      1385   212382    0.405087
1482126305      1080   213462    0.407146
1482126306      1384   214846    0.409786
1482126307      1384   216230    0.412426
1482126308      1271   217501    0.41485
1482126309      1384   218885    0.41749
1482126310      1385   220270    0.420132
1482126311      1386   221656    0.422775
1482126312      1271   222927    0.4252
1482126313      1385   224312    0.427841
1482126314      1386   225698    0.430485
1482126315      1281   227072    0.433105
1482126316      1393   228465    0.435762
1482126317      1044   229531    0.437796
1482126318      1234   230765    0.440149
1482126319      1386   232151    0.442793
1482126320      1236   233387    0.44515
1482126321      1159   234546    0.447361
1482126322      1225   235771    0.449697
1482126323      1227   236998    0.452038
1482126324      1069   238107    0.454153
1482126325      1391   239498    0.456806
1482126326      1384   240882    0.459446
1482126327      1385   242267    0.462088
1482126328      1269   243536    0.464508
1482126329      1384   244920    0.467148
1482126330      1055   245975    0.46916
1482126331      1384   247359    0.4718
1482126332      1384   248743    0.47444
1482126333      1385   250128    0.477081
1482126334      1270   251398    0.479504
1482126335      1383   252781    0.482141
1482126336      1385   254166    0.484783
1482126337      1383   255549    0.487421
1482126338      1270   256819    0.489843
1482126339      1385   258204    0.492485
1482126340      1384   259588    0.495125
1482126342      1275   260934    0.497692
1482126343      1136   262321    0.500338
1482126344      1392   263713    0.502993
1482126345      1385   265098    0.505634
1482126346      1384   266482    0.508274
1482126347      1270   267752    0.510696
1482126348      1385   269137    0.513338
1482126349      1385   270522    0.51598
1482126350      1386   271908    0.518623
1482126351      1271   273179    0.521048
1482126352      1385   274564    0.523689
1482126353      1385   275949    0.526331
1482126354      1281   277329    0.528963
1482126355      1111   278716    0.531609
1482126356      1392   280108    0.534264
1482126357      1384   281492    0.536903
1482126358      1386   282878    0.539547
1482126359      1271   284149    0.541971
1482126360      1382   285531    0.544607
1482126361      1386   286917    0.547251
1482126362      1385   288302    0.549892
1482126363      1271   289573    0.552317
1482126364      1386   290959    0.55496
1482126365      1385   292344    0.557602
1482126366      1281   293724    0.560234
1482126367      1131   295111    0.56288
1482126368      1391   296502    0.565533
1482126369      1385   297887    0.568174
1482126370      1386   299273    0.570818
1482126371      1271   300544    0.573242
1482126372      1384   301928    0.575882
1482126373      1385   303313    0.578524
1482126374      1385   304698    0.581165
1482126375      1232   305930    0.583515
1482126376      1386   307316    0.586159
1482126377      1385   308701    0.5888
1482126378      1385   310086    0.591442
1482126379      1272   311358    0.593868
1482126380      1203   312578    0.596195
1482126381      1269   313847    0.598616
1482126382      1363   315210    0.601215
1482126383      1184   316394    0.603474
1482126384      1157   317551    0.60568
1482126385      1385   318936    0.608322
1482126386      1104   320082    0.610508
1482126387      1392   321474    0.613163
1482126388      1341   322815    0.615721
1482126389      1337   324152    0.618271
1482126390      1269   325442    0.620731
1482126391      1392   326834    0.623386
1482126392      1281   328115    0.62583
1482126393      1386   329501    0.628473
1482126394      1384   330885    0.631113
1482126395      1269   332189    0.6336
1482126396      1391   333580    0.636253
1482126397      1385   334965    0.638895
1482126398      1384   336349    0.641535
1482126399      1271   337620    0.643959
1482126400      1385   339005    0.646601
1482126401      1386   340391    0.649244
1482126402      1384   341775    0.651884
1482126403      1269   343044    0.654305
1482126404      1281   344325    0.656748
1482126405      1384   345709    0.659388
1482126406      1384   347093    0.662027
1482126407      1385   348478    0.664669
1482126408      1269   349747    0.667089
1482126409      1384   351131    0.669729
1482126410      1385   352516    0.672371
1482126411      1386   353902    0.675014
1482126412      1271   355173    0.677439
1482126413      1386   356559    0.680082
1482126414      1385   357944    0.682724
1482126415      1278   359304    0.685318
1482126417      1294   360691    0.687963
1482126418      1390   362081    0.690615
1482126419      1386   363467    0.693258
1482126420      1384   364851    0.695898
1482126421      1268   366119    0.698317
1482126422      1385   367504    0.700958
1482126423      1384   368888    0.703598
1482126424      1384   370272    0.706238
1482126425      1270   371542    0.70866
1482126426      1381   372923    0.711294
1482126427      1384   374307    0.713934
1482126428      1385   375692    0.716576
1482126429      1269   376961    0.718996
1482126430      1272   378233    0.721422
1482126431      1385   379618    0.724064
1482126432      1384   381002    0.726704
1482126433      1384   382386    0.729343
1482126434      1266   383652    0.731758
1482126435      1384   385036    0.734398
1482126436      1384   386420    0.737038
1482126437      1385   387805    0.739679
1482126438      1268   389073    0.742098
1482126439      1385   390458    0.74474
1482126440      1384   391842    0.747379
1482126441      1313   393155    0.749884
1482126442      1120   394275    0.75202
1482126443      1210   395625    0.754595
1482126444      1391   397016    0.757248
1482126445      1385   398401    0.75989
1482126446      1226   399627    0.762228
1482126447      1223   400850    0.764561
1482126448      1097   402057    0.766863
1482126449      1377   403434    0.769489
1482126450      1246   404680    0.771866
1482126451      1384   406064    0.774506
1482126452      1197   407417    0.777086
1482126453      1391   408808    0.779739
1482126454      1281   410089    0.782183
1482126455      1384   411473    0.784822
1482126456      1384   412857    0.787462
1482126457      1271   414164    0.789955
1482126458      1390   415554    0.792606
1482126459      1383   416937    0.795244
1482126460      1385   418322    0.797886
1482126461      1266   419588    0.800301
1482126462      1385   420973    0.802942
1482126463      1385   422358    0.805584
1482126464      1384   423742    0.808224
1482126465      1269   425011    0.810644
1482126466      1271   426282    0.813068
1482126467      1383   427665    0.815706
1482126468      1385   429050    0.818348
1482126469      1383   430433    0.820986
1482126470      1269   431702    0.823406
1482126471      1336   433038    0.825954
1482126472      1385   434423    0.828596
1482126473      1384   435807    0.831236
1482126474      1266   437073    0.833651
1482126475      1385   438458    0.836292
1482126476      1383   439841    0.83893
1482126477      1384   441225    0.84157
1482126478      1271   442496    0.843994
1482126479      1279   443775    0.846434
1482126480      1384   445159    0.849073
1482126481      1385   446544    0.851715
1482126482      1384   447928    0.854355
1482126483      1269   449197    0.856775
1482126484      1385   450582    0.859417
1482126485      1370   451952    0.86203
1482126486      1385   453337    0.864672
1482126487      1270   454607    0.867094
1482126488      1384   455991    0.869734
1482126489      1384   457375    0.872374
1482126490      1279   458746    0.874989
1482126491      1295   460133    0.877634
1482126492      1391   461524    0.880287
1482126493      1386   462910    0.882931
1482126494      1385   464295    0.885572
1482126495      1271   465566    0.887997
1482126496      1386   466952    0.89064
1482126497      1385   468337    0.893282
1482126498      1385   469722    0.895924
1482126499      1272   470994    0.89835
1482126500      1385   472379    0.900991
1482126501      1385   473764    0.903633
1482126502      1281   475141    0.90626
1482126503      1165   476306    0.908482
1482126504      1260   477600    0.91095
1482126505      1323   478923    0.913473
1482126506      1372   480295    0.91609
1482126507      1171   481466    0.918324
1482126508      1385   482851    0.920965
1482126509      1271   484122    0.923389
1482126510      1362   485484    0.925987
1482126511      1240   486724    0.928352
1482126512      1333   488057    0.930895
1482126513      1159   489392    0.933441
1482126514      1234   490626    0.935795
1482126515      1259   491885    0.938196
1482126516      1385   493270    0.940838
1482126517      1384   494654    0.943478
1482126518      1384   496038    0.946117
1482126519      1271   497309    0.948542
1482126520      1384   498693    0.951181
