1481552760      1498   1498    0.0014286
1481552761      1499   2997    0.00285816
1481552762      1499   4496    0.00428772
1481552763      1500   5996    0.00571823
1481552764      1499   7495    0.00714779
1481552765      1499   8994    0.00857735
1481552766      1500   10494    0.0100079
1481552767      1499   11993    0.0114374
1481552768      1499   13492    0.012867
1481552769      1500   14992    0.0142975
1481552770      1499   16491    0.015727
1481552771      1499   17990    0.0171566
1481552772      1500   19490    0.0185871
1481552773      1499   20989    0.0200167
1481552774      1499   22488    0.0214462
1481552775      1500   23988    0.0228767
1481552776      1460   25448    0.0242691
1481552777      1377   26825    0.0255823
1481552778      1385   28210    0.0269032
1481552779      1383   29709    0.0283327
1481552780      1506   31215    0.0297689
1481552781      1374   32589    0.0310793
1481552782      1377   33966    0.0323925
1481552783      1383   35349    0.0337114
1481552784      1384   36733    0.0350313
1481552785      1385   38118    0.0363522
1481552786      1384   39502    0.037672
1481552787      1386   40993    0.039094
1481552788      1507   42500    0.0405312
1481552789      1383   43883    0.0418501
1481552790      1385   45268    0.0431709
1481552791      1386   46654    0.0444927
1481552792      1381   48035    0.0458097
1481552793      1380   49415    0.0471258
1481552794      1348   50763    0.0484114
1481552795      1385   52148    0.0497322
1481552796      1384   53532    0.0510521
1481552797      1385   54917    0.0523729
1481552798      1331   56248    0.0536423
1481552799      1499   57747    0.0550718
1481552800      1364   59111    0.0563726
1481552801      1382   60493    0.0576906
1481552802      1380   61873    0.0590067
1481552803      1385   63258    0.0603275
1481552804      1384   64642    0.0616474
1481552805      1338   65980    0.0629234
1481552806      1387   67477    0.0643511
1481552807      1507   68984    0.0657883
1481552808      1355   70339    0.0670805
1481552809      1384   71723    0.0684004
1481552810      1385   73108    0.0697212
1481552811      1381   74489    0.0710382
1481552812      1348   75837    0.0723238
1481552813      1385   77222    0.0736446
1481552814      1384   78606    0.0749645
1481552815      1384   79990    0.0762844
1481552816      1386   81376    0.0776062
1481552817      1385   82761    0.078927
1481552818      1499   84260    0.0803566
1481552819      1381   85641    0.0816736
1481552820      1383   87024    0.0829926
1481552821      1374   88398    0.0843029
1481552822      1342   89740    0.0855827
1481552823      1338   91078    0.0868587
1481552824      1380   92458    0.0881748
1481552825      1500   93958    0.0896053
1481552826      1378   95336    0.0909195
1481552827      1384   96720    0.0922394
1481552828      1386   98106    0.0935612
1481552829      1250   99489    0.0948801
1481552830      1507   100996    0.0963173
1481552831      1383   102379    0.0976362
1481552832      1384   103763    0.0989561
1481552833      1385   105148    0.100277
1481552834      1384   106532    0.101597
1481552835      1384   107916    0.102917
1481552836      1384   109300    0.104237
1481552837      1365   110773    0.105641
1481552838      1507   112280    0.107079
1481552839      1383   113663    0.108397
1481552840      1384   115047    0.109717
1481552841      1385   116432    0.111038
1481552842      1384   117816    0.112358
1481552843      1383   119199    0.113677
1481552844      1386   120585    0.114999
1481552845      1384   122057    0.116403
1481552846      1506   123563    0.117839
1481552847      1233   124796    0.119015
1481552848      1384   126180    0.120335
1481552849      1376   127585    0.121675
1481552850      1506   129091    0.123111
1481552851      1384   130475    0.124431
1481552852      1381   131856    0.125748
1481552853      1384   133240    0.127068
1481552854      1384   134624    0.128387
1481552855      1386   136010    0.129709
1481552856      1384   137394    0.131029
1481552857      1383   138869    0.132436
1481552858      1507   140376    0.133873
1481552859      1380   141756    0.135189
1481552860      1385   143141    0.13651
1481552861      1384   144525    0.13783
1481552862      1384   145909    0.13915
1481552863      1384   147293    0.14047
1481552864      1385   148678    0.14179
1481552865      1348   150026    0.143076
1481552866      1380   151406    0.144392
1481552867      1383   152789    0.145711
1481552868      1384   154173    0.147031
1481552869      1499   155672    0.14846
1481552870      1379   157051    0.149776
1481552871      1384   158435    0.151095
1481552872      1384   159819    0.152415
1481552873      1385   161204    0.153736
1481552874      1383   162587    0.155055
1481552875      1381   163968    0.156372
1481552876      1378   165353    0.157693
1481552877      1506   166859    0.159129
1481552878      1385   168244    0.16045
1481552879      1385   169629    0.161771
1481552880      1383   171012    0.16309
1481552881      1384   172396    0.16441
1481552882      1384   173780    0.16573
1481552883      1346   175126    0.167013
1481552884      1384   176510    0.168333
1481552885      1373   177883    0.169642
1481552886      1385   179268    0.170963
1481552887      1363   180631    0.172263
1481552888      1499   182130    0.173693
1481552889      1378   183508    0.175007
1481552890      1374   184882    0.176317
1481552891      1326   186208    0.177582
1481552892      1383   187591    0.178901
1481552893      1380   188971    0.180217
1481552894      1384   190355    0.181537
1481552895      1384   191837    0.18295
1481552896      1506   193343    0.184386
1481552897      1384   194727    0.185706
1481552898      1382   196109    0.187024
1481552899      1384   197493    0.188344
1481552900      1386   198879    0.189666
1481552901      1347   200226    0.19095
1481552902      1383   201609    0.192269
1481552903      1385   202994    0.19359
1481552904      1380   204374    0.194906
1481552905      1385   205759    0.196227
1481552906      1385   207144    0.197548
1481552907      1499   208643    0.198977
1481552908      1377   210020    0.200291
1481552909      1386   211406    0.201612
1481552910      1384   212790    0.202932
1481552911      1384   214174    0.204252
1481552912      1385   215559    0.205573
1481552913      1384   216943    0.206893
1481552914      1377   218321    0.208207
1481552915      1506   219827    0.209643
1481552916      1386   221213    0.210965
1481552917      1383   222596    0.212284
1481552918      1229   223849    0.213479
1481552919      1506   225355    0.214915
1481552920      1385   226740    0.216236
1481552921      1369   228109    0.217542
1481552922      1385   229494    0.218863
1481552923      1386   230880    0.220184
1481552924      1384   232264    0.221504
1481552925      1350   233614    0.222792
1481552926      1500   235114    0.224222
1481552927      1382   236496    0.22554
1481552928      1385   237881    0.226861
1481552929      1385   239266    0.228182
1481552930      1385   240651    0.229503
1481552931      1385   242036    0.230824
1481552932      1386   243422    0.232145
1481552933      1378   244805    0.233464
1481552934      1507   246312    0.234901
1481552935      1337   247649    0.236176
1481552936      1121   248770    0.237246
1481552937      1500   250270    0.238676
1481552938      1383   251653    0.239995
1481552939      1333   252986    0.241266
1481552940      1360   254346    0.242563
1481552941      1385   255731    0.243884
1481552942      1385   257116    0.245205
1481552943      1386   258502    0.246527
1481552944      1499   260001    0.247956
1481552945      1376   261377    0.249269
1481552946      1385   262762    0.250589
1481552947      1384   264146    0.251909
1481552948      1384   265530    0.253229
1481552949      1358   266888    0.254524
1481552950      1318   268206    0.255781
1481552951      1384   269677    0.257184
1481552952      1506   271183    0.25862
1481552953      1378   272561    0.259934
1481552954      1098   273659    0.260982
1481552955      1499   275158    0.262411
1481552956      1382   276540    0.263729
1481552957      1383   277923    0.265048
1481552958      1384   279307    0.266368
1481552959      1383   280690    0.267687
1481552960      1385   282075    0.269008
1481552961      1384   283459    0.270328
1481552962      1380   284877    0.27168
1481552963      1506   286383    0.273116
1481552964      1385   287768    0.274437
1481552965      1384   289152    0.275757
1481552966      1384   290536    0.277077
1481552967      1385   291921    0.278398
1481552968      1385   293306    0.279718
1481552969      1385   294691    0.281039
1481552970      1384   296161    0.282441
1481552971      1506   297667    0.283877
1481552972      1233   298900    0.285053
1481552973      1386   300286    0.286375
1481552974      1380   301689    0.287713
1481552975      1506   303195    0.289149
1481552976      1386   304581    0.290471
1481552977      1385   305966    0.291792
1481552978      1385   307351    0.293113
1481552979      1383   308734    0.294432
1481552980      1385   310119    0.295753
1481552981      1385   311504    0.297073
1481552982      1385   312973    0.298474
1481552983      1506   314479    0.299911
1481552984      1385   315864    0.301231
1481552985      1386   317250    0.302553
1481552986      1384   318634    0.303873
1481552987      1382   320016    0.305191
1481552988      1386   321402    0.306513
1481552989      1356   322758    0.307806
1481552990      1232   323990    0.308981
1481552991      1385   325375    0.310302
1481552992      1385   326760    0.311623
1481552993      1381   328173    0.31297
1481552994      1506   329679    0.314406
1481552995      1384   331063    0.315726
1481552996      1376   332439    0.317039
1481552997      1379   333818    0.318354
1481552998      1386   335204    0.319675
1481552999      1384   336588    0.320995
1481553000      1384   337972    0.322315
1481553001      1386   339457    0.323731
1481553002      1507   340964    0.325169
1481553003      1384   342348    0.326488
1481553004      1384   343732    0.327808
1481553005      1385   345117    0.329129
1481553006      1383   346500    0.330448
1481553007      1331   347831    0.331717
1481553008      1349   349180    0.333004
1481553009      1382   350562    0.334322
1481553010      1224   351786    0.335489
1481553011      1381   353167    0.336806
1481553013      1386   354657    0.338227
1481553014      1506   356163    0.339664
1481553015      1384   357547    0.340983
1481553016      1379   358926    0.342299
1481553017      1274   360200    0.343513
1481553018      1306   361506    0.344759
1481553019      1385   362891    0.34608
1481553020      1382   364329    0.347451
1481553021      1506   365835    0.348887
1481553022      1365   367200    0.350189
1481553023      1379   368579    0.351504
1481553024      1377   369956    0.352818
1481553025      1385   371341    0.354138
1481553026      1382   372723    0.355456
1481553027      1347   374070    0.356741
1481553028      1347   375417    0.358026
1481553029      1379   376796    0.359341
1481553030      1384   378180    0.360661
1481553031      1384   379564    0.36198
1481553032      1499   381063    0.36341
1481553033      1383   382446    0.364729
1481553034      1385   383831    0.36605
1481553035      1384   385215    0.36737
1481553036      1384   386599    0.36869
1481553037      1385   387984    0.37001
1481553038      1384   389368    0.37133
1481553039      1383   390813    0.372708
1481553040      1507   392320    0.374146
1481553041      1384   393704    0.375465
1481553042      1384   395088    0.376785
1481553043      1385   396473    0.378106
1481553044      1383   397856    0.379425
1481553045      1319   399175    0.380683
1481553046      1386   400561    0.382005
1481553047      1385   401946    0.383326
1481553048      1381   403327    0.384643
1481553049      1379   404706    0.385958
1481553050      1385   406091    0.387279
1481553051      1499   407590    0.388708
1481553052      1382   408972    0.390026
1481553053      1384   410356    0.391346
1481553054      1384   411740    0.392666
1481553055      1384   413124    0.393986
1481553056      1383   414507    0.395305
1481553057      1376   415883    0.396617
1481553058      1380   417297    0.397965
1481553059      1506   418803    0.399402
1481553060      1386   420189    0.400723
1481553061      1385   421574    0.402044
1481553062      1214   422825    0.403237
1481553063      1507   424332    0.404675
1481553064      1385   425717    0.405995
1481553065      1385   427102    0.407316
1481553066      1383   428485    0.408635
1481553067      1379   429864    0.40995
1481553068      1384   431248    0.41127
1481553069      1385   432633    0.412591
1481553070      1385   434109    0.413999
1481553071      1507   435616    0.415436
1481553072      1384   437000    0.416756
1481553073      1383   438383    0.418075
1481553074      1303   439686    0.419317
1481553075      1370   441056    0.420624
1481553076      1364   442420    0.421925
1481553077      1374   443794    0.423235
1481553078      1499   445293    0.424664
1481553079      1379   446672    0.42598
1481553080      1232   447904    0.427155
1481553081      1379   449309    0.428494
1481553082      1506   450815    0.429931
1481553083      1385   452200    0.431252
1481553084      1355   453555    0.432544
1481553085      1353   454908    0.433834
1481553086      1383   456291    0.435153
1481553087      1384   457675    0.436473
1481553088      1291   458981    0.437718
1481553089      1507   460488    0.439156
1481553090      1295   461783    0.440391
1481553091      1278   463061    0.441609
1481553092      1373   464434    0.442919
1481553093      1379   465813    0.444234
1481553094      1382   467195    0.445552
1481553095      1383   468653    0.446942
1481553096      1507   470160    0.44838
1481553097      1384   471544    0.449699
1481553098      1229   472773    0.450871
1481553099      1374   474181    0.452214
1481553100      1506   475687    0.45365
1481553101      1371   477058    0.454958
1481553102      1381   478439    0.456275
1481553103      1383   479822    0.457594
1481553104      1379   481201    0.458909
1481553105      1379   482580    0.460224
1481553106      1288   483868    0.461452
1481553107      1500   485368    0.462883
1481553108      1384   486752    0.464203
1481553109      1382   488134    0.465521
1481553110      1383   489517    0.46684
1481553111      1384   490901    0.46816
1481553112      1384   492285    0.46948
1481553113      1384   493669    0.470799
1481553114      1385   495137    0.472199
1481553115      1507   496644    0.473637
1481553116      1110   497754    0.474695
1481553117      1382   499136    0.476013
