1484899983      85   86    0.000656128
1484899984      88   174    0.00132751
1484899985      87   261    0.00199127
1484899986      90   351    0.00267792
1484899987      87   438    0.00334167
1484899988      84   522    0.00398254
1484899989      83   606    0.00462341
1484899991      82   688    0.00524902
1484899992      86   774    0.00590515
1484899993      81   856    0.00653076
1484899994      79   936    0.00714111
1484899995      77   1014    0.00773621
1484899996      81   1096    0.00836182
1484899997      82   1179    0.00899506
1484899998      83   1262    0.0096283
1484899999      83   1345    0.0102615
1484900000      78   1424    0.0108643
1484900001      79   1503    0.011467
1484900002      85   1589    0.0121231
1484900003      84   1673    0.012764
1484900004      86   1759    0.0134201
1484900005      85   1844    0.0140686
1484900006      80   1924    0.014679
1484900007      84   2009    0.0153275
1484900008      84   2094    0.015976
1484900009      87   2182    0.0166473
1484900010      91   2273    0.0173416
1484900011      91   2365    0.0180435
1484900012      90   2456    0.0187378
1484900013      88   2545    0.0194168
1484900014      91   2636    0.0201111
1484900015      90   2727    0.0208054
1484900016      90   2817    0.021492
1484900017      90   2908    0.0221863
1484900018      89   2998    0.0228729
1484900019      91   3089    0.0235672
1484900020      91   3180    0.0242615
1484900021      91   3271    0.0249557
1484900022      84   3356    0.0256042
1484900023      86   3442    0.0262604
1484900024      84   3527    0.0269089
1484900025      84   3611    0.0275497
1484900026      84   3695    0.0281906
1484900027      85   3781    0.0288467
1484900028      86   3867    0.0295029
1484900029      85   3952    0.0301514
1484900030      84   4036    0.0307922
1484900031      85   4122    0.0314484
1484900032      84   4206    0.0320892
1484900033      85   4291    0.0327377
1484900034      82   4374    0.033371
1484900035      85   4459    0.0340195
1484900036      83   4543    0.0346603
1484900037      85   4628    0.0353088
1484900038      86   4715    0.0359726
1484900039      85   4801    0.0366287
1484900040      90   4891    0.0373154
1484900041      92   4983    0.0380173
1484900042      93   5076    0.0387268
1484900043      92   5168    0.0394287
1484900044      90   5258    0.0401154
1484900045      90   5349    0.0408096
1484900046      89   5438    0.0414886
1484900047      87   5525    0.0421524
1484900048      94   5619    0.0428696
1484900049      95   5715    0.043602
1484900050      94   5809    0.0443192
1484900051      94   5903    0.0450363
1484900052      91   5995    0.0457382
1484900053      90   6085    0.0464249
1484900054      87   6172    0.0470886
1484900055      69   6242    0.0476227
1484900056      88   6330    0.0482941
1484900057      84   6415    0.0489426
1484900058      88   6504    0.0496216
1484900059      88   6592    0.050293
1484900060      86   6679    0.0509567
1484900061      88   6768    0.0516357
1484900062      88   6857    0.0523148
1484900063      74   6946    0.0529938
1484900064      89   7036    0.0536804
1484900065      88   7125    0.0543594
1484900066      89   7214    0.0550385
1484900067      89   7303    0.0557175
1484900068      89   7393    0.0564041
1484900069      89   7483    0.0570908
1484900070      94   7577    0.0578079
1484900071      79   7661    0.0584488
1484900072      95   7757    0.0591812
1484900073      94   7852    0.059906
1484900074      93   7945    0.0606155
1484900075      92   8037    0.0613174
1484900076      92   8129    0.0620193
1484900077      94   8223    0.0627365
1484900078      94   8317    0.0634537
1484900079      75   8393    0.0640335
1484900080      96   8490    0.0647736
1484900081      95   8586    0.065506
1484900082      91   8677    0.0662003
1484900083      90   8767    0.0668869
1484900084      91   8858    0.0675812
1484900085      88   8947    0.0682602
1484900086      89   9037    0.0689468
1484900087      74   9111    0.0695114
1484900088      89   9200    0.0701904
1484900089      88   9289    0.0708694
1484900090      87   9377    0.0715408
1484900091      89   9466    0.0722198
1484900092      89   9556    0.0729065
1484900093      89   9646    0.0735931
1484900094      89   9736    0.0742798
1484900095      71   9808    0.0748291
1484900096      88   9896    0.0755005
1484900097      88   9985    0.0761795
1484900098      90   10076    0.0768738
1484900099      92   10168    0.0775757
1484900100      92   10260    0.0782776
1484900101      92   10353    0.0789871
1484900102      94   10447    0.0797043
1484900103      76   10524    0.0802917
1484900104      93   10617    0.0810013
1484900105      92   10709    0.0817032
1484900106      91   10800    0.0823975
1484900107      92   10893    0.083107
1484900108      93   10987    0.0838242
1484900109      69   11056    0.0843506
1484900110      96   11152    0.085083
1484900111      94   11247    0.0858078
1484900112      91   11338    0.0865021
1484900113      92   11431    0.0872116
1484900114      87   11519    0.087883
1484900115      90   11609    0.0885696
1484900116      90   11699    0.0892563
1484900117      66   11766    0.0897675
1484900118      89   11856    0.0904541
1484900119      89   11946    0.0911407
1484900120      88   12035    0.0918198
1484900121      89   12124    0.0924988
1484900122      89   12213    0.0931778
1484900123      89   12303    0.0938644
1484900124      89   12392    0.0945435
1484900126      61   12461    0.0950699
1484900127      89   12550    0.0957489
1484900128      89   12640    0.0964355
1484900129      88   12728    0.0971069
1484900130      88   12816    0.0977783
1484900131      94   12910    0.0984955
1484900132      94   13005    0.0992203
1484900133      97   13103    0.099968
1484900134      74   13178    0.10054
1484900135      94   13272    0.101257
1484900136      92   13364    0.101959
1484900137      91   13455    0.102654
1484900138      90   13545    0.10334
1484900139      92   13638    0.10405
1484900140      93   13732    0.104767
1484900141      95   13827    0.105492
1484900142      62   13891    0.10598
1484900143      92   13984    0.106689
1484900144      88   14073    0.107368
1484900145      90   14163    0.108055
1484900146      89   14252    0.108734
1484900147      88   14341    0.109413
1484900148      88   14429    0.110085
1484900149      88   14518    0.110764
1484900150      67   14606    0.111435
1484900151      89   14696    0.112122
1484900152      87   14783    0.112785
1484900153      87   14870    0.113449
1484900154      86   14957    0.114113
1484900155      88   15046    0.114792
1484900156      88   15134    0.115463
1484900157      90   15224    0.11615
1484900158      89   15313    0.116829
1484900159      71   15384    0.117371
1484900160      90   15474    0.118057
1484900161      90   15565    0.118752
1484900162      94   15660    0.119476
1484900163      94   15755    0.120201
1484900164      93   15849    0.120918
1484900165      93   15942    0.121628
1484900166      92   16034    0.12233
1484900167      75   16109    0.122902
1484900168      91   16201    0.123604
1484900169      93   16294    0.124313
1484900170      96   16391    0.125053
1484900171      95   16487    0.125786
1484900172      67   16555    0.126305
1484900173      91   16647    0.127007
1484900174      89   16737    0.127693
1484900175      86   16823    0.128349
1484900176      89   16912    0.129028
1484900177      87   17000    0.1297
1484900178      87   17087    0.130363
1484900179      89   17176    0.131042
1484900180      74   17261    0.131691
1484900181      88   17349    0.132362
1484900182      88   17437    0.133034
1484900183      87   17524    0.133698
1484900184      87   17612    0.134369
1484900185      87   17700    0.13504
1484900186      86   17787    0.135704
1484900187      88   17876    0.136383
1484900188      88   17964    0.137054
1484900189      70   18034    0.137589
1484900190      86   18121    0.138252
1484900191      93   18215    0.138969
1484900192      92   18307    0.139671
1484900193      95   18403    0.140404
1484900194      92   18496    0.141113
1484900195      94   18591    0.141838
1484900196      91   18683    0.14254
1484900197      53   18736    0.142944
1484900198      91   18827    0.143639
1484900199      92   18919    0.144341
1484900200      93   19012    0.14505
1484900201      93   19105    0.14576
1484900202      94   19199    0.146477
1484900203      89   19288    0.147156
1484900204      89   19377    0.147835
1484900205      71   19448    0.148376
1484900206      87   19535    0.14904
1484900207      86   19622    0.149704
1484900208      86   19708    0.15036
1484900209      88   19796    0.151031
1484900210      89   19885    0.151711
1484900212      89   19975    0.152397
1484900213      89   20065    0.153084
1484900214      70   20136    0.153625
1484900215      89   20225    0.154305
1484900216      88   20314    0.154984
1484900217      87   20401    0.155647
1484900218      90   20491    0.156334
1484900219      89   20581    0.157021
1484900220      89   20670    0.1577
1484900221      89   20759    0.158379
1484900222      74   20836    0.158966
1484900223      92   20929    0.159676
1484900224      93   21023    0.160393
1484900225      94   21117    0.16111
1484900226      94   21211    0.161827
1484900227      92   21304    0.162537
1484900228      91   21396    0.163239
1484900229      86   21482    0.163895
1484900230      73   21556    0.164459
1484900231      94   21650    0.165176
1484900232      93   21743    0.165886
1484900233      92   21835    0.166588
1484900234      93   21929    0.167305
1484900235      89   22019    0.167992
1484900236      64   22084    0.168488
1484900237      86   22170    0.169144
1484900238      86   22257    0.169807
1484900239      88   22345    0.170479
1484900240      88   22433    0.17115
1484900241      89   22522    0.171829
1484900242      89   22612    0.172516
1484900243      87   22699    0.17318
1484900244      62   22776    0.173767
1484900245      88   22864    0.174438
1484900246      89   22953    0.175117
1484900247      88   23042    0.175797
1484900248      88   23130    0.176468
1484900249      88   23219    0.177147
1484900250      88   23308    0.177826
1484900251      88   23396    0.178497
1484900252      91   23487    0.179192
1484900253      65   23552    0.179688
1484900254      95   23648    0.18042
1484900255      94   23742    0.181137
1484900256      95   23838    0.18187
1484900257      93   23931    0.182579
1484900258      91   24022    0.183273
1484900259      91   24114    0.183975
1484900260      79   24206    0.184677
1484900261      93   24299    0.185387
1484900262      95   24394    0.186111
1484900263      94   24489    0.186836
1484900264      91   24580    0.187531
1484900265      91   24671    0.188225
1484900266      89   24761    0.188911
1484900267      89   24850    0.18959
1484900268      69   24921    0.190132
1484900269      84   25006    0.190781
1484900270      81   25087    0.191399
1484900271      89   25177    0.192085
1484900272      90   25268    0.19278
1484900273      90   25358    0.193466
