1484572018      1436   1436    0.0109558
1484572019      1415   2851    0.0217514
1484572020      1429   4281    0.0326614
1484572021      1362   5643    0.0430527
1484572022      1205   6848    0.0522461
1484572023      771   7646    0.0583344
1484572024      1213   8859    0.0675888
1484572025      843   9791    0.0746994
1484572026      1087   10878    0.0829926
1484572027      724   11716    0.089386
1484572028      1227   12943    0.0987473
1484572029      776   13861    0.105751
1484572030      981   14842    0.113235
1484572032      907   16006    0.122116
1484572033      1113   17119    0.130608
1484572034      750   17931    0.136803
1484572035      1147   19078    0.145554
1484572036      915   20076    0.153168
1484572037      1077   21153    0.161385
1484572038      666   22001    0.167854
1484572039      1192   23193    0.176949
1484572040      833   24146    0.184219
1484572041      1081   25227    0.192467
1484572042      898   26291    0.200584
1484572044      799   27501    0.209816
1484572045      1227   28728    0.219177
1484572046      818   29646    0.226181
1484572047      1080   30726    0.234421
1484572048      880   31791    0.242546
1484572050      801   33001    0.251778
1484572051      1069   34070    0.259933
1484572052      975   35146    0.268143
1484572053      1086   36232    0.276428
1484572054      896   37291    0.284508
1484572056      800   38501    0.293739
1484572057      1219   39720    0.30304
1484572058      850   40646    0.310104
1484572059      1088   41734    0.318405
1484572060      890   42791    0.326469
1484572061      799   44001    0.335701
1484572062      1073   45074    0.343887
1484572063      985   46146    0.352066
1484572064      1226   47372    0.36142
1484572065      933   48305    0.368538
1484572067      954   49501    0.377663
1484572068      1225   50726    0.387009
1484572069      919   51646    0.394028
1484572070      1230   52876    0.403412
1484572071      942   53818    0.410599
1484572072      946   55001    0.419624
1484572073      1193   56194    0.428726
1484572074      937   57146    0.435989
1484572075      1219   58365    0.44529
1484572076      942   59307    0.452477
1484572077      956   60501    0.461586
1484572078      1220   61721    0.470894
1484572079      930   62651    0.477989
1484572080      1233   63884    0.487396
1484572081      943   64827    0.494591
1484572082      1140   65967    0.503288
1484572083      825   66792    0.509583
1484572084      1215   68007    0.518852
1484572085      858   68865    0.525398
1484572086      1235   70100    0.534821
1484572087      943   71043    0.542015
1484572088      1071   72114    0.550186
1484572089      937   73051    0.557335
1484572090      1223   74274    0.566666
1484572091      945   75219    0.573875
1484572092      1220   76439    0.583183
1484572093      802   77241    0.589302
1484572094      1019   78431    0.598381
1484572095      1224   79655    0.607719
1484572096      901   80576    0.614746
1484572097      1226   81802    0.6241
1484572098      789   82591    0.630119
1484572099      1211   83802    0.639359
1484572100      919   84721    0.64637
1484572101      1213   85934    0.655624
1484572102      938   86872    0.662781
1484572104      924   88001    0.671394
1484572105      1229   89230    0.680771
1484572106      925   90155    0.687828
1484572107      1228   91383    0.697197
1484572108      942   92325    0.704384
1484572109      940   93501    0.713356
1484572110      1229   94730    0.722733
1484572111      942   95672    0.729919
1484572112      1220   96892    0.739227
1484572113      928   97820    0.746307
1484572114      945   99001    0.755318
1484572115      1222   100223    0.764641
1484572116      926   101149    0.771706
1484572117      1101   102250    0.780106
1484572118      966   103291    0.788048
1484572119      954   104501    0.797279
1484572120      1228   105729    0.806648
1484572121      909   106646    0.813644
1484572122      1213   107859    0.822899
1484572123      921   108791    0.830009
1484572125      949   110001    0.839241
1484572126      1219   111220    0.848541
1484572127      790   112146    0.855606
1484572128      1164   113310    0.864487
1484572129      821   114291    0.871971
1484572130      951   115501    0.881203
1484572131      1215   116716    0.890472
1484572132      915   117646    0.897568
1484572133      1230   118876    0.906952
1484572134      925   119801    0.914009
1484572136      957   121001    0.923164
1484572137      1218   122219    0.932457
1484572138      923   123146    0.939529
1484572139      1225   124371    0.948875
1484572140      917   125291    0.955894
1484572141      958   126501    0.965126
1484572142      1227   127729    0.974495
1484572143      682   128646    0.981491
1484572144      1174   129820    0.990448
1484572145      951   130791    0.997856
1484572147      952   132001    1.00709
1484572148      1213   133214    1.01634
1484572149      931   134146    1.02345
1484572150      1221   135367    1.03277
1484572151      929   136296    1.03986
1484572152      953   137501    1.04905
1484572153      1224   138725    1.05839
1484572154      927   139652    1.06546
1484572155      1222   140874    1.07478
1484572156      929   141803    1.08187
1484572157      956   143001    1.09101
1484572158      1224   144225    1.10035
1484572159      877   145146    1.10738
1484572160      1235   146381    1.1168
1484572161      936   147317    1.12394
1484572162      943   148501    1.13297
1484572163      1232   149733    1.14237
1484572164      910   150646    1.14934
1484572165      1219   151865    1.15864
1484572167      807   152791    1.1657
1484572168      797   154001    1.17493
1484572169      1224   155225    1.18427
1484572170      792   156146    1.1913
1484572171      1223   157369    1.20063
1484572172      810   158291    1.20766
1484572173      997   159288    1.21527
1484572175      750   160216    1.22235
1484572176      1223   161439    1.23168
1484572177      811   162361    1.23872
1484572178      1223   163584    1.24805
1484572179      801   164506    1.25508
1484572180      762   165268    1.26089
1484572181      1011   166431    1.26977
1484572182      1024   167455    1.27758
1484572183      867   168576    1.28613
1484572184      1222   169798    1.29546
1484572185      644   170501    1.30082
1484572186      1178   171679    1.30981
1484572187      938   172646    1.31718
1484572188      1232   173878    1.32658
1484572190      803   174791    1.33355
1484572191      999   175790    1.34117
1484572192      794   176716    1.34824
1484572193      1145   177861    1.35697
1484572194      833   178861    1.3646
1484572195      1225   180086    1.37395
1484572196      806   181006    1.38097
1484572197      1015   182021    1.38871
1484572198      919   182940    1.39572
1484572199      1013   183953    1.40345
1484572200      865   185076    1.41202
1484572201      1225   186301    1.42136
1484572203      556   187001    1.4267
1484572204      1219   188220    1.436
1484572205      804   189146    1.44307
1484572206      884   190030    1.44981
1484572207      1216   191246    1.45909
1484572208      731   192006    1.46489
1484572209      1105   193111    1.47332
1484572210      765   193931    1.47958
1484572211      1223   195154    1.48891
1484572212      919   196076    1.49594
1484572213      1016   197092    1.50369
1484572214      846   198001    1.51063
1484572215      1219   199220    1.51993
1484572216      935   200155    1.52706
1484572217      1223   201378    1.53639
1484572218      799   202291    1.54336
1484572219      955   203501    1.55259
1484572220      965   204466    1.55995
1484572222      979   205646    1.56895
1484572223      1032   206678    1.57683
1484572224      872   207791    1.58532
1484572225      797   209001    1.59455
1484572226      1226   210227    1.6039
1484572228      797   211146    1.61092
1484572229      1226   212372    1.62027
1484572230      799   213291    1.62728
1484572231      1134   214425    1.63593
1484572232      758   215183    1.64172
1484572233      730   215931    1.64742
1484572234      1210   217141    1.65665
1484572235      800   218076    1.66379
1484572236      998   219074    1.6714
1484572237      795   220001    1.67847
1484572238      1222   221223    1.6878
1484572239      825   222146    1.69484
1484572240      1215   223361    1.70411
1484572241      797   224291    1.7112
1484572242      1006   225297    1.71888
1484572244      741   226216    1.72589
1484572245      1226   227442    1.73524
1484572246      827   228361    1.74226
1484572247      1225   229586    1.7516
1484572248      796   230506    1.75862
1484572249      725   231231    1.76415
1484572250      1137   232368    1.77283
1484572251      735   233146    1.77876
1484572252      1183   234329    1.78779
1484572253      859   235291    1.79513
1484572254      1029   236320    1.80298
1484572255      731   237216    1.80981
1484572256      1213   238429    1.81907
1484572257      812   239361    1.82618
1484572258      1197   240558    1.83531
1484572260      822   241506    1.84254
1484572261      788   242294    1.84856
1484572262      843   243431    1.85723
1484572263      1237   244668    1.86667
1484572264      799   245576    1.8736
1484572265      1230   246806    1.88298
1484572266      628   247501    1.88828
1484572267      605   248216    1.89374
1484572268      1103   249319    1.90215
1484572269      866   250361    1.9101
1484572270      1224   251585    1.91944
1484572272      797   252506    1.92647
1484572273      1096   253602    1.93483
1484572274      786   254431    1.94115
1484572275      1209   255640    1.95038
1484572276      932   256576    1.95752
1484572277      1231   257807    1.96691
1484572278      659   258501    1.97221
1484572279      1143   259644    1.98093
1484572280      894   260646    1.98857
1484572281      1235   261881    1.99799
1484572282      819   262791    2.00494
1484572283      958   264001    2.01417
1484572284      1225   265226    2.02351
1484572285      812   266146    2.03053
1484572286      1232   267378    2.03993
1484572287      949   268327    2.04717
1484572289      947   269501    2.05613
1484572290      1222   270723    2.06545
1484572291      940   271663    2.07262
1484572292      1217   272880    2.08191
1484572293      794   273791    2.08886
1484572294      958   275001    2.09809
1484572295      1219   276220    2.10739
1484572296      936   277156    2.11453
1484572297      1024   278180    2.12234
1484572298      933   279291    2.13082
1484572299      959   280501    2.14005
1484572300      1209   281710    2.14928
1484572302      829   282646    2.15642
1484572303      1223   283869    2.16575
1484572304      928   284797    2.17283
1484572305      941   286001    2.18201
1484572306      998   286999    2.18963
1484572307      1006   288146    2.19838
1484572308      999   289145    2.206
1484572309      1003   290291    2.21474
1484572310      1035   291326    2.22264
1484572311      775   292216    2.22943
1484572312      1155   293371    2.23824
1484572313      828   294361    2.2458
1484572314      1228   295589    2.25517
1484572316      808   296506    2.26216
1484572317      1099   297605    2.27055
1484572318      928   298533    2.27763
1484572319      1214   299747    2.28689
1484572320      768   300576    2.29321
1484572321      1210   301786    2.30244
1484572322      819   302605    2.30869
1484572323      1210   303815    2.31792
1484572324      942   304757    2.32511
1484572325      1215   305972    2.33438
1484572326      765   306791    2.34063
1484572327      951   308001    2.34986
1484572328      1229   309230    2.35924
1484572329      817   310146    2.36623
1484572330      997   311143    2.37383
1484572331      880   312291    2.38259
1484572333      963   313501    2.39182
1484572334      918   314419    2.39883
1484572335      888   315307    2.4056
1484572336      871   316361    2.41364
1484572337      1224   317585    2.42298
1484572338      808   318506    2.43001
1484572339      1103   319609    2.43842
1484572340      940   320549    2.44559
1484572341      1018   321567    2.45336
1484572342      960   322576    2.46106
1484572343      1216   323792    2.47034
1484572344      747   324539    2.47604
1484572345      1222   325761    2.48536
1484572346      817   326646    2.49211
1484572347      1227   327873    2.50147
1484572348      850   328791    2.50848
1484572349      1083   329874    2.51674
1484572350      821   330716    2.52316
1484572351      1223   331939    2.53249
1484572352      842   332861    2.53953
1484572353      1216   334077    2.54881
1484572355      843   335006    2.55589
1484572356      686   335692    2.56113
1484572357      1138   336830    2.56981
1484572358      852   337682    2.57631
1484572359      1043   338725    2.58427
1484572360      902   339791    2.5924
1484572361      806   341001    2.60163
1484572362      1226   342227    2.61098
1484572363      814   343146    2.618
1484572364      1021   344167    2.62579
1484572366      908   345291    2.63436
1484572367      800   346501    2.64359
1484572368      1225   347726    2.65294
1484572369      841   348646    2.65996
1484572370      1091   349737    2.66828
1484572371      855   350791    2.67632
1484572373      800   352001    2.68555
1484572374      1221   353222    2.69487
1484572375      804   354146    2.70192
1484572376      1085   355231    2.7102
1484572377      885   356291    2.71828
1484572379      798   357501    2.72752
1484572380      1225   358726    2.73686
1484572381      814   359646    2.74388
1484572382      1001   360647    2.75152
1484572383      885   361791    2.76025
1484572385      802   363001    2.76948
1484572386      1133   364134    2.77812
1484572387      945   365146    2.78584
1484572388      1233   366379    2.79525
1484572389      941   367320    2.80243
1484572390      947   368501    2.81144
1484572391      1227   369728    2.8208
1484572392      932   370661    2.82792
1484572393      1230   371891    2.8373
1484572394      930   372821    2.8444
1484572395      939   374001    2.8534
1484572396      1225   375226    2.86275
1484572397      943   376169    2.86994
1484572398      1219   377388    2.87924
1484572399      931   378319    2.88634
1484572400      1127   379446    2.89494
1484572401      818   380264    2.90118
1484572402      1219   381483    2.91048
1484572403      940   382423    2.91766
1484572404      1216   383639    2.92693
1484572405      941   384580    2.93411
1484572406      1092   385672    2.94244
1484572407      936   386608    2.94958
1484572408      1221   387829    2.9589
1484572409      936   388765    2.96604
1484572410      1213   389978    2.9753
1484572411      805   390783    2.98144
1484572412      983   391931    2.9902
1484572413      1216   393147    2.99947
1484572414      927   394076    3.00656
1484572415      1225   395301    3.01591
1484572417      567   396001    3.02125
1484572418      1224   397225    3.03059
1484572419      790   398146    3.03761
1484572420      974   399120    3.04504
1484572421      927   400291    3.05398
1484572422      1172   401463    3.06292
1484572423      688   402216    3.06866
1484572424      1228   403444    3.07803
1484572425      801   404361    3.08503
1484572426      1151   405512    3.09381
1484572427      881   406506    3.10139
1484572428      717   407223    3.10686
1484572430      894   408431    3.11608
1484572431      1221   409652    3.1254
1484572432      813   410576    3.13245
1484572433      1226   411802    3.1418
1484572434      642   412501    3.14713
1484572435      1011   413512    3.15485
1484572436      997   414646    3.1635
1484572437      1020   415666    3.17128
1484572438      875   416791    3.17986
1484572440      836   418001    3.18909
1484572441      1225   419226    3.19844
1484572442      807   420146    3.20546
1484572443      1221   421367    3.21478
1484572444      809   422291    3.22182
1484572445      992   423283    3.22939
1484572446      843   424216    3.23651
1484572447      1048   425264    3.24451
1484572449      871   426361    3.25288
1484572450      1226   427587    3.26223
1484572451      795   428506    3.26924
1484572452      1107   429613    3.27769
1484572453      934   430547    3.28481
1484572454      1007   431554    3.2925
1484572455      827   432576    3.30029
1484572456      1229   433805    3.30967
1484572457      652   434501    3.31498
1484572458      1211   435712    3.32422
1484572459      822   436646    3.33134
1484572460      985   437631    3.33886
1484572462      667   438791    3.34771
1484572463      801   440001    3.35694
1484572464      1228   441229    3.36631
1484572466      802   442146    3.37331
1484572467      993   443139    3.38088
1484572468      1005   444291    3.38967
1484572469      1037   445328    3.39758
1484572470      735   446216    3.40436
1484572471      1223   447439    3.41369
1484572472      803   448361    3.42072
1484572473      1169   449530    3.42964
1484572474      869   450506    3.43709
1484572475      721   451227    3.44259
1484572476      911   452431    3.45177
1484572477      1212   453643    3.46102
1484572479      798   454576    3.46814
1484572480      1191   455767    3.47723
1484572481      703   456501    3.48283
1484572482      1003   457504    3.49048
1484572483      887   458646    3.49919
1484572484      1227   459873    3.50855
1484572485      828   460791    3.51556
1484572487      797   462001    3.52479
1484572488      1218   463219    3.53408
1484572489      805   464146    3.54115
1484572490      1017   465163    3.54891
1484572491      991   466291    3.55752
1484572492      1036   467327    3.56542
1484572493      737   468216    3.5722
1484572494      1226   469442    3.58156
1484572495      805   470361    3.58857
1484572496      1222   471583    3.59789
1484572497      815   472506    3.60493
1484572498      733   473239    3.61053
1484572500      894   474431    3.61962
1484572501      1228   475659    3.62899
1484572502      819   476576    3.63599
1484572503      1231   477807    3.64538
1484572504      642   478501    3.65067
1484572505      996   479497    3.65827
1484572506      972   480646    3.66704
1484572507      1098   481744    3.67542
1484572508      866   482791    3.6834
1484572509      1071   483862    3.69157
1484572510      823   484716    3.69809
1484572511      1010   485726    3.7058
1484572513      885   486861    3.71445
1484572514      1232   488093    3.72385
1484572515      801   489006    3.73082
1484572516      786   489792    3.73682
1484572517      877   490931    3.74551
1484572518      1229   492160    3.75488
1484572519      831   493076    3.76187
1484572520      1231   494307    3.77126
1484572521      654   495001    3.77656
1484572522      989   495990    3.7841
1484572523      890   497146    3.79292
1484572524      1227   498373    3.80228
1484572526      826   499291    3.80929
