1483269015      1498   1498    0.00285721
1483269016      1499   2997    0.00571632
1483269017      1500   4497    0.00857735
1483269018      1499   5996    0.0114365
1483269019      1499   7495    0.0142956
1483269020      1499   8995    0.0171566
1483269021      1499   10495    0.0200176
1483269022      1499   11995    0.0228786
1483269023      1499   13495    0.0257397
1483269024      1310   14805    0.0282383
1483269025      1352   16157    0.030817
1483269026      1353   17510    0.0333977
1483269027      1356   18866    0.035984
1483269028      1200   20066    0.0382729
1483269029      1357   21423    0.0408611
1483269030      1347   22770    0.0434303
1483269031      1350   24120    0.0460052
1483269032      1204   25393    0.0484333
1483269033      1362   26755    0.0510311
1483269034      1195   27950    0.0533104
1483269035      1358   29308    0.0559006
1483269036      1193   30501    0.058176
1483269037      1355   31856    0.0607605
1483269038      1343   33199    0.0633221
1483269039      1349   34548    0.0658951
1483269040      1199   35777    0.0682392
1483269041      1357   37134    0.0708275
1483269042      1354   38488    0.07341
1483269043      1349   39837    0.075983
1483269044      1054   40891    0.0779934
1483269045      1355   42246    0.0805779
1483269046      1346   43592    0.0831451
1483269047      1353   44945    0.0857258
1483269048      1204   46161    0.0880451
1483269049      1360   47521    0.0906391
1483269050      1343   48864    0.0932007
1483269051      1351   50215    0.0957775
1483269053      1215   51521    0.0982685
1483269054      1360   52881    0.100863
1483269055      1355   54236    0.103447
1483269056      1200   55436    0.105736
1483269057      1201   56637    0.108027
1483269058      1353   57990    0.110607
1483269059      1354   59344    0.11319
1483269060      1346   60690    0.115757
1483269061      1192   61905    0.118074
1483269062      1360   63265    0.120668
1483269063      1290   64555    0.123129
1483269064      1206   65761    0.125429
1483269065      1342   67103    0.127989
1483269066      804   68001    0.129702
1483269067      1247   69248    0.13208
1483269068      1212   70460    0.134392
1483269069      1321   71781    0.136911
1483269070      1182   72963    0.139166
1483269071      1347   74310    0.141735
1483269072      993   75505    0.144014
1483269073      1283   76788    0.146461
1483269074      1269   78057    0.148882
1483269075      1339   79396    0.151436
1483269076      1355   80751    0.15402
1483269077      936   81687    0.155806
1483269078      1325   83012    0.158333
1483269079      1352   84364    0.160912
1483269080      1349   85713    0.163485
1483269081      1189   86961    0.165865
1483269082      1352   88313    0.168444
1483269083      1340   89653    0.171
1483269084      1344   90997    0.173563
1483269085      1213   92321    0.176088
1483269086      1331   93652    0.178627
1483269087      1353   95005    0.181208
1483269088      1039   96044    0.183189
1483269089      1200   97345    0.185671
1483269090      1356   98701    0.188257
1483269091      1325   100026    0.190784
1483269092      1354   101380    0.193367
1483269093      1218   102705    0.195894
1483269094      1353   104058    0.198475
1483269095      1337   105395    0.201025
1483269096      1357   106752    0.203613
1483269097      1215   108065    0.206118
1483269098      1207   109272    0.20842
1483269099      1356   110628    0.211006
1483269100      1321   111949    0.213526
1483269101      1163   113112    0.215744
1483269102      1352   114464    0.218323
1483269103      1342   115806    0.220882
1483269104      1356   117162    0.223469
1483269105      1203   118449    0.225924
1483269106      1344   119793    0.228487
1483269107      1343   121136    0.231049
1483269109      1094   122401    0.233461
1483269110      1355   123756    0.236046
1483269111      1326   125082    0.238575
1483269112      1335   126417    0.241121
1483269113      1206   127761    0.243685
1483269114      1356   129117    0.246271
1483269115      1342   130459    0.248831
1483269116      1357   131816    0.251419
1483269117      1197   133121    0.253908
1483269118      1353   134474    0.256489
1483269119      1350   135824    0.259064
1483269120      982   136806    0.260937
1483269121      1218   138145    0.263491
1483269122      1363   139508    0.26609
1483269123      1346   140854    0.268658
1483269124      1239   142093    0.271021
1483269125      1188   143281    0.273287
1483269126      1213   144494    0.2756
1483269127      1174   145668    0.27784
1483269128      1332   147000    0.28038
1483269129      1269   148269    0.282801
1483269130      1195   149464    0.28508
1483269131      1055   150519    0.287092
1483269132      1086   151745    0.289431
1483269133      1272   153017    0.291857
1483269134      1353   154370    0.294437
1483269135      1318   155688    0.296951
1483269136      1350   157038    0.299526
1483269137      1186   158224    0.301788
1483269138      1344   159568    0.304352
1483269139      1346   160914    0.306919
1483269140      1336   162250    0.309467
1483269141      876   163201    0.311281
1483269142      1355   164556    0.313866
1483269143      1353   165909    0.316446
1483269144      1345   167254    0.319012
1483269145      1213   168561    0.321505
1483269146      1355   169916    0.324089
1483269147      1338   171254    0.326641
1483269148      1356   172610    0.329227
1483269149      1200   173921    0.331728
1483269150      1350   175271    0.334303
1483269151      1356   176627    0.336889
1483269152      983   177610    0.338764
1483269153      1219   178945    0.341311
1483269154      1362   180307    0.343908
1483269155      1343   181650    0.34647
1483269156      1332   182982    0.34901
1483269157      1219   184305    0.351534
1483269158      1354   185659    0.354116
1483269159      1339   186998    0.35667
1483269160      1346   188344    0.359238
1483269161      1215   189665    0.361757
1483269162      994   190659    0.363653
1483269163      1358   192017    0.366243
1483269164      1338   193355    0.368795
1483269166      1221   194689    0.37134
1483269167      1361   196050    0.373936
1483269168      1351   197401    0.376513
1483269169      1342   198743    0.379072
1483269170      1207   200049    0.381563
1483269171      1363   201412    0.384163
1483269172      1324   202736    0.386688
1483269173      1067   204001    0.389101
1483269174      1361   205362    0.391697
1483269175      1344   206706    0.39426
1483269176      1347   208053    0.39683
1483269177      1211   209361    0.399324
1483269178      1352   210713    0.401903
1483269179      1332   212045    0.404444
1483269180      1352   213397    0.407022
1483269181      1197   214721    0.409548
1483269182      1236   215957    0.411905
1483269183      1304   217261    0.414392
1483269184      1055   218316    0.416405
1483269185      1338   219654    0.418957
1483269186      979   220817    0.421175
1483269187      1190   222007    0.423445
1483269188      1353   223360    0.426025
1483269189      1314   224674    0.428532
1483269190      1282   225956    0.430977
1483269191      1134   227249    0.433443
1483269192      1209   228458    0.435749
1483269193      1343   229801    0.438311
1483269194      1352   231153    0.440889
1483269195      1065   232273    0.443026
1483269196      1361   233634    0.445621
1483269197      1344   234978    0.448185
1483269198      1352   236330    0.450764
1483269199      1212   237633    0.453249
1483269200      1359   238992    0.455841
1483269201      1356   240348    0.458427
1483269202      1345   241693    0.460993
1483269203      1221   242993    0.463472
1483269204      1351   244344    0.466049
1483269205      1198   245542    0.468334
1483269206      1350   246892    0.470909
1483269207      1208   248100    0.473213
1483269208      1354   249454    0.475796
1483269209      1343   250797    0.478357
1483269210      1351   252148    0.480934
1483269212      1198   253377    0.483278
1483269213      1357   254734    0.485867
1483269214      1352   256086    0.488445
1483269215      1355   257441    0.49103
1483269216      1049   258490    0.493031
1483269217      1352   259842    0.495609
1483269218      1354   261196    0.498192
1483269219      1344   262540    0.500755
1483269220      1202   263761    0.503084
1483269221      1354   265115    0.505667
1483269222      1352   266467    0.508245
1483269223      1345   267812    0.510811
1483269224      1212   269121    0.513308
1483269225      1356   270477    0.515894
1483269226      1353   271830    0.518475
1483269227      1198   273028    0.52076
1483269228      850   274145    0.52289
1483269229      1364   275509    0.525492
1483269230      1349   276858    0.528065
1483269231      1342   278200    0.530624
1483269232      1214   279505    0.533113
1483269233      1350   280855    0.535688
1483269234      1350   282205    0.538263
1483269235      1354   283559    0.540846
1483269236      1214   284865    0.543337
1483269237      1207   286072    0.545639
1483269238      1353   287425    0.54822
1483269239      1347   288772    0.550789
1483269240      1205   289977    0.553087
1483269241      1343   291320    0.555649
1483269242      1338   292658    0.558201
1483269243      1108   293766    0.560314
1483269244      1184   294950    0.562572
1483269245      1335   296285    0.565119
1483269246      955   297393    0.567232
1483269247      1280   298673    0.569674
1483269248      1176   299849    0.571917
1483269249      1223   301072    0.574249
1483269250      1210   302417    0.576815
1483269251      1347   303764    0.579384
1483269252      1354   305118    0.581966
1483269253      1342   306460    0.584526
1483269254      1206   307777    0.587038
1483269255      1359   309136    0.58963
1483269256      1354   310490    0.592213
1483269257      1339   311829    0.594767
1483269258      1041   312870    0.596752
1483269259      1348   314218    0.599323
1483269260      1346   315564    0.601891
1483269261      1353   316917    0.604471
1483269262      1203   318161    0.606844
1483269263      1358   319519    0.609434
1483269264      1359   320878    0.612026
1483269265      1348   322226    0.614597
1483269267      1173   323521    0.617067
1483269268      1360   324881    0.619661
1483269269      1344   326225    0.622225
1483269270      1201   327426    0.624516
1483269271      1206   328632    0.626816
1483269272      1342   329974    0.629375
1483269273      1345   331319    0.631941
1483269274      1349   332668    0.634514
1483269275      1203   333905    0.636873
1483269276      1361   335266    0.639469
1483269277      1357   336623    0.642057
1483269278      1351   337974    0.644634
1483269279      1212   339265    0.647097
1483269280      1207   340472    0.649399
1483269281      1350   341822    0.651974
1483269282      1355   343177    0.654558
1483269283      1201   344378    0.656849
1483269284      1345   345723    0.659414
1483269285      1351   347074    0.661991
1483269286      1357   348431    0.664579
1483269287      1198   349649    0.666903
1483269288      1362   351011    0.6695
1483269289      1344   352355    0.672064
1483269290      1084   353601    0.67444
1483269291      1354   354955    0.677023
1483269292      1353   356308    0.679604
1483269293      1349   357657    0.682177
1483269294      1200   358961    0.684664
1483269295      1362   360323    0.687262
1483269296      1344   361667    0.689825
1483269297      1353   363020    0.692406
1483269298      1224   364321    0.694887
1483269299      1354   365675    0.69747
1483269300      1352   367027    0.700048
1483269301      1164   368191    0.702269
1483269302      1055   369345    0.70447
1483269303      1359   370704    0.707062
1483269304      1346   372050    0.709629
1483269305      1341   373391    0.712187
1483269306      1176   374567    0.71443
1483269307      1060   375777    0.716738
1483269308      1304   377081    0.719225
1483269309      1348   378429    0.721796
1483269310      1342   379771    0.724356
1483269311      952   380801    0.72632
1483269312      1305   382106    0.728809
1483269313      1345   383451    0.731375
1483269314      1347   384798    0.733944
1483269315      1342   386140    0.736504
1483269316      1191   387331    0.738775
1483269317      1355   388686    0.74136
1483269318      1335   390021    0.743906
1483269319      1351   391372    0.746483
1483269320      1191   392593    0.748812
1483269321      1348   393941    0.751383
1483269322      1059   395000    0.753403
1483269323      1353   396353    0.755983
1483269324      1205   397617    0.758394
1483269325      1358   398975    0.760984
1483269326      1349   400324    0.763557
1483269327      1347   401671    0.766127
1483269328      1203   402977    0.768618
1483269330      851   404049    0.770662
1483269331      1353   405402    0.773243
1483269332      1353   406755    0.775824
1483269333      1010   408001    0.7782
1483269334      1360   409361    0.780794
1483269335      1346   410707    0.783361
1483269336      1352   412059    0.78594
1483269337      1196   413361    0.788424
1483269338      1359   414720    0.791016
1483269339      1344   416064    0.793579
1483269340      1347   417411    0.796148
1483269341      1219   418721    0.798647
1483269342      1329   420050    0.801182
1483269343      1350   421400    0.803757
1483269344      1144   422544    0.805939
1483269345      1191   423745    0.808229
1483269346      1353   425098    0.81081
1483269347      1339   426437    0.813364
1483269348      1356   427793    0.81595
1483269349      1202   429105    0.818453
1483269350      1351   430456    0.82103
1483269351      1345   431801    0.823595
1483269352      1339   433140    0.826149
1483269353      1194   434465    0.828676
1483269354      1207   435672    0.830978
1483269355      1341   437013    0.833536
1483269356      1343   438356    0.836098
1483269357      1186   439542    0.83836
1483269358      1322   440864    0.840881
1483269359      1350   442214    0.843456
1483269360      1343   443557    0.846018
1483269361      1173   444849    0.848482
1483269362      1285   446134    0.850933
1483269363      1173   447307    0.85317
1483269364      1199   448506    0.855457
1483269365      1200   449706    0.857746
1483269366      1096   450945    0.860109
1483269367      1236   452181    0.862467
1483269368      1264   453445    0.864878
1483269369      1165   454610    0.8671
1483269370      1243   455853    0.869471
1483269371      1346   457199    0.872038
1483269373      1160   458449    0.874422
1483269374      1340   459789    0.876978
1483269375      1353   461142    0.879559
1483269376      1081   462401    0.88196
1483269377      1357   463758    0.884548
1483269378      1346   465104    0.887115
1483269379      1344   466448    0.889679
1483269380      1202   467761    0.892183
1483269381      1336   469097    0.894732
1483269382      1350   470447    0.897306
1483269383      1347   471794    0.899876
1483269384      1223   473121    0.902407
1483269385      1333   474454    0.904949
1483269386      1353   475807    0.90753
1483269387      1183   476990    0.909786
1483269388      1199   478189    0.912073
1483269389      1346   479535    0.91464
1483269390      1338   480873    0.917192
1483269391      1352   482225    0.919771
1483269392      1210   483505    0.922213
1483269393      1344   484849    0.924776
1483269394      1356   486205    0.927362
1483269395      1327   487532    0.929893
1483269396      1218   488865    0.932436
1483269397      1204   490069    0.934732
1483269398      1324   491393    0.937258
1483269399      1353   492746    0.939838
1483269400      1185   493931    0.942099
1483269401      1356   495287    0.944685
1483269402      1320   496607    0.947203
1483269403      1346   497953    0.94977
1483269404      1206   499249    0.952242
