1499679858      379   379    0.0112047
1499679859      375   754    0.0222912
1499679860      376   1133    0.0334959
1499679862      300   1673    0.0494604
1499679863      302   2125    0.0628233
1499679864      266   2441    0.0721655
1499679866      298   2893    0.0855284
1499679868      299   3345    0.0988913
1499679869      265   3661    0.108233
1499679870      289   4113    0.121596
1499679872      301   4565    0.134959
1499679873      265   4881    0.144301
1499679874      299   5333    0.157664
1499679876      235   5785    0.171027
1499679878      265   6101    0.180369
1499679879      302   6553    0.193732
1499679881      304   7005    0.207095
1499679882      173   7321    0.216437
1499679884      302   7773    0.2298
1499679885      299   8225    0.243163
1499679887      266   8541    0.252505
1499679888      300   8993    0.265868
1499679890      263   9445    0.279231
1499679891      266   9761    0.288573
1499679892      304   10213    0.301936
1499679894      302   10665    0.315299
1499679895      266   10981    0.324641
1499679897      300   11433    0.338004
1499679898      301   11885    0.351367
1499679899      269   12201    0.360709
1499679901      299   12653    0.374072
1499679902      301   13105    0.387435
1499679904      269   13421    0.396777
1499679905      299   13873    0.41014
1499679907      302   14325    0.423503
1499679908      263   14641    0.432845
1499679909      302   15093    0.446208
1499679911      297   15545    0.459571
1499679912      266   15861    0.468913
1499679913      301   16313    0.482276
1499679915      298   16765    0.495639
1499679916      268   17081    0.504981
1499679918      302   17533    0.518344
1499679919      300   17985    0.531707
1499679920      266   18301    0.541049
1499679922      211   18753    0.554412
1499679924      231   19205    0.567775
1499679926      265   19521    0.577117
1499679927      303   19973    0.59048
