1481711122      1498   1498    0.00285721
1481711123      1500   2998    0.00571823
1481711124      1499   4497    0.00857735
1481711125      1499   5996    0.0114365
1481711126      1500   7496    0.0142975
1481711127      1499   8995    0.0171566
1481711128      1500   10495    0.0200176
1481711129      1499   11994    0.0228767
1481711130      1499   13493    0.0257359
1481711131      1500   14993    0.0285969
1481711132      1445   16438    0.031353
1481711133      1358   17796    0.0339432
1481711134      1314   19110    0.0364494
1481711135      1378   20488    0.0390778
1481711136      1257   21745    0.0414753
1481711137      1372   23117    0.0440922
1481711138      1383   24500    0.04673
1481711140      1274   25859    0.0493221
1481711141      1336   27195    0.0518703
1481711142      1377   28572    0.0544968
1481711143      1380   29952    0.0571289
1481711144      1203   31219    0.0595455
1481711145      964   32421    0.0618382
1481711146      1390   33811    0.0644894
1481711147      1383   35194    0.0671272
1481711148      1339   36533    0.0696812
1481711149      1205   37781    0.0720615
1481711150      1387   39168    0.074707
1481711151      1383   40551    0.0773449
1481711152      1383   41934    0.0799828
1481711153      1267   43201    0.0823994
1481711154      1384   44585    0.0850391
1481711155      1382   45967    0.0876751
1481711156      1341   47308    0.0902328
1481711157      1266   48574    0.0926476
1481711158      1212   49786    0.0949593
1481711159      1383   51169    0.0975971
1481711160      1382   52551    0.100233
1481711161      1384   53935    0.102873
1481711162      1265   55200    0.105286
1481711163      1340   56540    0.107841
1481711164      1376   57916    0.110466
1481711165      1384   59300    0.113106
1481711166      1196   60496    0.115387
1481711167      1382   61878    0.118023
1481711168      1382   63260    0.120659
1481711169      1383   64643    0.123297
1481711170      931   65574    0.125072
1481711171      1330   66904    0.127609
1481711172      1246   68150    0.129986
1481711173      1383   69533    0.132624
1481711174      1383   70916    0.135262
1481711175      1380   72296    0.137894
1481711176      1266   73562    0.140308
1481711177      1306   74868    0.142799
1481711178      1335   76203    0.145346
1481711179      1273   77476    0.147774
1481711180      1228   78777    0.150255
1481711181      1390   80167    0.152906
1481711182      1207   81374    0.155209
1481711183      1384   82758    0.157848
1481711184      1373   84131    0.160467
1481711185      1263   85394    0.162876
1481711186      1384   86778    0.165516
1481711187      1383   88161    0.168154
1481711188      1382   89543    0.17079
1481711189      1269   90812    0.17321
1481711190      1384   92196    0.17585
1481711191      1384   93580    0.17849
1481711192      1385   94965    0.181131
1481711193      1262   96227    0.183538
1481711194      1203   97430    0.185833
1481711195      1327   98757    0.188364
1481711196      1383   100140    0.191002
1481711197      1379   101519    0.193632
1481711198      1262   102781    0.196039
1481711199      1379   104160    0.198669
1481711200      1383   105543    0.201307
1481711201      1272   106909    0.203913
1481711202      1389   108298    0.206562
1481711203      1384   109682    0.209202
1481711204      1384   111066    0.211842
1481711205      1265   112331    0.214254
1481711206      1203   113534    0.216549
1481711207      1384   114918    0.219189
1481711208      1381   116299    0.221823
1481711209      1337   117636    0.224373
1481711210      1263   118899    0.226782
1481711211      1381   120280    0.229416
1481711212      1383   121663    0.232054
1481711213      1384   123047    0.234694
1481711214      1267   124314    0.23711
1481711215      1383   125697    0.239748
1481711216      1384   127081    0.242388
1481711217      1383   128464    0.245026
1481711218      1136   129681    0.247347
1481711219      1385   131066    0.249989
1481711220      1384   132450    0.252628
1481711221      1362   133812    0.255226
1481711222      1223   135041    0.25757
1481711223      1389   136430    0.26022
1481711224      1383   137813    0.262857
1481711225      1383   139196    0.265495
1481711226      1192   140401    0.267794
1481711227      1390   141791    0.270445
1481711228      1382   143173    0.273081
1481711229      1384   144557    0.275721
1481711230      1267   145824    0.278137
1481711231      1217   147041    0.280458
1481711232      1384   148425    0.283098
1481711233      1383   149808    0.285736
1481711234      1382   151190    0.288372
1481711235      1266   152456    0.290787
1481711236      1327   153783    0.293318
1481711237      1223   155006    0.29565
1481711238      1350   156356    0.298225
1481711239      1190   157683    0.300756
1481711240      1387   159070    0.303402
1481711241      1222   160292    0.305733
1481711242      1382   161674    0.308369
1481711243      1224   162898    0.310703
1481711244      1271   164245    0.313272
1481711245      1379   165624    0.315903
1481711246      1382   167006    0.318539
1481711247      1383   168389    0.321177
1481711248      1266   169655    0.323591
1481711249      1383   171038    0.326229
1481711250      1326   172364    0.328758
1481711251      1383   173747    0.331396
1481711252      1152   174965    0.333719
1481711253      1389   176354    0.336369
1481711254      1359   177713    0.338961
1481711255      1226   178939    0.341299
1481711256      1381   180320    0.343933
1481711257      1263   181583    0.346342
1481711258      1379   182962    0.348972
1481711259      1380   184342    0.351604
1481711260      1382   185724    0.35424
1481711261      1262   186986    0.356647
1481711262      1382   188368    0.359283
1481711263      1381   189749    0.361917
1481711264      1339   191088    0.364471
1481711265      1264   192352    0.366882
1481711266      1375   193727    0.369505
1481711267      1186   194913    0.371767
1481711268      1338   196251    0.374319
1481711269      1382   197633    0.376955
1481711270      1267   198900    0.379372
1481711271      1383   200283    0.38201
1481711272      1383   201666    0.384647
1481711273      1383   203049    0.387285
1481711274      1225   204274    0.389622
1481711275      1383   205657    0.39226
1481711276      1383   207040    0.394897
1481711277      1380   208420    0.39753
1481711278      1262   209682    0.399937
1481711279      1219   210901    0.402262
1481711280      1385   212286    0.404903
1481711281      1365   213651    0.407507
1481711282      1269   215019    0.410116
1481711283      1390   216409    0.412767
1481711284      1382   217791    0.415403
1481711285      1383   219174    0.418041
1481711286      1261   220435    0.420446
1481711287      1383   221818    0.423084
1481711288      1384   223202    0.425724
1481711289      1383   224585    0.428362
1481711290      1266   225851    0.430777
1481711291      1208   227059    0.433081
1481711292      1383   228442    0.435719
1481711293      1383   229825    0.438356
1481711294      1259   231084    0.440758
1481711295      1124   232301    0.443079
1481711296      1276   233577    0.445513
1481711297      1226   234803    0.447851
1481711298      1274   236077    0.450281
1481711299      1382   237459    0.452917
1481711300      1262   238733    0.455347
1481711301      1390   240123    0.457998
1481711302      1383   241506    0.460636
1481711303      1383   242889    0.463274
1481711304      1213   244102    0.465588
1481711305      1266   245368    0.468002
1481711306      1383   246751    0.47064
1481711307      1365   248116    0.473244
1481711308      1384   249500    0.475883
1481711309      1267   250767    0.4783
1481711310      1362   252129    0.480898
1481711311      1383   253512    0.483536
1481711312      1383   254895    0.486174
1481711313      1263   256158    0.488583
1481711314      1383   257541    0.49122
1481711315      1383   258924    0.493858
1481711316      1203   260127    0.496153
1481711318      1278   261505    0.498781
1481711319      1390   262895    0.501432
1481711320      1384   264279    0.504072
1481711321      1348   265627    0.506643
1481711322      1248   266875    0.509024
1481711323      1383   268258    0.511662
1481711324      1364   269622    0.514263
1481711325      1382   271004    0.516899
1481711326      1265   272269    0.519312
1481711327      1336   273605    0.52186
1481711328      1383   274988    0.524498
1481711329      1220   276208    0.526825
1481711330      1384   277592    0.529465
1481711331      1192   278787    0.531744
1481711332      1390   280177    0.534395
1481711333      1384   281561    0.537035
1481711334      1384   282945    0.539675
1481711335      1201   284147    0.541967
1481711336      1390   285537    0.544619
1481711337      1374   286911    0.547239
1481711338      1384   288295    0.549879
1481711339      1267   289562    0.552296
1481711340      1382   290944    0.554932
1481711341      1219   292163    0.557257
1481711342      1382   293545    0.559893
1481711343      1381   294926    0.562527
1481711344      1249   296175    0.564909
1481711345      1382   297557    0.567545
1481711346      1383   298940    0.570183
1481711347      1384   300324    0.572823
1481711348      1257   301581    0.57522
1481711349      1383   302964    0.577858
1481711350      1380   304344    0.58049
1481711351      1276   305717    0.583109
1481711352      1389   307106    0.585758
1481711353      1218   308324    0.588081
1481711354      1382   309706    0.590717
1481711355      1383   311089    0.593355
1481711356      1265   312354    0.595768
1481711357      1383   313737    0.598406
1481711358      1382   315119    0.601042
1481711359      1332   316451    0.603582
1481711360      1264   317715    0.605993
1481711361      1383   319098    0.608631
1481711362      1382   320480    0.611267
1481711363      1383   321863    0.613905
1481711364      1265   323128    0.616318
1481711365      1156   324284    0.618523
1481711366      1321   325605    0.621042
1481711367      1334   326939    0.623587
1481711368      1384   328323    0.626226
1481711369      1266   329589    0.628641
1481711370      1383   330972    0.631279
1481711371      1383   332355    0.633917
1481711372      1381   333736    0.636551
1481711373      1267   335003    0.638968
1481711374      1384   336387    0.641607
1481711375      1382   337769    0.644243
1481711376      1381   339150    0.646877
1481711377      1133   340411    0.649282
1481711378      1389   341800    0.651932
1481711379      1381   343181    0.654566
1481711380      1384   344565    0.657206
1481711381      1267   345832    0.659622
1481711382      1357   347189    0.66221
1481711383      1383   348572    0.664848
1481711384      1383   349955    0.667486
1481711385      1262   351217    0.669893
1481711386      1384   352601    0.672533
1481711387      1383   353984    0.675171
1481711388      1382   355366    0.677807
1481711389      1127   356621    0.680201
1481711390      1389   358010    0.68285
1481711391      1383   359393    0.685488
1481711392      1384   360777    0.688128
1481711393      1262   362039    0.690535
1481711394      1382   363421    0.693171
1481711395      1382   364803    0.695807
1481711396      1360   366163    0.6984
1481711397      1262   367425    0.700808
1481711398      1384   368809    0.703447
1481711399      1383   370192    0.706085
1481711400      1383   371575    0.708723
1481711401      1141   372831    0.711119
1481711402      1388   374219    0.713766
1481711403      1378   375597    0.716394
1481711404      1383   376980    0.719032
1481711405      1262   378242    0.721439
1481711406      1360   379602    0.724033
1481711407      1373   380975    0.726652
1481711408      1382   382357    0.729288
1481711409      1267   383624    0.731705
1481711410      1378   385002    0.734333
1481711411      1383   386385    0.736971
1481711412      1384   387769    0.739611
1481711413      1267   389036    0.742027
1481711414      1232   390268    0.744377
1481711415      1383   391651    0.747015
1481711416      1381   393032    0.749649
1481711417      1355   394387    0.752234
1481711418      1132   395519    0.754393
1481711419      1368   396887    0.757002
1481711420      1327   398214    0.759533
1481711421      1379   399593    0.762163
1481711422      1154   400833    0.764528
1481711423      1390   402223    0.767179
1481711424      1382   403605    0.769815
1481711425      1381   404986    0.772449
1481711426      1218   406204    0.774773
1481711427      1257   407461    0.77717
1481711428      1383   408844    0.779808
1481711429      1384   410228    0.782448
1481711430      1383   411611    0.785086
1481711431      1223   412834    0.787418
1481711432      1384   414218    0.790058
1481711433      1383   415601    0.792696
1481711434      1382   416983    0.795332
1481711435      1266   418249    0.797747
1481711436      1381   419630    0.800381
1481711437      1322   420952    0.802902
1481711438      1212   422164    0.805214
1481711439      1382   423546    0.80785
1481711440      1265   424811    0.810263
1481711441      1382   426193    0.812899
1481711442      1383   427576    0.815536
1481711443      1379   428955    0.818167
1481711444      1230   430185    0.820513
1481711445      1361   431546    0.823109
1481711446      1379   432925    0.825739
1481711447      1383   434308    0.828377
1481711448      1214   435522    0.830692
1481711449      1382   436904    0.833328
1481711450      1189   438093    0.835596
1481711451      1383   439476    0.838234
1481711452      1383   440859    0.840872
1481711453      1256   442115    0.843267
1481711454      1383   443498    0.845905
1481711455      1376   444874    0.84853
1481711456      1274   446247    0.851149
1481711457      1391   447638    0.853802
1481711458      1382   449020    0.856438
1481711459      1383   450403    0.859076
1481711460      1265   451668    0.861488
1481711461      1383   453051    0.864126
1481711462      1208   454259    0.86643
1481711463      1384   455643    0.86907
1481711464      1383   457026    0.871708
1481711465      1266   458292    0.874123
1481711466      1384   459676    0.876762
1481711467      1382   461058    0.879398
1481711468      1382   462440    0.882034
1481711469      1256   463696    0.88443
1481711470      1382   465078    0.887066
1481711471      1382   466460    0.889702
1481711472      1274   467817    0.89229
1481711473      1390   469207    0.894941
1481711474      1217   470424    0.897263
1481711475      1377   471801    0.899889
1481711476      1321   473122    0.902409
1481711477      1218   474379    0.904806
1481711478      1380   475759    0.907438
1481711479      1331   477090    0.909977
1481711480      1384   478474    0.912617
1481711481      1259   479739    0.91503
1481711482      1368   481107    0.917639
1481711483      1375   482482    0.920261
1481711484      1328   483810    0.922794
1481711485      1261   485099    0.925253
1481711486      1172   486301    0.927546
1481711487      1383   487684    0.930183
1481711488      1374   489058    0.932804
1481711489      1383   490441    0.935442
1481711490      1267   491708    0.937859
1481711491      1383   493091    0.940496
1481711492      1383   494474    0.943134
1481711493      1384   495858    0.945774
1481711494      1267   497125    0.948191
1481711495      1383   498508    0.950829
1481711496      1382   499890    0.953465
