1499849129      998   998    0
1499849130      1000   1998    0
1499849131      999   2997    0
1499849132      1000   3997    0
1499849133      999   4996    0
1499849134      1000   5996    0
1499849135      999   6995    0
1499849136      1000   7995    0
1499849137      999   8994    0
1499849138      1000   9994    0
1499849139      1000   10994    0
1499849140      999   11993    0
1499849141      1000   12993    0
1499849142      999   13992    0
1499849143      1000   14992    0
1499849144      999   15991    0
1499849145      1000   16991    0
1499849146      999   17990    0
1499849147      1000   18990    0
1499849148      999   19989    0
1499849149      1000   20989    0
1499849150      996   21985    0
1499849151      999   22984    0
1499849152      1000   23984    0
1499849153      999   24983    0
1499849154      1000   25983    0
1499849155      999   26982    0
1499849156      1000   27982    0
1499849157      999   28981    0
1499849158      1000   29981    0
1499849159      1000   30981    0
1499849160      999   31980    0
1499849161      1000   32980    0
1499849162      999   33979    0
1499849163      1000   34979    0
1499849164      999   35978    0
1499849165      1000   36978    0
1499849166      999   37977    0
1499849167      1000   38977    0
1499849168      974   39951    0
1499849169      963   40914    0
1499849170      925   41839    0
1499849171      974   42813    0
1499849172      975   43788    0
1499849173      974   44762    0
1499849174      975   45737    0
1499849175      939   46676    0
1499849176      975   47651    0
1499849177      974   48625    0
1499849178      975   49600    0
1499849179      974   50574    0
1499849180      941   51515    0
1499849181      975   52490    0
1499849182      974   53464    0
1499849183      975   54439    0
1499849184      974   55413    0
1499849185      936   56349    0
1499849186      974   57323    0
1499849187      975   58298    0
1499849188      974   59272    0
1499849189      971   60243    0
1499849190      948   61191    0
1499849191      964   62155    0
1499849192      974   63129    0
1499849193      975   64104    0
1499849194      966   65070    0
1499849195      913   65983    0
1499849196      975   66958    0
1499849197      974   67932    0
1499849198      975   68907    0
1499849199      974   69881    0
1499849200      929   70810    0
1499849201      974   71784    0
1499849202      975   72759    0
1499849203      974   73733    0
1499849204      942   74709    0
1499849205      981   75690    0
1499849206      975   76665    0
1499849207      973   77638    0
1499849208      975   78613    0
1499849209      926   79539    0
1499849210      935   80474    0
1499849211      975   81449    0
1499849212      974   82423    0
1499849213      975   83398    0
1499849214      974   84372    0
1499849215      944   85316    0
1499849216      958   86274    0
1499849217      975   87249    0
1499849218      974   88223    0
1499849219      944   89192    0
1499849220      982   90174    0
1499849221      966   91140    0
1499849222      975   92115    0
1499849223      974   93089    0
1499849224      949   94038    0
1499849225      973   95011    0
1499849226      975   95986    0
1499849227      975   96961    0
1499849228      971   97932    0
1499849229      936   98868    0
1499849230      974   99842    0
1499849231      975   100817    0
1499849232      974   101791    0
1499849233      962   102753    0
1499849234      920   103673    0
1499849235      975   104648    0
1499849236      974   105622    0
1499849237      960   106582    0
1499849238      974   107556    0
1499849239      930   108486    0
1499849240      975   109461    0
1499849241      974   110435    0
1499849242      970   111405    0
1499849243      974   112379    0
1499849244      934   113313    0
1499849245      974   114287    0
1499849246      974   115261    0
1499849247      974   116235    0
1499849248      975   117210    0
1499849249      902   118129    0
1499849250      980   119109    0
1499849251      959   120068    0
1499849252      974   121042    0
1499849253      975   122017    0
1499849254      947   122964    0
1499849255      975   123939    0
1499849256      974   124913    0
1499849257      975   125888    0
1499849258      972   126860    0
1499849259      934   127794    0
1499849260      975   128769    0
1499849261      974   129743    0
1499849262      975   130718    0
1499849263      973   131691    0
1499849264      931   132622    0
1499849265      974   133596    0
1499849266      967   134563    0
1499849267      956   135519    0
1499849268      975   136494    0
1499849269      935   137429    0
1499849270      975   138404    0
1499849271      973   139377    0
1499849272      974   140351    0
1499849273      975   141326    0
1499849274      926   142252    0
1499849275      975   143227    0
1499849276      973   144200    0
1499849277      975   145175    0
1499849278      974   146149    0
1499849279      925   147074    0
1499849280      974   148048    0
1499849281      975   149023    0
1499849282      974   149997    0
1499849283      962   150959    0
1499849284      932   151891    0
1499849285      974   152865    0
1499849286      975   153840    0
1499849287      974   154814    0
1499849288      964   155778    0
1499849289      929   156707    0
1499849290      947   157654    0
1499849291      974   158628    0
1499849292      975   159603    0
1499849293      974   160577    0
1499849294      942   161520    0
1499849295      982   162502    0
1499849296      974   163476    0
1499849297      968   164444    0
1499849298      974   165418    0
1499849299      919   166338    0
1499849300      982   167320    0
1499849301      959   168279    0
1499849302      975   169254    0
1499849303      974   170228    0
1499849304      921   171156    0
1499849305      980   172136    0
1499849306      961   173097    0
1499849307      975   174072    0
1499849308      974   175046    0
1499849309      943   175989    0
1499849310      974   176963    0
1499849311      974   177937    0
1499849312      975   178912    0
1499849313      973   179885    0
1499849314      935   180820    0
1499849315      974   181794    0
1499849316      975   182769    0
1499849317      974   183743    0
1499849318      973   184716    0
1499849319      929   185645    0
1499849320      975   186620    0
1499849321      974   187594    0
1499849322      963   188557    0
1499849323      975   189532    0
1499849324      928   190460    0
1499849325      975   191435    0
1499849326      973   192408    0
1499849327      975   193383    0
1499849328      974   194357    0
1499849329      929   195286    0
1499849330      974   196260    0
1499849331      946   197206    0
1499849332      972   198178    0
1499849333      975   199153    0
1499849334      942   200095    0
1499849335      980   201075    0
1499849336      975   202050    0
1499849337      974   203024    0
1499849338      974   203998    0
1499849339      935   204933    0
1499849340      974   205907    0
1499849341      974   206881    0
1499849342      975   207856    0
1499849343      964   208820    0
1499849344      926   209746    0
1499849345      974   210720    0
1499849346      975   211695    0
1499849347      967   212662    0
1499849348      975   213637    0
1499849349      940   214577    0
1499849350      974   215551    0
1499849351      975   216526    0
1499849352      961   217487    0
1499849353      975   218462    0
1499849354      933   219395    0
1499849355      975   220370    0
1499849356      973   221343    0
1499849357      975   222318    0
1499849358      973   223291    0
1499849359      925   224216    0
1499849360      974   225190    0
1499849361      963   226153    0
1499849362      975   227128    0
1499849363      974   228102    0
1499849364      927   229029    0
1499849365      973   230002    0
1499849366      975   230977    0
1499849367      974   231951    0
1499849368      960   232911    0
1499849369      938   233849    0
1499849370      975   234824    0
1499849371      974   235798    0
1499849372      946   236744    0
1499849373      973   237717    0
1499849374      942   238666    0
1499849375      982   239648    0
1499849376      974   240622    0
1499849377      970   241592    0
1499849378      974   242566    0
1499849379      927   243493    0
1499849380      974   244467    0
1499849381      965   245432    0
1499849382      975   246407    0
1499849383      974   247381    0
1499849384      941   248322    0
1499849385      974   249296    0
1499849386      968   250264    0
1499849387      974   251238    0
1499849388      975   252213    0
1499849389      934   253147    0
1499849390      975   254122    0
1499849391      974   255096    0
1499849392      975   256071    0
1499849393      961   257032    0
1499849394      932   257964    0
1499849395      975   258939    0
1499849396      974   259913    0
1499849397      975   260888    0
1499849398      970   261858    0
1499849399      925   262783    0
1499849400      974   263757    0
1499849401      975   264732    0
1499849402      961   265693    0
1499849403      975   266668    0
1499849404      948   267616    0
1499849405      975   268591    0
1499849406      974   269565    0
1499849407      966   270531    0
1499849408      975   271506    0
1499849409      930   272436    0
1499849410      975   273411    0
1499849411      974   274385    0
1499849412      975   275360    0
1499849413      945   276305    0
1499849414      946   277251    0
1499849415      974   278225    0
1499849416      957   279182    0
1499849417      974   280156    0
1499849418      975   281131    0
1499849419      937   282068    0
1499849420      973   283041    0
1499849421      975   284016    0
1499849422      974   284990    0
1499849423      973   285963    0
1499849424      940   286903    0
1499849425      975   287878    0
1499849426      974   288852    0
1499849427      975   289827    0
1499849428      966   290793    0
1499849429      933   291726    0
1499849430      974   292700    0
1499849431      975   293675    0
1499849432      959   294634    0
1499849433      975   295609    0
1499849434      938   296547    0
1499849435      974   297521    0
1499849436      975   298496    0
1499849437      974   299470    0
1499849438      975   300445    0
1499849439      934   301379    0
1499849440      975   302354    0
1499849441      974   303328    0
1499849442      975   304303    0
1499849443      974   305277    0
1499849444      945   306222    0
1499849445      974   307196    0
1499849446      975   308171    0
1499849447      974   309145    0
1499849448      974   310119    0
1499849449      941   311060    0
1499849450      974   312034    0
1499849451      975   313009    0
1499849452      974   313983    0
1499849453      974   314957    0
1499849454      908   315865    0
1499849455      975   316840    0
1499849456      974   317814    0
1499849457      974   318788    0
1499849458      974   319762    0
1499849459      941   320703    0
1499849460      974   321677    0
1499849461      975   322652    0
1499849462      972   323624    0
1499849463      974   324598    0
1499849464      935   325533    0
1499849465      974   326507    0
1499849466      974   327481    0
1499849467      974   328455    0
1499849468      975   329430    0
1499849469      935   330365    0
1499849470      975   331340    0
1499849471      974   332314    0
1499849472      975   333289    0
1499849473      974   334263    0
1499849474      929   335192    0
1499849475      975   336167    0
1499849476      974   337141    0
1499849477      975   338116    0
1499849478      968   339084    0
1499849479      936   340020    0
1499849480      970   340990    0
1499849481      975   341965    0
1499849482      974   342939    0
1499849483      971   343910    0
1499849484      937   344847    0
1499849485      973   345820    0
1499849486      974   346794    0
1499849487      975   347769    0
1499849488      944   348735    0
1499849489      956   349691    0
1499849490      974   350665    0
1499849491      971   351636    0
1499849492      974   352610    0
1499849493      943   353553    0
1499849494      953   354506    0
1499849495      974   355480    0
1499849496      975   356455    0
1499849497      974   357429    0
1499849498      943   358400    0
1499849499      982   359382    0
1499849500      974   360356    0
1499849501      975   361331    0
1499849502      974   362305    0
1499849503      938   363243    0
1499849504      974   364217    0
1499849505      975   365192    0
1499849506      958   366150    0
1499849507      975   367125    0
1499849508      938   368063    0
1499849509      975   369038    0
1499849510      973   370011    0
1499849511      974   370985    0
1499849512      975   371960    0
1499849513      931   372891    0
1499849514      975   373866    0
1499849515      972   374838    0
1499849516      975   375813    0
1499849517      974   376787    0
1499849518      922   377709    0
1499849519      974   378683    0
1499849520      975   379658    0
1499849521      974   380632    0
1499849522      964   381596    0
1499849523      930   382526    0
1499849524      975   383501    0
1499849525      975   384476    0
1499849526      974   385450    0
1499849527      969   386419    0
1499849528      926   387345    0
1499849529      975   388320    0
1499849530      974   389294    0
1499849531      947   390241    0
1499849532      974   391215    0
1499849533      920   392135    0
1499849534      974   393109    0
1499849535      926   394035    0
1499849536      974   395009    0
1499849537      975   395984    0
1499849538      974   396958    0
1499849539      924   397882    0
1499849540      975   398857    0
1499849541      972   399829    0
