1483445927      1498   1498    0.00285721
1483445928      1499   2997    0.00571632
1483445929      1500   4497    0.00857735
1483445930      1499   5996    0.0114365
1483445931      1500   7496    0.0142975
1483445932      1499   8996    0.0171585
1483445933      1499   10495    0.0200176
1483445934      1499   11995    0.0228786
1483445935      1500   13496    0.0257416
1483445936      1316   14812    0.0282516
1483445937      1344   16156    0.0308151
1483445938      1353   17509    0.0333958
1483445939      1354   18863    0.0359783
1483445940      1191   20054    0.03825
1483445941      1341   21395    0.0408077
1483445942      1350   22745    0.0433826
1483445943      1354   24099    0.0459652
1483445944      1211   25388    0.0484238
1483445945      1348   26736    0.0509949
1483445946      1201   27937    0.0532856
1483445947      1355   29292    0.0558701
1483445948      1199   30491    0.058157
1483445949      1344   31835    0.0607204
1483445950      1350   33185    0.0632954
1483445951      1355   34540    0.0658798
1483445952      1186   35767    0.0682201
1483445953      1361   37128    0.070816
1483445954      1344   38472    0.0733795
1483445955      1352   39824    0.0759583
1483445956      1056   40880    0.0779724
1483445957      1342   42222    0.0805321
1483445958      1340   43562    0.0830879
1483445959      1194   44756    0.0853653
1483445960      1332   46088    0.0879059
1483445961      808   47218    0.0900612
1483445962      1233   48451    0.0924129
1483445963      1176   49627    0.094656
1483445964      1349   50976    0.097229
1483445965      1313   52289    0.0997334
1483445966      1341   53630    0.102291
1483445967      869   54499    0.103949
1483445968      1260   55759    0.106352
1483445969      1331   57090    0.108891
1483445970      1346   58436    0.111458
1483445971      1216   59741    0.113947
1483445972      1359   61100    0.116539
1483445973      1345   62445    0.119104
1483445974      1350   63795    0.121679
1483445975      1209   65101    0.12417
1483445976      1360   66461    0.126764
1483445977      1345   67806    0.12933
1483445978      1200   69006    0.131618
1483445979      1201   70207    0.133909
1483445980      1343   71550    0.136471
1483445981      1349   72899    0.139044
1483445982      1353   74252    0.141624
1483445983      1200   75480    0.143967
1483445984      1352   76832    0.146545
1483445985      1352   78184    0.149124
1483445986      1344   79528    0.151688
1483445987      1220   80840    0.15419
1483445988      1206   82046    0.15649
1483445989      1343   83389    0.159052
1483445990      1349   84738    0.161625
1483445991      1200   85938    0.163914
1483445992      1345   87283    0.166479
1483445993      1306   88589    0.16897
1483445994      1343   89932    0.171532
1483445996      1212   91219    0.173986
1483445997      1351   92570    0.176563
1483445998      1351   93921    0.17914
1483445999      1007   95166    0.181515
1483446000      1361   96527    0.184111
1483446001      1347   97874    0.18668
1483446002      1354   99228    0.189262
1483446003      1202   100526    0.191738
1483446004      1349   101875    0.194311
1483446005      1343   103218    0.196873
1483446006      1352   104570    0.199451
1483446007      1216   105886    0.201962
1483446008      1340   107226    0.204517
1483446009      1357   108583    0.207106
1483446010      1197   109780    0.209389
1483446011      1178   110958    0.211636
1483446012      1353   112311    0.214216
1483446013      1344   113655    0.21678
1483446014      1344   114999    0.219343
1483446015      1202   116265    0.221758
1483446016      1340   117605    0.224314
1483446017      1352   118957    0.226892
1483446018      1320   120277    0.22941
1483446019      1319   121596    0.231926
1483446020      841   122437    0.23353
1483446021      1322   123759    0.236052
1483446022      1183   124942    0.238308
1483446023      1191   126133    0.24058
1483446024      1203   127336    0.242874
1483446025      1245   128581    0.245249
1483446026      1176   129757    0.247492
1483446027      985   130932    0.249733
1483446028      1352   132284    0.252312
1483446029      1340   133624    0.254868
1483446030      1352   134976    0.257446
1483446031      1026   136002    0.259403
1483446032      1349   137351    0.261976
1483446033      1344   138695    0.26454
1483446034      1345   140040    0.267105
1483446035      1194   141311    0.269529
1483446036      1343   142654    0.272091
1483446037      1355   144009    0.274675
1483446038      1331   145340    0.277214
1483446039      1329   146669    0.279749
1483446040      1179   147848    0.281998
1483446041      1344   149192    0.284561
1483446042      1202   150394    0.286854
1483446043      1191   151690    0.289326
1483446044      1348   153038    0.291897
1483446045      1356   154394    0.294483
1483446046      1330   155724    0.29702
1483446047      1213   157050    0.299549
1483446048      1350   158400    0.302124
1483446049      1348   159748    0.304695
1483446050      1354   161102    0.307278
1483446051      1203   162410    0.309772
1483446052      1206   163616    0.312073
1483446053      1338   164954    0.314625
1483446054      1343   166297    0.317186
1483446055      1185   167482    0.319447
1483446056      1321   168803    0.321966
1483446057      1345   170148    0.324532
1483446058      1331   171479    0.32707
1483446060      1212   172789    0.329569
1483446061      1354   174143    0.332151
1483446062      1299   175442    0.334629
1483446063      1065   176736    0.337097
1483446064      1358   178094    0.339687
1483446065      1345   179439    0.342253
1483446066      1341   180780    0.34481
1483446067      1212   182096    0.347321
1483446068      1330   183426    0.349857
1483446069      1349   184775    0.35243
1483446070      1344   186119    0.354994
1483446071      1196   187456    0.357544
1483446072      1359   188815    0.360136
1483446073      1323   190138    0.362659
1483446074      1200   191338    0.364948
1483446075      1194   192532    0.367226
1483446076      1319   193851    0.369741
1483446077      1344   195195    0.372305
1483446078      1184   196379    0.374563
1483446079      1176   197555    0.376806
1483446080      1226   198781    0.379145
1483446081      1186   199967    0.381407
1483446082      1079   201051    0.383474
1483446083      1178   202229    0.385721
1483446084      1330   203559    0.388258
1483446085      986   204545    0.390139
1483446086      1280   205825    0.39258
1483446087      1178   207003    0.394827
1483446088      1171   208174    0.39706
1483446089      1103   209286    0.399181
1483446090      1359   210645    0.401773
1483446091      1323   211968    0.404297
1483446092      1353   213321    0.406878
1483446093      1196   214646    0.409405
1483446094      1360   216006    0.411999
1483446095      1342   217348    0.414558
1483446096      1076   218424    0.416611
1483446097      1202   219665    0.418978
1483446098      1345   221010    0.421543
1483446099      1355   222365    0.424128
1483446100      1321   223686    0.426647
1483446101      1216   225025    0.429201
1483446102      1354   226379    0.431784
1483446103      1338   227717    0.434336
1483446104      1343   229060    0.436897
1483446105      1208   230385    0.439425
1483446106      989   231374    0.441311
1483446107      1354   232728    0.443893
1483446108      1343   234071    0.446455
1483446109      1219   235404    0.448997
1483446110      1348   236752    0.451569
1483446111      1347   238099    0.454138
1483446112      1337   239436    0.456688
1483446113      1220   240764    0.459221
1483446114      1344   242108    0.461784
1483446115      1344   243452    0.464348
1483446117      1086   244711    0.466749
1483446118      1343   246054    0.469311
1483446119      1357   247411    0.471899
1483446120      1332   248743    0.47444
1483446121      1217   250071    0.476973
1483446122      1347   251418    0.479542
1483446123      1343   252761    0.482103
1483446124      1330   254091    0.48464
1483446125      1217   255431    0.487196
1483446126      1356   256787    0.489782
1483446127      1354   258141    0.492365
1483446128      1131   259272    0.494522
1483446129      1190   260462    0.496792
1483446130      1356   261818    0.499378
1483446131      1344   263162    0.501942
1483446132      1351   264513    0.504519
1483446133      1212   265810    0.506992
1483446134      1357   267167    0.509581
1483446135      1314   268481    0.512087
1483446136      1348   269829    0.514658
1483446137      1122   271170    0.517216
1483446138      1167   272337    0.519442
1483446139      1250   273587    0.521826
1483446140      1215   274802    0.524143
1483446141      1344   276146    0.526707
1483446142      1006   277261    0.528833
1483446143      1355   278616    0.531418
1483446144      1350   279966    0.533993
1483446145      1199   281165    0.53628
1483446146      1328   282493    0.538813
1483446147      1186   283679    0.541075
1483446148      1131   284810    0.543232
1483446149      1198   286008    0.545517
1483446150      1353   287361    0.548098
1483446151      1344   288705    0.550661
1483446152      1202   289907    0.552954
1483446153      1343   291250    0.555515
1483446154      1352   292602    0.558094
1483446155      1353   293955    0.560675
1483446156      1187   295144    0.562943
1483446157      1361   296505    0.565538
1483446158      1344   297849    0.568102
1483446159      1097   299091    0.570471
1483446160      1359   300450    0.573063
1483446161      1353   301803    0.575644
1483446162      1342   303145    0.578203
1483446163      1215   304451    0.580694
1483446164      1351   305802    0.583271
1483446165      1352   307154    0.58585
1483446166      1354   308508    0.588432
1483446167      1208   309811    0.590918
1483446168      1362   311173    0.593515
1483446169      1343   312516    0.596077
1483446170      1201   313717    0.598368
1483446171      1206   314923    0.600668
1483446172      1347   316270    0.603237
1483446173      1352   317622    0.605816
1483446174      1353   318975    0.608397
1483446175      1193   320190    0.610714
1483446176      1360   321550    0.613308
1483446177      1344   322894    0.615871
1483446178      1352   324246    0.61845
1483446180      1213   325550    0.620937
1483446181      1207   326757    0.62324
1483446182      1349   328106    0.625813
1483446183      1354   329460    0.628395
1483446184      1199   330659    0.630682
1483446185      1355   332014    0.633266
1483446186      1343   333357    0.635828
1483446187      1350   334707    0.638403
1483446188      1198   335929    0.640734
1483446189      1353   337282    0.643314
1483446190      1354   338636    0.645897
1483446191      1093   339876    0.648262
1483446192      1356   341232    0.650848
1483446193      1354   342586    0.653431
1483446194      1346   343932    0.655998
1483446195      1218   345236    0.658485
1483446196      1354   346590    0.661068
1483446197      1278   347868    0.663506
1483446198      1224   349092    0.66584
1483446199      1276   350368    0.668274
1483446200      1168   351668    0.670753
1483446201      1340   353008    0.673309
1483446202      1151   354159    0.675505
1483446203      1344   355503    0.678068
1483446204      1068   356687    0.680326
1483446205      1215   357902    0.682644
1483446206      1273   359175    0.685072
1483446207      1187   360362    0.687336
1483446208      1298   361660    0.689812
1483446209      1345   363005    0.692377
1483446210      1202   364207    0.69467
1483446211      1343   365550    0.697231
1483446212      1352   366902    0.69981
1483446213      1180   368082    0.702061
1483446214      1207   369289    0.704363
1483446215      1346   370635    0.70693
1483446216      1351   371986    0.709507
1483446217      1355   373341    0.712091
1483446218      1197   374570    0.714436
1483446219      1361   375931    0.717031
1483446220      1343   377274    0.719593
1483446221      1351   378625    0.72217
1483446222      1213   379930    0.724659
1483446223      1208   381138    0.726963
1483446224      1349   382487    0.729536
1483446225      1353   383840    0.732117
1483446226      1199   385039    0.734404
1483446227      1354   386393    0.736986
1483446228      1348   387741    0.739557
1483446229      1356   389097    0.742144
1483446230      1192   390309    0.744455
1483446231      1350   391659    0.74703
1483446232      1350   393009    0.749605
1483446233      1102   394256    0.751984
1483446234      1361   395617    0.75458
1483446235      1345   396962    0.757145
1483446236      1351   398313    0.759722
1483446237      1210   399616    0.762207
1483446238      1360   400976    0.764801
1483446239      1344   402320    0.767365
1483446240      1346   403666    0.769932
1483446241      1207   404976    0.77243
1483446242      1359   406335    0.775023
1483446243      1348   407683    0.777594
1483446244      1202   408885    0.779886
1483446245      1195   410080    0.782166
1483446246      1348   411428    0.784737
1483446247      1354   412782    0.787319
1483446248      1344   414126    0.789883
1483446249      1193   415355    0.792227
1483446250      1331   416686    0.794765
1483446251      1348   418034    0.797337
1483446252      1342   419376    0.799896
1483446254      1203   420715    0.80245
1483446255      1201   421916    0.804741
1483446256      1352   423268    0.80732
1483446257      1201   424469    0.80961
1483446258      1072   425734    0.812023
1483446259      1311   427045    0.814524
1483446260      748   427878    0.816113
1483446261      1192   429070    0.818386
1483446262      1149   430219    0.820578
1483446263      1249   431468    0.82296
1483446264      1185   432653    0.82522
1483446265      1261   433914    0.827625
1483446266      963   435041    0.829775
1483446267      1290   436331    0.832235
1483446268      1341   437672    0.834793
1483446269      1344   439016    0.837357
1483446270      1331   440347    0.839895
1483446271      1195   441542    0.842175
1483446272      1344   442886    0.844738
1483446273      1339   444225    0.847292
1483446274      1341   445566    0.84985
1483446275      1192   446833    0.852266
1483446276      1332   448165    0.854807
1483446277      1200   449365    0.857096
1483446278      1339   450704    0.85965
1483446279      1206   451910    0.86195
1483446280      1344   453254    0.864513
1483446281      1347   454601    0.867083
1483446282      1337   455938    0.869633
1483446283      1193   457212    0.872063
1483446284      1356   458568    0.874649
1483446285      1345   459913    0.877214
1483446286      1347   461260    0.879784
1483446287      960   462231    0.881636
1483446288      1360   463591    0.88423
1483446289      1344   464935    0.886793
1483446290      1347   466282    0.889362
1483446291      893   467175    0.891066
1483446292      1319   468494    0.893581
1483446293      1188   469735    0.895948
1483446294      1364   471099    0.89855
1483446295      1348   472447    0.901121
1483446296      1353   473800    0.903702
1483446297      1195   475095    0.906172
1483446298      1207   476302    0.908474
1483446299      1325   477627    0.911001
1483446300      1347   478974    0.91357
1483446301      1196   480170    0.915852
1483446302      1342   481512    0.918411
1483446303      1355   482867    0.920996
1483446304      1320   484187    0.923513
1483446305      1202   485474    0.925968
1483446306      1363   486837    0.928568
1483446307      1326   488163    0.931097
1483446309      979   489421    0.933496
1483446310      1358   490779    0.936087
1483446311      1355   492134    0.938671
1483446312      1323   493457    0.941195
1483446313      1215   494781    0.94372
1483446314      1351   496132    0.946297
1483446315      1353   497485    0.948877
1483446316      1319   498804    0.951393
