1482117359      1498   1498    0.00285721
1482117360      1500   2998    0.00571823
1482117361      1499   4497    0.00857735
1482117362      1499   5996    0.0114365
1482117363      1500   7496    0.0142975
1482117364      1499   8995    0.0171566
1482117365      1499   10495    0.0200176
1482117366      1500   11995    0.0228786
1482117367      1499   13494    0.0257378
1482117368      1499   14993    0.0285969
1482117369      1465   16458    0.0313911
1482117370      1242   17700    0.0337601
1482117371      1335   19035    0.0363064
1482117372      1384   20419    0.0389462
1482117373      1267   21686    0.0413628
1482117374      1383   23069    0.0440006
1482117375      1385   24454    0.0466423
1482117376      1384   25838    0.0492821
1482117377      1269   27107    0.0517025
1482117378      1385   28492    0.0543442
1482117379      1382   29874    0.0569801
1482117380      1384   31258    0.0596199
1482117381      1270   32528    0.0620422
1482117382      1307   33835    0.0645351
1482117383      1384   35219    0.0671749
1482117384      1385   36604    0.0698166
1482117385      1279   37981    0.072443
1482117386      1391   39372    0.0750961
1482117387      1384   40756    0.0777359
1482117388      1385   42141    0.0803776
1482117389      1268   43409    0.0827961
1482117390      1384   44793    0.0854359
1482117391      1384   46177    0.0880756
1482117392      1383   47560    0.0907135
1482117393      1268   48828    0.093132
1482117394      1113   49941    0.0952549
1482117395      1267   51208    0.0976715
1482117396      1384   52592    0.100311
1482117397      1384   53976    0.102951
1482117398      1337   55313    0.105501
1482117399      1268   56581    0.10792
1482117400      1383   57964    0.110558
1482117401      1383   59347    0.113195
1482117402      1277   60723    0.11582
1482117403      1391   62114    0.118473
1482117404      1383   63497    0.121111
1482117405      1385   64882    0.123753
1482117406      998   65880    0.125656
1482117407      1384   67264    0.128296
1482117408      1268   68532    0.130714
1482117409      1383   69915    0.133352
1482117410      1383   71298    0.13599
1482117411      1384   72682    0.13863
1482117412      1267   73949    0.141047
1482117413      1383   75332    0.143684
1482117414      1357   76689    0.146273
1482117415      1384   78073    0.148912
1482117416      1269   79342    0.151333
1482117417      1385   80727    0.153975
1482117418      1307   82034    0.156467
1482117419      1383   83417    0.159105
1482117420      1274   84767    0.16168
1482117421      1390   86157    0.164331
1482117422      1384   87541    0.166971
1482117423      1385   88926    0.169613
1482117424      1268   90194    0.172031
1482117425      1383   91577    0.174669
1482117426      1337   92914    0.177219
1482117427      1223   94137    0.179552
1482117428      1155   95292    0.181755
1482117429      1165   96559    0.184172
1482117430      1239   97798    0.186535
1482117431      1112   98910    0.188656
1482117432      1069   100005    0.190744
1482117433      1234   101239    0.193098
1482117434      1336   102575    0.195646
1482117435      1384   103959    0.198286
1482117436      1384   105343    0.200926
1482117437      1269   106612    0.203346
1482117438      1384   107996    0.205986
1482117439      1384   109380    0.208626
1482117440      1268   110725    0.211191
1482117441      1390   112115    0.213842
1482117442      1383   113498    0.21648
1482117443      1307   114805    0.218973
1482117444      1384   116189    0.221613
1482117445      1268   117457    0.224031
1482117446      1384   118841    0.226671
1482117447      1384   120225    0.229311
1482117448      1384   121609    0.231951
1482117449      1269   122878    0.234371
1482117450      1384   124262    0.237011
1482117451      1384   125646    0.239651
1482117452      1385   127031    0.242292
1482117453      1269   128300    0.244713
1482117454      1384   129684    0.247353
1482117455      1309   130993    0.249849
1482117456      1384   132377    0.252489
1482117457      1271   133697    0.255007
1482117458      1391   135088    0.25766
1482117459      1384   136472    0.2603
1482117460      1384   137856    0.262939
1482117461      1267   139123    0.265356
1482117462      1383   140506    0.267994
1482117463      1384   141890    0.270634
1482117464      1383   143273    0.273272
1482117465      1269   144542    0.275692
1482117466      1385   145927    0.278334
1482117467      1306   147233    0.280825
1482117468      1384   148617    0.283464
1482117469      1385   150002    0.286106
1482117470      1269   151271    0.288527
1482117471      1384   152655    0.291166
1482117472      1385   154040    0.293808
1482117473      1272   155367    0.296339
1482117474      1392   156759    0.298994
1482117475      1384   158143    0.301634
1482117476      1384   159527    0.304274
1482117477      1270   160797    0.306696
1482117478      1384   162181    0.309336
1482117479      1308   163489    0.311831
1482117480      1385   164874    0.314472
1482117481      1384   166258    0.317112
1482117482      1221   167479    0.319441
1482117483      1385   168864    0.322083
1482117484      1384   170248    0.324722
1482117485      1382   171630    0.327358
1482117486      1268   172898    0.329777
1482117487      1384   174282    0.332417
1482117488      1341   175623    0.334974
1482117489      1385   177008    0.337616
1482117490      1241   178249    0.339983
1482117491      1287   179536    0.342438
1482117492      1385   180921    0.345079
1482117493      1360   182281    0.347673
1482117494      1384   183665    0.350313
1482117495      1098   184771    0.352423
1482117496      1278   186049    0.35486
1482117497      1379   187428    0.357491
1482117498      1283   188711    0.359938
1482117499      1335   190046    0.362484
1482117500      1267   191313    0.364901
1482117501      1383   192696    0.367538
1482117502      1383   194079    0.370176
1482117503      1384   195463    0.372816
1482117504      1307   196770    0.375309
1482117505      1265   198035    0.377722
1482117506      1384   199419    0.380362
1482117507      1382   200801    0.382998
1482117508      1274   202153    0.385576
1482117509      1391   203544    0.388229
1482117510      1383   204927    0.390867
1482117511      1383   206310    0.393505
1482117512      1268   207578    0.395924
1482117513      1383   208961    0.398561
1482117514      1383   210344    0.401199
1482117515      1384   211728    0.403839
1482117516      1307   213035    0.406332
1482117517      1267   214302    0.408749
1482117518      1384   215686    0.411388
1482117519      1383   217069    0.414026
1482117520      1383   218452    0.416664
1482117521      1215   219667    0.418982
1482117522      1383   221050    0.421619
1482117523      1383   222433    0.424257
1482117524      1384   223817    0.426897
1482117525      1267   225084    0.429314
1482117526      1384   226468    0.431953
1482117527      1382   227850    0.434589
1482117528      1307   229157    0.437082
1482117529      1271   230485    0.439615
1482117530      1390   231875    0.442266
1482117531      1384   233259    0.444906
1482117532      1383   234642    0.447544
1482117533      1267   235909    0.449961
1482117534      1384   237293    0.4526
1482117535      1383   238676    0.455238
1482117536      1383   240059    0.457876
1482117537      1268   241327    0.460295
1482117538      1383   242710    0.462933
1482117539      1383   244093    0.46557
1482117540      1307   245400    0.468063
1482117541      1376   246776    0.470688
1482117542      1267   248043    0.473104
1482117543      1384   249427    0.475744
1482117544      1383   250810    0.478382
1482117545      1273   252155    0.480947
1482117546      1390   253545    0.483599
1482117547      1382   254927    0.486235
1482117548      1385   256312    0.488876
1482117549      1268   257580    0.491295
1482117550      1379   258959    0.493925
1482117551      1287   260246    0.49638
1482117552      1269   261515    0.4988
1482117553      1383   262898    0.501438
1482117554      1264   264177    0.503878
1482117555      1230   265407    0.506224
1482117556      1258   266665    0.508623
1482117557      1260   267925    0.511026
1482117558      1246   269171    0.513403
1482117559      1224   270395    0.515738
1482117560      1221   271616    0.518066
1482117561      1155   272771    0.520269
1482117562      1335   274106    0.522816
1482117563      1383   275489    0.525454
1482117564      1385   276874    0.528095
1482117565      1305   278179    0.530584
1482117566      1266   279445    0.532999
1482117567      1384   280829    0.535639
1482117568      1383   282212    0.538277
1482117569      1383   283595    0.540915
1482117570      1268   284863    0.543333
1482117571      1383   286246    0.545971
1482117572      1383   287629    0.548609
1482117573      1384   289013    0.551249
1482117574      1267   290280    0.553665
1482117575      1384   291664    0.556305
1482117576      1384   293048    0.558945
1482117577      1307   294355    0.561438
1482117578      1277   295725    0.564051
1482117579      1390   297115    0.566702
1482117580      1384   298499    0.569342
1482117581      1383   299882    0.57198
1482117582      1268   301150    0.574398
1482117583      1384   302534    0.577038
1482117584      1384   303918    0.579678
1482117585      1383   305301    0.582315
1482117586      1267   306568    0.584732
1482117587      1382   307950    0.587368
1482117588      1382   309332    0.590004
1482117589      1309   310641    0.592501
1482117590      1381   312022    0.595135
1482117591      1269   313291    0.597555
1482117592      1384   314675    0.600195
1482117593      1383   316058    0.602833
1482117594      1273   317395    0.605383
1482117595      1391   318786    0.608036
1482117596      1384   320170    0.610676
1482117597      1384   321554    0.613316
1482117598      1268   322822    0.615734
1482117599      1383   324205    0.618372
1482117600      1383   325588    0.62101
1482117601      997   326585    0.622911
1482117602      1383   327968    0.625549
1482117603      1383   329351    0.628187
1482117604      1268   330619    0.630606
1482117605      1383   332002    0.633244
1482117606      1383   333385    0.635881
1482117607      1383   334768    0.638519
1482117608      1267   336035    0.640936
1482117609      1384   337419    0.643576
1482117610      1385   338804    0.646217
1482117611      1271   340137    0.64876
1482117612      1390   341527    0.651411
1482117613      1050   342577    0.653414
1482117614      1224   343801    0.655748
1482117615      1224   345025    0.658083
1482117616      1235   346260    0.660439
1482117617      1224   347484    0.662773
1482117618      1362   348846    0.665371
1482117619      1109   350015    0.667601
1482117620      1229   351244    0.669945
1482117621      1155   352399    0.672148
1482117622      1222   353621    0.674479
1482117623      1383   355004    0.677116
1482117624      1312   356316    0.679619
1482117625      1237   357553    0.681978
1482117627      1237   358821    0.684397
1482117628      1390   360211    0.687048
1482117629      1384   361595    0.689688
1482117630      1384   362979    0.692327
1482117631      1266   364245    0.694742
1482117632      1385   365630    0.697384
1482117633      1384   367014    0.700024
1482117634      1383   368397    0.702662
1482117635      1268   369665    0.70508
1482117636      1383   371048    0.707718
1482117637      1383   372431    0.710356
1482117638      1384   373815    0.712996
1482117639      1267   375082    0.715412
1482117640      1307   376389    0.717905
1482117641      1384   377773    0.720545
1482117642      1383   379156    0.723183
1482117643      1266   380491    0.725729
1482117644      1391   381882    0.728382
1482117645      1383   383265    0.73102
1482117646      1383   384648    0.733658
1482117647      1268   385916    0.736076
1482117648      1383   387299    0.738714
1482117649      1383   388682    0.741352
1482117650      1385   390067    0.743994
1482117651      1266   391333    0.746408
1482117652      1300   392633    0.748888
1482117653      1385   394018    0.75153
1482117654      1383   395401    0.754168
1482117655      1383   396784    0.756805
1482117656      1268   398052    0.759224
1482117657      1383   399435    0.761862
1482117658      1383   400818    0.7645
1482117659      1273   402161    0.767061
1482117660      1391   403552    0.769714
1482117661      1383   404935    0.772352
1482117662      1383   406318    0.77499
1482117663      1220   407538    0.777317
1482117664      1306   408844    0.779808
1482117665      1383   410227    0.782446
1482117666      1384   411611    0.785086
1482117667      1383   412994    0.787724
1482117668      1267   414261    0.79014
1482117669      1384   415645    0.79278
1482117670      1383   417028    0.795418
1482117671      1383   418411    0.798056
1482117672      1268   419679    0.800474
1482117673      1383   421062    0.803112
1482117674      1383   422445    0.80575
1482117675      1383   423828    0.808388
1482117676      1207   425133    0.810877
1482117677      1387   426520    0.813522
1482117678      1375   427895    0.816145
1482117679      1153   429048    0.818344
1482117680      1222   430270    0.820675
1482117681      1222   431492    0.823006
1482117682      1105   432637    0.82519
1482117683      1230   433867    0.827536
1482117684      1222   435089    0.829866
1482117685      1225   436314    0.832203
1482117686      1227   437541    0.834543
1482117687      1224   438765    0.836878
1482117688      1221   439986    0.839207
1482117689      1152   441138    0.841404
1482117690      1367   442505    0.844011
1482117691      1260   443765    0.846415
1482117692      1383   445148    0.849052
1482117693      1384   446532    0.851692
1482117694      1273   447875    0.854254
1482117695      1390   449265    0.856905
1482117696      1383   450648    0.859543
1482117697      1384   452032    0.862183
1482117698      1266   453298    0.864597
1482117699      1383   454681    0.867235
1482117700      1384   456065    0.869875
1482117701      1307   457372    0.872368
1482117702      1383   458755    0.875006
1482117703      1269   460024    0.877426
1482117704      1384   461408    0.880066
1482117705      1383   462791    0.882704
1482117706      1351   464142    0.885281
1482117707      1267   465409    0.887697
1482117708      1383   466792    0.890335
1482117709      1385   468177    0.892977
1482117710      1277   469545    0.895586
1482117711      1391   470936    0.898239
1482117712      1384   472320    0.900879
1482117713      1307   473627    0.903372
1482117714      1384   475011    0.906012
1482117715      1270   476281    0.908434
1482117716      1384   477665    0.911074
1482117717      1384   479049    0.913713
1482117718      1385   480434    0.916355
1482117719      1269   481703    0.918776
1482117720      1384   483087    0.921415
1482117721      1385   484472    0.924057
1482117722      1280   485855    0.926695
1482117723      1381   487236    0.929329
1482117724      1384   488620    0.931969
1482117725      1307   489927    0.934462
1482117726      1383   491310    0.937099
1482117727      1265   492575    0.939512
1482117728      1384   493959    0.942152
1482117729      1384   495343    0.944792
1482117730      1384   496727    0.947432
1482117731      1265   497992    0.949844
1482117732      1383   499375    0.952482
