1487919791      999   999    0.0104799
1487919792      998   1997    0.0209494
1487919793      1000   2997    0.0314398
1487919794      972   3969    0.0416365
1487919795      791   4760    0.0499344
1487919797      625   5502    0.0577183
1487919798      798   6300    0.0660896
1487919799      788   7088    0.0743561
1487919800      568   7656    0.0803146
1487919801      639   8328    0.0873642
1487919802      796   9124    0.0957146
1487919803      777   9901    0.103866
1487919804      583   10484    0.109982
1487919805      771   11255    0.11807
1487919806      642   11897    0.124804
1487919807      795   12692    0.133144
1487919808      587   13294    0.13946
1487919809      804   14098    0.147894
1487919810      796   14894    0.156244
1487919811      582   15476    0.16235
1487919812      641   16120    0.169106
1487919813      800   16920    0.177498
1487919814      779   17699    0.18567
1487919815      517   18260    0.191555
1487919816      784   19044    0.19978
1487919817      633   19677    0.20642
1487919818      796   20473    0.21477
1487919819      587   21086    0.221201
1487919820      795   21881    0.229541
1487919821      795   22676    0.237881
1487919822      559   23235    0.243745
1487919823      653   23912    0.250847
1487919824      681   24593    0.257991
1487919825      789   25382    0.266268
1487919826      470   26052    0.273296
1487919827      613   26665    0.279727
1487919828      600   27273    0.286105
1487919829      774   28047    0.294225
1487919830      697   28744    0.301537
1487919831      590   29413    0.308555
1487919832      800   30213    0.316947
1487919833      795   31008    0.325287
1487919834      654   31662    0.332148
1487919835      568   32239    0.338201
1487919836      805   33044    0.346645
1487919837      792   33836    0.354954
1487919838      592   34428    0.361164
1487919839      637   35065    0.367846
1487919840      790   35855    0.376134
1487919841      805   36660    0.384579
1487919842      525   37205    0.390296
1487919843      722   37927    0.39787
1487919844      720   38647    0.405423
1487919845      667   39314    0.41242
1487919847      609   40031    0.419942
1487919848      815   40846    0.428492
1487919849      546   41392    0.434219
1487919850      575   42171    0.442391
1487919851      672   42857    0.449588
1487919852      804   43661    0.458022
1487919853      636   44462    0.466425
1487919854      808   45270    0.474901
1487919855      636   45906    0.481573
1487919857      501   46602    0.488874
1487919858      497   47288    0.496071
1487919859      802   48090    0.504484
1487919860      649   48739    0.511292
1487919861      591   49428    0.51852
1487919862      812   50240    0.527039
1487919863      662   50902    0.533983
1487919864      800   51702    0.542376
1487919865      605   52307    0.548722
1487919866      791   53098    0.55702
1487919867      648   53859    0.565003
1487919868      664   54545    0.5722
1487919869      806   55351    0.580655
1487919870      790   56141    0.588943
1487919871      592   56733    0.595153
1487919872      798   57531    0.603524
1487919874      640   58290    0.611486
1487919875      661   58976    0.618683
1487919876      790   59766    0.62697
1487919877      789   60555    0.635247
1487919878      580   61135    0.641332
1487919879      798   61933    0.649703
1487919880      655   62588    0.656574
1487919881      795   63383    0.664914
1487919882      585   63968    0.671051
1487919883      799   64767    0.679433
1487919884      654   65547    0.687615
1487919885      666   66233    0.694812
1487919886      789   67022    0.703089
1487919887      692   67714    0.710348
1487919888      573   68373    0.717261
1487919889      801   69174    0.725664
1487919890      721   69895    0.733228
1487919891      477   70372    0.738232
1487919892      641   71013    0.744956
1487919893      612   71734    0.75252
1487919894      776   72510    0.76066
1487919895      784   73294    0.768885
1487919896      555   73874    0.774969
1487919897      578   74560    0.782166
1487919898      683   75243    0.78933
1487919899      794   76037    0.79766
1487919900      620   76700    0.804615
1487919901      792   77492    0.812923
1487919902      655   78147    0.819795
1487919903      800   78947    0.828187
1487919904      595   79542    0.834429
1487919905      803   80345    0.842853
1487919907      651   81131    0.851098
1487919908      619   81817    0.858294
1487919909      777   82594    0.866446
1487919910      755   83349    0.874366
1487919911      591   83957    0.880744
1487919912      800   84757    0.889136
1487919913      793   85550    0.897455
1487919914      658   86208    0.904358
1487919915      588   86796    0.910526
1487919916      794   87590    0.918856
1487919917      792   88382    0.927164
1487919918      583   88965    0.93328
1487919919      595   89609    0.940036
1487919920      539   90148    0.94569
1487919921      711   90859    0.953149
1487919922      736   91595    0.96087
1487919923      593   92284    0.968098
1487919924      715   92999    0.975598
1487919925      560   93559    0.981473
1487919926      794   94353    0.989802
1487919927      689   95042    0.99703
1487919928      545   95645    1.00336
1487919929      777   96422    1.01151
1487919930      791   97213    1.0198
1487919931      649   97862    1.02661
1487919932      585   98471    1.033
1487919933      799   99270    1.04138
1487919934      792   100062    1.04969
1487919935      574   100636    1.05571
1487919936      651   101297    1.06265
1487919937      797   102094    1.07101
1487919938      748   102842    1.07886
1487919939      584   103437    1.0851
1487919940      699   104136    1.09243
1487919941      804   104940    1.10086
1487919942      591   105531    1.10706
1487919943      632   106263    1.11474
1487919944      797   107060    1.1231
1487919945      758   107818    1.13106
1487919946      579   108403    1.13719
1487919947      668   109089    1.14439
1487919948      806   109895    1.15284
1487919950      662   110694    1.16123
1487919951      392   111229    1.16684
1487919952      809   112038    1.17533
1487919953      787   112825    1.18358
1487919954      584   113409    1.18971
1487919955      571   114055    1.19648
1487919956      788   114843    1.20475
1487919957      795   115638    1.21309
1487919958      579   116217    1.21916
1487919959      656   116881    1.22613
1487919960      801   117682    1.23453
1487919961      797   118479    1.24289
1487919962      585   119064    1.24903
1487919963      794   119858    1.25736
1487919964      647   120626    1.26542
1487919965      661   121312    1.27261
1487919966      798   122110    1.28098
1487919967      793   122903    1.2893
1487919968      576   123479    1.29535
1487919969      794   124273    1.30368
1487919970      641   124914    1.3104
1487919971      762   125676    1.31839
1487919972      580   126278    1.32471
1487919973      801   127079    1.33311
1487919974      786   127865    1.34136
1487919975      552   128418    1.34716
1487919976      661   129104    1.35435
1487919977      775   129879    1.36248
1487919978      760   130639    1.37046
1487919979      538   131244    1.3768
1487919980      799   132043    1.38519
1487919982      190   132314    1.38803
1487919983      612   133000    1.39523
1487919984      627   133627    1.4018
1487919985      792   134419    1.41011
1487919986      597   135140    1.41768
1487919987      691   135831    1.42492
1487919988      647   136478    1.43171
1487919989      626   137104    1.43828
1487919990      790   137894    1.44657
1487919991      566   138501    1.45293
1487919992      789   139290    1.46121
1487919993      770   140060    1.46929
1487919994      641   140701    1.47601
1487919995      597   141327    1.48258
1487919996      789   142116    1.49086
1487919997      794   142910    1.49919
1487919998      585   143495    1.50532
1487919999      649   144153    1.51223
1487920000      797   144950    1.52059
1487920001      787   145737    1.52884
1487920002      579   146316    1.53492
1487920003      787   147103    1.54317
1487920004      785   147888    1.55141
1487920005      647   148535    1.55819
1487920006      577   149119    1.56432
1487920007      799   149918    1.5727
1487920008      786   150704    1.58095
1487920009      560   151264    1.58682
1487920010      607   151945    1.59397
1487920011      803   152748    1.60239
1487920013      244   153015    1.60519
1487920014      729   153744    1.61284
1487920015      778   154522    1.621
1487920016      563   155155    1.62764
1487920017      669   155824    1.63466
1487920018      459   156376    1.64045
1487920019      748   157124    1.6483
1487920020      803   157927    1.65672
1487920021      558   158516    1.6629
1487920022      748   159264    1.67075
1487920023      659   159923    1.67766
1487920024      676   160599    1.68475
1487920025      621   161342    1.69254
1487920026      806   162148    1.701
1487920027      756   162904    1.70893
1487920028      563   163482    1.71499
1487920029      643   164168    1.72219
1487920030      723   164891    1.72978
1487920031      712   165603    1.73724
1487920032      585   166308    1.74464
1487920033      685   166993    1.75183
1487920034      577   167570    1.75788
1487920035      790   168360    1.76617
1487920037      607   169134    1.77429
1487920038      727   169861    1.78191
1487920039      794   170655    1.79024
1487920040      548   171274    1.79674
1487920041      667   171960    1.80393
1487920042      800   172760    1.81232
1487920043      802   173562    1.82074
1487920044      591   174153    1.82694
1487920045      797   174950    1.8353
1487920046      656   175606    1.84218
1487920047      654   176391    1.85042
1487920048      802   177193    1.85883
1487920049      714   177907    1.86632
1487920050      546   178531    1.87286
1487920051      655   179217    1.88006
1487920052      806   180023    1.88852
1487920053      796   180819    1.89687
1487920054      578   181397    1.90293
1487920055      801   182198    1.91133
1487920056      642   182962    1.91935
1487920058      664   183648    1.92654
1487920059      801   184449    1.93495
1487920060      793   185242    1.94327
1487920061      585   185827    1.9494
1487920062      798   186625    1.95777
1487920063      648   187273    1.96457
1487920064      796   188069    1.97292
1487920065      568   188637    1.97888
1487920066      798   189435    1.98725
1487920067      772   190207    1.99535
1487920068      588   190795    2.00152
1487920069      646   191441    2.0083
1487920070      797   192238    2.01666
1487920071      790   193028    2.02494
1487920072      596   193624    2.0312
1487920073      797   194421    2.03956
1487920074      644   195065    2.04631
1487920075      800   195865    2.05471
1487920076      575   196440    2.06074
1487920077      793   197233    2.06906
1487920078      650   198011    2.07722
1487920079      656   198697    2.08441
1487920080      786   199483    2.09266
1487920081      271   199767    2.09564
1487920082      803   200570    2.10406
1487920083      793   201363    2.11238
1487920084      593   201956    2.1186
1487920085      644   202600    2.12536
1487920086      791   203391    2.13366
1487920087      780   204171    2.14184
1487920088      583   204754    2.14795
1487920089      787   205541    2.15621
1487920090      796   206337    2.16456
1487920091      650   206987    2.17138
1487920092      567   207559    2.17738
1487920093      793   208352    2.1857
1487920094      791   209143    2.194
1487920095      579   209722    2.20007
1487920096      648   210385    2.20703
1487920097      791   211176    2.21532
1487920098      789   211965    2.2236
1487920099      590   212555    2.22979
1487920100      796   213351    2.23814
1487920101      650   214130    2.24631
1487920102      608   214816    2.25351
1487920103      801   215617    2.26191
1487920104      741   216358    2.26969
1487920105      537   216956    2.27596
1487920106      746   217702    2.28378
1487920107      645   218347    2.29055
1487920108      754   219101    2.29846
1487920110      534   219782    2.3056
1487920111      805   220587    2.31405
1487920112      546   221133    2.31978
1487920113      582   221922    2.32805
1487920114      586   222608    2.33525
1487920115      772   223380    2.34335
1487920116      797   224177    2.35171
1487920117      501   224748    2.3577
1487920118      641   225389    2.36442
1487920119      639   226028    2.37113
1487920120      780   226808    2.37931
1487920121      762   227570    2.3873
1487920122      505   228109    2.39296
1487920123      736   228845    2.40068
1487920124      762   229607    2.40867
1487920125      627   230234    2.41525
1487920126      608   230935    2.4226
1487920127      720   231655    2.43016
1487920128      781   232436    2.43835
1487920130      587   233075    2.44505
1487920131      656   233761    2.45225
1487920132      806   234567    2.46071
1487920133      796   235363    2.46906
1487920134      600   235963    2.47535
1487920135      793   236756    2.48367
1487920136      633   237506    2.49154
1487920137      660   238192    2.49873
1487920138      769   238961    2.5068
1487920139      783   239744    2.51501
1487920140      532   240332    2.52118
1487920141      700   241032    2.52853
1487920142      648   241680    2.53532
1487920143      695   242375    2.54261
1487920144      707   243082    2.55003
1487920145      530   243693    2.55644
1487920146      799   244492    2.56482
1487920147      743   245235    2.57262
1487920148      455   245690    2.57739
1487920149      654   246344    2.58425
1487920150      573   247054    2.5917
1487920151      798   247852    2.60007
1487920152      765   248617    2.6081
1487920153      554   249194    2.61415
1487920154      589   249880    2.62135
