1499950719      1998   1998    0.0133381
1499950720      1995   3996    0.0266762
1499950721      2000   5996    0.0400276
1499950722      1998   7994    0.0533657
1499950723      1848   9842    0.0657024
1499950724      1420   11262    0.075182
1499950726      1426   13259    0.0885134
1499950727      2007   15266    0.101912
1499950728      1463   16729    0.111678
1499950729      1447   18176    0.121338
1499950730      1082   19258    0.128561
1499950731      1476   20734    0.138414
1499950732      1518   22439    0.149796
1499950733      2006   24445    0.163188
1499950734      1266   25711    0.171639
1499950735      1133   26844    0.179203
1499950736      1057   27901    0.186259
1499950737      1374   29580    0.197468
1499950738      2006   31586    0.210859
1499950739      1306   32892    0.219578
1499950740      1440   34332    0.229191
1499950741      1461   35793    0.238944
1499950742      1254   37047    0.247315
1499950743      1462   38760    0.258751
1499950744      2006   40766    0.272142
1499950745      1325   42091    0.280988
1499950746      1481   43572    0.290874
1499950747      1251   44877    0.299586
1499950748      1409   46286    0.308992
1499950749      1493   47940    0.320034
1499950750      2006   49946    0.333426
1499950751      1252   51198    0.341784
1499950752      1457   52655    0.35151
1499950753      1453   54108    0.36121
1499950754      1058   55166    0.368273
1499950756      1471   57120    0.381317
1499950757      2007   59127    0.394715
1499950758      927   60054    0.400904
1499950759      1370   61424    0.410049
1499950760      1479   63237    0.422153
1499950761      1272   64509    0.430644
1499950762      1369   66300    0.4426
1499950763      2006   68306    0.455992
1499950764      1468   69774    0.465792
1499950765      1204   70978    0.473829
1499950766      1399   72417    0.483436
1499950767      1007   73441    0.490272
1499950768      2007   75448    0.50367
1499950769      1352   76800    0.512695
1499950770      1456   78256    0.522415
1499950771      1463   79719    0.532182
1499950773      1550   81597    0.544719
1499950774      1266   82863    0.55317
1499950775      1424   84660    0.565166
1499950776      2006   86666    0.578558
1499950777      1444   88110    0.588198
1499950778      1466   89576    0.597984
1499950779      920   90777    0.606002
1499950780      1156   91933    0.613719
1499950781      1562   93840    0.62645
1499950782      2006   95846    0.639841
1499950783      1468   97314    0.649641
1499950784      1259   98573    0.658046
1499950785      1352   99957    0.667285
1499950786      1048   101005    0.674281
1499950787      1999   103004    0.687626
1499950788      1467   104471    0.697419
1499950789      1206   105677    0.70547
1499950790      1470   107147    0.715283
1499950792      1421   109137    0.728568
1499950793      958   110161    0.735404
1499950794      2006   112167    0.748796
1499950795      1244   113411    0.7571
1499950796      1470   114881    0.766913
1499950797      1294   116278    0.776239
1499950798      2006   118284    0.789631
1499950799      908   119341    0.796687
1499950800      2006   121347    0.810079
1499950801      1470   122817    0.819892
1499950802      1194   124011    0.827863
1499950803      1431   125458    0.837523
1499950804      2006   127464    0.850914
1499950805      806   128521    0.85797
1499950806      2007   130528    0.871368
1499950807      1137   131665    0.878959
1499950808      1471   133136    0.888779
1499950810      1212   134638    0.898806
1499950811      2007   136645    0.912204
1499950812      979   137701    0.919253
1499950813      2006   139707    0.932645
1499950814      1181   140888    0.940529
1499950815      1142   142030    0.948153
1499950816      1509   143818    0.960089
1499950817      2006   145824    0.97348
1499950819      621   146881    0.980536
1499950820      2006   148887    0.993928
1499950821      999   149886    1.0006
1499950822      1241   151127    1.00888
1499950823      1409   152998    1.02137
1499950824      2006   155004    1.03476
1499950825      799   155803    1.0401
1499950826      764   156567    1.0452
1499950827      1423   158100    1.05543
1499950828      2006   160106    1.06882
1499950829      947   161053    1.07514
1499950830      1375   162428    1.08432
1499950831      1218   164217    1.09627
1499950832      1083   165300    1.1035
1499950834      1419   167280    1.11671
1499950835      2007   169287    1.13011
1499950836      796   170083    1.13543
1499950837      1366   171449    1.14455
1499950838      1525   173397    1.15755
1499950839      1057   174454    1.16461
1499950840      1999   176453    1.17795
1499950841      1112   177565    1.18537
1499950842      1463   179028    1.19514
1499950843      1214   180538    1.20522
1499950844      2006   182544    1.21861
1499950846      860   183601    1.22567
1499950847      2007   185608    1.23907
1499950848      1433   187041    1.24863
1499950849      1249   188290    1.25697
1499950850      1439   189729    1.26658
1499950851      1999   191728    1.27992
1499950852      761   192781    1.28695
1499950853      2007   194788    1.30035
1499950854      1344   196132    1.30932
1499950855      1235   197367    1.31757
1499950856      1298   198898    1.32779
1499950857      2006   200904    1.34118
1499950858      815   201961    1.34824
1499950859      2006   203967    1.36163
1499950860      913   204880    1.36772
1499950861      1224   206104    1.37589
1499950863      1524   208078    1.38907
1499950864      2006   210084    1.40246
1499950865      1006   211090    1.40918
1499950866      1136   212226    1.41676
1499950867      1102   213328    1.42412
1499950868      1457   215219    1.43674
1499950869      2006   217225    1.45013
1499950870      879   218104    1.456
1499950871      1053   219297    1.46397
1499950872      1438   220735    1.47357
1499950873      1290   222360    1.48441
1499950874      2006   224366    1.4978
1499950875      1356   225722    1.50686
1499950876      1266   226988    1.51531
1499950878      802   228477    1.52525
1499950879      1128   229605    1.53278
1499950881      1521   231540    1.5457
1499950882      2007   233547    1.55909
1499950883      868   234415    1.56489
1499950884      1167   235618    1.57292
1499950885      2006   237624    1.58631
1499950886      593   238681    1.59337
1499950887      2006   240687    1.60676
1499950888      1116   241803    1.61421
1499950889      1089   242892    1.62148
1499950891      1222   244798    1.6342
1499950892      2006   246804    1.64759
1499950893      806   247861    1.65465
1499950894      2006   249867    1.66804
1499950895      1075   250942    1.67522
1499950897      748   251939    1.68187
1499950898      2007   253946    1.69527
1499950899      1451   255397    1.70496
1499950900      1161   256558    1.71271
1499950901      920   257478    1.71885
1499950902      1431   259080    1.72955
1499950903      2007   261087    1.74294
1499950904      1271   262358    1.75143
1499950905      905   263263    1.75747
1499950906      1372   265197    1.77038
1499950907      1035   266232    1.77729
1499950908      2000   268232    1.79064
1499950909      1278   269510    1.79917
1499950910      1146   270656    1.80682
1499950911      1391   272338    1.81805
1499950912      2006   274344    1.83144
1499950913      980   275324    1.83799
1499950914      1110   276434    1.8454
1499950915      1061   277495    1.85248
1499950917      1524   279479    1.86572
1499950918      2006   281485    1.87912
1499950919      1444   282929    1.88875
1499950920      1147   284076    1.89641
1499950921      989   285065    1.90301
1499950922      1303   286620    1.91339
1499950923      2007   288627    1.92679
1499950924      1441   290068    1.93641
1499950925      868   290936    1.94221
1499950926      1481   292737    1.95423
1499950927      1077   293814    1.96142
1499950928      1390   295800    1.97468
1499950929      2007   297807    1.98808
1499950930      1159   298966    1.99581
1499950932      741   299878    2.0019
1499950933      2006   301884    2.01529
1499950934      927   302941    2.02235
1499950935      2007   304948    2.03575
1499950936      869   305817    2.04155
1499950937      1398   307215    2.05088
1499950939      1087   309058    2.06318
1499950940      2006   311064    2.07658
1499950941      722   312121    2.08363
1499950942      2006   314127    2.09702
1499950943      1450   315577    2.1067
1499950944      1422   316999    2.1162
1499950945      1393   318392    2.1255
1499950946      1407   320277    2.13808
1499950947      1014   321301    2.14492
1499950948      2007   323308    2.15831
1499950949      1357   324665    2.16737
1499950950      1451   326116    2.17706
1499950952      895   327418    2.18575
1499950953      2006   329424    2.19914
1499950954      913   330481    2.2062
1499950955      2006   332487    2.21959
1499950956      527   333014    2.22311
1499950957      1411   334559    2.23342
1499950958      2006   336565    2.24681
1499950959      1399   337964    2.25615
1499950960      1261   339225    2.26457
1499950961      861   340086    2.27032
1499950962      1267   341700    2.28109
1499950963      2006   343706    2.29449
1499950964      1398   345104    2.30382
1499950965      1076   346180    2.311
1499950966      1369   347817    2.32193
1499950967      1166   348983    2.32971
1499950969      1550   350880    2.34238
1499950970      2006   352886    2.35577
1499950971      1426   354312    2.36529
1499950972      1202   355514    2.37331
1499950973      1444   356997    2.38321
1499950974      973   358021    2.39005
1499950975      2006   360027    2.40344
1499950976      1341   361368    2.41239
1499950977      1051   362419    2.41941
1499950978      1369   364138    2.43088
1499950979      2006   366144    2.44427
1499950981      673   367201    2.45133
1499950982      2006   369207    2.46472
1499950983      1312   370519    2.47348
1499950984      906   371425    2.47953
1499950985      1508   373318    2.49217
1499950986      2006   375324    2.50556
1499950987      960   376284    2.51197
1499950988      1080   377364    2.51918
1499950989      1124   378488    2.52668
1499950990      1554   380459    2.53984
1499950991      2006   382465    2.55323
1499950992      1349   383814    2.56223
1499950993      1001   384815    2.56892
1499950994      1223   386038    2.57708
1499950996      1137   387600    2.58751
1499950997      2006   389606    2.6009
1499950998      1443   391049    2.61053
1499950999      1206   392255    2.61858
1499951000      1268   393717    2.62834
1499951001      878   394741    2.63518
1499951002      2006   396747    2.64857
1499951003      865   397612    2.65435
1499951004      833   398819    2.6624
1499951005      2006   400825    2.6758
1499951006      1058   401883    2.68286
1499951007      1154   403037    2.69056
1499951008      721   403921    2.69646
1499951009      2007   405928    2.70986
1499951010      834   406762    2.71543
1499951011      1366   408128    2.72455
1499951013      1340   410038    2.7373
1499951014      2007   412045    2.7507
1499951015      841   413101    2.75775
1499951016      2006   415107    2.77114
1499951017      1132   416239    2.7787
1499951018      1407   417646    2.78809
1499951019      1236   419218    2.79858
1499951020      2006   421224    2.81197
1499951022      775   422281    2.81903
1499951023      2006   424287    2.83242
1499951024      1307   425594    2.84115
1499951025      665   426359    2.84625
1499951026      2006   428365    2.85964
1499951027      1428   429793    2.86918
1499951028      1340   431133    2.87812
1499951029      1198   432331    2.88612
1499951030      1152   433500    2.89392
1499951031      2006   435506    2.90732
1499951032      1430   436936    2.91686
1499951033      1100   438036    2.92421
1499951034      1082   439617    2.93476
1499951035      1574   441191    2.94527
1499951037      1222   442680    2.95521
1499951038      2006   444686    2.9686
1499951039      1371   446057    2.97775
1499951040      948   447005    2.98408
1499951041      1298   448797    2.99604
1499951042      972   449821    3.00288
1499951043      2006   451827    3.01627
1499951044      1018   452845    3.02307
1499951045      1053   453899    3.0301
1499951046      2006   455905    3.04349
1499951047      1198   457103    3.05149
1499951048      1375   458478    3.06067
1499951049      1291   459769    3.06929
1499951050      1098   461040    3.07777
1499951051      2005   463045    3.09116
1499951052      578   463623    3.09502
1499951053      1285   465118    3.105
1499951054      2006   467124    3.11839
1499951055      845   467969    3.12403
1499951056      861   468830    3.12978
1499951058      1070   470220    3.13906
1499951059      2007   472227    3.15246
1499951060      1098   473325    3.15979
1499951061      1155   474480    3.1675
1499951062      1439   476337    3.17989
1499951063      1145   477482    3.18754
1499951064      1384   479400    3.20034
1499951065      2006   481406    3.21373
1499951066      1465   482871    3.22351
1499951067      1448   484319    3.23318
1499951068      1190   485517    3.24118
1499951069      1313   486830    3.24994
1499951071      1528   488580    3.26162
1499951072      2006   490586    3.27501
1499951073      1422   492008    3.28451
1499951074      1354   493362    3.29355
1499951075      1155   494697    3.30246
1499951076      1071   495768    3.30961
1499951077      1345   497760    3.32291
1499951078      2006   499766    3.3363
