1486377831      998   998    0.0104694
1486377832      993   1991    0.0208864
1486377833      1000   2991    0.0313768
1486377834      954   3989    0.0418463
1486377835      812   4801    0.0503645
1486377836      778   5579    0.058526
1486377837      582   6161    0.0646315
1486377838      802   6963    0.0730448
1486377839      758   7721    0.0809965
1486377840      557   8278    0.0868397
1486377841      719   8997    0.0943823
1486377842      554   9582    0.100519
1486377843      767   10349    0.108565
1486377844      761   11110    0.116549
1486377845      596   11722    0.122969
1486377846      679   12500    0.13113
1486377847      791   13291    0.139428
1486377848      807   14098    0.147894
1486377849      571   14669    0.153884
1486377850      809   15478    0.162371
1486377851      633   16111    0.169011
1486377852      734   16845    0.176711
1486377853      643   17558    0.184191
1486377854      795   18353    0.192531
1486377855      802   19155    0.200944
1486377856      584   19739    0.20707
1486377858      655   20476    0.214802
1486377859      795   21271    0.223142
1486377860      803   22074    0.231565
1486377861      572   22646    0.237566
1486377862      802   23448    0.245979
1486377863      606   24054    0.252337
1486377864      789   24843    0.260613
1486377865      200   25043    0.262712
1486377866      801   25844    0.271114
1486377867      634   26604    0.279087
1486377868      795   27399    0.287427
1486377869      635   28034    0.294088
1486377870      803   28837    0.302512
1486377871      625   29522    0.309698
1486377872      797   30319    0.318059
1486377873      805   31124    0.326504
1486377874      588   31712    0.332672
1486377875      648   32440    0.340309
1486377876      814   33254    0.348848
1486377877      645   34045    0.357146
1486377878      819   34864    0.365738
1486377879      644   35650    0.373983
1486377881      667   36428    0.382145
1486377882      813   37241    0.390674
1486377883      670   38033    0.398982
1486377884      810   38843    0.407479
1486377885      791   39634    0.415777
1486377886      616   40250    0.422239
1486377887      640   40951    0.429593
1486377888      748   41699    0.43744
1486377889      802   42501    0.445853
1486377890      557   43091    0.452043
1486377891      744   43835    0.459847
1486377892      520   44404    0.465816
1486377893      799   45203    0.474198
1486377894      648   45851    0.480996
1486377895      512   46544    0.488266
1486377896      757   47301    0.496207
1486377897      584   47885    0.502334
1486377898      649   48534    0.509142
1486377899      790   49324    0.517429
1486377900      664   49988    0.524395
1486377901      536   50532    0.530102
1486377902      805   51337    0.538547
1486377903      500   51845    0.543876
1486377904      753   52598    0.551775
1486377905      746   53344    0.559601
1486377907      591   53985    0.566325
1486377908      806   54791    0.57478
1486377909      756   55547    0.582711
1486377910      349   55896    0.586372
1486377911      787   56683    0.594628
1486377912      752   57435    0.602517
1486377913      516   57973    0.608161
1486377914      784   58757    0.616385
1486377915      761   59518    0.624369
1486377916      328   59846    0.62781
1486377917      787   60633    0.636065
1486377918      754   61387    0.643975
1486377919      504   61961    0.649997
1486377920      735   62696    0.657707
1486377921      757   63453    0.665648
1486377922      545   63998    0.671366
1486377923      761   64759    0.679349
1486377924      597   65414    0.68622
1486377925      814   66228    0.694759
1486377926      728   66956    0.702396
1486377927      544   67554    0.70867
1486377928      613   68332    0.716831
1486377929      817   69149    0.725402
1486377930      717   69866    0.732924
1486377931      590   70472    0.739281
1486377932      789   71261    0.747558
1486377933      573   71834    0.753569
1486377934      775   72609    0.761699
1486377935      635   73390    0.769892
1486377936      811   74201    0.778399
1486377937      792   74993    0.786708
1486377938      544   75537    0.792415
1486377939      764   76301    0.800429
1486377940      596   76897    0.806682
1486377941      793   77690    0.815001
1486377943      620   78448    0.822952
1486377944      812   79260    0.83147
1486377945      552   79812    0.837261
1486377946      809   80621    0.845748
1486377947      605   81366    0.853563
1486377948      743   82109    0.861358
1486377949      704   82813    0.868743
1486377950      619   83506    0.876013
1486377951      669   84284    0.884174
1486377952      808   85092    0.892651
1486377953      634   85726    0.899302
1486377954      552   86424    0.906624
1486377955      813   87237    0.915153
1486377957      421   87737    0.920398
1486377958      360   88272    0.92601
1486377959      772   89044    0.934109
1486377960      775   89819    0.942239
1486377961      573   90412    0.94846
1486377962      809   91221    0.956946
1486377963      572   91793    0.962947
1486377964      648   92441    0.969745
1486377965      792   93233    0.978053
1486377966      539   93865    0.984683
1486377967      700   94565    0.992026
1486377968      788   95353    1.00029
1486377969      332   95713    1.00407
1486377970      692   96405    1.01133
1486377971      812   97217    1.01985
1486377973      561   97853    1.02652
1486377974      773   98626    1.03463
1486377975      787   99413    1.04288
1486377976      590   100003    1.04907
1486377977      652   100655    1.05591
1486377978      590   101306    1.06274
1486377979      815   102121    1.07129
1486377980      752   102873    1.07918
1486377981      488   103446    1.08519
1486377982      617   104224    1.09335
1486377983      811   105035    1.10186
1486377984      665   105700    1.10884
1486377985      616   106364    1.1158
1486377986      771   107135    1.12389
1486377987      435   107677    1.12958
1486377988      719   108396    1.13712
1486377989      495   108891    1.14231
1486377990      792   109683    1.15062
1486377991      632   110352    1.15764
1486377992      786   111138    1.16588
1486377993      601   111739    1.17219
1486377994      804   112543    1.18062
1486377996      646   113270    1.18825
1486377997      814   114084    1.19679
1486377998      769   114853    1.20486
1486377999      614   115467    1.2113
1486378000      657   116188    1.21886
1486378001      799   116987    1.22724
1486378002      804   117791    1.23568
1486378003      572   118363    1.24168
1486378004      806   119169    1.25013
1486378005      620   119789    1.25664
1486378006      765   120554    1.26466
1486378007      615   121246    1.27192
1486378008      710   121956    1.27937
1486378009      799   122755    1.28775
1486378010      602   123386    1.29437
1486378011      649   124164    1.30253
1486378012      811   124975    1.31104
1486378013      619   125769    1.31937
1486378014      809   126578    1.32786
1486378016      657   127374    1.33621
1486378017      663   128152    1.34437
1486378018      814   128966    1.35291
1486378019      789   129755    1.36118
1486378020      342   130292    1.36682
1486378021      816   131108    1.37538
1486378022      567   131675    1.38133
1486378023      807   132482    1.38979
1486378024      644   133210    1.39743
1486378025      795   134005    1.40577
1486378026      808   134813    1.41424
1486378027      549   135362    1.42
1486378029      619   136128    1.42804
1486378030      750   136878    1.43591
1486378031      801   137679    1.44431
1486378032      546   138268    1.45049
1486378033      799   139067    1.45887
1486378034      598   139665    1.46514
1486378035      752   140417    1.47303
1486378036      752   141169    1.48092
1486378037      543   141721    1.48671
1486378038      718   142439    1.49424
1486378039      807   143246    1.50271
1486378040      360   143606    1.50649
1486378041      795   144401    1.51483
1486378042      682   145083    1.52198
1486378043      575   145709    1.52855
1486378044      811   146520    1.53706
1486378045      752   147272    1.54494
1486378046      351   147623    1.54863
1486378047      725   148348    1.55623
1486378048      699   149047    1.56357
1486378049      574   149697    1.57038
1486378050      813   150510    1.57891
1486378051      338   150848    1.58246
1486378052      658   151506    1.58936
1486378053      522   152080    1.59538
1486378054      789   152869    1.60366
1486378055      808   153677    1.61214
1486378056      538   154220    1.61783
1486378057      812   155032    1.62635
1486378058      581   155613    1.63245
1486378059      641   156254    1.63917
1486378060      799   157053    1.64755
1486378061      523   157673    1.65406
1486378062      663   158336    1.66101
1486378063      801   159137    1.66941
1486378064      460   159597    1.67424
1486378065      653   160250    1.68109
1486378066      778   161028    1.68925
1486378067      533   161661    1.69589
1486378068      658   162319    1.70279
1486378069      805   163124    1.71124
1486378071      345   163509    1.71528
1486378072      808   164317    1.72375
1486378073      762   165079    1.73175
1486378074      559   165649    1.73773
1486378075      815   166464    1.74628
1486378076      654   167254    1.75456
1486378077      661   168032    1.76273
1486378078      809   168841    1.77121
1486378079      665   169637    1.77956
1486378080      804   170441    1.788
1486378081      667   171242    1.7964
1486378082      641   171883    1.80312
1486378083      616   172555    1.81017
1486378084      808   173363    1.81865
1486378086      664   174160    1.82701
1486378087      784   174944    1.83524
1486378088      591   175535    1.84144
1486378089      788   176323    1.8497
1486378090      646   177078    1.85762
1486378091      808   177886    1.8661
1486378092      669   178683    1.87446
1486378093      677   179461    1.88262
1486378094      815   180276    1.89117
1486378095      645   181066    1.89946
1486378096      809   181875    1.90794
1486378097      787   182662    1.9162
1486378098      607   183269    1.92257
1486378099      646   183984    1.93007
1486378100      798   184782    1.93844
1486378102      673   185589    1.94691
1486378103      694   186283    1.95419
1486378104      798   187081    1.96256
1486378105      618   187699    1.96904
1486378106      807   188506    1.97751
1486378107      523   189042    1.98313
1486378108      760   189802    1.9911
1486378109      756   190558    1.99903
1486378110      592   191182    2.00558
1486378111      607   191789    2.01195
1486378112      566   192495    2.01935
1486378113      802   193297    2.02777
1486378114      727   194024    2.03539
1486378115      570   194635    2.0418
1486378116      580   195413    2.04996
1486378117      799   196212    2.05835
1486378118      646   196858    2.06512
1486378120      555   197553    2.07241
1486378121      807   198360    2.08088
1486378122      650   199010    2.0877
1486378123      480   199490    2.09273
1486378124      803   200293    2.10116
1486378125      585   201006    2.10864
1486378126      791   201797    2.11693
1486378127      684   202481    2.12411
1486378128      602   203146    2.13109
1486378129      546   203692    2.13681
1486378130      731   204423    2.14448
1486378131      537   204994    2.15047
1486378132      781   205775    2.15867
1486378133      704   206479    2.16605
1486378134      599   207134    2.17292
1486378135      564   207698    2.17884
1486378136      606   208447    2.1867
1486378137      798   209245    2.19507
1486378138      765   210010    2.20309
1486378139      556   210587    2.20915
1486378141      559   211365    2.21731
1486378142      662   212027    2.22425
1486378143      807   212834    2.23272
1486378144      558   213505    2.23976
1486378145      774   214279    2.24788
1486378146      809   215088    2.25636
1486378147      601   215689    2.26267
1486378148      627   216423    2.27037
1486378149      798   217221    2.27874
1486378150      801   218022    2.28714
1486378151      585   218607    2.29328
1486378152      653   219341    2.30098
1486378153      811   220152    2.30949
1486378154      774   220926    2.31761
1486378155      518   221481    2.32343
1486378156      790   222271    2.33172
1486378157      811   223082    2.34022
1486378158      627   223709    2.3468
1486378159      636   224399    2.35404
1486378160      811   225210    2.36255
1486378161      791   226001    2.37084
1486378162      605   226606    2.37719
1486378164      615   227317    2.38465
1486378165      778   228095    2.39281
1486378166      803   228898    2.40124
1486378167      605   229503    2.40758
1486378168      804   230307    2.41602
1486378169      652   231062    2.42394
1486378170      652   231840    2.4321
1486378171      811   232651    2.44061
1486378172      662   233445    2.44894
1486378173      808   234253    2.45741
1486378174      791   235044    2.46571
1486378175      614   235658    2.47215
1486378176      631   236363    2.47955
1486378177      791   237154    2.48784
1486378178      805   237959    2.49629
1486378179      591   238550    2.50249
1486378180      659   239281    2.51016
1486378181      816   240097    2.51872
1486378183      654   240886    2.52699
1486378184      804   241690    2.53543
1486378185      616   242491    2.54383
1486378186      670   243269    2.55199
1486378187      811   244080    2.5605
1486378188      654   244874    2.56883
1486378189      806   245680    2.57729
1486378190      662   246479    2.58567
1486378192      659   247257    2.59383
1486378193      807   248064    2.60229
1486378194      738   248802    2.61004
1486378195      565   249397    2.61628
