1499954668      1996   1996    0.00951767
1499954669      1994   3990    0.0190258
1499954670      1999   5989    0.0285578
1499954671      1999   7988    0.0380898
1499954672      1999   9987    0.0476217
1499954673      1819   11806    0.0562954
1499954674      1494   13480    0.0642776
1499954675      2006   15486    0.073843
1499954676      1565   17051    0.0813055
1499954677      1568   18619    0.0887823
1499954678      1536   20155    0.0961065
1499954679      1607   21972    0.104771
1499954680      1537   23509    0.1121
1499954681      1535   25044    0.119419
1499954682      1611   26959    0.128551
1499954683      2006   28965    0.138116
1499954684      1561   30526    0.145559
1499954685      1506   32032    0.15274
1499954686      1561   33593    0.160184
1499954687      1390   34983    0.166812
1499954688      1548   36531    0.174193
1499954689      1556   38315    0.1827
1499954690      2006   40321    0.192266
1499954691      1549   41870    0.199652
1499954692      1554   43424    0.207062
1499954693      1565   44989    0.214524
1499954694      1276   46265    0.220609
1499954695      1559   47824    0.228043
1499954697      1613   49671    0.23685
1499954698      2006   51677    0.246415
1499954699      1565   53242    0.253878
1499954700      1556   54798    0.261297
1499954701      1030   56040    0.26722
1499954702      1610   57650    0.274897
1499954703      1518   59168    0.282135
1499954704      1601   61027    0.290999
1499954705      2006   63033    0.300565
1499954706      1566   64599    0.308032
1499954707      1561   66160    0.315475
1499954708      1544   67705    0.322843
1499954709      1337   69042    0.329218
1499954710      1552   70594    0.336618
1499954711      1602   72383    0.345149
1499954712      2006   74389    0.354714
1499954713      1568   75957    0.362191
1499954714      1557   77514    0.369616
1499954715      1548   79062    0.376997
1499954716      1496   80558    0.38413
1499954717      1560   82118    0.391569
1499954718      1558   83739    0.399299
1499954719      2006   85745    0.408864
1499954720      1446   87191    0.415759
1499954721      1545   88736    0.423126
1499954722      1445   90181    0.430017
1499954723      958   91139    0.434585
1499954724      1582   92972    0.443325
1499954725      2006   94978    0.45289
1499954726      1560   96538    0.460329
1499954727      1557   98095    0.467753
1499954728      1551   99646    0.475149
1499954729      1607   101464    0.483818
1499954730      1205   102669    0.489564
1499954731      1581   104328    0.497475
1499954732      2006   106334    0.50704
1499954733      938   107272    0.511513
1499954734      1561   108833    0.518956
1499954736      1614   110697    0.527844
1499954737      2006   112703    0.53741
1499954738      941   113644    0.541897
1499954739      1999   115643    0.551429
1499954740      1563   117206    0.558882
1499954741      1463   118669    0.565858
1499954742      1559   120228    0.573292
1499954743      1604   122053    0.581994
1499954744      2006   124059    0.591559
1499954745      1111   125170    0.596857
1499954746      1612   127040    0.605774
1499954747      2006   129046    0.615339
1499954748      1538   130584    0.622673
1499954749      1541   132125    0.630021
1499954750      1523   133648    0.637283
1499954751      1318   135532    0.646267
1499954752      1711   137243    0.654426
1499954753      1400   138643    0.661101
1499954754      1572   140519    0.670047
1499954755      2006   142525    0.679612
1499954756      1524   144049    0.686879
1499954757      1495   145544    0.694008
1499954758      1546   147090    0.70138
1499954759      1030   148120    0.706291
1499954760      1561   149752    0.714073
1499954761      2006   151758    0.723639
1499954762      1554   153312    0.731049
1499954763      1505   154817    0.738225
1499954764      1540   156357    0.745568
1499954766      1619   158244    0.754566
1499954767      1180   159424    0.760193
1499954768      1519   161108    0.768223
1499954769      2006   163114    0.777788
1499954770      1548   164662    0.78517
1499954771      1142   165804    0.790615
1499954772      1577   167477    0.798593
1499954773      2006   169483    0.808158
1499954774      982   170465    0.81284
1499954775      1594   172464    0.822372
1499954776      2007   174471    0.831943
1499954777      1532   176003    0.839248
1499954778      1550   177553    0.846639
1499954779      1396   178949    0.853295
1499954780      1999   180948    0.862827
1499954781      1091   182039    0.86803
1499954782      1521   183820    0.876522
1499954783      2006   185826    0.886087
1499954784      1560   187386    0.893526
1499954785      1554   188940    0.900936
1499954786      1491   190431    0.908046
1499954787      1623   192312    0.917015
1499954788      1182   193494    0.922651
1499954789      1582   195176    0.930672
1499954790      2006   197182    0.940237
1499954791      1553   198735    0.947642
1499954792      1537   200272    0.954971
1499954793      1551   201823    0.962367
1499954795      1610   203668    0.971165
1499954796      1066   204734    0.976248
1499954797      1497   206532    0.984821
1499954798      2006   208538    0.994387
1499954799      1551   210089    1.00178
1499954800      1530   211619    1.00908
1499954801      1560   213179    1.01652
1499954802      1610   215024    1.02531
1499954803      1170   216194    1.03089
1499954804      1567   217888    1.03897
1499954805      2006   219894    1.04854
1499954806      1548   221442    1.05592
1499954807      1568   223010    1.06339
1499954808      1124   224257    1.06934
1499954809      2006   226263    1.07891
1499954810      1079   227342    1.08405
1499954811      1622   229244    1.09312
1499954812      2006   231250    1.10269
1499954813      1554   232804    1.1101
1499954814      1561   234365    1.11754
1499954815      1544   235909    1.1249
1499954816      1601   237736    1.13361
1499954817      1049   238785    1.13862
1499954819      1585   240600    1.14727
1499954820      2007   242607    1.15684
1499954821      1536   244143    1.16416
1499954822      1489   245632    1.17126
1499954823      1526   247158    1.17854
1499954824      1509   249092    1.18776
1499954825      1632   250724    1.19555
1499954826      1461   252185    1.20251
1499954827      1629   254079    1.21154
1499954828      2006   256085    1.22111
1499954829      1585   257670    1.22867
1499954830      1515   259185    1.23589
1499954831      1559   260744    1.24332
1499954832      1289   262033    1.24947
1499954833      1584   263617    1.25702
1499954834      1624   265435    1.26569
1499954835      2006   267441    1.27526
1499954836      1521   268962    1.28251
1499954837      1582   270544    1.29005
1499954838      1590   272134    1.29764
1499954839      1605   273739    1.30529
1499954840      1585   275324    1.31285
1499954841      1587   276911    1.32041
1499954842      1999   278910    1.32995
1499954843      1589   280499    1.33752
1499954844      1583   282082    1.34507
1499954845      1509   283591    1.35227
1499954846      1282   284873    1.35838
1499954847      1582   286455    1.36592
1499954848      1566   288147    1.37399
1499954849      2006   290153    1.38356
1499954850      1587   291740    1.39112
1499954851      1518   293258    1.39836
1499954852      1584   294842    1.40592
1499954853      1341   296183    1.41231
1499954854      1580   297763    1.41984
1499954855      1610   299503    1.42814
1499954856      2006   301509    1.43771
1499954857      1514   303023    1.44493
1499954858      1505   304528    1.4521
1499954859      1583   306111    1.45965
1499954860      1300   307411    1.46585
1499954861      1528   308939    1.47314
1499954863      1547   310859    1.48229
1499954864      2006   312865    1.49186
1499954865      1518   314383    1.49909
1499954866      1448   315831    1.506
1499954867      1506   317337    1.51318
1499954868      1257   318594    1.51917
1499954869      1474   320092    1.52632
1499954870      2006   322098    1.53588
1499954871      1583   323681    1.54343
1499954872      1571   325252    1.55092
1499954873      1577   326829    1.55844
1499954874      1611   328584    1.56681
1499954875      1288   329872    1.57295
1499954876      1578   331450    1.58048
1499954877      2005   333455    1.59004
1499954878      1518   334973    1.59728
1499954879      1523   336496    1.60454
1499954880      1576   338072    1.61205
1499954881      1587   339940    1.62096
1499954882      1337   341277    1.62734
1499954883      1583   342860    1.63488
1499954884      1999   344859    1.64442
1499954885      1584   346443    1.65197
1499954886      1576   348019    1.65948
1499954887      1582   349601    1.66703
1499954888      1598   351296    1.67511
1499954889      1336   352632    1.68148
1499954890      1565   354197    1.68894
1499954891      1999   356196    1.69847
1499954892      1476   357672    1.70551
1499954893      1586   359258    1.71308
1499954894      1585   360843    1.72063
1499954895      1617   362652    1.72926
1499954896      1301   363953    1.73546
1499954897      1581   365534    1.743
1499954898      1999   367533    1.75253
1499954899      1581   369114    1.76007
1499954900      1486   370600    1.76716
1499954901      1508   372108    1.77435
1499954902      1596   374008    1.78341
1499954903      1442   375450    1.79029
1499954904      1581   377031    1.79782
1499954905      1643   378995    1.80719
1499954906      2006   381001    1.81675
1499954907      1581   382582    1.82429
1499954908      1499   384081    1.83144
1499954909      1310   385391    1.83769
1499954910      1333   386724    1.84404
1499954911      1516   388240    1.85127
1499954912      2000   390240    1.86081
1499954913      1571   391811    1.8683
1499954914      1436   393247    1.87515
1499954915      1582   394829    1.88269
1499954916      1634   396720    1.89171
1499954917      1337   398057    1.89808
1499954918      1580   399637    1.90562
1499954919      1999   401636    1.91515
1499954920      1581   403217    1.92269
1499954921      1582   404799    1.93023
1499954922      1490   406289    1.93734
1499954924      1616   408076    1.94586
1499954925      1292   409368    1.95202
1499954926      1583   410951    1.95957
1499954927      1999   412950    1.9691
1499954928      1518   414468    1.97634
1499954929      1568   416036    1.98381
1499954930      1440   417476    1.99068
1499954931      1645   419432    2.00001
1499954932      1614   421046    2.0077
1499954933      1579   422625    2.01523
1499954934      1563   424419    2.02379
1499954935      2006   426425    2.03335
1499954936      1580   428005    2.04089
1499954937      1532   429537    2.04819
1499954938      1538   431075    2.05553
1499954939      1285   432360    2.06165
1499954940      1516   433876    2.06888
1499954941      1620   435775    2.07794
1499954942      2006   437781    2.0875
1499954943      1544   439325    2.09486
1499954944      1547   440872    2.10224
1499954945      1431   442303    2.10907
1499954946      1334   443637    2.11543
1499954947      1353   445008    2.12196
1499954948      2006   447014    2.13153
1499954949      1336   448350    2.1379
1499954950      1580   449930    2.14543
1499954951      1577   451507    2.15295
1499954952      1609   453500    2.16246
1499954953      1325   454825    2.16877
1499954954      1587   456412    2.17634
1499954955      1999   458411    2.18587
1499954956      1576   459987    2.19339
1499954957      1580   461567    2.20092
1499954958      1516   463083    2.20815
1499954959      1603   464856    2.21661
1499954960      1376   466232    2.22317
1499954961      1506   467738    2.23035
1499954962      1999   469737    2.23988
1499954963      1581   471318    2.24742
1499954964      1586   472904    2.25498
1499954965      1523   474427    2.26224
1499954967      1608   476212    2.27076
1499954968      1312   477524    2.27701
1499954969      1581   479105    2.28455
1499954970      1999   481104    2.29408
1499954971      1567   482671    2.30155
1499954972      1422   484093    2.30834
1499954973      1541   485634    2.31568
1499954974      1638   487568    2.32491
1499954975      1285   488853    2.33103
1499954976      1525   490432    2.33856
1499954977      2006   492438    2.34813
1499954978      1561   493999    2.35557
1499954979      1510   495509    2.36277
1499954980      1582   497091    2.37031
1499954981      1623   498924    2.37906
