1483253849      1498   1498    0.00285721
1483253850      1499   2997    0.00571632
1483253851      1500   4497    0.00857735
1483253852      1499   5996    0.0114365
1483253853      1499   7495    0.0142956
1483253854      1500   8996    0.0171585
1483253855      1499   10495    0.0200176
1483253856      1500   11995    0.0228786
1483253857      1480   13476    0.0257034
1483253858      1291   14767    0.0281658
1483253859      1348   16115    0.0307369
1483253860      1352   17467    0.0333157
1483253861      1354   18821    0.0358982
1483253862      1175   20003    0.0381527
1483253863      1325   21328    0.0406799
1483253864      1349   22677    0.0432529
1483253865      1337   24014    0.0458031
1483253866      1346   25360    0.0483704
1483253867      1179   26539    0.0506191
1483253868      1211   27750    0.0529289
1483253869      1353   29103    0.0555096
1483253870      1192   30357    0.0579014
1483253871      1332   31689    0.060442
1483253872      1351   33040    0.0630188
1483253873      1320   34360    0.0655365
1483253874      1347   35707    0.0681057
1483253875      1183   36890    0.0703621
1483253876      1332   38222    0.0729027
1483253877      1262   39484    0.0753098
1483253878      1222   40706    0.0776405
1483253879      1000   41783    0.0796947
1483253880      1353   43136    0.0822754
1483253881      1339   44475    0.0848293
1483253882      1302   45777    0.0873127
1483253883      1297   47074    0.0897865
1483253885      992   48215    0.0919628
1483253886      1325   49540    0.0944901
1483253887      1176   50716    0.0967331
1483253888      1304   52020    0.0992203
1483253889      1344   53364    0.101784
1483253890      1063   54427    0.103811
1483253891      1351   55778    0.106388
1483253892      1318   57096    0.108902
1483253893      1352   58448    0.111481
1483253894      1179   59641    0.113756
1483253895      1344   60985    0.11632
1483253896      1343   62328    0.118881
1483253897      1332   63660    0.121422
1483253898      1205   65001    0.12398
1483253899      1359   66360    0.126572
1483253900      1346   67706    0.129139
1483253901      1209   68915    0.131445
1483253902      1189   70104    0.133713
1483253903      1344   71448    0.136276
1483253904      1336   72784    0.138824
1483253905      1343   74127    0.141386
1483253906      1188   75355    0.143728
1483253907      1352   76707    0.146307
1483253908      1347   78054    0.148876
1483253909      1353   79407    0.151457
1483253910      1205   80715    0.153952
1483253911      1219   81934    0.156277
1483253912      1333   83267    0.158819
1483253913      1344   84611    0.161383
1483253914      1191   85802    0.163654
1483253915      1351   87153    0.166231
1483253916      1317   88470    0.168743
1483253917      1352   89822    0.171322
1483253918      1197   91069    0.1737
1483253919      1344   92413    0.176264
1483253920      1343   93756    0.178825
1483253921      1093   94991    0.181181
1483253922      1333   96324    0.183723
1483253923      1354   97678    0.186306
1483253924      1324   99002    0.188831
1483253925      1221   100351    0.191404
1483253926      1343   101694    0.193966
1483253927      1345   103039    0.196531
1483253928      1339   104378    0.199085
1483253929      1200   105711    0.201628
1483253930      1359   107070    0.20422
1483253931      1341   108411    0.206778
1483253932      1211   109622    0.209087
1483253933      1180   110802    0.211338
1483253934      1334   112136    0.213882
1483253935      1356   113492    0.216469
1483253936      1163   114655    0.218687
1483253937      1334   115989    0.221231
1483253938      1108   117137    0.223421
1483253939      1352   118489    0.226
1483253940      1318   119807    0.228514
1483253941      1175   120982    0.230755
1483253942      932   122131    0.232946
1483253943      1359   123490    0.235538
1483253944      1324   124814    0.238064
1483253945      1333   126147    0.240606
1483253946      1325   127472    0.243134
1483253947      1128   128600    0.245285
1483253948      1348   129948    0.247856
1483253949      1345   131293    0.250422
1483253950      1346   132639    0.252989
1483253951      1195   133923    0.255438
1483253952      1351   135274    0.258015
1483253953      1211   136485    0.260324
1483253954      1346   137831    0.262892
1483253955      1193   139024    0.265167
1483253956      1331   140355    0.267706
1483253957      1354   141709    0.270288
1483253958      1328   143037    0.272821
1483253960      1202   144277    0.275187
1483253961      1347   145624    0.277756
1483253962      1350   146974    0.280331
1483253963      1326   148300    0.28286
1483253964      951   149271    0.284712
1483253965      1338   150609    0.287264
1483253966      1353   151962    0.289845
1483253967      1323   153285    0.292368
1483253968      1206   154631    0.294935
1483253969      1361   155992    0.297531
1483253970      1345   157337    0.300097
1483253971      1353   158690    0.302677
1483253972      1211   159991    0.305159
1483253973      1310   161301    0.307657
1483253974      1352   162653    0.310236
1483253975      1209   163862    0.312542
1483253976      1199   165061    0.314829
1483253977      1349   166410    0.317402
1483253978      1347   167757    0.319971
1483253979      1352   169109    0.32255
1483253980      1197   170345    0.324907
1483253981      1362   171707    0.327505
1483253982      1347   173054    0.330074
1483253983      1353   174407    0.332655
1483253984      1209   175705    0.335131
1483253985      1217   176922    0.337452
1483253986      1347   178269    0.340021
1483253987      1353   179622    0.342602
1483253988      1188   180810    0.344868
1483253989      1352   182162    0.347446
1483253990      1354   183516    0.350029
1483253991      1346   184862    0.352596
1483253992      1207   186069    0.354898
1483253993      1343   187412    0.35746
1483253994      1342   188754    0.36002
1483253995      1084   189981    0.36236
1483253996      1353   191334    0.364941
1483253997      1184   192518    0.367199
1483253998      1342   193860    0.369759
1483253999      1336   195196    0.372307
1483254000      1191   196413    0.374628
1483254001      1362   197775    0.377226
1483254002      1178   198953    0.379473
1483254003      1352   200305    0.382051
1483254004      1229   201534    0.384396
1483254005      1185   202719    0.386656
1483254006      1056   203775    0.38867
1483254007      1354   205129    0.391253
1483254008      1350   206479    0.393827
1483254009      1353   207832    0.396408
1483254010      1197   209029    0.398691
1483254011      1343   210372    0.401253
1483254012      1348   211720    0.403824
1483254013      1355   213075    0.406408
1483254014      1150   214271    0.408689
1483254015      1355   215626    0.411274
1483254016      1350   216976    0.413849
1483254017      1209   218185    0.416155
1483254018      1198   219383    0.41844
1483254019      1346   220729    0.421007
1483254020      1350   222079    0.423582
1483254021      1351   223430    0.426159
1483254022      1190   224625    0.428438
1483254023      1349   225974    0.431011
1483254024      1351   227325    0.433588
1483254025      1355   228680    0.436172
1483254026      1210   229985    0.438662
1483254027      1216   231201    0.440981
1483254028      1345   232546    0.443546
1483254029      1351   233897    0.446123
1483254030      1207   235104    0.448425
1483254031      1351   236455    0.451002
1483254032      1343   237798    0.453564
1483254033      1323   239121    0.456087
1483254034      1200   240339    0.45841
1483254035      1360   241699    0.461004
1483254036      1344   243043    0.463568
1483254037      1091   244261    0.465891
1483254038      1360   245621    0.468485
1483254039      1346   246967    0.471052
1483254040      1352   248319    0.473631
1483254041      1202   249621    0.476114
1483254042      1292   250913    0.478579
1483254043      1342   252255    0.481138
1483254044      1335   253590    0.483685
1483254045      1352   254942    0.486263
1483254046      1194   256136    0.488541
1483254047      1351   257487    0.491117
1483254048      1209   258696    0.493423
1483254049      1202   259975    0.495863
1483254050      1352   261327    0.498442
1483254051      1215   262542    0.500759
1483254052      1345   263887    0.503325
1483254053      1252   265139    0.505713
1483254054      1188   266407    0.508131
1483254055      1359   267766    0.510723
1483254056      1327   269093    0.513254
1483254057      1241   270334    0.515621
1483254059      980   271401    0.517656
1483254060      1352   272753    0.520235
1483254061      1182   273935    0.52249
1483254062      1176   275111    0.524733
1483254063      1342   276453    0.527292
1483254064      1343   277796    0.529854
1483254065      1187   278983    0.532118
1483254066      1344   280327    0.534681
1483254067      1351   281678    0.537258
1483254068      1354   283032    0.539841
1483254069      1199   284265    0.542192
1483254070      1218   285483    0.544516
1483254071      1346   286829    0.547083
1483254072      1351   288180    0.54966
1483254073      1202   289382    0.551952
1483254074      1351   290733    0.554529
1483254075      1345   292078    0.557095
1483254076      1352   293430    0.559673
1483254077      1202   294632    0.561966
1483254078      1295   295927    0.564436
1483254079      1355   297282    0.56702
1483254080      1109   298541    0.569422
1483254081      1356   299897    0.572008
1483254082      1355   301252    0.574593
1483254083      1343   302595    0.577154
1483254084      1219   303901    0.579645
1483254085      1354   305255    0.582228
1483254086      1355   306610    0.584812
1483254087      1344   307954    0.587376
1483254088      1214   309261    0.589869
1483254089      1345   310606    0.592434
1483254090      1334   311940    0.594978
1483254091      1003   312943    0.596891
1483254092      1201   314255    0.599394
1483254093      1358   315613    0.601984
1483254094      1345   316958    0.604549
1483254095      1346   318304    0.607117
1483254096      1212   319615    0.609617
1483254097      1357   320972    0.612206
1483254098      1353   322325    0.614786
1483254099      1344   323669    0.61735
1483254100      1209   324975    0.619841
1483254101      1217   326192    0.622162
1483254102      1352   327544    0.624741
1483254103      1323   328867    0.627264
1483254104      1169   330036    0.629494
1483254105      1348   331384    0.632065
1483254106      1323   332707    0.634588
1483254107      1352   334059    0.637167
1483254108      1196   335329    0.639589
1483254109      1329   336658    0.642124
1483254110      1353   338011    0.644705
1483254111      1087   339251    0.64707
1483254112      1349   340600    0.649643
1483254113      1173   341773    0.65188
1483254114      1167   342940    0.654106
1483254115      1253   344193    0.656496
1483254116      1202   345395    0.658789
1483254117      1149   346544    0.66098
1483254118      1275   347819    0.663412
1483254119      1169   348988    0.665642
1483254120      1321   350309    0.668161
1483254121      1187   351496    0.670425
1483254122      1205   352701    0.672724
1483254123      1080   353893    0.674997
1483254124      1364   355257    0.677599
1483254125      1322   356579    0.68012
1483254126      1352   357931    0.682699
1483254127      1216   359253    0.685221
1483254128      1362   360615    0.687819
1483254129      1346   361961    0.690386
1483254130      1352   363313    0.692965
1483254132      1197   364613    0.695444
1483254133      1351   365964    0.698021
1483254134      1050   367014    0.700024
1483254135      1352   368366    0.702602
1483254136      1189   369607    0.704969
1483254137      1353   370960    0.70755
1483254138      1331   372291    0.710089
1483254139      1352   373643    0.712667
1483254140      1203   374967    0.715193
1483254141      1354   376321    0.717775
1483254142      1350   377671    0.72035
1483254143      1325   378996    0.722878
1483254144      892   379961    0.724718
1483254145      1360   381321    0.727312
1483254146      1345   382666    0.729877
1483254147      1353   384019    0.732458
1483254148      1208   385321    0.734941
1483254149      1355   386676    0.737526
1483254150      1338   388014    0.740078
1483254151      1342   389356    0.742638
1483254152      1187   390681    0.745165
1483254153      1356   392037    0.747751
1483254154      1341   393378    0.750309
1483254155      1209   394587    0.752615
1483254156      1196   395783    0.754896
1483254157      1354   397137    0.757479
1483254158      1322   398459    0.76
1483254159      1354   399813    0.762583
1483254160      1184   401035    0.764914
1483254161      1332   402367    0.767454
1483254162      1352   403719    0.770033
1483254163      1315   405034    0.772541
1483254164      1353   406387    0.775122
1483254165      1037   407424    0.7771
1483254166      1356   408780    0.779686
1483254167      1348   410128    0.782257
1483254168      1183   411389    0.784662
1483254169      1359   412748    0.787254
1483254170      1318   414066    0.789768
1483254171      1349   415415    0.792341
1483254172      1223   416638    0.794674
1483254173      1104   417821    0.79693
1483254174      1235   419056    0.799286
1483254175      1349   420405    0.801859
1483254176      1192   421597    0.804132
1483254177      1090   422815    0.806456
1483254178      1179   423994    0.808704
1483254179      1185   425179    0.810965
1483254180      1298   426477    0.81344
1483254181      1186   427663    0.815702
1483254182      1186   428849    0.817965
1483254183      1350   430199    0.820539
1483254184      1176   431391    0.822813
1483254185      1357   432748    0.825401
1483254186      1354   434102    0.827984
1483254187      1046   435148    0.829979
1483254188      1203   436385    0.832338
1483254189      1353   437738    0.834919
1483254190      1344   439082    0.837482
1483254191      1339   440421    0.840036
1483254192      1205   441745    0.842562
1483254193      1350   443095    0.845137
1483254194      1333   444428    0.847679
1483254195      1343   445771    0.850241
1483254196      1324   447095    0.852766
1483254197      855   447950    0.854397
1483254198      1348   449298    0.856968
1483254199      1352   450650    0.859547
1483254200      1318   451968    0.862061
1483254201      1185   453171    0.864355
1483254202      1352   454523    0.866934
1483254203      1326   455849    0.869463
1483254204      1333   457182    0.872005
1483254205      1345   458527    0.874571
1483254206      1177   459704    0.876816
1483254207      1349   461053    0.879389
1483254208      1186   462239    0.881651
1483254209      1203   463525    0.884104
1483254210      1355   464880    0.886688
1483254211      1345   466225    0.889254
1483254212      1339   467564    0.891808
1483254214      1213   468885    0.894327
1483254215      1359   470244    0.896919
1483254216      1345   471589    0.899485
1483254217      1354   472943    0.902067
1483254218      1183   474245    0.904551
1483254219      1215   475460    0.906868
1483254220      1348   476808    0.909439
1483254221      1352   478160    0.912018
1483254222      1207   479367    0.91432
1483254223      1349   480716    0.916893
1483254224      1351   482067    0.91947
1483254225      1355   483422    0.922054
1483254226      1201   484623    0.924345
1483254227      1355   485978    0.926929
1483254228      1344   487322    0.929493
1483254229      1093   488521    0.93178
1483254230      1354   489875    0.934362
1483254231      1353   491228    0.936943
1483254232      1338   492566    0.939495
1483254233      1206   493772    0.941795
1483254234      1177   494949    0.94404
1483254235      1038   496025    0.946093
1483254236      1349   497374    0.948666
1483254237      1183   498557    0.950922
1483254238      1327   499884    0.953453
