1486394941      0   0    0
1486394942      0   0    0
1486394943      0   0    0
1486394944      0   0    0
1486394945      55   55    0.000576973
1486394946      62   117    0.00122738
1486394947      62   179    0.00187778
1486394948      62   241    0.00252819
1486394949      62   303    0.0031786
1486394950      64   367    0.00384998
1486394951      60   427    0.00447941
1486394952      61   489    0.00512981
1486394953      48   537    0.00563335
1486394954      59   596    0.00625229
1486394955      63   659    0.00691319
1486394956      65   724    0.00759506
1486394957      65   789    0.00827694
1486394958      15   804    0.0084343
1486394959      0   804    0.0084343
1486394960      0   804    0.0084343
1486394961      0   804    0.0084343
1486394962      0   804    0.0084343
1486394963      0   804    0.0084343
1486394964      0   804    0.0084343
1486394965      0   804    0.0084343
1486394966      0   804    0.0084343
1486394967      0   804    0.0084343
1486394968      0   804    0.0084343
1486394969      0   804    0.0084343
1486394970      27   831    0.00871754
1486394971      0   831    0.00871754
1486394972      0   831    0.00871754
1486394973      0   831    0.00871754
1486394974      0   831    0.00871754
1486394975      0   831    0.00871754
1486394976      0   831    0.00871754
1486394977      0   831    0.00871754
1486394978      0   831    0.00871754
1486394979      0   831    0.00871754
1486394980      0   831    0.00871754
1486394981      0   831    0.00871754
1486394982      0   831    0.00871754
1486394983      0   831    0.00871754
1486394984      0   831    0.00871754
1486394985      17   848    0.00889587
1486394986      0   848    0.00889587
1486394987      0   848    0.00889587
1486394988      0   848    0.00889587
1486394989      15   863    0.00905323
1486394990      15   878    0.00921059
1486394991      0   878    0.00921059
1486394992      0   878    0.00921059
1486394993      0   878    0.00921059
1486394994      0   878    0.00921059
1486394995      7   885    0.00928402
1486394996      0   885    0.00928402
1486394997      0   885    0.00928402
1486394998      0   885    0.00928402
1486394999      0   885    0.00928402
1486395000      0   885    0.00928402
1486395001      0   885    0.00928402
