1499952340      1564   1565    0.0104475
1499952341      1883   3452    0.0230446
1499952342      1266   4795    0.0320101
1499952343      2003   6801    0.0454016
1499952344      2002   8803    0.0587664
1499952345      1828   10631    0.0709696
1499952346      1445   12076    0.080616
1499952347      1454   13530    0.0903225
1499952348      1477   15332    0.102352
1499952349      2006   17338    0.115744
1499952350      767   18429    0.123027
1499952351      2006   20435    0.136418
1499952352      1458   21893    0.146152
1499952353      1460   23353    0.155898
1499952354      1453   24806    0.165598
1499952356      1538   26585    0.177474
1499952357      1074   27659    0.184644
1499952358      1999   29658    0.197989
1499952359      1466   31124    0.207775
1499952360      1467   32591    0.217568
1499952361      1483   34074    0.227468
1499952362      1469   35799    0.238984
1499952363      1351   37150    0.248003
1499952364      1533   38896    0.259659
1499952365      2007   40903    0.273057
1499952366      1459   42362    0.282797
1499952367      1422   43784    0.29229
1499952368      1187   45013    0.300494
1499952369      1014   46071    0.307557
1499952370      2006   48077    0.320949
1499952371      1474   49551    0.330789
1499952372      1029   50580    0.337658
1499952373      1448   52188    0.348392
1499952374      2006   54194    0.361784
1499952375      909   55285    0.369067
1499952376      2006   57291    0.382459
1499952377      1399   58690    0.391798
1499952378      1464   60154    0.401571
1499952379      1485   61639    0.411485
1499952381      1471   63441    0.423514
1499952382      892   64499    0.430577
1499952383      2006   66505    0.443969
1499952384      1477   67982    0.453829
1499952385      1484   69466    0.463736
1499952386      1190   70656    0.47168
1499952387      1582   72655    0.485024
1499952388      1239   73894    0.493296
1499952389      1562   75752    0.505699
1499952390      2006   77758    0.519091
1499952391      1446   79204    0.528744
1499952392      1456   80660    0.538464
1499952393      1464   82124    0.548237
1499952394      1024   83148    0.555073
1499952395      1545   84966    0.567209
1499952396      2006   86972    0.580601
1499952397      1454   88426    0.590307
1499952398      1415   89841    0.599753
1499952399      1297   91138    0.608412
1499952400      1017   92155    0.615201
1499952401      1999   94154    0.628546
1499952402      1471   95625    0.638366
1499952403      1326   96951    0.647218
1499952404      1452   98403    0.656911
1499952406      1564   100297    0.669555
1499952407      990   101355    0.676618
1499952408      2006   103361    0.690009
1499952409      1457   104818    0.699736
1499952410      1474   106292    0.709576
1499952411      1360   107652    0.718655
1499952412      1498   109511    0.731065
1499952413      1175   110686    0.738909
1499952414      1567   112608    0.75174
1499952415      2007   114615    0.765138
1499952416      972   115587    0.771626
1499952417      1461   117048    0.78138
1499952418      1504   118725    0.792575
1499952419      1270   119995    0.801053
1499952420      1520   121822    0.81325
1499952421      2007   123829    0.826648
1499952422      1464   125293    0.836421
1499952423      1459   126752    0.846161
1499952424      1335   128087    0.855073
1499952425      1372   129459    0.864232
1499952426      1404   131036    0.87476
1499952427      2006   133042    0.888151
1499952428      1453   134495    0.897851
1499952429      1401   135896    0.907204
1499952430      1355   137251    0.916249
1499952431      958   138211    0.922658
1499952432      2006   140217    0.936049
1499952433      1468   141685    0.945849
1499952434      1457   143142    0.955576
1499952435      1464   144606    0.965349
1499952437      1535   146367    0.977105
1499952438      1205   147572    0.985149
1499952439      1550   149464    0.99778
1499952440      2007   151471    1.01118
1499952441      711   152182    1.01592
1499952442      1460   153642    1.02567
1499952443      1565   155581    1.03862
1499952444      1169   156750    1.04642
1499952445      1557   158678    1.05929
1499952446      2006   160684    1.07268
1499952447      1453   162137    1.08238
1499952448      1384   163521    1.09162
1499952449      1453   164974    1.10132
1499952450      978   165952    1.10785
1499952452      1525   167892    1.1208
1499952453      2006   169898    1.13419
1499952454      1454   171352    1.1439
1499952455      1369   172721    1.15304
1499952456      1415   174136    1.16248
1499952457      858   175067    1.1687
1499952458      2006   177073    1.18209
1499952459      1429   178502    1.19163
1499952460      1473   179975    1.20146
1499952461      1459   181434    1.2112
1499952462      1471   183223    1.22315
1499952463      1111   184334    1.23056
1499952464      1570   186320    1.24382
1499952465      2006   188326    1.25721
1499952466      1478   189804    1.26708
1499952467      1450   191254    1.27676
1499952468      1465   192719    1.28654
1499952469      1269   193988    1.29501
1499952470      1426   195534    1.30533
1499952471      2006   197540    1.31872
1499952472      1325   198865    1.32757
1499952473      1414   200279    1.33701
1499952474      1428   201707    1.34654
1499952475      1358   203065    1.35561
1499952476      1509   204748    1.36684
1499952477      2007   206755    1.38024
1499952478      1473   208228    1.39007
1499952479      1256   209484    1.39846
1499952481      1020   210865    1.40768
1499952482      1480   212345    1.41756
1499952483      1495   213962    1.42835
1499952484      2007   215969    1.44175
1499952485      1371   217340    1.4509
1499952486      1453   218793    1.4606
1499952487      1462   220255    1.47036
1499952488      876   221137    1.47625
1499952489      2007   223144    1.48965
1499952490      1461   224605    1.4994
1499952491      1372   225977    1.50856
1499952492      1465   227442    1.51834
1499952493      1557   229293    1.5307
1499952494      1193   230486    1.53866
1499952495      1274   232390    1.55137
1499952496      2006   234396    1.56476
1499952497      1460   235856    1.57451
1499952498      1461   237317    1.58426
1499952499      1392   238709    1.59355
1499952500      1037   239746    1.60048
1499952502      1543   241604    1.61288
1499952503      2006   243610    1.62627
1499952504      1474   245084    1.63611
1499952505      1470   246554    1.64593
1499952506      1456   248010    1.65565
1499952507      999   249009    1.66231
1499952508      1531   250818    1.67439
1499952509      2006   252824    1.68778
1499952510      1467   254291    1.69758
1499952511      1467   255758    1.70737
1499952512      1457   257215    1.7171
1499952513      1016   258231    1.72388
1499952514      1527   260032    1.7359
1499952515      2006   262038    1.74929
1499952516      1385   263423    1.75854
1499952517      1387   264810    1.7678
1499952518      1472   266282    1.77762
1499952519      1034   267316    1.78453
1499952520      1559   269246    1.79741
1499952521      2006   271252    1.8108
1499952522      1463   272715    1.82057
1499952523      1202   273917    1.82859
1499952524      1405   275363    1.83825
1499952525      1288   276651    1.84684
1499952526      1514   278460    1.85892
1499952527      2006   280466    1.87231
1499952528      1465   281931    1.88209
1499952529      1465   283396    1.89187
1499952530      1483   284879    1.90177
1499952531      833   285712    1.90733
1499952533      1521   287674    1.92043
1499952534      2006   289680    1.93382
1499952535      1367   291047    1.94295
1499952536      1447   292494    1.95261
1499952537      1449   293943    1.96228
1499952538      1227   295170    1.97047
1499952539      1453   296888    1.98194
1499952540      2007   298895    1.99534
1499952541      1466   300361    2.00513
1499952542      1091   301452    2.01241
1499952543      1470   303005    2.02278
1499952544      1451   304456    2.03246
1499952545      1483   306102    2.04345
1499952546      2006   308108    2.05684
1499952547      1445   309553    2.06649
1499952548      1473   311026    2.07632
1499952549      1240   312266    2.0846
1499952550      1003   313277    2.09135
1499952551      2007   315284    2.10475
1499952552      1389   316673    2.11402
1499952553      1476   318149    2.12387
1499952554      1420   319569    2.13335
1499952555      1515   321433    2.1458
1499952556      1089   322522    2.15307
1499952557      1999   324521    2.16641
1499952558      1409   325930    2.17582
1499952559      1478   327408    2.18568
1499952560      1480   328888    2.19556
1499952562      1455   330647    2.20731
1499952563      971   331705    2.21437
1499952564      2006   333711    2.22776
1499952565      1481   335192    2.23765
1499952566      1482   336674    2.24754
1499952567      1472   338146    2.25737
1499952568      1526   339861    2.26882
1499952569      1207   341068    2.27687
1499952570      1560   342958    2.28949
1499952571      2006   344964    2.30288
1499952572      1410   346374    2.3123
1499952573      1254   347628    2.32067
1499952574      1349   349075    2.33033
1499952575      1487   350562    2.34025
1499952576      1504   352172    2.351
1499952577      2006   354178    2.36439
1499952578      1483   355661    2.37429
1499952579      1403   357064    2.38366
1499952580      1477   358541    2.39352
1499952581      1139   359680    2.40112
1499952582      1422   361386    2.41251
1499952583      2006   363392    2.4259
1499952584      1159   364551    2.43364
1499952585      1465   366016    2.44342
1499952586      1460   367503    2.45335
1499952587      1289   368792    2.46195
1499952589      1415   370600    2.47402
1499952590      2006   372606    2.48741
1499952591      1371   373977    2.49657
1499952592      1474   375451    2.50641
1499952593      1456   376907    2.51613
1499952594      965   377872    2.52257
1499952595      1475   379814    2.53553
1499952596      2006   381820    2.54892
1499952597      1453   383273    2.55862
1499952598      1477   384750    2.56848
1499952599      1447   386197    2.57814
1499952600      1067   387264    2.58527
1499952601      1533   389028    2.59704
1499952602      2006   391034    2.61043
1499952603      1446   392480    2.62009
1499952604      1481   393961    2.62997
1499952605      1381   395342    2.63919
1499952606      1465   396807    2.64897
1499952607      1449   398256    2.65865
1499952608      1999   400255    2.67199
1499952609      1465   401720    2.68177
1499952610      1478   403198    2.69164
1499952611      1472   404670    2.70146
1499952612      1214   405884    2.70957
1499952613      1482   407456    2.72006
1499952614      2006   409462    2.73345
1499952615      1169   410631    2.74126
1499952616      1435   412066    2.75084
1499952617      1439   413573    2.7609
1499952618      1301   414874    2.76958
1499952619      1494   416670    2.78157
1499952620      2007   418677    2.79497
1499952621      1417   420094    2.80443
1499952622      1383   421477    2.81366
1499952623      1468   422945    2.82346
1499952624      807   423845    2.82947
1499952625      1981   425826    2.8427
1499952626      1379   427205    2.8519
1499952627      1475   428680    2.86175
1499952628      1309   429989    2.87049
1499952629      1999   431988    2.88383
1499952631      889   433059    2.89098
1499952632      2007   435066    2.90438
1499952633      1454   436520    2.91409
1499952634      1421   437941    2.92357
1499952635      1466   439407    2.93336
1499952636      1449   441215    2.94543
1499952637      1361   442576    2.95451
1499952638      1503   444312    2.9661
1499952639      2006   446318    2.97949
1499952640      1362   447680    2.98859
1499952641      1481   449161    2.99847
1499952642      1436   450597    3.00806
1499952643      1133   451730    3.01562
1499952644      1543   453526    3.02761
1499952645      2006   455532    3.041
1499952646      1455   456987    3.05072
1499952647      1463   458450    3.06048
1499952648      1440   459890    3.0701
1499952649      1342   461232    3.07906
1499952650      1466   462740    3.08912
1499952651      2006   464746    3.10251
1499952652      1451   466197    3.1122
1499952653      1468   467665    3.122
1499952654      1470   469135    3.13181
1499952655      771   469915    3.13702
1499952656      2006   471921    3.15041
1499952657      1469   473390    3.16022
1499952658      1439   474829    3.16983
1499952659      1464   476293    3.1796
1499952660      1530   478071    3.19147
1499952661      1167   479238    3.19926
1499952663      1554   481168    3.21214
1499952664      2007   483175    3.22554
1499952665      1445   484620    3.23519
1499952666      1463   486083    3.24495
1499952667      1464   487547    3.25473
1499952668      1451   488998    3.26441
1499952669      1371   490382    3.27365
1499952670      2006   492388    3.28704
1499952671      1464   493852    3.29682
1499952672      1471   495323    3.30664
1499952673      1446   496769    3.31629
1499952674      726   497557    3.32155
1499952675      2006   499563    3.33494
