1500020444      65   65    0.000433922
1500020445      65   131    0.000874519
1500020446      68   200    0.00133514
1500020447      68   269    0.00179577
1500020448      69   338    0.00225639
1500020449      70   408    0.00272369
1500020450      72   481    0.00321102
1500020451      70   552    0.003685
1500020452      69   621    0.00414562
1500020453      72   694    0.00463295
1500020454      73   768    0.00512695
1500020455      72   841    0.00561428
1500020456      66   908    0.00606155
1500020457      64   973    0.00649548
1500020458      64   1037    0.00692272
1500020459      66   1104    0.00737
1500020460      61   1166    0.00778389
1500020461      63   1230    0.00821114
1500020462      59   1289    0.008605
1500020463      64   1353    0.00903225
1500020464      62   1415    0.00944614
1500020465      62   1478    0.00986671
1500020466      56   1535    0.0102472
1500020467      63   1599    0.0106745
1500020468      63   1663    0.0111017
1500020469      62   1725    0.0115156
1500020470      62   1787    0.0119295
1500020471      60   1848    0.0123367
1500020472      62   1910    0.0127506
1500020473      63   1973    0.0131712
1500020474      61   2035    0.0135851
1500020475      61   2096    0.0139923
1500020476      65   2162    0.0144329
1500020477      64   2226    0.0148602
1500020478      63   2289    0.0152807
1500020479      58   2347    0.0156679
1500020480      60   2408    0.0160751
1500020481      57   2466    0.0164623
1500020482      63   2529    0.0168829
1500020484      64   2594    0.0173168
1500020485      63   2658    0.0177441
1500020486      61   2719    0.0181513
1500020487      63   2783    0.0185785
1500020488      61   2844    0.0189857
1500020489      63   2907    0.0194063
1500020490      61   2968    0.0198135
1500020491      65   3033    0.0202475
1500020492      58   3091    0.0206347
1500020493      54   3145    0.0209951
1500020494      17   3162    0.0211086
1500020495      21   3183    0.0212488
1500020496      9   3192    0.0213089
1500020497      33   3226    0.0215359
1500020498      59   3286    0.0219364
1500020499      61   3347    0.0223436
1500020500      61   3408    0.0227509
1500020501      60   3468    0.0231514
1500020502      62   3531    0.023572
1500020503      63   3595    0.0239992
