1481123261      1498   1498    0.0014286
1481123262      1500   2998    0.00285912
1481123263      1499   4497    0.00428867
1481123264      1499   5996    0.00571823
1481123265      1500   7496    0.00714874
1481123266      1499   8995    0.0085783
1481123267      1499   10494    0.0100079
1481123268      1500   11994    0.0114384
1481123269      1499   13493    0.0128679
1481123270      1499   14992    0.0142975
1481123271      1500   16492    0.015728
1481123272      1499   17991    0.0171576
1481123273      1499   19490    0.0185871
1481123274      1500   20990    0.0200176
1481123275      1499   22489    0.0214472
1481123276      1499   23988    0.0228767
1481123277      1453   25441    0.0242624
1481123278      1369   26813    0.0255709
1481123279      1506   28319    0.0270071
1481123280      1386   29705    0.0283289
1481123281      1379   31084    0.029644
1481123282      1388   32472    0.0309677
1481123283      1389   33861    0.0322924
1481123284      1385   35246    0.0336132
1481123285      1388   36634    0.0349369
1481123286      1370   38097    0.0363321
1481123287      1507   39604    0.0377693
1481123288      1282   40886    0.0389919
1481123289      1374   42260    0.0403023
1481123290      1367   43627    0.0416059
1481123291      1378   45005    0.0429201
1481123292      1388   46393    0.0442438
1481123293      1373   47769    0.0455561
1481123294      1507   49276    0.0469933
1481123295      1165   50441    0.0481043
1481123296      1499   51940    0.0495338
1481123297      1388   53328    0.0508575
1481123298      1388   54716    0.0521812
1481123299      1388   56104    0.0535049
1481123300      1390   57494    0.0548306
1481123301      1389   58883    0.0561552
1481123302      1388   60271    0.0574789
1481123303      1384   61685    0.0588274
1481123304      1506   63191    0.0602636
1481123305      1389   64580    0.0615883
1481123306      1388   65968    0.062912
1481123307      1377   67345    0.0642252
1481123308      1390   68735    0.0655508
1481123309      1389   70124    0.0668755
1481123310      1388   71512    0.0681992
1481123312      1385   72969    0.0695887
1481123313      1506   74475    0.0710249
1481123314      1167   75642    0.0721378
1481123315      1499   77141    0.0735674
1481123316      1381   78522    0.0748844
1481123317      1386   79908    0.0762062
1481123318      1379   81287    0.0775213
1481123319      1389   82676    0.078846
1481123320      1390   84066    0.0801716
1481123321      1389   85455    0.0814962
1481123322      1386   86885    0.08286
1481123323      1506   88391    0.0842962
1481123324      1389   89780    0.0856209
1481123325      1388   91168    0.0869446
1481123326      1382   92550    0.0882626
1481123327      1389   93939    0.0895872
1481123328      1389   95328    0.0909119
1481123329      1386   96714    0.0922337
1481123330      1386   98169    0.0936213
1481123331      1507   99676    0.0950584
1481123332      1166   100842    0.0961704
1481123333      1499   102341    0.0976
1481123334      1386   103727    0.0989218
1481123335      1388   105115    0.100245
1481123336      1389   106504    0.10157
1481123337      1390   107894    0.102896
1481123338      1385   109279    0.104217
1481123339      1352   110631    0.105506
1481123340      1387   112085    0.106893
1481123341      1506   113591    0.108329
1481123342      1389   114980    0.109653
1481123343      1389   116369    0.110978
1481123344      1388   117757    0.112302
1481123345      1388   119145    0.113626
1481123346      1390   120535    0.114951
1481123347      1383   121918    0.11627
1481123348      1383   123369    0.117654
1481123349      1506   124875    0.11909
1481123350      1087   126001    0.120164
1481123351      1507   127508    0.121601
1481123352      1388   128896    0.122925
1481123353      1389   130285    0.124249
1481123354      1353   131638    0.12554
1481123355      1374   133012    0.12685
1481123356      1384   134396    0.12817
1481123357      1388   135784    0.129494
1481123358      1499   137283    0.130923
1481123359      1389   138672    0.132248
1481123360      1386   140058    0.13357
1481123361      1384   141442    0.13489
1481123362      1378   142820    0.136204
1481123363      1388   144208    0.137527
1481123364      1389   145597    0.138852
1481123365      1390   146987    0.140178
1481123366      1499   148486    0.141607
1481123367      1389   149875    0.142932
1481123368      1195   151201    0.144197
1481123369      1507   152708    0.145634
1481123370      1388   154096    0.146957
1481123371      1386   155482    0.148279
1481123372      1390   156872    0.149605
1481123373      1389   158261    0.150929
1481123374      1389   159650    0.152254
1481123375      1390   161040    0.15358
1481123376      1386   162485    0.154958
1481123377      1506   163991    0.156394
1481123378      1388   165379    0.157718
1481123379      1389   166768    0.159042
1481123380      1389   168157    0.160367
1481123381      1388   169545    0.161691
1481123382      1390   170935    0.163016
1481123383      1383   172318    0.164335
1481123384      1387   173769    0.165719
1481123385      1506   175275    0.167155
1481123386      1166   176441    0.168267
1481123387      1500   177941    0.169698
1481123388      1388   179329    0.171021
1481123389      1389   180718    0.172346
1481123390      1389   182107    0.173671
1481123391      1377   183484    0.174984
1481123392      1388   184872    0.176308
1481123393      1388   186260    0.177631
1481123394      1380   187685    0.17899
1481123395      1507   189192    0.180428
1481123396      1388   190580    0.181751
1481123397      1388   191968    0.183075
1481123398      1390   193358    0.184401
1481123399      1377   194735    0.185714
1481123400      1388   196123    0.187037
1481123401      1389   197512    0.188362
1481123402      1386   198969    0.189752
1481123403      1506   200475    0.191188
1481123404      1168   201643    0.192302
1481123405      1499   203142    0.193731
1481123406      1389   204531    0.195056
1481123407      1389   205920    0.196381
1481123408      1387   207307    0.197703
1481123409      1388   208695    0.199027
1481123410      1389   210084    0.200352
1481123411      1388   211472    0.201675
1481123412      1310   212885    0.203023
1481123413      1506   214391    0.204459
1481123414      1279   215670    0.205679
1481123415      1347   217017    0.206964
1481123416      1378   218395    0.208278
1481123417      1334   219729    0.20955
1481123418      1388   221117    0.210874
1481123419      1385   222557    0.212247
1481123420      1506   224063    0.213683
1481123421      1387   225450    0.215006
1481123422      1198   226801    0.216294
1481123423      1506   228307    0.217731
1481123424      1390   229697    0.219056
1481123425      1388   231085    0.22038
1481123426      1389   232474    0.221704
1481123427      1386   233860    0.223026
1481123428      1388   235248    0.22435
1481123429      1388   236636    0.225674
1481123430      1387   238085    0.227056
1481123431      1506   239591    0.228492
1481123432      1389   240980    0.229816
1481123433      1388   242368    0.23114
1481123434      1389   243757    0.232465
1481123435      1386   245143    0.233787
1481123436      1389   246532    0.235111
1481123437      1389   247921    0.236436
1481123438      1385   249369    0.237817
1481123439      1506   250875    0.239253
1481123440      1039   252001    0.240327
1481123441      1506   253507    0.241763
1481123442      1389   254896    0.243088
1481123443      1390   256286    0.244413
1481123444      1389   257675    0.245738
1481123445      1388   259063    0.247062
1481123446      1389   260452    0.248386
1481123447      1388   261840    0.24971
1481123448      1386   263285    0.251088
1481123449      1506   264791    0.252524
1481123450      1388   266179    0.253848
1481123451      1390   267569    0.255174
1481123452      1387   268956    0.256496
1481123453      1383   270339    0.257815
1481123454      1389   271728    0.25914
1481123455      1389   273117    0.260465
1481123456      1387   274569    0.261849
1481123457      1507   276076    0.263287
1481123459      1038   277201    0.264359
1481123460      1507   278708    0.265797
1481123461      1389   280097    0.267121
1481123462      1389   281486    0.268446
1481123463      1387   282873    0.269769
1481123464      1389   284262    0.271093
1481123465      1389   285651    0.272418
1481123466      1389   287040    0.273743
1481123467      1386   288485    0.275121
1481123468      1506   289991    0.276557
1481123469      1388   291379    0.277881
1481123470      1388   292767    0.279204
1481123471      1388   294155    0.280528
1481123472      1389   295544    0.281853
1481123473      1252   296796    0.283047
1481123474      1378   298174    0.284361
1481123475      1499   299673    0.28579
1481123476      1389   301062    0.287115
1481123477      1234   302296    0.288292
1481123478      1275   303571    0.289508
1481123479      1233   304804    0.290684
1481123480      1389   306193    0.292008
1481123481      1388   307581    0.293332
1481123482      1389   308970    0.294657
1481123483      1390   310461    0.296079
1481123484      1507   311968    0.297516
1481123485      1389   313357    0.298841
1481123486      1388   314745    0.300164
1481123487      1389   316134    0.301489
1481123488      1386   317520    0.302811
1481123489      1389   318909    0.304135
1481123490      1377   320286    0.305449
1481123491      1386   321745    0.30684
1481123492      1506   323251    0.308276
1481123493      1389   324640    0.309601
1481123494      1389   326029    0.310925
1481123495      1384   327413    0.312245
1481123496      1278   328691    0.313464
1481123497      1388   330079    0.314788
1481123498      1374   331453    0.316098
1481123499      1389   332842    0.317423
1481123500      1388   334230    0.318747
1481123501      1385   335661    0.320111
1481123502      1506   337167    0.321548
1481123503      1389   338556    0.322872
1481123504      1389   339945    0.324197
1481123505      1388   341333    0.325521
1481123506      1370   342703    0.326827
1481123507      1390   344093    0.328153
1481123508      1388   345481    0.329476
1481123509      1388   346945    0.330873
1481123510      1506   348451    0.332309
1481123511      1388   349839    0.333632
1481123512      1389   351228    0.334957
1481123513      1387   352615    0.33628
1481123514      1278   353893    0.337499
1481123515      1390   355283    0.338824
1481123516      1375   356658    0.340136
1481123517      1388   358046    0.341459
1481123518      1389   359435    0.342784
1481123519      1385   360861    0.344144
1481123520      1507   362368    0.345581
1481123521      1388   363756    0.346905
1481123522      1388   365144    0.348228
1481123523      1389   366533    0.349553
1481123524      1387   367920    0.350876
1481123525      1388   369308    0.3522
1481123526      1389   370697    0.353524
1481123527      1385   372145    0.354905
1481123528      1506   373651    0.356341
1481123529      1389   375040    0.357666
1481123530      1389   376429    0.358991
1481123531      1389   377818    0.360315
1481123532      1278   379096    0.361534
1481123533      1390   380486    0.36286
1481123534      1388   381874    0.364183
1481123535      1389   383263    0.365508
1481123536      1384   384647    0.366828
1481123537      1384   386061    0.368176
1481123538      1507   387568    0.369614
1481123539      1384   388952    0.370934
1481123540      1383   390335    0.372252
1481123541      1387   391722    0.373575
1481123542      1387   393109    0.374898
1481123543      1388   394497    0.376222
1481123544      1389   395886    0.377546
1481123545      1387   397345    0.378938
1481123546      1506   398851    0.380374
1481123547      1386   400237    0.381696
1481123548      1390   401627    0.383021
1481123549      1387   403014    0.384344
1481123550      1279   404293    0.385564
1481123551      1389   405682    0.386889
1481123552      1390   407072    0.388214
1481123553      1390   408462    0.38954
1481123554      1390   409852    0.390865
1481123555      1384   411261    0.392209
1481123556      1507   412768    0.393646
1481123557      1389   414157    0.394971
1481123558      1389   415546    0.396296
1481123559      1390   416936    0.397621
1481123560      1390   418326    0.398947
1481123561      1388   419714    0.40027
1481123562      1389   421103    0.401595
1481123563      1386   422545    0.40297
1481123564      1506   424051    0.404407
1481123565      1389   425440    0.405731
1481123566      1390   426830    0.407057
1481123567      1389   428219    0.408381
1481123568      1279   429498    0.409601
1481123569      1389   430887    0.410926
1481123570      1389   432276    0.412251
1481123571      1375   433651    0.413562
1481123572      1390   435041    0.414887
1481123573      1385   436461    0.416242
1481123574      1506   437967    0.417678
1481123575      1389   439356    0.419003
1481123576      1389   440745    0.420327
1481123577      1390   442135    0.421653
1481123578      1389   443524    0.422977
1481123579      1390   444914    0.424303
1481123580      1390   446304    0.425629
1481123581      1387   447745    0.427003
1481123582      1507   449252    0.42844
1481123583      1389   450641    0.429765
1481123584      1389   452030    0.431089
1481123585      1389   453419    0.432414
1481123586      1271   454690    0.433626
1481123587      1367   456057    0.43493
1481123588      1390   457447    0.436255
1481123589      1389   458836    0.43758
1481123590      1389   460225    0.438905
1481123591      1386   461661    0.440274
1481123592      1506   463167    0.44171
1481123593      1390   464557    0.443036
1481123594      1391   465948    0.444363
1481123595      1390   467338    0.445688
1481123596      1389   468727    0.447013
1481123597      1347   470074    0.448298
1481123598      1389   471463    0.449622
1481123599      1218   472945    0.451035
1481123600      1506   474451    0.452472
1481123601      1390   475841    0.453797
1481123602      1383   477224    0.455116
1481123603      1311   478535    0.456367
1481123604      1268   479803    0.457576
1481123605      1389   481192    0.4589
1481123606      1388   482580    0.460224
1481123607      1390   483970    0.46155
1481123608      1390   485360    0.462875
1481123609      1499   486859    0.464305
1481123610      1386   488245    0.465627
1481123611      1387   489632    0.466949
1481123612      1389   491021    0.468274
1481123613      1390   492411    0.4696
1481123614      1389   493800    0.470924
1481123615      1390   495190    0.47225
1481123616      1390   496580    0.473576
1481123617      1499   498079    0.475005
1481123618      1389   499468    0.47633
