1482734757      1498   1498    0.00285721
1482734758      1499   2997    0.00571632
1482734759      1500   4497    0.00857735
1482734760      1499   5996    0.0114365
1482734761      1499   7495    0.0142956
1482734762      1499   8995    0.0171566
1482734763      1499   10495    0.0200176
1482734764      1500   11995    0.0228786
1482734765      1499   13494    0.0257378
1482734766      1448   14942    0.0284996
1482734767      1198   16140    0.0307846
1482734768      1354   17494    0.0333672
1482734769      1356   18850    0.0359535
1482734770      1348   20198    0.0385246
1482734771      1208   21406    0.0408287
1482734772      1354   22760    0.0434113
1482734773      1355   24115    0.0459957
1482734774      1354   25469    0.0485783
1482734775      1215   26740    0.0510025
1482734776      1097   27837    0.0530949
1482734777      1357   29194    0.0556831
1482734778      1360   30554    0.0582771
1482734779      1360   31914    0.0608711
1482734780      1224   33138    0.0632057
1482734781      1361   34499    0.0658016
1482734782      1355   35854    0.0683861
1482734783      1356   37210    0.0709724
1482734784      1212   38471    0.0733776
1482734785      1347   39818    0.0759468
1482734786      1356   41174    0.0785332
1482734787      404   41626    0.0793953
1482734788      1361   42987    0.0819912
1482734789      1354   44341    0.0845737
1482734790      1336   45677    0.087122
1482734791      1224   46986    0.0896187
1482734792      1363   48349    0.0922184
1482734793      1345   49694    0.0947838
1482734794      1355   51049    0.0973682
1482734795      1211   52346    0.0998421
1482734796      1361   53707    0.102438
1482734797      1353   55060    0.105019
1482734798      818   55878    0.106579
1482734799      1357   57235    0.109167
1482734800      1344   58579    0.111731
1482734801      1192   59789    0.114038
1482734802      1268   61057    0.116457
1482734803      1222   62279    0.118788
1482734804      1230   63509    0.121134
1482734805      1345   64854    0.123699
1482734806      1267   66121    0.126116
1482734807      1111   67293    0.128351
1482734808      1271   68564    0.130775
1482734809      804   69376    0.132324
1482734810      1349   70725    0.134897
1482734811      1356   72081    0.137484
1482734812      1350   73431    0.140059
1482734813      1216   74736    0.142548
1482734814      1362   76098    0.145145
1482734815      1340   77438    0.147701
1482734816      1355   78793    0.150286
1482734817      423   79216    0.151093
1482734818      1354   80570    0.153675
1482734819      1356   81926    0.156261
1482734821      1052   83251    0.158789
1482734822      1342   84593    0.161348
1482734823      1352   85945    0.163927
1482734824      1330   87275    0.166464
1482734825      1217   88611    0.169012
1482734826      1362   89973    0.17161
1482734827      1341   91314    0.174168
1482734828      1355   92669    0.176752
1482734829      1211   93971    0.179235
1482734830      1347   95318    0.181805
1482734831      1355   96673    0.184389
1482734832      1091   97764    0.18647
1482734833      1350   99114    0.189045
1482734834      1194   100342    0.191387
1482734835      1362   101704    0.193985
1482734836      1343   103047    0.196547
1482734837      1354   104401    0.199129
1482734838      1200   105702    0.201611
1482734839      1362   107064    0.204208
1482734840      1354   108418    0.206791
1482734841      1341   109759    0.209349
1482734842      909   111001    0.211718
1482734843      1364   112365    0.214319
1482734844      1336   113701    0.216867
1482734845      1355   115056    0.219452
1482734846      1206   116361    0.221941
1482734847      1361   117722    0.224537
1482734848      1342   119064    0.227097
1482734849      1356   120420    0.229683
1482734850      1213   121721    0.232164
1482734851      1347   123068    0.234734
1482734852      1356   124424    0.23732
1482734853      806   125230    0.238857
1482734854      1359   126589    0.241449
1482734855      1359   127948    0.244041
1482734856      1215   129164    0.246361
1482734857      1361   130525    0.248957
1482734858      1355   131880    0.251541
1482734859      1340   133220    0.254097
1482734860      1212   134524    0.256584
1482734861      1217   135741    0.258905
1482734862      1174   136915    0.261145
1482734863      1280   138195    0.263586
1482734864      1095   139290    0.265675
1482734865      1342   140632    0.268234
1482734866      1218   141967    0.270781
1482734867      1365   143332    0.273384
1482734868      1333   144665    0.275927
1482734869      1352   146017    0.278505
1482734871      1211   147327    0.281004
1482734872      1341   148668    0.283562
1482734873      1336   150004    0.28611
1482734874      1354   151358    0.288692
1482734875      1035   152626    0.291111
1482734876      1352   153978    0.29369
1482734877      1354   155332    0.296272
1482734878      1341   156673    0.29883
1482734879      1210   157986    0.301334
1482734880      1358   159344    0.303925
1482734881      1344   160688    0.306488
1482734882      1355   162043    0.309072
1482734883      1213   163346    0.311558
1482734884      1363   164709    0.314157
1482734885      1341   166050    0.316715
1482734886      1094   167144    0.318802
1482734887      1358   168502    0.321392
1482734888      1208   169717    0.323709
1482734889      1348   171065    0.326281
1482734890      1356   172421    0.328867
1482734891      1338   173759    0.331419
1482734892      1212   175077    0.333933
1482734893      1359   176436    0.336525
1482734894      1355   177791    0.339109
1482734895      1357   179148    0.341698
1482734896      1032   180376    0.34404
1482734897      1361   181737    0.346636
1482734898      1357   183094    0.349224
1482734899      1354   184448    0.351807
1482734900      1219   185736    0.354263
1482734901      1354   187090    0.356846
1482734902      1355   188445    0.35943
1482734903      1356   189801    0.362017
1482734904      1230   191096    0.364487
1482734905      1359   192455    0.367079
1482734906      1356   193811    0.369665
1482734907      1091   194902    0.371746
1482734908      1359   196261    0.374338
1482734909      1202   197467    0.376638
1482734910      1361   198828    0.379234
1482734911      1354   200182    0.381817
1482734912      1355   201537    0.384401
1482734914      891   202827    0.386862
1482734915      1359   204186    0.389454
1482734916      1354   205540    0.392036
1482734917      1354   206894    0.394619
1482734918      1032   208126    0.396969
1482734919      1362   209488    0.399567
1482734920      1355   210843    0.402151
1482734921      1306   212149    0.404642
1482734922      1187   213336    0.406906
1482734923      1188   214524    0.409172
1482734924      952   215630    0.411282
1482734925      1216   216846    0.413601
1482734926      1330   218176    0.416138
1482734927      1239   219415    0.418501
1482734928      1358   220773    0.421091
1482734929      1211   221984    0.423401
1482734930      990   223073    0.425478
1482734931      1206   224279    0.427778
1482734932      1351   225630    0.430355
1482734933      1355   226985    0.43294
1482734934      1353   228338    0.43552
1482734935      1211   229549    0.43783
1482734936      1353   230902    0.440411
1482734937      1354   232256    0.442993
1482734938      1356   233612    0.44558
1482734939      1208   234865    0.447969
1482734940      1099   235964    0.450066
1482734941      1355   237319    0.45265
1482734942      1355   238674    0.455235
1482734943      1353   240027    0.457815
1482734944      1192   241236    0.460121
1482734945      1361   242597    0.462717
1482734946      1353   243950    0.465298
1482734947      1354   245304    0.46788
1482734948      1219   246596    0.470345
1482734949      1361   247957    0.47294
1482734950      1355   249312    0.475525
1482734951      1094   250406    0.477612
1482734952      1355   251761    0.480196
1482734953      1205   252967    0.482496
1482734954      1361   254328    0.485092
1482734955      1356   255684    0.487679
1482734956      1353   257037    0.490259
1482734957      1227   258327    0.49272
1482734958      1361   259688    0.495316
1482734959      1354   261042    0.497898
1482734960      1300   262342    0.500378
1482734962      1045   263626    0.502827
1482734963      1364   264990    0.505428
1482734964      1356   266346    0.508015
1482734965      1352   267698    0.510593
1482734966      1220   268986    0.51305
1482734967      1362   270348    0.515648
1482734968      1355   271703    0.518232
1482734969      1355   273058    0.520817
1482734970      1219   274346    0.523273
1482734971      1361   275707    0.525869
1482734972      1356   277063    0.528456
1482734973      1091   278154    0.530537
1482734974      1354   279508    0.533119
1482734975      1199   280717    0.535425
1482734976      1363   282080    0.538025
1482734977      1353   283433    0.540606
1482734978      1352   284785    0.543184
1482734979      1219   286077    0.545649
1482734980      1363   287440    0.548248
1482734981      1354   288794    0.550831
1482734982      1240   290034    0.553196
1482734983      1262   291296    0.555603
1482734984      971   292267    0.557455
1482734985      1210   293477    0.559763
1482734986      1200   294677    0.562052
1482734987      1333   296010    0.564594
1482734988      1355   297365    0.567179
1482734989      1355   298720    0.569763
1482734990      1191   299911    0.572035
1482734991      1095   301024    0.574158
1482734992      1294   302318    0.576626
1482734993      1355   303673    0.57921
1482734994      1355   305028    0.581795
1482734995      1093   306121    0.583879
1482734996      1216   307395    0.586309
1482734997      1360   308755    0.588903
1482734998      1352   310107    0.591482
1482734999      1354   311461    0.594065
1482735000      1220   312755    0.596533
1482735001      1363   314118    0.599133
1482735002      1355   315473    0.601717
1482735003      1354   316827    0.6043
1482735004      1220   318115    0.606756
1482735005      1102   319217    0.608858
1482735006      1355   320572    0.611443
1482735007      1355   321927    0.614027
1482735008      1356   323283    0.616613
1482735009      1203   324486    0.618908
1482735010      1365   325851    0.621511
1482735011      1357   327208    0.6241
1482735012      1355   328563    0.626684
1482735013      1207   329846    0.629131
1482735014      1362   331208    0.631729
1482735015      1355   332563    0.634314
1482735016      1094   333657    0.6364
1482735017      1342   334999    0.63896
1482735018      1184   336217    0.641283
1482735019      1362   337579    0.643881
1482735020      1333   338912    0.646423
1482735021      1355   340267    0.649008
1482735022      1207   341577    0.651506
1482735023      1353   342930    0.654087
1482735024      1357   344287    0.656675
1482735025      1357   345644    0.659264
1482735026      889   346876    0.661613
1482735027      1362   348238    0.664211
1482735028      1355   349593    0.666796
1482735029      1355   350948    0.66938
1482735031      1208   352236    0.671837
1482735032      1361   353597    0.674433
1482735033      1354   354951    0.677015
1482735034      1354   356305    0.679598
1482735035      1219   357596    0.68206
1482735036      1362   358958    0.684658
1482735037      1360   360318    0.687252
1482735038      963   361281    0.689089
1482735039      1355   362636    0.691673
1482735040      1217   363967    0.694212
1482735041      1337   365304    0.696762
1482735042      1353   366657    0.699343
1482735043      1333   367990    0.701885
1482735044      1210   369327    0.704435
1482735045      1308   370635    0.70693
1482735046      1332   371967    0.709471
1482735047      1352   373319    0.712049
1482735048      1030   374626    0.714542
1482735049      1237   375863    0.716902
1482735050      1206   377069    0.719202
1482735051      1356   378425    0.721788
1482735052      1255   379680    0.724182
1482735053      1355   381035    0.726767
1482735054      1194   382229    0.729044
1482735055      1339   383568    0.731598
1482735056      1355   384923    0.734182
1482735057      1341   386264    0.73674
1482735058      1194   387490    0.739079
1482735059      1003   388501    0.741007
1482735060      1277   389778    0.743443
1482735061      1259   391037    0.745844
1482735062      1270   392307    0.748266
1482735063      1328   393635    0.750799
1482735064      1265   394900    0.753212
1482735065      1196   396096    0.755493
1482735066      1356   397452    0.75808
1482735067      1357   398809    0.760668
1482735068      1355   400164    0.763252
1482735069      1183   401365    0.765543
1482735070      1097   402462    0.767635
1482735071      1345   403807    0.770201
1482735072      1354   405161    0.772783
1482735073      1344   406505    0.775347
1482735074      1210   407736    0.777695
1482735075      1357   409093    0.780283
1482735076      1352   410445    0.782862
1482735077      1351   411796    0.785439
1482735078      1211   413096    0.787918
1482735079      1361   414457    0.790514
1482735080      1341   415798    0.793072
1482735081      1080   416878    0.795132
1482735082      1341   418219    0.797689
1482735083      1200   419467    0.80007
1482735084      1361   420828    0.802666
1482735085      1355   422183    0.80525
1482735086      1332   423515    0.807791
1482735087      1202   424827    0.810293
1482735088      1362   426189    0.812891
1482735089      1337   427526    0.815441
1482735090      1354   428880    0.818024
1482735092      1022   430126    0.8204
1482735093      1340   431466    0.822956
1482735094      1354   432820    0.825539
1482735095      1355   434175    0.828123
1482735096      1222   435486    0.830624
1482735097      1347   436833    0.833193
1482735098      1353   438186    0.835773
1482735099      1338   439524    0.838326
1482735100      1216   440846    0.840847
1482735101      1361   442207    0.843443
1482735102      1207   443414    0.845745
1482735103      1007   444421    0.847666
1482735104      1356   445777    0.850252
1482735105      1212   446989    0.852564
1482735106      1197   448186    0.854847
1482735107      1101   449361    0.857088
1482735108      1239   450600    0.859451
1482735109      1172   451772    0.861687
1482735110      1277   453049    0.864122
1482735111      1341   454390    0.86668
1482735112      1353   455743    0.869261
1482735113      1185   456928    0.871521
1482735114      1050   457978    0.873524
1482735115      1338   459316    0.876076
1482735116      1355   460671    0.87866
1482735117      1340   462011    0.881216
1482735118      1210   463236    0.883553
1482735119      1368   464604    0.886162
1482735120      1360   465964    0.888756
1482735121      1361   467325    0.891352
1482735122      1224   468596    0.893776
1482735123      1368   469964    0.896385
1482735124      1361   471325    0.898981
1482735125      1091   472416    0.901062
1482735126      1355   473771    0.903646
1482735127      1209   474980    0.905952
1482735128      1355   476335    0.908537
1482735129      1355   477690    0.911121
1482735130      1354   479044    0.913704
1482735131      1058   480102    0.915722
1482735132      1228   481399    0.918196
1482735133      1362   482761    0.920794
1482735134      1356   484117    0.92338
1482735135      1357   485474    0.925968
1482735136      1089   486563    0.928045
1482735137      1203   487770    0.930347
1482735138      1360   489130    0.932941
1482735139      1356   490486    0.935528
1482735140      1355   491841    0.938112
1482735141      1215   493130    0.940571
1482735142      1361   494491    0.943167
1482735143      1353   495844    0.945747
1482735144      1353   497197    0.948328
1482735145      1217   498490    0.950794
1482735146      1096   499586    0.952885
