1482959069      1498   1498    0.00285721
1482959070      1499   2997    0.00571632
1482959071      1500   4497    0.00857735
1482959072      1499   5996    0.0114365
1482959073      1499   7495    0.0142956
1482959074      1499   8995    0.0171566
1482959075      1499   10495    0.0200176
1482959076      1500   11995    0.0228786
1482959077      1499   13494    0.0257378
1482959078      1290   14784    0.0281982
1482959079      1351   16135    0.0307751
1482959080      1333   17468    0.0333176
1482959081      1215   18683    0.035635
1482959082      1186   19869    0.0378971
1482959083      1196   21065    0.0401783
1482959084      1353   22418    0.0427589
1482959085      1350   23768    0.0453339
1482959086      1344   25112    0.0478973
1482959087      1213   26420    0.0503922
1482959088      1220   27640    0.0527191
1482959089      1350   28990    0.055294
1482959091      1193   30327    0.0578442
1482959092      1359   31686    0.0604362
1482959093      1342   33028    0.0629959
1482959094      1352   34380    0.0655746
1482959095      1213   35687    0.0680676
1482959096      1353   37040    0.0706482
1482959097      1351   38391    0.073225
1482959098      1345   39736    0.0757904
1482959099      1058   40794    0.0778084
1482959100      1348   42142    0.0803795
1482959101      1352   43494    0.0829582
1482959102      1348   44842    0.0855293
1482959103      1198   46040    0.0878143
1482959104      1350   47390    0.0903893
1482959105      1345   48735    0.0929546
1482959106      1349   50084    0.0955276
1482959107      1291   51375    0.09799
1482959108      1195   52570    0.100269
1482959109      1356   53926    0.102856
1482959110      1212   55138    0.105167
1482959111      1199   56365    0.107508
1482959112      1354   57719    0.11009
1482959113      1351   59070    0.112667
1482959114      1355   60425    0.115252
1482959115      1213   61725    0.117731
1482959116      1353   63078    0.120312
1482959117      1352   64430    0.12289
1482959118      1349   65779    0.125463
1482959119      1215   67085    0.127954
1482959120      1223   68308    0.130287
1482959121      1349   69657    0.13286
1482959122      1209   70992    0.135406
1482959123      1360   72352    0.138
1482959124      1345   73697    0.140566
1482959125      1349   75046    0.143139
1482959126      1221   76352    0.14563
1482959127      1356   77708    0.148216
1482959128      1342   79050    0.150776
1482959129      1350   80400    0.153351
1482959130      1059   81459    0.155371
1482959131      1351   82810    0.157948
1482959132      1347   84157    0.160517
1482959133      1353   85510    0.163097
1482959134      1193   86703    0.165373
1482959135      1341   88044    0.167931
1482959136      1354   89398    0.170513
1482959137      1346   90744    0.17308
1482959138      1212   92051    0.175573
1482959139      1359   93410    0.178165
1482959140      1298   94708    0.180641
1482959141      1206   95914    0.182941
1482959142      1006   97030    0.18507
1482959143      1350   98380    0.187645
1482959144      1188   99568    0.189911
1482959145      1209   100777    0.192217
1482959146      1345   102122    0.194782
1482959147      1330   103452    0.197319
1482959148      1018   104534    0.199383
1482959149      1361   105895    0.201979
1482959150      1352   107247    0.204557
1482959151      1096   108441    0.206835
1482959152      1359   109800    0.209427
1482959153      1352   111152    0.212006
1482959154      1344   112496    0.214569
1482959155      1298   113794    0.217045
1482959156      1193   114987    0.21932
1482959157      1354   116341    0.221903
1482959158      1348   117689    0.224474
1482959159      1350   119039    0.227049
1482959160      1189   120233    0.229326
1482959161      1318   121551    0.23184
1482959162      1214   122765    0.234156
1482959163      1353   124118    0.236736
1482959164      1197   125315    0.239019
1482959165      1354   126669    0.241602
1482959166      1346   128015    0.244169
1482959167      1350   129365    0.246744
1482959168      1196   130572    0.249046
1482959169      1353   131925    0.251627
1482959170      1345   133270    0.254192
1482959171      1343   134613    0.256754
1482959172      1069   135682    0.258793
1482959173      1352   137034    0.261372
1482959174      1353   138387    0.263952
1482959175      1347   139734    0.266521
1482959176      1067   140911    0.268766
1482959177      1355   142266    0.271351
1482959178      1352   143618    0.27393
1482959179      1355   144973    0.276514
1482959180      1211   146271    0.27899
1482959181      1359   147630    0.281582
1482959182      1342   148972    0.284142
1482959184      1100   150178    0.286442
1482959185      1350   151528    0.289017
1482959186      1352   152880    0.291595
1482959187      1343   154223    0.294157
1482959188      1205   155538    0.296665
1482959189      1353   156891    0.299246
1482959190      1344   158235    0.301809
1482959191      1348   159583    0.30438
1482959192      1191   160898    0.306889
1482959193      1320   162218    0.309406
1482959194      1196   163414    0.311687
1482959195      1353   164767    0.314268
1482959196      1180   165947    0.316519
1482959197      1349   167296    0.319092
1482959198      1325   168621    0.321619
1482959199      1354   169975    0.324202
1482959200      1188   171237    0.326609
1482959201      1254   172491    0.329
1482959202      1207   173698    0.331303
1482959203      1327   175025    0.333834
1482959204      876   176216    0.336105
1482959205      1211   177427    0.338415
1482959206      1236   178663    0.340773
1482959207      1171   179834    0.343006
1482959208      1188   181022    0.345272
1482959209      1329   182351    0.347807
1482959210      1186   183537    0.350069
1482959211      1173   184710    0.352306
1482959212      1202   185912    0.354599
1482959213      1341   187253    0.357157
1482959214      1344   188597    0.35972
1482959215      1044   189771    0.361959
1482959216      1349   191120    0.364532
1482959217      1348   192468    0.367104
1482959218      1326   193794    0.369633
1482959219      1203   195131    0.372183
1482959220      1359   196490    0.374775
1482959221      1322   197812    0.377296
1482959222      1352   199164    0.379875
1482959223      1325   200489    0.382402
1482959224      1182   201671    0.384657
1482959225      1353   203024    0.387238
1482959226      1205   204229    0.389536
1482959227      1175   205470    0.391903
1482959228      1354   206824    0.394485
1482959229      1338   208162    0.397038
1482959230      1342   209504    0.399597
1482959232      1202   210830    0.402126
1482959233      1346   212176    0.404694
1482959234      1342   213518    0.407253
1482959235      1323   214841    0.409777
1482959236      1220   216190    0.41235
1482959237      1223   217413    0.414682
1482959238      1352   218765    0.417261
1482959239      1213   220097    0.419802
1482959240      1333   221430    0.422344
1482959241      1346   222776    0.424911
1482959242      1332   224108    0.427452
1482959243      1344   225452    0.430016
1482959244      1172   226624    0.432251
1482959245      1347   227971    0.43482
1482959246      1350   229321    0.437395
1482959247      1077   230436    0.439522
1482959248      1358   231794    0.442112
1482959249      1319   233113    0.444628
1482959250      1351   234464    0.447205
1482959251      1315   235779    0.449713
1482959252      1171   236950    0.451946
1482959253      1353   238303    0.454527
1482959254      1338   239641    0.457079
1482959255      1352   240993    0.459658
1482959256      1196   242228    0.462013
1482959257      1362   243590    0.464611
1482959258      1216   244806    0.46693
1482959259      1201   246135    0.469465
1482959260      1357   247492    0.472054
1482959261      1346   248838    0.474621
1482959262      1105   249943    0.476728
1482959263      1181   251124    0.478981
1482959264      1311   252435    0.481482
1482959265      1171   253639    0.483778
1482959266      1361   255000    0.486374
1482959267      1320   256320    0.488892
1482959268      1105   257546    0.49123
1482959269      1357   258903    0.493818
1482959270      1331   260234    0.496357
1482959271      1345   261579    0.498922
1482959272      1311   262890    0.501423
1482959273      1197   264087    0.503706
1482959274      1354   265441    0.506289
1482959275      1345   266786    0.508854
1482959276      1337   268123    0.511404
1482959277      296   268419    0.511969
1482959278      1344   269763    0.514532
1482959279      1336   271099    0.51708
1482959280      1053   272173    0.519129
1482959281      1352   273525    0.521708
1482959282      1337   274862    0.524258
1482959283      1343   276205    0.526819
1482959284      1222   277533    0.529352
1482959285      1352   278885    0.531931
1482959286      1339   280224    0.534485
1482959287      1342   281566    0.537045
1482959288      1206   282893    0.539576
1482959289      1318   284211    0.542089
1482959290      1212   285423    0.544401
1482959291      1352   286775    0.54698
1482959292      1194   287969    0.549257
1482959293      1340   289309    0.551813
1482959294      1347   290656    0.554382
1482959295      1335   291991    0.556929
1482959296      1202   293232    0.559296
1482959297      1351   294583    0.561872
1482959298      1350   295933    0.564447
1482959299      1353   297286    0.567028
1482959300      1064   298350    0.569057
1482959301      1339   299689    0.571611
1482959302      1350   301039    0.574186
1482959303      1355   302394    0.576771
1482959304      1198   303592    0.579056
1482959305      1354   304946    0.581638
1482959306      1345   306291    0.584204
1482959307      1352   307643    0.586782
1482959308      1206   308931    0.589239
1482959309      1361   310292    0.591835
1482959310      1348   311640    0.594406
1482959311      1097   312838    0.596691
1482959312      1353   314191    0.599272
1482959313      1342   315533    0.601831
1482959314      1344   316877    0.604395
1482959315      1212   318198    0.606915
1482959316      1358   319556    0.609505
1482959317      1342   320898    0.612064
1482959318      1346   322244    0.614632
1482959320      1216   323558    0.617138
1482959321      1361   324919    0.619734
1482959322      1215   326134    0.622051
1482959323      1213   327465    0.62459
1482959324      1245   328710    0.626965
1482959325      1214   329924    0.62928
1482959326      1173   331097    0.631517
1482959327      1220   332317    0.633844
1482959328      1305   333622    0.636333
1482959329      1159   334969    0.638903
1482959330      1116   336085    0.641031
1482959331      1308   337393    0.643526
1482959332      1212   338605    0.645838
1482959333      1141   339746    0.648014
1482959334      1194   341020    0.650444
1482959335      1352   342372    0.653023
1482959336      1351   343723    0.6556
1482959337      1341   345064    0.658157
1482959338      1212   346380    0.660667
1482959339      1354   347734    0.66325
1482959340      1352   349086    0.665829
1482959341      1343   350429    0.66839
1482959342      1219   351740    0.670891
1482959343      1222   352962    0.673222
1482959344      1346   354308    0.675789
1482959345      1211   355647    0.678343
1482959346      1357   357004    0.680931
1482959347      1354   358358    0.683514
1482959348      1338   359696    0.686066
1482959349      1217   361007    0.688566
1482959350      1349   362356    0.691139
1482959351      1351   363707    0.693716
1482959352      1341   365048    0.696274
1482959353      1052   366100    0.69828
1482959354      1354   367454    0.700863
1482959355      1346   368800    0.70343
1482959356      1352   370152    0.706009
1482959357      1201   371353    0.7083
1482959358      1345   372698    0.710865
1482959359      1342   374040    0.713425
1482959360      1345   375385    0.71599
1482959361      1216   376706    0.71851
1482959362      1305   378011    0.720999
1482959363      1352   379363    0.723577
1482959364      1216   380579    0.725897
1482959365      1203   381782    0.728191
1482959366      1353   383135    0.730772
1482959367      1345   384480    0.733337
1482959368      1352   385832    0.735916
1482959369      1191   387045    0.73823
1482959370      1362   388407    0.740828
1482959371      1349   389756    0.743401
1482959372      1352   391108    0.745979
1482959374      1027   392405    0.748453
1482959375      1221   393626    0.750782
1482959376      1356   394982    0.753368
1482959377      1209   396312    0.755905
1482959378      1347   397659    0.758474
1482959379      1350   399009    0.761049
1482959380      1351   400360    0.763626
1482959381      1216   401672    0.766129
1482959382      1362   403034    0.768726
1482959383      1263   404297    0.771135
1482959384      1239   405536    0.773499
1482959385      944   406651    0.775625
1482959386      1292   407943    0.77809
1482959387      1330   409273    0.780626
1482959388      1341   410614    0.783184
1482959389      1350   411964    0.785759
1482959390      1036   413083    0.787893
1482959391      1348   414431    0.790464
1482959392      1295   415726    0.792934
1482959393      1221   416947    0.795263
1482959394      1342   418289    0.797823
1482959395      1203   419515    0.800161
1482959396      1225   420740    0.802498
1482959397      1353   422093    0.805079
1482959398      1215   423422    0.807613
1482959399      1351   424773    0.81019
1482959400      1349   426122    0.812763
1482959401      1338   427460    0.815315
1482959402      1218   428782    0.817837
1482959403      1359   430141    0.820429
1482959404      1342   431483    0.822989
1482959405      1346   432829    0.825556
1482959406      1068   433897    0.827593
1482959407      1357   435254    0.830181
1482959408      1342   436596    0.832741
1482959409      1346   437942    0.835308
1482959410      1198   439140    0.837593
1482959411      1352   440492    0.840172
1482959412      1347   441839    0.842741
1482959413      1357   443196    0.845329
1482959414      1214   444481    0.84778
1482959415      1351   445832    0.850357
1482959416      1352   447184    0.852936
1482959417      1013   448197    0.854868
1482959418      1188   449460    0.857277
1482959419      1360   450820    0.859871
1482959420      1342   452162    0.862431
1482959421      1348   453510    0.865002
1482959422      1190   454820    0.8675
1482959423      1358   456178    0.87009
1482959424      1341   457519    0.872648
1482959425      1349   458868    0.875221
1482959427      1192   460180    0.877724
1482959428      1222   461402    0.880054
1482959429      1346   462748    0.882622
1482959430      1208   464087    0.885176
1482959431      1337   465424    0.887726
1482959432      1347   466771    0.890295
1482959433      1334   468105    0.892839
1482959434      1201   469447    0.895399
1482959435      1360   470807    0.897993
1482959436      1322   472129    0.900515
1482959437      1353   473482    0.903095
1482959438      1042   474524    0.905083
1482959439      1345   475869    0.907648
1482959440      1351   477220    0.910225
1482959441      1316   478536    0.912735
1482959442      1194   479786    0.915119
1482959443      1334   481120    0.917664
1482959444      1254   482374    0.920055
1482959445      1352   483726    0.922634
1482959446      1320   485046    0.925152
1482959447      1155   486218    0.927387
1482959448      1352   487570    0.929966
1482959449      1007   488577    0.931887
1482959450      1352   489929    0.934465
1482959451      1182   491197    0.936884
1482959452      1344   492541    0.939447
1482959453      1348   493889    0.942019
1482959454      1337   495226    0.944569
1482959455      1202   496557    0.947107
1482959456      1337   497894    0.949657
1482959457      1347   499241    0.952227
