1482503648      1495   1495    0.00285149
1482503649      1500   2995    0.00571251
1482503650      1499   4494    0.00857162
1482503651      1499   5993    0.0114307
1482503652      1500   7493    0.0142918
1482503653      1499   8992    0.0171509
1482503654      1498   10491    0.02001
1482503655      1501   11992    0.0228729
1482503656      1499   13491    0.025732
1482503657      1500   14991    0.0285931
1482503658      1461   16452    0.0313797
1482503659      1370   17822    0.0339928
1482503660      1262   19084    0.0363998
1482503661      1218   20302    0.038723
1482503662      1221   21523    0.0410519
1482503663      1375   22898    0.0436745
1482503664      1380   24278    0.0463066
1482503665      1180   25458    0.0485573
1482503666      1381   26839    0.0511913
1482503667      1381   28220    0.0538254
1482503668      1382   29602    0.0564613
1482503669      1257   30859    0.0588589
1482503670      1034   31893    0.0608311
1482503671      1381   33274    0.0634651
1482503672      1380   34654    0.0660973
1482503673      1262   35916    0.0685043
1482503674      1382   37298    0.0711403
1482503675      1380   38678    0.0737724
1482503676      1380   40058    0.0764046
1482503677      1263   41321    0.0788136
1482503678      1379   42700    0.0814438
1482503679      1381   44081    0.0840778
1482503680      1382   45463    0.0867138
1482503681      1263   46726    0.0891228
1482503682      1233   47959    0.0914745
1482503683      1381   49340    0.0941086
1482503684      1245   50585    0.0964832
1482503685      1380   51965    0.0991154
1482503686      1383   53348    0.101753
1482503687      1378   54726    0.104382
1482503688      1259   55985    0.106783
1482503689      1382   57367    0.109419
1482503690      1381   58748    0.112053
1482503691      1381   60129    0.114687
1482503692      1263   61392    0.117096
1482503693      1381   62773    0.11973
1482503694      1233   64006    0.122082
1482503695      1245   65265    0.124483
1482503696      1388   66653    0.127131
1482503697      1382   68035    0.129766
1482503698      1379   69414    0.132397
1482503699      1263   70677    0.134806
1482503700      1382   72059    0.137442
1482503701      1381   73440    0.140076
1482503702      1381   74821    0.14271
1482503703      1265   76086    0.145123
1482503704      1381   77467    0.147757
1482503705      1381   78848    0.150391
1482503706      1104   79973    0.152536
1482503707      1389   81362    0.155186
1482503708      1380   82742    0.157818
1482503709      1374   84116    0.160439
1482503710      1263   85379    0.162848
1482503711      1380   86759    0.16548
1482503712      1381   88140    0.168114
1482503713      1382   89522    0.17075
1482503714      1263   90785    0.173159
1482503715      1273   92058    0.175587
1482503716      1246   93304    0.177963
1482503717      1109   94681    0.18059
1482503718      1384   96065    0.183229
1482503719      1381   97446    0.185863
1482503720      1381   98827    0.188498
1482503721      1263   100090    0.190907
1482503722      1381   101471    0.193541
1482503723      1381   102852    0.196175
1482503724      1337   104189    0.198725
1482503725      1184   105401    0.201036
1482503726      1383   106784    0.203674
1482503727      1382   108166    0.20631
1482503728      1381   109547    0.208944
1482503729      1115   110662    0.211071
1482503730      1381   112043    0.213705
1482503731      1381   113424    0.216339
1482503732      1262   114749    0.218866
1482503733      1385   116134    0.221508
1482503734      1380   117514    0.22414
1482503735      1381   118895    0.226774
1482503736      1262   120157    0.229181
1482503737      1383   121540    0.231819
1482503738      1381   122921    0.234453
1482503739      1380   124301    0.237085
1482503740      1262   125563    0.239492
1482503741      1230   126793    0.241838
1482503742      1382   128175    0.244474
1482503743      1260   129457    0.24692
1482503744      1379   130836    0.24955
1482503745      1380   132216    0.252182
1482503746      1381   133597    0.254816
1482503747      1264   134861    0.257227
1482503748      1381   136242    0.259861
1482503749      1381   137623    0.262495
1482503750      1382   139005    0.265131
1482503751      1258   140263    0.26753
1482503752      1381   141644    0.270164
1482503753      1235   142879    0.27252
1482503754      1255   144165    0.274973
1482503755      1388   145553    0.27762
1482503756      1380   146933    0.280252
1482503757      1381   148314    0.282887
1482503758      1257   149571    0.285284
1482503759      1378   150949    0.287912
1482503760      1382   152331    0.290548
1482503761      1381   153712    0.293182
1482503762      1255   154967    0.295576
1482503763      1382   156349    0.298212
1482503764      1377   157726    0.300838
1482503765      1112   158873    0.303026
1482503766      1385   160258    0.305668
1482503767      1383   161641    0.308306
1482503768      1381   163022    0.31094
1482503769      1263   164285    0.313349
1482503770      1382   165667    0.315985
1482503771      1381   167048    0.318619
1482503772      1382   168430    0.321255
1482503773      1262   169692    0.323662
1482503774      1380   171072    0.326294
1482503775      1333   172405    0.328836
1482503776      1031   173581    0.331079
1482503777      1318   174899    0.333593
1482503778      1245   176144    0.335968
1482503779      1222   177366    0.338299
1482503780      1381   178747    0.340933
1482503781      1253   180013    0.343348
1482503782      1388   181401    0.345995
1482503783      1382   182783    0.348631
1482503784      1382   184165    0.351267
1482503785      1260   185425    0.35367
1482503786      1380   186805    0.356302
1482503787      1381   188186    0.358936
1482503788      1078   189361    0.361177
1482503789      1384   190745    0.363817
1482503790      1382   192127    0.366453
1482503791      1381   193508    0.369087
1482503792      1245   194753    0.371462
1482503793      1382   196135    0.374098
1482503794      1375   197510    0.37672
1482503795      1381   198891    0.379354
1482503796      1264   200155    0.381765
1482503797      1371   201526    0.38438
1482503798      1381   202907    0.387014
1482503799      1382   204289    0.38965
1482503800      1048   205337    0.391649
1482503801      1379   206716    0.394279
1482503802      1374   208090    0.3969
1482503803      1268   209429    0.399454
1482503804      1389   210818    0.402103
1482503805      1379   212197    0.404734
1482503806      1381   213578    0.407368
1482503807      1265   214843    0.409781
1482503808      1373   216216    0.412399
1482503809      1379   217595    0.41503
1482503810      1380   218975    0.417662
1482503811      1263   220238    0.420071
1482503812      1232   221470    0.422421
1482503813      1381   222851    0.425055
1482503814      1259   224137    0.427507
1482503815      1388   225525    0.430155
1482503816      1375   226900    0.432777
1482503817      1382   228282    0.435413
1482503818      1262   229544    0.43782
1482503819      1380   230924    0.440453
1482503820      1362   232286    0.44305
1482503821      1381   233667    0.445684
1482503822      1260   234927    0.448088
1482503823      1383   236310    0.450726
1482503824      1232   237542    0.453075
1482503825      1263   238845    0.455561
1482503826      1388   240233    0.458208
1482503827      1378   241611    0.460836
1482503828      1382   242993    0.463472
1482503829      1259   244252    0.465874
1482503830      1380   245632    0.468506
1482503831      1372   247004    0.471123
1482503832      1382   248386    0.473759
1482503833      1249   249635    0.476141
1482503834      1381   251016    0.478775
1482503835      1345   252361    0.48134
1482503836      1103   253553    0.483614
1482503837      1315   254868    0.486122
1482503838      1286   256154    0.488575
1482503839      1289   257443    0.491034
1482503840      1367   258810    0.493641
1482503841      1232   260042    0.495991
1482503842      1376   261418    0.498615
1482503843      1302   262720    0.501099
1482503844      1381   264101    0.503733
1482503846      1174   265345    0.506105
1482503847      1387   266732    0.508751
1482503848      1372   268104    0.511368
1482503849      1136   269333    0.513712
1482503850      1388   270721    0.516359
1482503851      1381   272102    0.518993
1482503852      1383   273485    0.521631
1482503853      1265   274750    0.524044
1482503854      1382   276132    0.52668
1482503855      1380   277512    0.529312
1482503856      1381   278893    0.531946
1482503857      1262   280155    0.534353
1482503858      1382   281537    0.536989
1482503859      1382   282919    0.539625
1482503860      1107   284041    0.541765
1482503861      1388   285429    0.544413
1482503862      1373   286802    0.547031
1482503863      1379   288181    0.549662
1482503864      1263   289444    0.552071
1482503865      1381   290825    0.554705
1482503866      1377   292202    0.557331
1482503867      1381   293583    0.559965
1482503868      1254   294837    0.562357
1482503869      1381   296218    0.564991
1482503870      1379   297597    0.567621
1482503871      1382   298979    0.570257
1482503872      1114   300093    0.572382
1482503873      1370   301463    0.574995
1482503874      1382   302845    0.577631
1482503875      1249   304109    0.580042
1482503876      1387   305496    0.582687
1482503877      1381   306877    0.585321
1482503878      1381   308258    0.587955
1482503879      1253   309511    0.590345
1482503880      1381   310892    0.592979
1482503881      1381   312273    0.595613
1482503882      1381   313654    0.598248
1482503883      1261   314915    0.600653
1482503884      1233   316148    0.603004
1482503885      1381   317529    0.605639
1482503886      1260   318817    0.608095
1482503887      1377   320194    0.610722
1482503888      1373   321567    0.61334
1482503889      1380   322947    0.615973
1482503890      1263   324210    0.618382
1482503891      1381   325591    0.621016
1482503892      1377   326968    0.623642
1482503893      1381   328349    0.626276
1482503894      1264   329613    0.628687
1482503895      1381   330994    0.631321
1482503896      1217   332211    0.633642
1482503897      1310   333521    0.636141
1482503898      1126   334647    0.638288
1482503899      1381   336028    0.640923
1482503900      1217   337245    0.643244
1482503901      1380   338625    0.645876
1482503902      1265   339957    0.648417
1482503903      1389   341346    0.651066
1482503904      1359   342705    0.653658
1482503905      1217   343922    0.655979
1482503906      1243   345165    0.65835
1482503907      1263   346428    0.660759
1482503908      1233   347661    0.663111
1482503909      1381   349042    0.665745
1482503910      1269   350377    0.668291
1482503911      1388   351765    0.670938
1482503912      1381   353146    0.673573
1482503913      1377   354523    0.676199
1482503914      1263   355786    0.678608
1482503915      1351   357137    0.681185
1482503916      1380   358517    0.683817
1482503917      1381   359898    0.686451
1482503918      1264   361162    0.688862
1482503919      1336   362498    0.69141
1482503920      1227   363725    0.69375
1482503921      1274   365085    0.696344
1482503922      1389   366474    0.698994
1482503923      1381   367855    0.701628
1482503924      1382   369237    0.704264
1482503925      1264   370501    0.706675
1482503926      1381   371882    0.709309
1482503927      1377   373259    0.711935
1482503928      1382   374641    0.714571
1482503929      1264   375905    0.716982
1482503930      1381   377286    0.719616
1482503931      1381   378667    0.72225
1482503932      1050   379793    0.724398
1482503933      1389   381182    0.727047
1482503934      1377   382559    0.729673
1482503935      1381   383940    0.732307
1482503936      1264   385204    0.734718
1482503937      1381   386585    0.737352
1482503938      1381   387966    0.739986
1482503939      1382   389348    0.742622
1482503940      1262   390610    0.745029
1482503941      1381   391991    0.747663
1482503942      1382   393373    0.750299
1482503943      1113   394501    0.752451
1482503944      1388   395889    0.755098
1482503945      1381   397270    0.757732
1482503946      1381   398651    0.760366
1482503947      1262   399913    0.762774
1482503948      1381   401294    0.765408
1482503949      1382   402676    0.768044
1482503950      1381   404057    0.770678
1482503951      1262   405319    0.773085
1482503952      1383   406702    0.775723
1482503953      1382   408084    0.778358
1482503954      1381   409465    0.780993
1482503955      1109   410574    0.783108
1482503956      1382   411956    0.785744
1482503957      1380   413336    0.788376
1482503958      1212   414569    0.790728
1482503959      1389   415958    0.793377
1482503960      1383   417341    0.796015
1482503961      1381   418722    0.798649
1482503962      1264   419986    0.80106
1482503963      1224   421210    0.803394
1482503964      1381   422591    0.806028
1482503965      1332   423923    0.808569
1482503966      1252   425289    0.811174
1482503967      1048   426337    0.813173
1482503968      1380   427717    0.815805
1482503969      1382   429099    0.818441
1482503970      1264   430363    0.820852
1482503971      1382   431745    0.823488
1482503972      1383   433128    0.826126
1482503973      1381   434509    0.82876
1482503974      1262   435771    0.831167
1482503975      1382   437153    0.833803
1482503976      1382   438535    0.836439
1482503977      1382   439917    0.839075
1482503978      1264   441181    0.841486
1482503979      1158   442339    0.843695
1482503980      1381   443720    0.846329
1482503981      1270   445057    0.848879
1482503982      1389   446446    0.851528
1482503983      1381   447827    0.854162
1482503984      1381   449208    0.856796
1482503985      1264   450472    0.859207
1482503986      1381   451853    0.861841
1482503987      1381   453234    0.864475
1482503988      1382   454616    0.867111
1482503989      1264   455880    0.869522
1482503990      1332   457212    0.872063
1482503991      1166   458378    0.874287
1482503992      1381   459759    0.876921
1482503993      1258   461017    0.87932
1482503994      1382   462399    0.881956
1482503995      1378   463777    0.884584
1482503996      1271   465125    0.887156
1482503997      1388   466513    0.889803
1482503998      1381   467894    0.892437
1482503999      1379   469273    0.895067
1482504000      1265   470538    0.89748
1482504001      1381   471919    0.900114
1482504002      1380   473299    0.902746
1482504003      1097   474473    0.904985
1482504004      1384   475857    0.907625
1482504005      1382   477239    0.910261
1482504006      1381   478620    0.912895
1482504007      1263   479883    0.915304
1482504008      1382   481265    0.91794
1482504009      1381   482646    0.920574
1482504010      1381   484027    0.923208
1482504011      1263   485290    0.925617
1482504012      1381   486671    0.928251
1482504013      1380   488051    0.930883
1482504014      1114   489181    0.933039
1482504015      1329   490510    0.935574
1482504016      1380   491890    0.938206
1482504017      1321   493211    0.940725
1482504018      1267   494541    0.943262
1482504019      1389   495930    0.945911
1482504020      1380   497310    0.948544
1482504021      1381   498691    0.951178
1482504022      1261   499952    0.953583
