1483001397      1498   1498    0.00285721
1483001398      1500   2998    0.00571823
1483001399      1499   4497    0.00857735
1483001400      1499   5996    0.0114365
1483001401      1500   7496    0.0142975
1483001402      1499   8995    0.0171566
1483001403      1499   10495    0.0200176
1483001404      1499   11995    0.0228786
1483001405      1499   13495    0.0257397
1483001406      1273   14768    0.0281677
1483001407      1349   16117    0.0307407
1483001408      1343   17460    0.0333023
1483001409      1350   18810    0.0358772
1483001410      1172   19988    0.0381241
1483001411      1349   21337    0.0406971
1483001412      1332   22669    0.0432377
1483001413      1346   24015    0.045805
1483001414      1316   25331    0.048315
1483001415      1176   26507    0.0505581
1483001416      1138   27645    0.0527287
1483001417      1353   28998    0.0553093
1483001418      1206   30327    0.0578442
1483001419      1347   31674    0.0604134
1483001420      1321   32995    0.062933
1483001421      1349   34344    0.065506
1483001422      1341   35685    0.0680637
1483001423      1163   36848    0.070282
1483001424      1346   38194    0.0728493
1483001425      1335   39529    0.0753956
1483001426      1012   40666    0.0775642
1483001427      1360   42026    0.0801582
1483001428      1320   43346    0.0826759
1483001429      1346   44692    0.0852432
1483001430      1203   46026    0.0877876
1483001431      1333   47359    0.0903301
1483001432      1354   48713    0.0929127
1483001433      1348   50061    0.0954838
1483001434      1200   51386    0.098011
1483001435      1333   52719    0.100554
1483001436      1338   54057    0.103106
1483001437      1215   55272    0.105423
1483001438      1175   56447    0.107664
1483001439      1350   57797    0.110239
1483001440      1169   58966    0.112469
1483001441      1331   60297    0.115007
1483001442      1180   61477    0.117258
1483001443      1300   62777    0.119738
1483001444      1040   63869    0.12182
1483001445      1303   65172    0.124306
1483001446      1353   66525    0.126886
1483001447      1141   67666    0.129063
1483001448      1039   68848    0.131317
1483001449      1193   70041    0.133593
1483001450      1180   71221    0.135843
1483001451      1314   72535    0.13835
1483001452      1289   73824    0.140808
1483001453      1341   75165    0.143366
1483001454      1169   76352    0.14563
1483001455      1334   77686    0.148174
1483001456      1351   79037    0.150751
1483001457      1318   80355    0.153265
1483001459      908   81331    0.155127
1483001460      1354   82685    0.157709
1483001461      1326   84011    0.160238
1483001462      1347   85358    0.162807
1483001463      1314   86672    0.165314
1483001464      1199   87871    0.167601
1483001465      1345   89216    0.170166
1483001466      1343   90559    0.172728
1483001467      1337   91896    0.175278
1483001468      1169   93123    0.177618
1483001469      1360   94483    0.180212
1483001470      1139   95622    0.182384
1483001471      1346   96968    0.184952
1483001472      1181   98149    0.187204
1483001473      1338   99487    0.189756
1483001474      1342   100829    0.192316
1483001475      1345   102174    0.194881
1483001476      1199   103462    0.197338
1483001477      1340   104802    0.199894
1483001478      1338   106140    0.202446
1483001479      1324   107464    0.204971
1483001480      944   108441    0.206835
1483001481      1360   109801    0.209429
1483001482      1317   111118    0.211941
1483001483      1349   112467    0.214514
1483001484      1221   113801    0.217058
1483001485      1348   115149    0.219629
1483001486      1330   116479    0.222166
1483001487      1352   117831    0.224745
1483001488      1315   119146    0.227253
1483001489      1164   120310    0.229473
1483001490      1348   121658    0.232044
1483001491      1040   122698    0.234028
1483001492      1353   124051    0.236609
1483001493      756   124807    0.23805
1483001494      1335   126142    0.240597
1483001495      1184   127356    0.242912
1483001496      1352   128708    0.245491
1483001497      1351   130059    0.248068
1483001498      1341   131400    0.250626
1483001499      1202   132716    0.253136
1483001500      1299   134015    0.255613
1483001501      1165   135180    0.257835
1483001502      1197   136377    0.260118
1483001503      1193   137695    0.262632
1483001504      1356   139051    0.265219
1483001505      1338   140389    0.267771
1483001506      1348   141737    0.270342
1483001507      1223   143055    0.272856
1483001508      1364   144419    0.275457
1483001509      1173   145592    0.277695
1483001510      1319   146911    0.28021
1483001511      1183   148094    0.282467
1483001512      1067   149161    0.284502
1483001513      1345   150506    0.287067
1483001514      1342   151848    0.289627
1483001515      1343   153191    0.292189
1483001516      1211   154466    0.294621
1483001517      1349   155815    0.297194
1483001518      1344   157159    0.299757
1483001519      1352   158511    0.302336
1483001520      1216   159826    0.304844
1483001521      1352   161178    0.307423
1483001522      1352   162530    0.310001
1483001523      1087   163733    0.312296
1483001524      1356   165089    0.314882
1483001525      1340   166429    0.317438
1483001526      1344   167773    0.320002
1483001527      1215   169093    0.322519
1483001528      1360   170453    0.325113
1483001529      1347   171800    0.327682
1483001530      1346   173146    0.33025
1483001531      1215   174453    0.332743
1483001532      1360   175813    0.335337
1483001533      1217   177030    0.337658
1483001535      1217   178360    0.340195
1483001536      1349   179709    0.342768
1483001537      1351   181060    0.345345
1483001538      1355   182415    0.347929
1483001539      1218   183720    0.350418
1483001540      1353   185073    0.352999
1483001541      1352   186425    0.355577
1483001542      1340   187765    0.358133
1483001543      1217   189080    0.360641
1483001544      1222   190302    0.362972
1483001545      1353   191655    0.365553
1483001546      1215   192987    0.368093
1483001547      1348   194335    0.370665
1483001548      1350   195685    0.37324
1483001549      1347   197032    0.375809
1483001550      1211   198347    0.378317
1483001551      1348   199695    0.380888
1483001552      1356   201051    0.383474
1483001553      1342   202393    0.386034
1483001554      1068   203461    0.388071
1483001555      1351   204812    0.390648
1483001556      1342   206154    0.393208
1483001557      1352   207506    0.395786
1483001558      1176   208686    0.398037
1483001559      1358   210044    0.400627
1483001560      1342   211386    0.403187
1483001561      1351   212737    0.405764
1483001562      1188   213925    0.40803
1483001563      1075   215118    0.410305
1483001564      1175   216293    0.412546
1483001565      1215   217508    0.414864
1483001566      1185   218693    0.417124
1483001567      1175   219868    0.419365
1483001568      1183   221169    0.421846
1483001569      1352   222521    0.424425
1483001570      1350   223871    0.427
1483001571      1349   225220    0.429573
1483001572      1214   226529    0.43207
1483001573      1351   227880    0.434647
1483001574      1351   229231    0.437223
1483001575      1103   230436    0.439522
1483001576      1359   231795    0.442114
1483001577      1336   233131    0.444662
1483001578      1345   234476    0.447227
1483001579      1218   235796    0.449745
1483001580      1360   237156    0.452339
1483001581      1340   238496    0.454895
1483001582      1346   239842    0.457462
1483001583      1214   241156    0.459969
1483001584      1357   242513    0.462557
1483001585      1348   243861    0.465128
1483001587      1097   245063    0.467421
1483001588      1362   246425    0.470018
1483001589      1340   247765    0.472574
1483001590      1352   249117    0.475153
1483001591      1213   250423    0.477644
1483001592      1361   251784    0.48024
1483001593      1346   253130    0.482807
1483001594      1349   254479    0.48538
1483001595      1210   255783    0.487867
1483001596      1355   257138    0.490452
1483001597      1217   258355    0.492773
1483001598      1224   259690    0.495319
1483001599      1352   261042    0.497898
1483001600      1340   262382    0.500454
1483001601      1351   263733    0.503031
1483001602      1209   265050    0.505543
1483001603      1359   266409    0.508135
1483001604      1343   267752    0.510696
1483001605      1352   269104    0.513275
1483001606      1215   270410    0.515766
1483001607      1224   271634    0.518101
1483001608      1353   272987    0.520681
1483001609      1221   274317    0.523218
1483001610      1360   275677    0.525812
1483001611      1355   277032    0.528397
1483001612      1348   278380    0.530968
1483001613      1205   279677    0.533442
1483001614      1357   281034    0.53603
1483001615      1343   282377    0.538591
1483001616      1351   283728    0.541168
1483001617      1056   284784    0.543182
1483001618      1352   286136    0.545761
1483001619      1345   287481    0.548326
1483001620      1353   288834    0.550907
1483001621      1197   290031    0.55319
1483001622      1177   291208    0.555435
1483001623      1183   292391    0.557692
1483001624      1176   293567    0.559935
1483001625      1341   294908    0.562492
1483001626      1352   296260    0.565071
1483001627      1077   297520    0.567474
1483001628      1083   298603    0.56954
1483001629      1171   299774    0.571774
1483001630      1173   300947    0.574011
1483001631      1178   302125    0.576258
1483001632      1347   303472    0.578827
1483001633      1050   304643    0.58106
1483001634      1351   305994    0.583637
1483001635      1329   307323    0.586172
1483001636      1335   308658    0.588718
1483001637      1336   309994    0.591267
1483001638      1179   311173    0.593515
1483001639      1216   312389    0.595835
1483001640      1322   313711    0.598356
1483001641      1205   314982    0.60078
1483001642      1347   316329    0.60335
1483001643      1326   317655    0.605879
1483001644      1351   319006    0.608456
1483001645      1318   320324    0.61097
1483001646      1194   321518    0.613247
1483001647      1347   322865    0.615816
1483001648      1339   324204    0.61837
1483001650      959   325321    0.620501
1483001651      1357   326678    0.623089
1483001652      1345   328023    0.625654
1483001653      1347   329370    0.628223
1483001654      1205   330681    0.630724
1483001655      1345   332026    0.633289
1483001656      1344   333370    0.635853
1483001657      1343   334713    0.638414
1483001658      1211   336041    0.640947
1483001659      1330   337371    0.643484
1483001660      1352   338723    0.646063
1483001661      1216   339939    0.648382
1483001662      1158   341097    0.650591
1483001663      1350   342447    0.653166
1483001664      1316   343763    0.655676
1483001665      1349   345112    0.658249
1483001666      1185   346380    0.660667
1483001667      1328   347708    0.6632
1483001668      1352   349060    0.665779
1483001669      1316   350376    0.668289
1483001670      1348   351724    0.67086
1483001671      1056   352780    0.672874
1483001672      1348   354128    0.675446
1483001673      1348   355476    0.678017
1483001674      1191   356719    0.680387
1483001675      1340   358059    0.682943
1483001676      1353   359412    0.685524
1483001677      1322   360734    0.688046
1483001678      1217   362079    0.690611
1483001679      1359   363438    0.693203
1483001680      1356   364794    0.695789
1483001681      980   365986    0.698063
1483001682      1362   367348    0.700661
1483001683      1347   368695    0.70323
1483001684      1343   370038    0.705791
1483001685      1197   371346    0.708286
1483001686      1341   372687    0.710844
1483001687      1346   374033    0.713411
1483001688      1349   375382    0.715984
1483001689      1222   376706    0.71851
1483001690      1182   377888    0.720764
1483001691      1247   379135    0.723143
1483001692      1015   380150    0.725079
1483001693      1182   381332    0.727333
1483001694      1346   382678    0.7299
1483001695      1197   383875    0.732183
1483001696      1338   385213    0.734735
1483001697      1346   386559    0.737303
1483001698      1337   387896    0.739853
1483001699      1197   389189    0.742319
1483001700      1349   390538    0.744892
1483001701      1329   391867    0.747427
1483001703      985   393096    0.749771
1483001704      1354   394450    0.752354
1483001705      1352   395802    0.754932
1483001706      1333   397135    0.757475
1483001707      1202   398456    0.759995
1483001708      1356   399812    0.762581
1483001709      1331   401143    0.76512
1483001710      1343   402486    0.767681
1483001711      1203   403816    0.770218
1483001712      1339   405155    0.772772
1483001713      1345   406500    0.775337
1483001714      1052   407552    0.777344
1483001715      1193   408795    0.779715
1483001716      1360   410155    0.782309
1483001717      1345   411500    0.784874
1483001718      1352   412852    0.787453
1483001719      1206   414155    0.789938
1483001720      1350   415505    0.792513
1483001721      1333   416838    0.795055
1483001722      1343   418181    0.797617
1483001723      1205   419515    0.800161
1483001724      1069   420584    0.8022
1483001725      1352   421936    0.804779
1483001726      1327   423263    0.80731
1483001727      1206   424494    0.809658
1483001728      1352   425846    0.812237
1483001729      1352   427198    0.814816
1483001730      1302   428500    0.817299
1483001731      1349   429849    0.819872
1483001732      1160   431009    0.822084
1483001733      1356   432365    0.824671
1483001734      1332   433697    0.827211
1483001735      1116   434813    0.82934
1483001736      1190   436003    0.83161
1483001737      1336   437339    0.834158
1483001738      1351   438690    0.836735
1483001739      1341   440031    0.839293
1483001740      1201   441265    0.841646
1483001741      1353   442618    0.844227
1483001742      1353   443971    0.846807
1483001743      1321   445292    0.849327
1483001744      1181   446473    0.85158
1483001745      927   447400    0.853348
1483001746      1286   448686    0.855801
1483001747      1303   449989    0.858286
1483001748      1352   451341    0.860865
1483001749      1102   452676    0.863411
1483001750      1356   454032    0.865997
1483001751      1338   455370    0.868549
1483001752      1176   456546    0.870792
1483001753      1352   457898    0.873371
1483001754      1188   459108    0.875679
1483001755      1360   460468    0.878273
1483001756      1213   461681    0.880587
1483001757      1218   463015    0.883131
1483001758      1358   464373    0.885721
1483001759      1356   465729    0.888308
1483001760      1346   467075    0.890875
1483001762      1208   468375    0.893354
1483001763      1351   469726    0.895931
1483001764      1353   471079    0.898512
1483001765      1355   472434    0.901096
1483001766      1214   473735    0.903578
1483001767      1224   474959    0.905912
1483001768      1351   476310    0.908489
1483001769      1220   477642    0.91103
1483001770      1360   479002    0.913624
1483001771      1344   480346    0.916187
1483001772      1350   481696    0.918762
1483001773      1218   483002    0.921253
1483001774      1351   484353    0.92383
1483001775      1346   485699    0.926397
1483001776      1348   487047    0.928968
1483001777      1069   488116    0.931007
1483001778      1347   489463    0.933577
1483001779      1349   490812    0.93615
1483001780      1351   492163    0.938726
1483001781      1197   493360    0.94101
1483001782      1345   494705    0.943575
1483001783      1351   496056    0.946152
1483001784      1342   497398    0.948711
1483001785      1213   498701    0.951197
