1499850104      998   998    0
1499850105      1000   1998    0
1499850106      999   2997    0
1499850107      1000   3997    0
1499850108      999   4996    0
1499850109      1000   5996    0
1499850110      1000   6996    0
1499850111      999   7995    0
1499850112      1000   8995    0
1499850113      999   9994    0
1499850114      1000   10994    0
1499850115      999   11993    0
1499850116      1000   12993    0
1499850117      999   13992    0
1499850118      1000   14992    0
1499850119      999   15991    0
1499850120      1000   16991    0
1499850121      999   17990    0
1499850122      1000   18990    0
1499850123      1000   19990    0
1499850124      999   20989    0
1499850125      1000   21989    0
1499850126      999   22988    0
1499850127      1000   23988    0
1499850128      999   24987    0
1499850129      1000   25987    0
1499850130      999   26986    0
1499850131      1000   27986    0
1499850132      999   28985    0
1499850133      1000   29985    0
1499850134      999   30984    0
1499850135      1000   31984    0
1499850136      999   32983    0
1499850137      1000   33983    0
1499850138      1000   34983    0
1499850139      999   35982    0
1499850140      1000   36982    0
1499850141      999   37981    0
1499850142      1000   38981    0
1499850143      999   39980    0
1499850144      1000   40980    0
1499850145      999   41979    0
1499850146      1000   42979    0
1499850147      999   43978    0
1499850148      1000   44978    0
1499850149      999   45977    0
1499850150      1000   46977    0
1499850151      999   47976    0
1499850152      1000   48976    0
1499850153      1000   49976    0
1499850154      999   50975    0
1499850155      1000   51975    0
1499850156      999   52974    0
1499850157      1000   53974    0
1499850158      999   54973    0
1499850159      1000   55973    0
1499850160      999   56972    0
1499850161      998   57970    0
1499850162      999   58969    0
1499850163      1000   59969    0
1499850164      999   60968    0
1499850165      1000   61968    0
1499850166      999   62967    0
1499850167      1000   63967    0
1499850168      1000   64967    0
1499850169      999   65966    0
1499850170      1000   66966    0
1499850171      999   67965    0
1499850172      1000   68965    0
1499850173      999   69964    0
1499850174      1000   70964    0
1499850175      999   71963    0
1499850176      980   72943    0
1499850177      999   73942    0
1499850178      1000   74942    0
1499850179      948   75890    0
1499850180      1000   76890    0
1499850181      999   77889    0
1499850182      949   78838    0
1499850183      1000   79838    0
1499850184      999   80837    0
1499850185      1000   81837    0
1499850186      948   82785    0
1499850187      1000   83785    0
1499850188      997   84782    0
1499850189      950   85732    0
1499850190      997   86729    0
1499850191      1000   87729    0
1499850192      948   88677    0
1499850193      1000   89677    0
1499850194      999   90676    0
1499850195      1000   91676    0
1499850196      932   92608    0
1499850197      999   93607    0
1499850198      1000   94607    0
1499850199      948   95555    0
1499850200      1000   96555    0
1499850201      999   97554    0
1499850202      950   98504    0
1499850203      999   99503    0
1499850204      1000   100503    0
1499850205      999   101502    0
1499850206      913   102415    0
1499850207      999   103414    0
1499850208      1000   104414    0
1499850209      950   105364    0
1499850210      999   106363    0
1499850211      1000   107363    0
1499850212      949   108312    0
1499850213      1000   109312    0
1499850214      999   110311    0
1499850215      943   111269    0
1499850216      1007   112276    0
1499850217      999   113275    0
1499850218      1000   114275    0
1499850219      933   115208    0
1499850220      1000   116208    0
1499850221      999   117207    0
1499850222      950   118157    0
1499850223      1000   119157    0
1499850224      999   120156    0
1499850225      946   121102    0
1499850226      999   122101    0
1499850227      1000   123101    0
1499850228      999   124100    0
1499850229      950   125050    0
1499850230      999   126049    0
1499850231      1000   127049    0
1499850232      949   127998    0
1499850233      1000   128998    0
1499850234      999   129997    0
1499850235      950   130947    0
1499850236      1000   131947    0
1499850237      999   132946    0
1499850238      1000   133946    0
1499850239      931   134877    0
1499850240      1000   135877    0
1499850241      999   136876    0
1499850242      932   137808    0
1499850243      999   138807    0
1499850244      1000   139807    0
1499850245      949   140756    0
1499850246      1000   141756    0
1499850247      999   142755    0
1499850248      1000   143755    0
1499850249      860   144615    0
1499850250      999   145614    0
1499850251      1000   146614    0
1499850252      999   147613    0
1499850253      950   148563    0
1499850254      999   149562    0
1499850255      1000   150562    0
1499850256      933   151495    0
1499850257      1000   152495    0
1499850258      999   153494    0
1499850259      949   154443    0
1499850260      998   155441    0
1499850261      1000   156441    0
1499850262      999   157440    0
1499850263      931   158371    0
1499850264      1000   159371    0
1499850265      999   160370    0
1499850266      950   161320    0
1499850267      999   162319    0
1499850268      1000   163319    0
1499850269      948   164267    0
1499850270      1000   165267    0
1499850271      999   166266    0
1499850272      998   167264    0
1499850273      916   168180    0
1499850274      1000   169180    0
1499850275      999   170179    0
1499850276      949   171128    0
1499850277      999   172127    0
1499850278      1000   173127    0
1499850279      937   174064    0
1499850280      999   175063    0
1499850281      1000   176063    0
1499850282      943   177023    0
1499850283      1007   178030    0
1499850284      1000   179030    0
1499850285      999   180029    0
1499850286      950   180979    0
1499850287      999   181978    0
1499850288      1000   182978    0
1499850289      949   183927    0
1499850290      1000   184927    0
1499850291      999   185926    0
1499850292      950   186876    0
1499850293      999   187875    0
1499850294      1000   188875    0
1499850295      999   189874    0
1499850296      945   190819    0
1499850297      1000   191819    0
1499850298      999   192818    0
1499850299      948   193766    0
1499850300      999   194765    0
1499850301      1000   195765    0
1499850302      949   196714    0
1499850303      1000   197714    0
1499850304      999   198713    0
1499850305      1000   199713    0
1499850306      918   200631    0
1499850307      1000   201631    0
1499850308      999   202630    0
1499850309      950   203580    0
1499850310      1000   204580    0
1499850311      999   205579    0
1499850312      950   206529    0
1499850313      999   207528    0
1499850314      1000   208528    0
1499850315      999   209527    0
1499850316      938   210465    0
1499850317      999   211464    0
1499850318      1000   212464    0
1499850319      949   213413    0
1499850320      1000   214413    0
1499850321      999   215412    0
1499850322      950   216362    0
1499850323      932   217294    0
1499850324      1000   218294    0
1499850325      1000   219294    0
1499850326      949   220243    0
1499850327      1000   221243    0
1499850328      999   222242    0
1499850329      1000   223242    0
1499850330      938   224180    0
1499850331      1000   225180    0
1499850332      999   226179    0
1499850333      950   227129    0
1499850334      999   228128    0
1499850335      997   229125    0
1499850336      949   230074    0
1499850337      1000   231074    0
1499850338      999   232073    0
1499850339      943   233024    0
1499850340      1007   234031    0
1499850341      999   235030    0
1499850342      1000   236030    0
1499850343      947   236977    0
1499850344      999   237976    0
1499850345      1000   238976    0
1499850346      949   239925    0
1499850347      1000   240925    0
1499850348      999   241924    0
1499850349      940   242864    0
1499850350      999   243863    0
1499850351      1000   244863    0
1499850352      999   245862    0
1499850353      950   246812    0
1499850354      999   247811    0
1499850355      1000   248811    0
1499850356      950   249761    0
1499850357      999   250760    0
1499850358      1000   251760    0
1499850359      947   252707    0
1499850360      1000   253707    0
1499850361      999   254706    0
1499850362      1000   255706    0
1499850363      930   256636    0
1499850364      1000   257636    0
1499850365      999   258635    0
1499850366      931   259566    0
1499850367      999   260565    0
1499850368      1000   261565    0
1499850369      950   262515    0
1499850370      999   263514    0
1499850371      1000   264514    0
1499850372      999   265513    0
1499850373      925   266438    0
1499850374      999   267437    0
1499850375      1000   268437    0
1499850376      949   269386    0
1499850377      1000   270386    0
1499850378      999   271385    0
1499850379      950   272335    0
1499850380      999   273334    0
1499850381      1000   274334    0
1499850382      943   275287    0
1499850383      1007   276294    0
1499850384      999   277293    0
1499850385      1000   278293    0
1499850386      948   279241    0
1499850387      1000   280241    0
1499850388      999   281240    0
1499850389      946   282186    0
1499850390      999   283185    0
1499850391      1000   284185    0
1499850392      949   285134    0
1499850393      1000   286134    0
1499850394      999   287133    0
1499850395      1000   288133    0
1499850396      901   289034    0
1499850397      999   290033    0
1499850398      1000   291033    0
1499850399      999   292032    0
1499850400      950   292982    0
1499850401      999   293981    0
1499850402      1000   294981    0
1499850403      949   295930    0
1499850404      1000   296930    0
1499850405      999   297929    0
1499850406      942   298871    0
1499850407      999   299870    0
1499850408      1000   300870    0
1499850409      1000   301870    0
1499850410      935   302805    0
1499850411      1000   303805    0
1499850412      999   304804    0
1499850413      948   305752    0
1499850414      999   306751    0
1499850415      1000   307751    0
1499850416      949   308700    0
1499850417      1000   309700    0
1499850418      999   310699    0
1499850419      1000   311699    0
1499850420      915   312614    0
1499850421      1000   313614    0
1499850422      999   314613    0
1499850423      950   315563    0
1499850424      1000   316563    0
1499850425      999   317562    0
1499850426      950   318512    0
1499850427      999   319511    0
1499850428      1000   320511    0
1499850429      999   321510    0
1499850430      926   322436    0
1499850431      999   323435    0
1499850432      1000   324435    0
1499850433      948   325383    0
1499850434      1000   326383    0
1499850435      999   327382    0
1499850436      930   328312    0
1499850437      1000   329312    0
1499850438      999   330311    0
1499850439      944   331288    0
1499850440      1006   332294    0
1499850441      1000   333294    0
1499850442      999   334293    0
1499850443      949   335242    0
1499850444      999   336241    0
1499850445      1000   337241    0
1499850446      949   338190    0
1499850447      1000   339190    0
1499850448      999   340189    0
1499850449      950   341139    0
1499850450      999   342138    0
1499850451      1000   343138    0
1499850452      1000   344138    0
1499850453      949   345087    0
1499850454      1000   346087    0
1499850455      999   347086    0
1499850456      949   348035    0
1499850457      999   349034    0
1499850458      1000   350034    0
1499850459      948   350982    0
1499850460      1000   351982    0
1499850461      999   352981    0
1499850462      1000   353981    0
1499850463      924   354905    0
1499850464      1000   355905    0
1499850465      1000   356905    0
1499850466      949   357854    0
1499850467      1000   358854    0
1499850468      999   359853    0
1499850469      950   360803    0
1499850470      966   361769    0
1499850471      1000   362769    0
1499850472      999   363768    0
1499850473      950   364718    0
1499850474      999   365717    0
1499850475      1000   366717    0
1499850476      999   367716    0
1499850477      927   368643    0
1499850478      1000   369643    0
1499850479      999   370642    0
1499850480      950   371592    0
1499850481      999   372591    0
1499850482      1000   373591    0
1499850483      949   374540    0
1499850484      1000   375540    0
1499850485      999   376539    0
1499850486      945   377536    0
1499850487      1006   378542    0
1499850488      1000   379542    0
1499850489      999   380541    0
1499850490      949   381490    0
1499850491      999   382489    0
1499850492      1000   383489    0
1499850493      948   384437    0
1499850494      1000   385437    0
1499850495      999   386436    0
1499850496      949   387385    0
1499850497      1000   388385    0
1499850498      999   389384    0
1499850499      1000   390384    0
1499850500      948   391332    0
1499850501      1000   392332    0
1499850502      999   393331    0
1499850503      949   394280    0
1499850504      999   395279    0
1499850505      1000   396279    0
1499850506      948   397227    0
1499850507      1000   398227    0
1499850508      999   399226    0
1499850509      1000   400226    0
1499850510      931   401157    0
1499850511      1000   402157    0
1499850512      1000   403157    0
1499850513      949   404106    0
1499850514      1000   405106    0
1499850515      999   406105    0
1499850516      949   407054    0
1499850517      999   408053    0
1499850518      1000   409053    0
1499850519      945   410046    0
1499850520      1006   411052    0
1499850521      1000   412052    0
1499850522      999   413051    0
1499850523      949   414000    0
1499850524      999   414999    0
1499850525      1000   415999    0
1499850526      948   416947    0
1499850527      1000   417947    0
1499850528      999   418946    0
1499850529      949   419895    0
1499850530      998   420893    0
1499850531      1000   421893    0
1499850532      1000   422893    0
1499850533      946   423839    0
1499850534      1000   424839    0
1499850535      999   425838    0
1499850536      949   426787    0
1499850537      999   427786    0
1499850538      1000   428786    0
1499850539      948   429734    0
1499850540      1000   430734    0
1499850541      999   431733    0
1499850542      1000   432733    0
1499850543      895   433628    0
1499850544      1000   434628    0
1499850545      1000   435628    0
1499850546      999   436627    0
1499850547      936   437563    0
1499850548      999   438562    0
1499850549      1000   439562    0
1499850550      945   440507    0
1499850551      1000   441507    0
1499850552      999   442506    0
1499850553      949   443455    0
1499850554      999   444454    0
1499850555      1000   445454    0
1499850556      999   446453    0
1499850557      928   447381    0
1499850558      1000   448381    0
1499850559      999   449380    0
1499850560      949   450329    0
1499850561      999   451328    0
1499850562      1000   452328    0
1499850563      925   453253    0
1499850564      1000   454253    0
1499850565      999   455252    0
1499850566      1000   456252    0
1499850567      922   457174    0
1499850568      1000   458174    0
1499850569      999   459173    0
1499850570      949   460122    0
1499850571      1000   461122    0
1499850572      999   462121    0
1499850573      949   463070    0
1499850574      999   464069    0
1499850575      1000   465069    0
1499850576      944   466047    0
1499850577      1006   467053    0
1499850578      1000   468053    0
1499850579      999   469052    0
1499850580      946   469998    0
1499850581      999   470997    0
1499850582      1000   471997    0
1499850583      948   472945    0
1499850584      1000   473945    0
1499850585      999   474944    0
1499850586      950   475894    0
1499850587      999   476893    0
1499850588      1000   477893    0
1499850589      999   478892    0
1499850590      949   479841    0
1499850591      1000   480841    0
1499850592      999   481840    0
1499850593      949   482789    0
1499850594      999   483788    0
1499850595      1000   484788    0
1499850596      949   485737    0
1499850597      1000   486737    0
1499850598      999   487736    0
1499850599      1000   488736    0
1499850600      924   489660    0
1499850601      1000   490660    0
1499850602      999   491659    0
1499850603      950   492609    0
1499850604      999   493608    0
1499850605      1000   494608    0
1499850606      950   495558    0
1499850607      999   496557    0
1499850608      1000   497557    0
1499850609      945   498557    0
1499850610      1007   499564    0
