1482850225      1498   1498    0.00285721
1482850226      1500   2998    0.00571823
1482850227      1499   4497    0.00857735
1482850228      1499   5996    0.0114365
1482850229      1500   7496    0.0142975
1482850230      1499   8995    0.0171566
1482850231      1499   10495    0.0200176
1482850232      1499   11995    0.0228786
1482850233      1500   13496    0.0257416
1482850234      1260   14756    0.0281448
1482850235      1347   16103    0.030714
1482850236      1354   17457    0.0332966
1482850237      1348   18805    0.0358677
1482850238      1199   20038    0.0382195
1482850239      1338   21376    0.0407715
1482850240      1346   22722    0.0433388
1482850241      1332   24054    0.0458794
1482850242      1203   25398    0.0484428
1482850243      1354   26752    0.0510254
1482850244      988   27740    0.0529099
1482850245      1354   29094    0.0554924
1482850246      1225   30427    0.0580349
1482850247      1356   31783    0.0606213
1482850248      1343   33126    0.0631828
1482850249      1346   34472    0.0657501
1482850250      1214   35787    0.0682583
1482850251      1338   37125    0.0708103
1482850252      1356   38481    0.0733967
1482850253      1334   39815    0.0759411
1482850254      1055   40870    0.0779533
1482850255      1344   42214    0.0805168
1482850256      1336   43550    0.083065
1482850257      1357   44907    0.0856533
1482850258      1188   46176    0.0880737
1482850259      1336   47512    0.0906219
1482850260      1353   48865    0.0932026
1482850261      1316   50181    0.0957127
1482850262      1353   51534    0.0982933
1482850263      1165   52699    0.100515
1482850264      1312   54011    0.103018
1482850265      1196   55207    0.105299
1482850266      1332   56539    0.10784
1482850267      1039   57637    0.109934
1482850268      1206   58843    0.112234
1482850269      1205   60048    0.114532
1482850270      1213   61261    0.116846
1482850271      1323   62584    0.11937
1482850272      1326   63910    0.121899
1482850273      1140   65141    0.124247
1482850274      1193   66334    0.126522
1482850275      1336   67670    0.12907
1482850276      1196   68866    0.131351
1482850277      1210   70170    0.133839
1482850278      1347   71517    0.136408
1482850279      1356   72873    0.138994
1482850280      1329   74202    0.141529
1482850282      1204   75530    0.144062
1482850283      1365   76895    0.146666
1482850284      1328   78223    0.149199
1482850285      1352   79575    0.151777
1482850286      1216   80890    0.154285
1482850287      1063   81953    0.156313
1482850288      1351   83304    0.15889
1482850289      1346   84650    0.161457
1482850290      1205   85919    0.163877
1482850291      1343   87262    0.166439
1482850292      1351   88613    0.169016
1482850293      1324   89937    0.171541
1482850294      1218   91279    0.174101
1482850295      1365   92644    0.176704
1482850296      1349   93993    0.179277
1482850297      1091   95236    0.181648
1482850298      1334   96570    0.184193
1482850299      1315   97885    0.186701
1482850300      1323   99208    0.189224
1482850301      1351   100559    0.191801
1482850302      1201   101760    0.194092
1482850303      1353   103113    0.196672
1482850304      1325   104438    0.1992
1482850305      1353   105791    0.20178
1482850306      1181   107028    0.20414
1482850307      1341   108369    0.206697
1482850308      1196   109565    0.208979
1482850309      1341   110906    0.211536
1482850310      1167   112073    0.213762
1482850311      1347   113420    0.216331
1482850312      1336   114756    0.21888
1482850313      1346   116102    0.221447
1482850314      1208   117417    0.223955
1482850315      1360   118777    0.226549
1482850316      1347   120124    0.229118
1482850317      1325   121449    0.231646
1482850318      979   122446    0.233547
1482850319      1362   123808    0.236145
1482850320      1346   125154    0.238712
1482850321      1338   126492    0.241264
1482850322      1207   127806    0.243771
1482850323      1360   129166    0.246365
1482850324      1320   130486    0.248882
1482850325      1177   131663    0.251127
1482850326      1351   133014    0.253704
1482850327      1155   134238    0.256039
1482850328      1190   135428    0.258308
1482850329      1192   136620    0.260582
1482850330      1335   137955    0.263128
1482850331      1204   139267    0.265631
1482850332      1352   140619    0.268209
1482850333      1328   141947    0.270742
1482850334      1347   143294    0.273312
1482850335      1210   144627    0.275854
1482850336      1356   145983    0.27844
1482850337      1339   147322    0.280994
1482850338      1356   148678    0.283581
1482850339      1010   149688    0.285507
1482850340      1339   151027    0.288061
1482850341      1357   152384    0.290649
1482850342      1322   153706    0.293171
1482850343      1209   155016    0.29567
1482850344      1354   156370    0.298252
1482850345      1353   157723    0.300833
1482850346      1266   158989    0.303247
1482850347      1348   160337    0.305819
1482850348      1197   161534    0.308102
1482850349      1350   162884    0.310677
1482850350      981   163865    0.312548
1482850351      1351   165216    0.315125
1482850352      1189   166477    0.31753
1482850353      1359   167836    0.320122
1482850354      1356   169192    0.322708
1482850355      1351   170543    0.325285
1482850357      1213   171837    0.327753
1482850358      1359   173196    0.330345
1482850359      1356   174552    0.332932
1482850360      1345   175897    0.335497
1482850361      1048   176945    0.337496
1482850362      1350   178295    0.340071
1482850363      1353   179648    0.342651
1482850364      1350   180998    0.345226
1482850365      1202   182226    0.347569
1482850366      1360   183586    0.350163
1482850367      1346   184932    0.35273
1482850368      1348   186280    0.355301
1482850369      1211   187586    0.357792
1482850370      1361   188947    0.360388
1482850371      1345   190292    0.362953
1482850372      1197   191489    0.365236
1482850373      1193   192682    0.367512
1482850374      1342   194024    0.370071
1482850375      1342   195366    0.372631
1482850376      1354   196720    0.375214
1482850377      1191   197975    0.377607
1482850378      1354   199329    0.38019
1482850379      1355   200684    0.382774
1482850380      1352   202036    0.385353
1482850381      1215   203335    0.387831
1482850382      1204   204539    0.390127
1482850383      1353   205892    0.392708
1482850384      1345   207237    0.395273
1482850385      1207   208444    0.397575
1482850386      1221   209665    0.399904
1482850387      1184   210849    0.402163
1482850388      1350   212199    0.404737
1482850389      1202   213401    0.40703
1482850390      1283   214684    0.409477
1482850391      1090   215868    0.411736
1482850392      1194   217062    0.414013
1482850393      1195   218257    0.416292
1482850394      1278   219535    0.41873
1482850395      1195   220730    0.421009
1482850396      913   221969    0.423372
1482850397      1365   223334    0.425976
1482850398      1349   224683    0.428549
1482850399      1354   226037    0.431131
1482850400      1209   227329    0.433596
1482850401      1361   228690    0.436192
1482850402      1319   230009    0.438707
1482850403      1100   231286    0.441143
1482850404      1355   232641    0.443727
1482850405      1352   233993    0.446306
1482850406      1353   235346    0.448887
1482850408      1213   236646    0.451366
1482850409      1353   237999    0.453947
1482850410      1353   239352    0.456528
1482850411      1358   240710    0.459118
1482850412      1222   242006    0.46159
1482850413      1357   243363    0.464178
1482850414      1354   244717    0.466761
1482850415      1196   245913    0.469042
1482850416      1209   247122    0.471348
1482850417      1351   248473    0.473925
1482850418      1352   249825    0.476503
1482850419      1356   251181    0.47909
1482850420      1195   252395    0.481405
1482850421      1352   253747    0.483984
1482850422      1340   255087    0.48654
1482850423      1353   256440    0.48912
1482850424      1216   257755    0.491629
1482850425      1204   258959    0.493925
1482850426      1346   260305    0.496492
1482850427      1354   261659    0.499075
1482850428      1201   262860    0.501366
1482850429      1345   264205    0.503931
1482850430      1352   265557    0.50651
1482850431      1355   266912    0.509094
1482850432      1201   268144    0.511444
1482850433      1348   269492    0.514015
1482850434      1353   270845    0.516596
1482850435      1104   272101    0.518991
1482850436      1361   273462    0.521587
1482850437      1357   274819    0.524176
1482850438      1350   276169    0.526751
1482850439      1219   277461    0.529215
1482850440      1350   278811    0.53179
1482850441      1352   280163    0.534369
1482850442      1346   281509    0.536936
1482850443      1215   282821    0.539438
1482850444      1361   284182    0.542034
1482850445      1345   285527    0.5446
1482850446      1196   286723    0.546881
1482850447      965   287850    0.54903
1482850448      1349   289199    0.551603
1482850449      1186   290385    0.553865
1482850450      1174   291559    0.556105
1482850451      1351   292910    0.558681
1482850452      1351   294261    0.561258
1482850453      1155   295416    0.563461
1482850454      1356   296772    0.566048
1482850455      1326   298098    0.568577
1482850456      1189   299287    0.570845
1482850457      1073   300360    0.572891
1482850458      1167   301527    0.575117
1482850459      1341   302868    0.577675
1482850460      1350   304218    0.58025
1482850461      1345   305563    0.582815
1482850462      1205   306815    0.585203
1482850463      1359   308174    0.587795
1482850464      1343   309517    0.590357
1482850465      1353   310870    0.592937
1482850466      1214   312175    0.595427
1482850467      1205   313380    0.597725
1482850468      1353   314733    0.600306
1482850469      1345   316078    0.602871
1482850470      1201   317279    0.605162
1482850471      1356   318635    0.607748
1482850472      1350   319985    0.610323
1482850473      1355   321340    0.612907
1482850474      1183   322564    0.615242
1482850475      1355   323919    0.617826
1482850476      1349   325268    0.620399
1482850477      1071   326521    0.622789
1482850478      1355   327876    0.625374
1482850479      1352   329228    0.627953
1482850480      1344   330572    0.630516
1482850482      1195   331881    0.633013
1482850483      1359   333240    0.635605
1482850484      1345   334585    0.63817
1482850485      1348   335933    0.640741
1482850486      1204   337241    0.643236
1482850487      1351   338592    0.645813
1482850488      1345   339937    0.648378
1482850489      1197   341134    0.650661
1482850490      1198   342332    0.652946
1482850491      1345   343677    0.655512
1482850492      1338   345015    0.658064
1482850493      1356   346371    0.66065
1482850494      1194   347630    0.663052
1482850495      1347   348977    0.665621
1482850496      1347   350324    0.66819
1482850497      1338   351662    0.670742
1482850498      1208   352990    0.673275
1482850499      1203   354193    0.67557
1482850500      1340   355533    0.678125
1482850501      1345   356878    0.680691
1482850502      1191   358069    0.682962
1482850503      1331   359400    0.685501
1482850504      1351   360751    0.688078
1482850505      1302   362053    0.690561
1482850506      1201   363379    0.69309
1482850507      1357   364736    0.695679
1482850508      1314   366050    0.698185
1482850509      978   367336    0.700638
1482850510      1362   368698    0.703236
1482850511      1324   370022    0.705761
1482850512      1349   371371    0.708334
1482850513      1187   372558    0.710598
1482850514      1071   373768    0.712906
1482850515      1330   375098    0.715443
1482850516      1184   376282    0.717701
1482850517      1167   377449    0.719927
1482850518      1354   378803    0.722509
1482850519      1345   380148    0.725075
1482850520      927   381075    0.726843
1482850521      1351   382426    0.72942
1482850522      1355   383781    0.732004
1482850523      1323   385104    0.734528
1482850524      1191   386301    0.736811
1482850525      1353   387654    0.739391
1482850526      1352   389006    0.74197
1482850527      1349   390355    0.744543
1482850528      1208   391661    0.747034
1482850529      1362   393023    0.749632
1482850530      1329   394352    0.752167
1482850531      1192   395544    0.75444
1482850532      1187   396731    0.756704
1482850533      1317   398048    0.759216
1482850534      1348   399396    0.761787
1482850535      1326   400722    0.764317
1482850536      1202   402050    0.76685
1482850537      1359   403409    0.769442
1482850538      1342   404751    0.772001
1482850539      1339   406090    0.774555
1482850541      1207   407410    0.777073
1482850542      1129   408539    0.779226
1482850543      1352   409891    0.781805
1482850544      1358   411249    0.784395
1482850545      1179   412439    0.786665
1482850546      1355   413794    0.789249
1482850547      1348   415142    0.791821
1482850548      1337   416479    0.794371
1482850549      1199   417799    0.796888
1482850550      1360   419159    0.799482
1482850551      1325   420484    0.80201
1482850552      976   421756    0.804436
1482850553      1350   423106    0.807011
1482850554      1339   424445    0.809565
1482850555      1352   425797    0.812143
1482850556      1202   427116    0.814659
1482850557      1362   428478    0.817257
1482850558      1329   429807    0.819792
1482850559      1351   431158    0.822369
1482850560      1208   432476    0.824883
1482850561      1342   433818    0.827442
1482850562      1356   435174    0.830029
1482850563      979   436153    0.831896
1482850564      1350   437503    0.834471
1482850565      1178   438681    0.836718
1482850566      1345   440026    0.839283
1482850567      1340   441366    0.841839
1482850568      1311   442677    0.844339
1482850569      1085   443937    0.846743
1482850570      1330   445267    0.849279
1482850571      1352   446619    0.851858
1482850572      1227   447846    0.854198
1482850573      973   448966    0.856335
1482850574      1343   450309    0.858896
1482850575      1351   451660    0.861473
1482850576      1334   452994    0.864017
1482850578      1200   454326    0.866558
1482850579      1356   455682    0.869144
1482850580      1344   457026    0.871708
1482850581      1334   458360    0.874252
1482850582      1212   459686    0.876781
1482850583      1363   461049    0.879381
1482850584      1353   462402    0.881962
1482850585      1194   463596    0.884239
1482850586      1205   464801    0.886538
1482850587      1346   466147    0.889105
1482850588      1350   467497    0.89168
1482850589      1346   468843    0.894247
1482850590      1036   469879    0.896223
1482850591      1206   471147    0.898642
1482850592      1360   472507    0.901236
1482850593      1344   473851    0.903799
1482850594      1351   475202    0.906376
1482850595      1039   476241    0.908358
1482850596      1351   477592    0.910934
1482850597      1346   478938    0.913502
1482850598      1351   480289    0.916079
1482850599      1194   481536    0.918457
1482850600      1358   482894    0.921047
1482850601      1352   484246    0.923626
1482850602      1305   485551    0.926115
1482850603      1216   486896    0.92868
1482850604      1353   488249    0.931261
1482850605      1350   489599    0.933836
1482850606      1197   490796    0.936119
1482850607      1202   491998    0.938412
1482850608      1353   493351    0.940992
1482850609      1348   494699    0.943563
1482850610      1355   496054    0.946148
1482850611      1201   497285    0.948496
1482850612      1318   498603    0.95101
1482850613      1353   499956    0.95359
