1483400109      1498   1498    0.00285721
1483400110      1500   2998    0.00571823
1483400111      1499   4497    0.00857735
1483400112      1499   5996    0.0114365
1483400113      1500   7496    0.0142975
1483400114      1499   8995    0.0171566
1483400115      1500   10496    0.0200195
1483400116      1499   11996    0.0228806
1483400117      1499   13495    0.0257397
1483400118      1304   14799    0.0282269
1483400119      1355   16154    0.0308113
1483400120      1318   17472    0.0333252
1483400121      1346   18818    0.0358925
1483400122      1165   19983    0.0381145
1483400123      1154   21137    0.0403156
1483400124      1353   22490    0.0428963
1483400125      1153   23643    0.0450954
1483400126      1186   24829    0.0473576
1483400127      1259   26088    0.0497589
1483400128      1005   27181    0.0518436
1483400129      1339   28520    0.0543976
1483400130      1352   29872    0.0569763
1483400131      1176   31048    0.0592194
1483400132      1225   32273    0.0615559
1483400133      1217   33613    0.0641117
1483400134      1359   34972    0.0667038
1483400135      1322   36294    0.0692253
1483400136      1351   37645    0.0718021
1483400137      1210   38973    0.0743351
1483400138      1344   40317    0.0768986
1483400139      1202   41519    0.0791912
1483400140      1333   42852    0.0817337
1483400141      1177   44029    0.0839787
1483400142      1347   45376    0.0865479
1483400143      1351   46727    0.0891247
1483400144      1354   48081    0.0917072
1483400145      1189   49347    0.0941219
1483400146      1352   50699    0.0967007
1483400147      1339   52038    0.0992546
1483400148      1341   53379    0.101812
1483400149      1018   54397    0.103754
1483400150      1337   55734    0.106304
1483400151      1342   57076    0.108864
1483400152      1331   58407    0.111403
1483400153      1212   59721    0.113909
1483400154      1353   61074    0.116489
1483400155      1335   62409    0.119036
1483400156      1346   63755    0.121603
1483400157      1200   65081    0.124132
1483400158      1354   66435    0.126715
1483400159      1336   67771    0.129263
1483400160      1199   68970    0.13155
1483400161      1192   70162    0.133823
1483400162      1339   71501    0.136377
1483400163      1355   72856    0.138962
1483400164      1338   74194    0.141514
1483400165      1194   75455    0.143919
1483400166      1360   76815    0.146513
1483400167      1318   78133    0.149027
1483400168      1348   79481    0.151598
1483400170      1217   80815    0.154142
1483400171      996   81811    0.156042
1483400172      1345   83156    0.158607
1483400173      1338   84494    0.16116
1483400174      1214   85829    0.163706
1483400175      1308   87137    0.166201
1483400176      1357   88494    0.168789
1483400177      1320   89814    0.171307
1483400178      1346   91160    0.173874
1483400179      1182   92342    0.176128
1483400180      1330   93672    0.178665
1483400181      1353   95025    0.181246
1483400182      886   95911    0.182936
1483400183      1197   97108    0.185219
1483400184      1055   98347    0.187582
1483400185      1192   99539    0.189856
1483400186      1211   100750    0.192165
1483400187      1202   101952    0.194458
1483400188      1201   103153    0.196749
1483400189      1184   104337    0.199007
1483400190      1198   105535    0.201292
1483400191      1204   106739    0.203588
1483400192      1064   107995    0.205984
1483400193      1210   109205    0.208292
1483400194      1325   110530    0.210819
1483400195      1353   111883    0.2134
1483400196      1198   113081    0.215685
1483400197      1354   114435    0.218267
1483400198      1346   115781    0.220835
1483400199      1349   117130    0.223408
1483400200      1199   118369    0.225771
1483400201      1363   119732    0.228371
1483400202      1346   121078    0.230938
1483400203      1098   122311    0.23329
1483400204      887   123383    0.235334
1483400205      1363   124746    0.237934
1483400206      1345   126091    0.240499
1483400207      1352   127443    0.243078
1483400208      1214   128743    0.245558
1483400209      1360   130103    0.248152
1483400210      1345   131448    0.250717
1483400211      1352   132800    0.253296
1483400212      1211   134103    0.255781
1483400213      1359   135462    0.258373
1483400214      1204   136666    0.26067
1483400215      1356   138022    0.263256
1483400216      1197   139219    0.265539
1483400217      1343   140562    0.268101
1483400218      1341   141903    0.270658
1483400219      1352   143255    0.273237
1483400220      1200   144477    0.275568
1483400221      1360   145837    0.278162
1483400222      1343   147180    0.280724
1483400223      1346   148526    0.283291
1483400224      1050   149576    0.285294
1483400225      1351   150927    0.28787
1483400226      1353   152280    0.290451
1483400227      1345   153625    0.293016
1483400228      1199   154851    0.295355
1483400229      1356   156207    0.297941
1483400230      1353   157560    0.300522
1483400231      1349   158909    0.303095
1483400233      1210   160211    0.305578
1483400234      1353   161564    0.308159
1483400235      1351   162915    0.310736
1483400236      1203   164118    0.31303
1483400237      1208   165326    0.315334
1483400238      1346   166672    0.317902
1483400239      1352   168024    0.32048
1483400240      1354   169378    0.323063
1483400241      1195   170585    0.325365
1483400242      1209   171794    0.327671
1483400243      1182   172976    0.329926
1483400244      1344   174320    0.332489
1483400245      1177   175497    0.334734
1483400246      949   176671    0.336973
1483400247      1362   178033    0.339571
1483400248      1208   179241    0.341875
1483400249      1344   180585    0.344439
1483400250      1335   181920    0.346985
1483400251      1122   183103    0.349241
1483400252      1255   184358    0.351635
1483400253      1343   185701    0.354197
1483400254      1350   187051    0.356771
1483400255      1354   188405    0.359354
1483400256      1201   189606    0.361645
1483400257      1204   190810    0.363941
1483400258      1351   192161    0.366518
1483400259      1211   193477    0.369028
1483400260      1363   194840    0.371628
1483400261      1347   196187    0.374197
1483400262      1353   197540    0.376778
1483400263      1173   198837    0.379251
1483400264      1360   200197    0.381845
1483400265      1344   201541    0.384409
1483400266      1351   202892    0.386986
1483400267      1049   203941    0.388987
1483400268      1352   205293    0.391565
1483400269      1345   206638    0.394131
1483400270      1354   207992    0.396713
1483400271      1198   209211    0.399038
1483400272      1350   210561    0.401613
1483400273      1343   211904    0.404175
1483400274      1353   213257    0.406755
1483400275      1216   214571    0.409262
1483400276      1360   215931    0.411856
1483400277      1355   217286    0.41444
1483400278      1203   218489    0.416735
1483400279      1202   219691    0.419027
1483400280      1339   221030    0.421581
1483400281      1352   222382    0.42416
1483400282      1346   223728    0.426727
1483400283      1197   224945    0.429049
1483400284      1361   226306    0.431644
1483400285      1353   227659    0.434225
1483400286      1344   229003    0.436789
1483400287      1210   230305    0.439272
1483400288      1196   231501    0.441553
1483400289      1348   232849    0.444124
1483400290      1352   234201    0.446703
1483400291      1194   235395    0.44898
1483400292      1354   236749    0.451563
1483400293      1344   238093    0.454126
1483400294      1352   239445    0.456705
1483400295      1199   240679    0.459059
1483400296      1352   242031    0.461637
1483400297      1353   243384    0.464218
1483400298      1093   244621    0.466578
1483400299      1353   245974    0.469158
1483400300      1351   247325    0.471735
1483400301      1297   248622    0.474209
1483400302      1206   249828    0.476509
1483400303      1119   251053    0.478846
1483400304      1199   252252    0.481133
1483400305      1047   253299    0.48313
1483400306      1182   254481    0.485384
1483400307      1260   255741    0.487787
1483400308      1345   257086    0.490353
1483400310      964   258211    0.492498
1483400311      1270   259481    0.494921
1483400312      1352   260833    0.497499
1483400313      1354   262187    0.500082
1483400314      1348   263535    0.502653
1483400315      1208   264743    0.504957
1483400316      1341   266084    0.507515
1483400317      1338   267422    0.510067
1483400318      1352   268774    0.512646
1483400319      1195   270003    0.51499
1483400320      1350   271353    0.517565
1483400321      1204   272557    0.519861
1483400322      1347   273904    0.52243
1483400323      1193   275097    0.524706
1483400324      1324   276421    0.527231
1483400325      1352   277773    0.52981
1483400326      1316   279089    0.53232
1483400327      1198   280377    0.534777
1483400328      1349   281726    0.53735
1483400329      1324   283050    0.539875
1483400330      1354   284404    0.542458
1483400331      1024   285428    0.544411
1483400332      1325   286753    0.546938
1483400333      1352   288105    0.549517
1483400334      1343   289448    0.552078
1483400335      1205   290751    0.554564
1483400336      1351   292102    0.55714
1483400337      1329   293431    0.559675
1483400338      1353   294784    0.562256
1483400339      1322   296106    0.564777
1483400340      1181   297287    0.56703
1483400341      1336   298623    0.569578
1483400342      993   299616    0.571472
1483400343      1343   300959    0.574034
1483400344      1188   302197    0.576395
1483400345      1353   303550    0.578976
1483400346      1353   304903    0.581556
1483400347      1339   306242    0.58411
1483400348      1201   307557    0.586618
1483400349      1353   308910    0.589199
1483400350      1349   310259    0.591772
1483400351      1318   311577    0.594286
1483400352      1051   312628    0.596291
1483400353      1348   313976    0.598862
1483400354      1339   315315    0.601416
1483400355      1347   316662    0.603985
1483400356      1194   317931    0.606405
1483400357      1344   319275    0.608969
1483400358      1343   320618    0.61153
1483400359      1334   321952    0.614075
1483400360      1220   323291    0.616629
1483400361      1310   324601    0.619127
1483400362      1325   325926    0.621655
1483400363      1188   327114    0.62392
1483400364      1158   328305    0.626192
1483400365      1332   329637    0.628733
1483400366      1174   330811    0.630972
1483400367      1201   332012    0.633263
1483400368      1220   333232    0.63559
1483400369      1174   334406    0.637829
1483400370      1236   335642    0.640186
1483400371      1153   336881    0.64255
1483400372      1346   338227    0.645117
1483400373      1356   339583    0.647703
1483400374      991   340574    0.649593
1483400375      1224   341895    0.652113
1483400376      1354   343249    0.654696
1483400377      1353   344602    0.657276
1483400378      1324   345926    0.659801
1483400379      1179   347255    0.662336
1483400380      1358   348613    0.664927
1483400381      1335   349948    0.667473
1483400382      1348   351296    0.670044
1483400383      1211   352615    0.67256
1483400384      1124   353739    0.674704
1483400385      1348   355087    0.677275
1483400386      1339   356426    0.679829
1483400388      1189   357629    0.682123
1483400389      1361   358990    0.684719
1483400390      1347   360337    0.687288
1483400391      1337   361674    0.689838
1483400392      1201   362989    0.692347
1483400393      1362   364351    0.694944
1483400394      1332   365683    0.697485
1483400395      978   366931    0.699865
1483400396      1361   368292    0.702461
1483400397      1322   369614    0.704983
1483400398      1352   370966    0.707561
1483400399      1207   372291    0.710089
1483400400      1364   373655    0.71269
1483400401      1325   374980    0.715218
1483400402      1352   376332    0.717796
1483400403      1195   377651    0.720312
1483400404      1344   378995    0.722876
1483400405      1357   380352    0.725464
1483400406      986   381338    0.727345
1483400407      1217   382665    0.729876
1483400408      1354   384019    0.732458
1483400409      1352   385371    0.735037
1483400410      1325   386696    0.737564
1483400411      1203   388025    0.740099
1483400412      1355   389380    0.742683
1483400413      1338   390718    0.745235
1483400414      1344   392062    0.747799
1483400415      1215   393385    0.750322
1483400416      1162   394547    0.752539
1483400417      1351   395898    0.755116
1483400418      1320   397218    0.757633
1483400419      1181   398399    0.759886
1483400420      1363   399762    0.762486
1483400421      1299   401061    0.764963
1483400422      1183   402244    0.76722
1483400423      1316   403560    0.76973
1483400425      1071   404831    0.772154
1483400426      1335   406166    0.7747
1483400427      1339   407505    0.777254
1483400428      958   408463    0.779081
1483400429      1250   409713    0.781466
1483400430      1057   410917    0.783762
1483400431      1220   412137    0.786089
1483400432      1289   413426    0.788548
1483400433      1349   414775    0.791121
1483400434      1348   416123    0.793692
1483400435      1184   417349    0.79603
1483400436      1340   418689    0.798586
1483400437      1351   420040    0.801163
1483400438      1081   421291    0.803549
1483400439      1364   422655    0.80615
1483400440      1331   423986    0.808689
1483400441      1352   425338    0.811268
1483400442      1190   426651    0.813772
1483400443      1346   427997    0.816339
1483400444      1357   429354    0.818928
1483400445      1343   430697    0.821489
1483400446      1197   432011    0.823996
1483400447      1358   433369    0.826586
1483400448      1356   434725    0.829172
1483400449      1202   435927    0.831465
1483400450      1200   437127    0.833754
1483400451      1352   438479    0.836332
1483400452      1343   439822    0.838894
1483400453      1351   441173    0.841471
1483400454      1188   442385    0.843782
1483400455      1358   443743    0.846373
1483400456      1355   445098    0.848957
1483400457      1352   446450    0.851536
1483400458      1204   447745    0.854006
1483400459      1208   448953    0.85631
1483400460      1348   450301    0.858881
1483400461      1356   451657    0.861467
1483400462      1194   452851    0.863745
1483400463      1347   454198    0.866314
1483400464      1352   455550    0.868893
1483400465      1355   456905    0.871477
1483400466      1193   458119    0.873793
1483400467      1361   459480    0.876389
1483400468      1343   460823    0.87895
1483400469      1098   462061    0.881311
1483400470      1361   463422    0.883907
1483400471      1354   464776    0.88649
1483400472      1346   466122    0.889057
1483400473      1213   467421    0.891535
1483400474      1359   468780    0.894127
1483400475      1356   470136    0.896713
1483400476      1346   471482    0.899281
1483400477      1215   472781    0.901758
1483400478      1355   474136    0.904343
1483400479      1352   475488    0.906921
1483400480      1202   476690    0.909214
1483400481      1054   477795    0.911322
1483400482      1348   479143    0.913893
1483400483      1346   480489    0.91646
1483400484      1314   481803    0.918966
1483400485      1348   483151    0.921537
1483400486      1185   484336    0.923798
1483400487      1228   485564    0.92614
1483400488      1180   486744    0.928391
1483400489      1185   487929    0.930651
1483400490      1283   489212    0.933098
1483400491      1093   490305    0.935183
1483400493      790   491385    0.937243
1483400494      1349   492734    0.939816
1483400495      1353   494087    0.942396
1483400496      1349   495436    0.944969
1483400497      1214   496745    0.947466
1483400498      1360   498105    0.95006
1483400499      1355   499460    0.952644
