1482307132      1498   1498    0.00285721
1482307133      1499   2997    0.00571632
1482307134      1499   4496    0.00857544
1482307135      1500   5996    0.0114365
1482307136      1499   7495    0.0142956
1482307137      1500   8995    0.0171566
1482307138      1499   10494    0.0200157
1482307139      1499   11993    0.0228748
1482307140      1500   13493    0.0257359
1482307141      1499   14992    0.028595
1482307142      1499   16491    0.0314541
1482307143      1302   17793    0.0339375
1482307144      1381   19174    0.0365715
1482307145      1385   20559    0.0392132
1482307146      1270   21871    0.0417156
1482307147      1393   23264    0.0443726
1482307148      1385   24649    0.0470142
1482307149      1227   25876    0.0493546
1482307150      1210   27231    0.051939
1482307151      1288   28519    0.0543957
1482307152      1339   29858    0.0569496
1482307153      1386   31244    0.0595932
1482307154      1278   32591    0.0621624
1482307155      1364   33955    0.064764
1482307156      1275   35230    0.0671959
1482307157      1386   36616    0.0698395
1482307158      1387   38003    0.072485
1482307159      1386   39389    0.0751286
1482307160      1273   40662    0.0775566
1482307161      1386   42048    0.0802002
1482307162      1386   43434    0.0828438
1482307163      1279   44813    0.085474
1482307164      1394   46207    0.0881329
1482307165      1385   47592    0.0907745
1482307166      1383   48975    0.0934124
1482307167      1245   50220    0.095787
1482307168      1384   51604    0.0984268
1482307169      1275   52879    0.100859
1482307170      1388   54267    0.103506
1482307171      1386   55653    0.10615
1482307172      1284   57035    0.108786
1482307173      1393   58428    0.111443
1482307174      1387   59815    0.114088
1482307175      1387   61202    0.116734
1482307176      1264   62466    0.119144
1482307177      1388   63854    0.121792
1482307178      1386   65240    0.124435
1482307179      1244   66484    0.126808
1482307180      1379   67863    0.129438
1482307181      1381   69244    0.132072
1482307182      1269   70513    0.134493
1482307183      1387   71900    0.137138
1482307184      1387   73287    0.139784
1482307186      1274   74617    0.142321
1482307187      1393   76010    0.144978
1482307188      1386   77396    0.147621
1482307189      1387   78783    0.150267
1482307190      1276   80059    0.1527
1482307191      1386   81445    0.155344
1482307192      1243   82688    0.157715
1482307193      1387   84075    0.16036
1482307194      1381   85456    0.162994
1482307195      1284   86839    0.165632
1482307196      1388   88227    0.16828
1482307197      1387   89614    0.170925
1482307198      1386   91000    0.173569
1482307199      1266   92266    0.175983
1482307200      1387   93653    0.178629
1482307201      1386   95039    0.181273
1482307202      1388   96427    0.18392
1482307203      1261   97688    0.186325
1482307204      1257   99061    0.188944
1482307205      1394   100455    0.191603
1482307206      1380   101835    0.194235
1482307207      1384   103219    0.196875
1482307208      1259   104478    0.199276
1482307209      1387   105865    0.201921
1482307210      1227   107092    0.204262
1482307211      1228   108320    0.206604
1482307212      1378   109698    0.209232
1482307213      1274   110972    0.211662
1482307214      1387   112359    0.214308
1482307215      1387   113746    0.216953
1482307216      1386   115132    0.219597
1482307217      1238   116370    0.221958
1482307218      1277   117715    0.224524
1482307219      1388   119103    0.227171
1482307220      1386   120489    0.229815
1482307221      1387   121876    0.23246
1482307222      1275   123151    0.234892
1482307223      1361   124512    0.237488
1482307224      1387   125899    0.240133
1482307225      1383   127282    0.242771
1482307226      1276   128558    0.245205
1482307227      1387   129945    0.24785
1482307228      1352   131297    0.250429
1482307229      1243   132540    0.2528
1482307230      1384   133924    0.25544
1482307231      1282   135297    0.258059
1482307232      1390   136687    0.26071
1482307233      1388   138075    0.263357
1482307234      1387   139462    0.266003
1482307235      1275   140737    0.268435
1482307236      1388   142125    0.271082
1482307237      1387   143512    0.273727
1482307238      1387   144899    0.276373
1482307239      1269   146168    0.278793
1482307240      1386   147554    0.281437
1482307241      1240   148794    0.283802
1482307242      1382   150176    0.286438
1482307243      1387   151563    0.289083
1482307244      1272   152879    0.291594
1482307245      1391   154270    0.294247
1482307246      1387   155657    0.296892
1482307247      1386   157043    0.299536
1482307248      1274   158317    0.301966
1482307249      1387   159704    0.304611
1482307250      1387   161091    0.307257
1482307251      1387   162478    0.309902
1482307252      1270   163748    0.312325
1482307253      1256   165101    0.314905
1482307254      1389   166490    0.317554
1482307255      1386   167876    0.320198
1482307256      1387   169263    0.322844
1482307257      1273   170536    0.325272
1482307258      1386   171922    0.327915
1482307259      1386   173308    0.330559
1482307260      1388   174696    0.333206
1482307261      1273   175969    0.335634
1482307262      1386   177355    0.338278
1482307263      1341   178696    0.340836
1482307264      1386   180082    0.343479
1482307265      1000   181181    0.345575
1482307266      1363   182544    0.348175
1482307267      1248   183792    0.350555
1482307268      1358   185150    0.353146
1482307269      1338   186488    0.355698
1482307270      1343   187831    0.358259
1482307271      1229   189115    0.360708
1482307272      1394   190509    0.363367
1482307273      1387   191896    0.366013
1482307274      1386   193282    0.368656
1482307275      1273   194555    0.371084
1482307276      1388   195943    0.373732
1482307277      1386   197329    0.376375
1482307278      1243   198572    0.378746
1482307279      1382   199954    0.381382
1482307280      1283   201337    0.38402
1482307281      1389   202726    0.386669
1482307282      1387   204113    0.389315
1482307283      1386   205499    0.391958
1482307284      1273   206772    0.394386
1482307285      1387   208159    0.397032
1482307286      1387   209546    0.399677
1482307287      1386   210932    0.402321
1482307288      1272   212204    0.404747
1482307289      1387   213591    0.407393
1482307290      1243   214834    0.409763
1482307291      1382   216216    0.412399
1482307292      1386   217602    0.415043
1482307293      1268   218919    0.417555
1482307294      1391   220310    0.420208
1482307295      1388   221698    0.422855
1482307296      1386   223084    0.425499
1482307297      1273   224357    0.427927
1482307298      1383   225740    0.430565
1482307299      1386   227126    0.433208
1482307300      1387   228513    0.435854
1482307301      1270   229783    0.438276
1482307302      1256   231141    0.440866
1482307303      1389   232530    0.443516
1482307304      1387   233917    0.446161
1482307305      1387   235304    0.448807
1482307306      1272   236576    0.451233
1482307307      1382   237958    0.453869
1482307308      1388   239346    0.456516
1482307309      1387   240733    0.459162
1482307310      1271   242004    0.461586
1482307311      1387   243391    0.464231
1482307312      1382   244773    0.466867
1482307313      1282   246149    0.469492
1482307314      1392   247541    0.472147
1482307315      1241   248782    0.474514
1482307316      1388   250170    0.477161
1482307317      1386   251556    0.479805
1482307318      1387   252943    0.48245
1482307319      1269   254212    0.484871
1482307320      1386   255598    0.487514
1482307321      1386   256984    0.490158
1482307322      1383   258367    0.492796
1482307323      1174   259541    0.495035
1482307324      1386   260927    0.497679
1482307325      1230   262157    0.500025
1482307326      1325   263482    0.502552
1482307327      1215   264697    0.504869
1482307328      1387   266084    0.507515
1482307329      1190   267377    0.509981
1482307330      1395   268772    0.512642
1482307331      1387   270159    0.515287
1482307332      1387   271546    0.517933
1482307333      1256   272802    0.520329
1482307334      1386   274188    0.522972
1482307335      1386   275574    0.525616
1482307336      1387   276961    0.528261
1482307337      1270   278231    0.530684
1482307338      1385   279616    0.533325
1482307339      1133   280749    0.535486
1482307340      1385   282134    0.538128
1482307341      1386   283520    0.540771
1482307342      1387   284907    0.543417
1482307343      1272   286179    0.545843
1482307344      1386   287565    0.548487
1482307345      1386   288951    0.55113
1482307346      1280   290319    0.55374
1482307347      1394   291713    0.556398
1482307348      1386   293099    0.559042
1482307349      1387   294486    0.561687
1482307350      1269   295755    0.564108
1482307351      1386   297141    0.566751
1482307352      1237   298378    0.569111
1482307353      1388   299766    0.571758
1482307354      1386   301152    0.574402
1482307355      1385   302537    0.577044
1482307356      1271   303808    0.579468
1482307357      1381   305189    0.582102
1482307358      1387   306576    0.584747
1482307359      1270   307901    0.587275
1482307360      1395   309296    0.589935
1482307361      1386   310682    0.592579
1482307362      1387   312069    0.595224
1482307363      1276   313345    0.597658
1482307364      1357   314702    0.600246
1482307365      1273   315975    0.602674
1482307366      1387   317362    0.60532
1482307367      1385   318747    0.607962
1482307368      1338   320085    0.610514
1482307369      1268   321353    0.612932
1482307370      1386   322739    0.615576
1482307371      1387   324126    0.618221
1482307373      1277   325483    0.62081
1482307374      1393   326876    0.623466
1482307375      1381   328257    0.626101
1482307376      1386   329643    0.628744
1482307377      1201   330844    0.631035
1482307378      1388   332232    0.633682
1482307379      1275   333507    0.636114
1482307380      1386   334893    0.638758
1482307381      1388   336281    0.641405
1482307382      1387   337668    0.644051
1482307383      1263   338931    0.64646
1482307384      1382   340313    0.649096
1482307385      1372   341685    0.651712
1482307386      1282   343065    0.654345
1482307387      1371   344436    0.65696
1482307388      1384   345820    0.659599
1482307389      1111   346931    0.661718
1482307390      1387   348318    0.664364
1482307391      1339   349657    0.666918
1482307392      1277   350999    0.669477
1482307393      1395   352394    0.672138
1482307394      1386   353780    0.674782
1482307395      1387   355167    0.677427
1482307396      1275   356442    0.679859
1482307397      1384   357826    0.682499
1482307398      1385   359211    0.685141
1482307399      1387   360598    0.687786
1482307400      1269   361867    0.690207
1482307401      1256   363221    0.692789
1482307402      1394   364615    0.695448
1482307403      1387   366002    0.698093
1482307404      1386   367388    0.700737
1482307405      1266   368654    0.703152
1482307406      1387   370041    0.705797
1482307407      1387   371428    0.708443
1482307408      1386   372814    0.711086
1482307409      1274   374088    0.713516
1482307410      1385   375473    0.716158
1482307411      1386   376859    0.718801
1482307412      1281   378229    0.721415
1482307413      1393   379622    0.724072
1482307414      1246   380868    0.726448
1482307415      1386   382254    0.729092
1482307416      1387   383641    0.731737
1482307417      1388   385029    0.734385
1482307418      1272   386301    0.736811
1482307419      1387   387688    0.739456
1482307420      1387   389075    0.742102
1482307421      1283   390451    0.744726
1482307422      1392   391843    0.747381
1482307423      1388   393231    0.750029
1482307424      1387   394618    0.752674
1482307425      1265   395883    0.755087
1482307426      1358   397241    0.757677
1482307427      1273   398514    0.760105
1482307428      1386   399900    0.762749
1482307429      1388   401288    0.765396
1482307430      1285   402673    0.768038
1482307431      1394   404067    0.770697
1482307432      1386   405453    0.77334
1482307433      1386   406839    0.775984
1482307434      1273   408112    0.778412
1482307435      1387   409499    0.781057
1482307436      1385   410884    0.783699
1482307437      1387   412271    0.786345
1482307438      1238   413509    0.788706
1482307439      1381   414890    0.79134
1482307440      1160   416050    0.793552
1482307441      1387   417437    0.796198
1482307442      1386   418823    0.798841
1482307443      1385   420208    0.801483
1482307444      1188   421396    0.803749
1482307445      1225   422621    0.806086
1482307446      1382   424003    0.808722
1482307447      1350   425353    0.811296
1482307448      1315   426668    0.813805
1482307449      1258   427926    0.816204
1482307450      1253   429261    0.81875
1482307451      1395   430656    0.821411
1482307452      1381   432037    0.824045
1482307453      1382   433419    0.826681
1482307454      1238   434657    0.829042
1482307455      1386   436043    0.831686
1482307456      1386   437429    0.83433
1482307457      1384   438813    0.836969
1482307458      1272   440085    0.839396
1482307459      1386   441471    0.842039
1482307460      1388   442859    0.844687
1482307461      1379   444238    0.847317
1482307462      1244   445482    0.849689
1482307463      1358   446840    0.85228
1482307464      1266   448106    0.854694
1482307465      1387   449493    0.85734
1482307466      1387   450880    0.859985
1482307467      1265   452203    0.862509
1482307468      1393   453596    0.865166
1482307469      1387   454983    0.867811
1482307470      1387   456370    0.870457
1482307471      1275   457645    0.872889
1482307472      1388   459033    0.875536
1482307473      1387   460420    0.878181
1482307474      1379   461799    0.880812
1482307475      1138   462937    0.882982
1482307476      1380   464317    0.885614
1482307477      1274   465591    0.888044
1482307478      1388   466979    0.890692
1482307479      1383   468362    0.89333
1482307480      1370   469732    0.895943
1482307481      1269   471001    0.898363
1482307482      1387   472388    0.901009
1482307483      1387   473775    0.903654
1482307484      1275   475145    0.906267
1482307485      1394   476539    0.908926
1482307486      1386   477925    0.91157
1482307487      1242   479167    0.913939
1482307488      1387   480554    0.916584
1482307489      1382   481936    0.91922
1482307490      1270   483206    0.921642
1482307491      1383   484589    0.92428
1482307492      1386   485975    0.926924
1482307493      1387   487362    0.929569
1482307494      1270   488632    0.931992
1482307495      1386   490018    0.934635
1482307496      1386   491404    0.937279
1482307497      1273   492727    0.939802
1482307498      1388   494115    0.94245
1482307499      1245   495360    0.944824
1482307500      1383   496743    0.947462
1482307501      1381   498124    0.950096
1482307502      1334   499458    0.952641
