1489503282      200   200    0.000572205
1489503283      200   400    0.00114441
1489503284      200   600    0.00171661
1489503285      200   800    0.00228882
1489503286      200   1000    0.00286102
1489503287      200   1200    0.00343323
1489503288      200   1400    0.00400543
1489503289      200   1600    0.00457764
1489503290      200   1800    0.00514984
1489503291      200   2000    0.00572205
1489503292      200   2200    0.00629425
1489503293      200   2400    0.00686646
1489503294      200   2600    0.00743866
1489503295      200   2800    0.00801086
1489503296      200   3000    0.00858307
1489503297      200   3200    0.00915527
1489503298      200   3400    0.00972748
1489503299      200   3600    0.0102997
1489503300      200   3800    0.0108719
1489503301      200   4000    0.0114441
1489503302      200   4200    0.0120163
1489503303      200   4400    0.0125885
1489503304      200   4600    0.0131607
1489503305      200   4800    0.0137329
1489503306      200   5000    0.0143051
1489503307      200   5200    0.0148773
1489503308      200   5400    0.0154495
1489503309      200   5600    0.0160217
1489503310      200   5800    0.0165939
1489503311      200   6000    0.0171661
1489503312      200   6200    0.0177383
1489503313      200   6400    0.0183105
1489503314      200   6600    0.0188828
1489503315      200   6800    0.019455
1489503316      200   7000    0.0200272
1489503317      200   7200    0.0205994
1489503318      200   7400    0.0211716
1489503319      200   7600    0.0217438
1489503320      200   7800    0.022316
1489503321      200   8000    0.0228882
1489503322      200   8200    0.0234604
1489503323      200   8400    0.0240326
1489503324      200   8600    0.0246048
1489503325      200   8800    0.025177
1489503326      200   9000    0.0257492
1489503327      200   9200    0.0263214
1489503328      200   9400    0.0268936
1489503329      200   9600    0.0274658
1489503330      200   9800    0.028038
