1489501246      200   200    0.000572205
1489501247      200   400    0.00114441
1489501248      200   600    0.00171661
1489501249      200   800    0.00228882
1489501250      200   1000    0.00286102
1489501251      200   1200    0.00343323
1489501252      200   1400    0.00400543
1489501253      200   1600    0.00457764
1489501254      200   1800    0.00514984
1489501255      200   2000    0.00572205
1489501256      200   2200    0.00629425
1489501257      200   2400    0.00686646
1489501258      200   2600    0.00743866
1489501259      200   2800    0.00801086
1489501260      200   3000    0.00858307
1489501261      200   3200    0.00915527
1489501262      200   3400    0.00972748
1489501263      200   3600    0.0102997
1489501264      200   3800    0.0108719
1489501265      200   4000    0.0114441
1489501266      200   4200    0.0120163
1489501267      200   4400    0.0125885
1489501268      200   4600    0.0131607
1489501269      200   4800    0.0137329
1489501270      200   5000    0.0143051
1489501271      200   5200    0.0148773
1489501272      200   5400    0.0154495
1489501273      200   5600    0.0160217
1489501274      200   5800    0.0165939
1489501275      200   6000    0.0171661
1489501276      200   6200    0.0177383
1489501277      200   6400    0.0183105
1489501278      200   6600    0.0188828
1489501279      200   6800    0.019455
1489501280      200   7000    0.0200272
1489501281      200   7200    0.0205994
1489501282      200   7400    0.0211716
1489501283      200   7600    0.0217438
1489501284      200   7800    0.022316
1489501285      200   8000    0.0228882
1489501286      200   8200    0.0234604
1489501287      200   8400    0.0240326
1489501288      200   8600    0.0246048
1489501289      200   8800    0.025177
1489501290      200   9000    0.0257492
1489501291      200   9200    0.0263214
1489501292      200   9400    0.0268936
1489501293      200   9600    0.0274658
1489501294      200   9800    0.028038
