1489501086      200   200    0.000572205
1489501087      200   400    0.00114441
1489501088      200   600    0.00171661
1489501089      200   800    0.00228882
1489501090      200   1000    0.00286102
1489501091      200   1200    0.00343323
1489501092      200   1400    0.00400543
1489501093      200   1600    0.00457764
1489501094      200   1800    0.00514984
1489501095      200   2000    0.00572205
1489501096      200   2200    0.00629425
1489501097      200   2400    0.00686646
1489501098      200   2600    0.00743866
1489501099      200   2800    0.00801086
1489501100      200   3000    0.00858307
1489501101      200   3200    0.00915527
1489501102      200   3400    0.00972748
1489501103      200   3600    0.0102997
1489501104      200   3800    0.0108719
1489501105      200   4000    0.0114441
1489501106      200   4200    0.0120163
1489501107      200   4400    0.0125885
1489501108      200   4600    0.0131607
1489501109      200   4800    0.0137329
1489501110      200   5000    0.0143051
1489501111      200   5200    0.0148773
1489501112      200   5400    0.0154495
1489501113      200   5600    0.0160217
1489501114      200   5800    0.0165939
1489501115      200   6000    0.0171661
1489501116      200   6200    0.0177383
1489501117      200   6400    0.0183105
1489501118      200   6600    0.0188828
1489501119      200   6800    0.019455
1489501120      200   7000    0.0200272
1489501121      200   7200    0.0205994
1489501122      200   7400    0.0211716
1489501123      200   7600    0.0217438
1489501124      200   7800    0.022316
1489501125      200   8000    0.0228882
1489501126      200   8200    0.0234604
1489501127      200   8400    0.0240326
1489501128      200   8600    0.0246048
1489501129      200   8800    0.025177
1489501130      200   9000    0.0257492
1489501131      200   9200    0.0263214
1489501132      200   9400    0.0268936
1489501133      200   9600    0.0274658
1489501134      200   9800    0.028038
