1482324894      1498   1498    0.00285721
1482324895      1499   2997    0.00571632
1482324896      1499   4496    0.00857544
1482324897      1500   5996    0.0114365
1482324898      1499   7495    0.0142956
1482324899      1500   8995    0.0171566
1482324900      1499   10494    0.0200157
1482324901      1499   11993    0.0228748
1482324902      1500   13493    0.0257359
1482324903      1499   14992    0.028595
1482324904      1448   16440    0.0313568
1482324905      1360   17800    0.0339508
1482324906      1384   19184    0.0365906
1482324907      1368   20552    0.0391998
1482324908      1216   21781    0.041544
1482324909      1385   23166    0.0441856
1482324910      1309   24475    0.0466824
1482324911      1381   25856    0.0493164
1482324913      1244   27141    0.0517673
1482324914      1393   28534    0.0544243
1482324915      1380   29914    0.0570564
1482324916      1276   31190    0.0594902
1482324917      1266   32501    0.0619907
1482324918      1387   33888    0.0646362
1482324919      1270   35158    0.0670586
1482324920      1374   36532    0.0696793
1482324921      1386   37918    0.0723228
1482324922      1257   39273    0.0749073
1482324923      1392   40665    0.0775623
1482324924      1385   42050    0.080204
1482324925      1386   43436    0.0828476
1482324926      1270   44706    0.0852699
1482324927      1380   46086    0.0879021
1482324928      1386   47472    0.0905457
1482324929      1385   48857    0.0931873
1482324930      1245   50102    0.095562
1482324931      1244   51405    0.0980473
1482324932      1383   52788    0.100685
1482324933      1384   54172    0.103325
1482324934      1386   55558    0.105968
1482324935      1271   56829    0.108393
1482324936      1385   58214    0.111034
1482324937      1386   59600    0.113678
1482324938      1386   60986    0.116322
1482324939      1263   62249    0.118731
1482324940      1383   63632    0.121368
1482324941      1385   65017    0.12401
1482324942      1269   66286    0.126431
1482324943      1386   67672    0.129074
1482324944      1267   68939    0.131491
1482324945      1384   70323    0.13413
1482324946      1387   71710    0.136776
1482324947      1386   73096    0.13942
1482324948      1271   74367    0.141844
1482324949      1380   75747    0.144476
1482324950      1385   77132    0.147118
1482324951      1386   78518    0.149761
1482324952      1273   79791    0.152189
1482324953      1386   81177    0.154833
1482324954      1272   82449    0.157259
1482324955      1387   83836    0.159904
1482324956      1385   85221    0.162546
1482324957      1269   86490    0.164967
1482324958      1382   87872    0.167603
1482324959      1385   89257    0.170244
1482324960      1386   90643    0.172888
1482324961      1271   91914    0.175312
1482324962      1386   93300    0.177956
1482324963      1386   94686    0.180599
1482324964      1278   96037    0.183176
1482324965      1393   97430    0.185833
1482324966      1210   98640    0.188141
1482324967      1384   100024    0.190781
1482324968      1232   101256    0.19313
1482324969      1281   102537    0.195574
1482324970      1226   103763    0.197912
1482324971      1254   105017    0.200304
1482324972      1383   106400    0.202942
1482324973      1225   107625    0.205278
1482324974      1386   109011    0.207922
1482324975      1271   110313    0.210405
1482324976      1392   111705    0.21306
1482324977      1386   113091    0.215704
1482324978      1387   114478    0.218349
1482324979      1275   115753    0.220781
1482324980      1275   117085    0.223322
1482324981      1393   118478    0.225979
1482324982      1385   119863    0.228621
1482324983      1385   121248    0.231262
1482324984      1273   122521    0.23369
1482324985      1386   123907    0.236334
1482324986      1386   125293    0.238977
1482324987      1387   126680    0.241623
1482324988      1272   127952    0.244049
1482324989      1384   129336    0.246689
1482324990      1387   130723    0.249334
1482324991      1273   131996    0.251762
1482324992      1386   133382    0.254406
1482324993      1271   134653    0.25683
1482324994      1386   136039    0.259474
1482324995      1386   137425    0.262117
1482324996      1384   138809    0.264757
1482324997      1272   140081    0.267183
1482324998      1380   141461    0.269815
1482324999      1386   142847    0.272459
1482325000      1264   144225    0.275087
1482325001      1393   145618    0.277744
1482325002      1384   147002    0.280384
1482325003      1274   148276    0.282814
1482325004      1387   149663    0.28546
1482325005      1275   150997    0.288004
1482325006      1393   152390    0.290661
1482325007      1382   153772    0.293297
1482325008      1385   155157    0.295938
1482325009      1273   156430    0.298367
1482325010      1385   157815    0.301008
1482325011      1380   159195    0.30364
1482325012      1386   160581    0.306284
1482325013      1271   161852    0.308708
1482325014      1385   163237    0.31135
1482325015      1274   164511    0.31378
1482325016      1385   165896    0.316422
1482325017      1385   167281    0.319063
1482325018      1273   168554    0.321491
1482325019      1385   169939    0.324133
1482325020      1380   171319    0.326765
1482325021      1386   172705    0.329409
1482325022      1272   173977    0.331835
1482325023      1386   175363    0.334478
1482325024      1353   176716    0.337059
1482325025      1386   178102    0.339703
1482325026      1142   179244    0.341881
1482325027      1276   180621    0.344507
1482325028      1377   181998    0.347134
1482325029      1385   183383    0.349775
1482325030      1271   184654    0.3522
1482325031      1275   185981    0.354731
1482325032      1391   187372    0.357384
1482325033      1384   188756    0.360023
1482325034      1343   190099    0.362585
1482325035      1264   191363    0.364996
1482325036      1387   192750    0.367641
1482325037      1388   194138    0.370289
1482325038      1387   195525    0.372934
1482325039      1274   196799    0.375364
1482325040      1275   198113    0.377871
1482325041      1394   199507    0.380529
1482325042      1387   200894    0.383175
1482325043      1387   202281    0.38582
1482325044      1275   203556    0.388252
1482325045      1387   204943    0.390898
1482325046      1387   206330    0.393543
1482325047      1385   207715    0.396185
1482325048      1272   208987    0.398611
1482325049      1387   210374    0.401257
1482325050      1386   211760    0.4039
1482325051      1281   213121    0.406496
1482325052      1177   214298    0.408741
1482325053      1274   215605    0.411234
1482325054      1389   216994    0.413883
1482325055      1386   218380    0.416527
1482325056      1387   219767    0.419172
1482325057      1275   221042    0.421604
1482325058      1378   222420    0.424232
1482325059      1386   223806    0.426876
1482325060      1386   225192    0.42952
1482325061      1274   226466    0.43195
1482325062      1386   227852    0.434593
1482325063      1387   229239    0.437239
1482325064      1277   230516    0.439674
1482325065      1387   231903    0.44232
1482325066      1275   233178    0.444752
1482325067      1386   234564    0.447395
1482325068      1386   235950    0.450039
1482325069      1384   237334    0.452679
1482325070      1275   238609    0.455111
1482325071      1385   239994    0.457752
1482325072      1385   241379    0.460394
1482325073      1281   242745    0.462999
1482325074      1395   244140    0.46566
1482325075      1386   245526    0.468304
1482325076      1276   246802    0.470737
1482325077      1388   248190    0.473385
1482325078      1276   249517    0.475916
1482325079      1395   250912    0.478577
1482325080      1387   252299    0.481222
1482325081      1387   253686    0.483868
1482325082      1264   254950    0.486279
1482325083      1386   256336    0.488922
1482325084      1387   257723    0.491568
1482325085      1230   258953    0.493914
1482325086      1177   260237    0.496363
1482325087      1372   261609    0.49898
1482325088      1037   262721    0.501101
1482325089      1392   264113    0.503756
1482325090      1385   265498    0.506397
1482325091      1385   266883    0.509039
1482325092      1277   268160    0.511475
1482325093      1388   269548    0.514122
1482325094      1386   270934    0.516766
1482325095      1389   272323    0.519415
1482325096      1274   273597    0.521845
1482325097      1386   274983    0.524488
1482325098      1380   276363    0.527121
1482325099      1281   277729    0.529726
1482325100      1386   279115    0.53237
1482325101      1190   280305    0.534639
1482325102      1387   281692    0.537285
1482325103      1386   283078    0.539928
1482325104      1388   284466    0.542576
1482325105      1274   285740    0.545006
1482325106      1387   287127    0.547651
1482325107      1385   288512    0.550293
1482325108      1279   289861    0.552866
1482325109      1392   291253    0.555521
1482325110      1386   292639    0.558165
1482325111      1383   294022    0.560802
1482325112      1271   295293    0.563227
1482325113      1165   296458    0.565449
1482325114      1269   297727    0.567869
1482325115      1386   299113    0.570513
1482325116      1386   300499    0.573156
1482325117      1387   301886    0.575802
1482325118      1249   303135    0.578184
1482325119      1387   304522    0.58083
1482325120      1387   305909    0.583475
1482325121      1386   307295    0.586119
1482325122      1275   308570    0.588551
1482325123      1387   309957    0.591196
1482325124      1385   311342    0.593838
1482325125      1068   312410    0.595875
1482325126      1388   313798    0.598522
1482325127      1386   315184    0.601166
1482325128      1274   316458    0.603596
1482325129      1388   317846    0.606243
1482325130      1384   319230    0.608883
1482325132      1270   320557    0.611414
1482325133      1395   321952    0.614075
1482325134      1387   323339    0.61672
1482325135      1387   324726    0.619366
1482325136      1273   325999    0.621794
1482325137      1386   327385    0.624437
1482325138      1275   328660    0.626869
1482325139      1383   330043    0.629507
1482325140      1381   331424    0.632141
1482325141      1257   332689    0.634554
1482325142      1325   334014    0.637081
1482325143      1386   335400    0.639725
1482325144      1376   336776    0.642349
1482325145      1194   338049    0.644777
1482325146      1390   339439    0.647429
1482325147      1384   340823    0.650068
1482325148      1357   342180    0.652657
1482325149      1268   343448    0.655075
1482325150      1275   344821    0.657694
1482325151      1394   346215    0.660353
1482325152      1385   347600    0.662994
1482325153      1388   348988    0.665642
1482325154      1275   350263    0.668074
1482325155      1386   351649    0.670717
1482325156      1387   353036    0.673363
1482325157      1387   354423    0.676008
1482325158      1271   355694    0.678432
1482325159      1387   357081    0.681078
1482325160      1386   358467    0.683722
1482325161      1278   359829    0.686319
1482325162      1394   361223    0.688978
1482325163      1275   362498    0.69141
1482325164      1386   363884    0.694054
1482325165      1387   365271    0.696699
1482325166      1271   366601    0.699236
1482325167      1393   367994    0.701893
1482325168      1387   369381    0.704538
1482325169      1387   370768    0.707184
1482325170      1260   372028    0.709587
1482325171      1386   373414    0.712231
1482325172      1381   374795    0.714865
1482325173      1387   376182    0.71751
1482325174      1276   377458    0.719944
1482325175      1262   378733    0.722376
1482325176      1393   380126    0.725033
1482325177      1383   381509    0.727671
1482325178      1386   382895    0.730314
1482325179      1268   384163    0.732733
1482325180      1387   385550    0.735378
1482325181      1387   386937    0.738024
1482325182      1387   388324    0.740669
1482325183      1272   389596    0.743095
1482325184      1386   390982    0.745739
1482325185      1388   392370    0.748386
1482325186      1272   393741    0.751001
1482325187      1395   395136    0.753662
1482325188      1269   396405    0.756083
1482325189      1386   397791    0.758726
1482325190      1384   399175    0.761366
1482325191      1278   400513    0.763918
1482325192      1394   401907    0.766577
1482325193      1387   403294    0.769222
1482325194      1386   404680    0.771866
1482325195      1264   405944    0.774277
1482325196      1388   407332    0.776924
1482325197      1381   408713    0.779558
1482325198      1386   410099    0.782202
1482325199      1276   411375    0.784636
1482325200      1253   412645    0.787058
1482325201      1391   414036    0.789711
1482325202      1379   415415    0.792341
1482325203      1380   416795    0.794973
1482325204      1231   418026    0.797321
1482325205      1387   419413    0.799967
1482325206      1386   420799    0.80261
1482325207      1383   422182    0.805248
1482325208      1275   423457    0.80768
1482325209      1385   424842    0.810322
1482325210      1322   426164    0.812843
1482325211      1275   427439    0.815275
1482325212      1387   428826    0.817921
1482325213      1270   430137    0.820421
1482325214      1387   431524    0.823067
1482325215      1386   432910    0.82571
1482325216      1388   434298    0.828358
1482325217      1273   435571    0.830786
1482325218      1388   436959    0.833433
1482325219      1386   438345    0.836077
1482325220      1387   439732    0.838722
1482325221      1274   441006    0.841152
1482325222      1379   442385    0.843782
1482325223      1275   443660    0.846214
1482325224      1387   445047    0.84886
1482325225      1386   446433    0.851503
1482325226      1270   447703    0.853926
1482325227      1386   449089    0.856569
1482325228      1386   450475    0.859213
1482325229      1387   451862    0.861858
1482325230      1273   453135    0.864286
1482325231      1387   454522    0.866932
1482325232      1387   455909    0.869577
1482325233      1281   457277    0.872187
1482325234      1388   458665    0.874834
1482325235      1275   459940    0.877266
1482325236      1387   461327    0.879911
1482325237      1386   462713    0.882555
1482325238      1277   464049    0.885103
1482325239      1393   465442    0.88776
1482325240      1387   466829    0.890406
1482325241      1387   468216    0.893051
1482325242      1273   469489    0.895479
1482325243      1386   470875    0.898123
1482325244      1387   472262    0.900768
1482325245      1382   473644    0.903404
1482325246      1271   474915    0.905828
1482325247      1258   476181    0.908243
1482325248      1394   477575    0.910902
1482325249      1386   478961    0.913546
1482325250      1386   480347    0.916189
1482325251      1263   481610    0.918598
1482325252      1381   482991    0.921232
1482325253      1387   484378    0.923878
1482325254      1387   485765    0.926523
1482325255      1269   487034    0.928944
1482325256      1385   488419    0.931585
1482325257      1387   489806    0.934231
1482325258      1345   491151    0.936796
1482325259      1138   492289    0.938967
1482325260      1276   493673    0.941607
1482325261      1233   494906    0.943958
1482325262      1384   496290    0.946598
1482325263      1388   497678    0.949245
1482325264      1326   499004    0.951775
