1486094090      1381   1382    0.0105438
1486094091      1347   2731    0.0208359
1486094092      1331   4063    0.0309982
1486094093      1333   5396    0.0411682
1486094094      911   6307    0.0481186
1486094095      734   7221    0.0550919
1486094096      1182   8403    0.0641098
1486094097      821   9366    0.0714569
1486094098      763   10151    0.077446
1486094099      1044   11195    0.0854111
1486094100      932   12296    0.093811
1486094101      932   13228    0.100922
1486094102      1174   14402    0.109879
1486094104      687   15156    0.115631
1486094105      721   15941    0.12162
1486094106      1178   17119    0.130608
1486094107      931   18050    0.137711
1486094108      719   18801    0.14344
1486094109      1181   19982    0.152451
1486094110      521   20503    0.156425
1486094111      1175   21678    0.16539
1486094112      691   22446    0.171249
1486094113      919   23365    0.178261
1486094114      1172   24537    0.187202
1486094115      707   25376    0.193604
1486094116      1151   26527    0.202385
1486094117      900   27521    0.209969
1486094118      1180   28701    0.218971
1486094119      886   29666    0.226334
1486094120      909   30575    0.233269
1486094121      1180   31755    0.242271
1486094122      858   32613    0.248817
1486094123      1179   33792    0.257812
1486094124      886   34741    0.265053
1486094125      620   35456    0.270508
1486094126      1009   36465    0.278206
1486094127      1178   37643    0.287193
1486094128      862   38505    0.29377
1486094129      1180   39685    0.302773
1486094130      855   40540    0.309296
1486094131      911   41451    0.316246
1486094132      1179   42630    0.325241
1486094133      835   43465    0.331612
1486094134      1191   44656    0.340698
1486094135      892   45606    0.347946
1486094136      913   46519    0.354912
1486094137      1172   47691    0.363853
1486094138      868   48559    0.370476
1486094139      1173   49732    0.379425
1486094141      886   50681    0.386665
1486094142      896   51577    0.393501
1486094143      1032   52609    0.401375
1486094144      837   53611    0.409019
1486094145      1188   54799    0.418083
1486094146      817   55756    0.425385
1486094147      837   56593    0.43177
1486094148      974   57567    0.439201
1486094149      950   58686    0.447739
1486094150      1022   59708    0.455536
1486094151      872   60831    0.464104
1486094152      916   61747    0.471092
1486094153      1007   62754    0.478775
1486094155      785   63761    0.486458
1486094156      1185   64946    0.495499
1486094157      807   65906    0.502823
1486094158      723   66691    0.508812
1486094159      1186   67877    0.51786
1486094160      941   68818    0.52504
1486094161      674   69551    0.530632
1486094162      1183   70734    0.539658
1486094163      562   71296    0.543945
1486094164      1180   72476    0.552948
1486094165      665   73196    0.558441
1486094166      930   74126    0.565536
1486094167      1186   75312    0.574585
1486094168      703   76126    0.580795
1486094169      1174   77300    0.589752
1486094170      863   78271    0.59716
1486094171      1178   79449    0.606148
1486094172      895   80416    0.613525
1486094173      913   81329    0.620491
1486094174      1168   82497    0.629402
1486094175      848   83346    0.63588
1486094176      1184   84530    0.644913
1486094178      893   85491    0.652245
1486094179      913   86404    0.65921
1486094180      1173   87577    0.668159
1486094181      843   88421    0.674599
1486094182      1180   89601    0.683601
1486094183      885   90566    0.690964
1486094184      903   91469    0.697853
1486094185      1170   92639    0.706779
1486094186      853   93496    0.713318
1486094187      1192   94688    0.722412
1486094188      903   95591    0.729301
1486094189      708   96426    0.735672
1486094190      1184   97610    0.744705
1486094191      897   98571    0.752037
1486094192      1190   99761    0.761116
1486094193      896   100716    0.768402
1486094194      912   101628    0.77536
1486094195      1176   102804    0.784332
1486094196      837   103646    0.790756
1486094197      1187   104833    0.799812
1486094198      888   105791    0.807121
1486094199      914   106705    0.814095
1486094200      1170   107875    0.823021
1486094201      842   108721    0.829475
1486094202      1181   109902    0.838486
1486094203      890   110866    0.84584
1486094204      911   111777    0.852791
1486094205      1179   112956    0.861786
1486094206      854   113810    0.868301
1486094207      1177   114987    0.877281
1486094208      889   115941    0.88456
1486094209      915   116856    0.891541
1486094210      1181   118037    0.900551
1486094211      830   118871    0.906914
1486094212      1183   120054    0.915939
1486094213      890   121016    0.923279
1486094214      880   121896    0.929993
1486094215      1173   123069    0.938942
1486094216      859   123946    0.945633
1486094217      1183   125129    0.954659
1486094218      830   126091    0.961998
1486094219      916   127007    0.968987
1486094220      1177   128184    0.977966
1486094221      847   129031    0.984428
1486094222      1183   130214    0.993454
1486094224      886   131166    1.00072
1486094225      912   132078    1.00768
1486094226      1179   133257    1.01667
1486094227      871   134128    1.02332
1486094228      1177   135305    1.0323
1486094229      883   136241    1.03944
1486094230      910   137151    1.04638
1486094231      1170   138321    1.05531
1486094232      718   139171    1.06179
1486094233      1183   140354    1.07082
1486094234      791   141316    1.07816
1486094235      769   142101    1.08414
1486094236      1085   143186    1.09242
1486094237      897   144246    1.10051
1486094238      1044   145290    1.10847
1486094239      867   146391    1.11687
1486094240      783   147176    1.12286
1486094241      1180   148356    1.13187
1486094243      808   149321    1.13923
1486094244      1178   150499    1.14822
1486094245      937   151436    1.15536
1486094246      727   152181    1.16105
1486094247      680   152966    1.16704
1486094248      937   153903    1.17419
1486094249      1070   154973    1.18235
1486094250      845   155826    1.18886
1486094251      1048   156874    1.19685
1486094252      685   157559    1.20208
1486094253      1169   158728    1.211
1486094254      680   159471    1.21667
1486094255      1057   160528    1.22473
1486094256      941   161616    1.23303
1486094257      914   162530    1.24001
1486094258      1182   163712    1.24902
1486094259      854   164566    1.25554
1486094260      1174   165740    1.2645
1486094261      896   166691    1.27175
1486094262      905   167596    1.27866
1486094263      1175   168771    1.28762
1486094264      870   169641    1.29426
1486094265      1180   170821    1.30326
1486094266      883   171766    1.31047
1486094267      913   172679    1.31744
1486094268      1172   173851    1.32638
1486094269      861   174712    1.33295
1486094270      1174   175886    1.3419
1486094271      895   176841    1.34919
1486094272      910   177751    1.35613
1486094273      1174   178925    1.36509
1486094274      863   179788    1.37167
1486094275      1173   180961    1.38062
1486094276      889   181916    1.38791
1486094277      914   182830    1.39488
1486094278      1172   184002    1.40382
1486094279      839   184846    1.41026
1486094280      734   185580    1.41586
1486094281      1169   186749    1.42478
1486094282      889   187706    1.43208
1486094283      914   188620    1.43906
1486094284      1172   189792    1.448
1486094286      767   190636    1.45444
1486094287      1188   191824    1.4635
1486094288      815   192781    1.4708
1486094289      851   193632    1.47729
1486094290      959   194591    1.48461
1486094291      946   195711    1.49316
1486094292      1052   196763    1.50118
1486094293      863   197856    1.50952
1486094294      896   198752    1.51636
1486094295      1026   199778    1.52419
1486094296      835   200786    1.53188
1486094297      1185   201971    1.54092
1486094299      785   202931    1.54824
1486094300      717   203716    1.55423
1486094301      1172   204888    1.56317
1486094302      929   205817    1.57026
1486094303      682   206576    1.57605
1486094304      1182   207758    1.58507
1486094305      455   208213    1.58854
1486094306      1172   209385    1.59748
1486094307      727   210221    1.60386
1486094308      972   211193    1.61127
1486094309      1169   212362    1.62019
1486094310      731   213093    1.62577
1486094311      914   214007    1.63274
1486094312      1176   215183    1.64172
1486094313      832   216015    1.64806
1486094314      1183   217198    1.65709
1486094315      898   218156    1.6644
1486094316      899   219055    1.67126
1486094317      1186   220241    1.68031
1486094318      852   221093    1.68681
1486094319      1174   222267    1.69576
1486094320      893   223231    1.70312
1486094321      914   224145    1.71009
1486094322      1174   225319    1.71905
1486094323      840   226161    1.72547
1486094324      1185   227346    1.73451
1486094325      887   228306    1.74184
1486094326      886   229192    1.7486
1486094327      1171   230363    1.75753
1486094328      853   231236    1.76419
1486094329      1177   232413    1.77317
1486094330      900   233381    1.78056
1486094331      920   234301    1.78757
1486094332      1180   235481    1.79658
1486094333      839   236320    1.80298
1486094334      1187   237507    1.81203
1486094335      890   238456    1.81927
1486094336      909   239365    1.82621
1486094337      1182   240547    1.83523
1486094338      843   241390    1.84166
1486094339      1190   242580    1.85074
1486094340      895   243531    1.85799
1486094341      899   244430    1.86485
1486094342      1173   245603    1.8738
1486094343      855   246461    1.88035
1486094344      1182   247643    1.88937
1486094345      875   248606    1.89671
1486094347      758   249391    1.9027
1486094348      1087   250478    1.911
1486094349      923   251536    1.91907
1486094350      1187   252723    1.92812
1486094351      892   253681    1.93543
1486094352      897   254578    1.94228
1486094353      1161   255739    1.95113
1486094354      857   256611    1.95779
1486094355      1185   257796    1.96683
1486094356      888   258756    1.97415
1486094357      909   259665    1.98109
1486094358      1172   260837    1.99003
1486094359      858   261695    1.99657
1486094360      1176   262871    2.00555
1486094361      882   263831    2.01287
1486094362      909   264740    2.01981
1486094363      1172   265912    2.02875
1486094364      845   266761    2.03522
1486094365      1178   267939    2.04421
1486094366      891   268906    2.05159
1486094367      898   269804    2.05844
1486094368      1166   270970    2.06734
1486094369      842   271836    2.07394
1486094370      1181   273017    2.08295
1486094371      890   273981    2.09031
1486094372      901   274882    2.09718
1486094373      1179   276061    2.10618
1486094374      723   276911    2.11266
1486094375      1188   278099    2.12173
1486094376      922   279021    2.12876
1486094378      558   279841    2.13502
1486094379      1183   281024    2.14404
1486094380      955   281979    2.15133
1486094381      695   282701    2.15684
1486094382      1176   283877    2.16581
1486094383      761   284638    2.17162
1486094384      828   285631    2.17919
1486094385      1183   286814    2.18822
1486094386      816   287776    2.19556
1486094387      940   288716    2.20273
1486094388      899   289615    2.20959
1486094389      903   290518    2.21648
1486094390      775   291421    2.22337
1486094391      1169   292590    2.23228
1486094393      824   293566    2.23973
1486094394      782   294351    2.24572
1486094395      942   295293    2.25291
1486094396      1168   296461    2.26182
1486094397      726   297211    2.26754
1486094398      1175   298386    2.2765
1486094399      834   299356    2.28391
1486094400      908   300264    2.29083
1486094401      1168   301432    2.29974
1486094402      841   302286    2.30626
1486094403      1183   303469    2.31528
1486094404      888   304431    2.32262
1486094405      911   305342    2.32957
1486094406      1172   306514    2.33852
1486094407      856   307370    2.34505
1486094408      1177   308547    2.35403
1486094409      892   309506    2.36134
1486094410      901   310407    2.36822
1486094411      1170   311577    2.37714
1486094412      855   312436    2.3837
1486094413      1179   313615    2.39269
1486094414      887   314502    2.39946
1486094415      678   315366    2.40605
1486094416      1177   316543    2.41503
1486094417      888   317511    2.42242
1486094418      1187   318698    2.43147
1486094419      889   319656    2.43878
1486094420      908   320564    2.44571
1486094421      1171   321735    2.45464
1486094422      859   322594    2.4612
1486094423      1177   323771    2.47018
1486094424      891   324731    2.4775
1486094425      910   325641    2.48444
1486094426      1177   326818    2.49342
1486094427      838   327661    2.49986
1486094428      930   328591    2.50695
1486094429      1169   329760    2.51587
1486094430      547   330307    2.52004
1486094432      837   331306    2.52766
1486094433      1179   332485    2.53666
1486094434      821   333451    2.54403
1486094435      1053   334504    2.55206
1486094436      739   335243    2.5577
1486094437      865   336381    2.56638
1486094438      1185   337566    2.57542
1486094439      814   338526    2.58275
1486094440      1182   339708    2.59177
1486094441      313   340026    2.59419
1486094442      1179   341205    2.60319
1486094443      829   342171    2.61056
1486094444      1071   343242    2.61873
1486094446      733   344316    2.62692
1486094447      601   345101    2.63291
1486094448      1176   346277    2.64188
1486094449      961   347238    2.64922
1486094450      723   347961    2.65473
1486094451      1187   349148    2.66379
1486094452      819   350106    2.6711
1486094453      911   351017    2.67805
1486094454      1172   352189    2.68699
1486094455      843   353036    2.69345
1486094456      1191   354227    2.70254
1486094457      887   355181    2.70982
1486094458      906   356087    2.71673
1486094459      1174   357261    2.72569
1486094460      847   358111    2.73217
1486094461      1182   359293    2.74119
1486094463      894   360256    2.74854
1486094464      908   361164    2.75546
1486094465      1176   362340    2.76443
1486094466      839   363186    2.77089
1486094467      1176   364362    2.77986
1486094468      897   365331    2.78725
1486094469      899   366230    2.79411
1486094470      1185   367415    2.80315
1486094471      852   368267    2.80965
1486094472      1181   369448    2.81866
1486094473      893   370406    2.82597
1486094474      916   371322    2.83296
1486094475      1177   372499    2.84194
1486094476      843   373342    2.84837
1486094477      1182   374524    2.85739
1486094478      501   375025    2.86121
1486094479      903   375928    2.8681
1486094480      927   376981    2.87614
1486094481      1179   378160    2.88513
1486094482      903   379126    2.8925
1486094483      1183   380309    2.90153
1486094484      906   381215    2.90844
1486094485      856   382071    2.91497
1486094486      1175   383246    2.92393
1486094487      888   384201    2.93122
1486094488      1166   385367    2.94012
1486094489      900   386267    2.94698
1486094490      844   387131    2.95358
1486094491      1176   388307    2.96255
1486094492      886   389276    2.96994
1486094493      1177   390453    2.97892
1486094494      899   391352    2.98578
1486094495      837   392206    2.99229
1486094496      1177   393383    3.00127
1486094497      891   394351    3.00866
1486094498      1184   395535    3.01769
1486094499      903   396438    3.02458
1486094500      853   397291    3.03109
1486094501      1176   398467    3.04006
1486094502      896   399426    3.04738
1486094503      1180   400606    3.05638
1486094504      903   401509    3.06327
1486094505      841   402356    3.06973
1486094506      1188   403544    3.0788
1486094508      737   404501    3.0861
1486094509      1184   405685    3.09513
1486094510      904   406589    3.10203
1486094511      842   407431    3.10845
1486094512      1181   408612    3.11746
1486094513      890   409576    3.12482
1486094514      1178   410754    3.1338
1486094515      903   411657    3.14069
1486094516      847   412506    3.14717
1486094517      1180   413686    3.15617
1486094518      824   414651    3.16354
1486094519      1052   415703    3.17156
1486094520      725   416428    3.17709
1486094521      845   417581    3.18589
1486094522      1182   418763    3.19491
1486094523      800   419726    3.20226
1486094524      1175   420901    3.21122
1486094525      763   421664    3.21704
1486094527      824   422656    3.22461
1486094528      1180   423836    3.23361
1486094529      815   424801    3.24097
1486094530      929   425730    3.24806
1486094531      905   426635    3.25497
1486094532      921   427556    3.26199
1486094533      745   428446    3.26878
1486094534      1191   429637    3.27787
1486094535      802   430591    3.28515
1486094536      664   431376    3.29114
1486094537      1182   432558    3.30016
1486094538      940   433498    3.30733
1486094539      670   434236    3.31296
1486094540      1178   435414    3.32195
1486094541      930   436344    3.32904
1486094542      772   437116    3.33493
1486094543      863   437979    3.34151
1486094544      1172   439151    3.35046
1486094545      857   440026    3.35713
1486094546      1178   441204    3.36612
1486094547      900   442104    3.37299
1486094548      843   442956    3.37949
1486094549      1184   444140    3.38852
1486094551      895   445101    3.39585
1486094552      1190   446291    3.40493
1486094553      904   447195    3.41183
1486094554      861   448056    3.4184
1486094555      1175   449231    3.42736
1486094556      874   450176    3.43457
1486094557      1188   451364    3.44363
1486094558      904   452268    3.45053
1486094559      848   453116    3.457
1486094560      1183   454299    3.46603
1486094561      883   455251    3.47329
1486094562      1185   456436    3.48233
1486094563      904   457340    3.48923
1486094564      854   458194    3.49574
1486094565      1181   459375    3.50475
1486094566      887   460326    3.51201
1486094567      1190   461516    3.52109
1486094568      905   462421    3.52799
1486094569      846   463267    3.53445
1486094570      1173   464440    3.5434
1486094571      819   465401    3.55073
1486094572      1184   466585    3.55976
1486094573      770   467355    3.56564
1486094574      800   468331    3.57308
1486094575      709   469046    3.57854
1486094576      1182   470228    3.58755
1486094577      941   471169    3.59473
1486094578      802   471971    3.60085
1486094579      651   472691    3.60635
1486094580      932   473623    3.61346
1486094581      1168   474791    3.62237
1486094582      684   475551    3.62817
1486094583      1182   476733    3.63718
1486094584      379   477112    3.64008
1486094585      1184   478296    3.64911
1486094587      803   479196    3.65598
1486094588      1048   480244    3.66397
1486094589      865   481341    3.67234
1486094590      757   482126    3.67833
1486094591      1185   483311    3.68737
1486094592      929   484240    3.69446
1486094593      728   484986    3.70015
1486094594      1189   486175    3.70922
1486094595      826   487131    3.71651
1486094596      771   487916    3.7225
1486094597      1184   489100    3.73154
1486094598      896   490061    3.73887
1486094599      1175   491236    3.74783
1486094600      892   492206    3.75523
1486094601      909   493115    3.76217
1486094602      1170   494285    3.7711
1486094603      846   495136    3.77759
1486094604      1175   496311    3.78655
1486094605      892   497281    3.79395
1486094606      668   498066    3.79994
1486094607      1182   499248    3.80896
