1482901608      1498   1498    0.00285721
1482901609      1500   2998    0.00571823
1482901610      1499   4497    0.00857735
1482901611      1499   5996    0.0114365
1482901612      1500   7496    0.0142975
1482901613      1499   8995    0.0171566
1482901614      1499   10495    0.0200176
1482901615      1500   11996    0.0228806
1482901616      1499   13495    0.0257397
1482901617      1316   14811    0.0282497
1482901618      1328   16139    0.0307827
1482901619      1352   17491    0.0333614
1482901620      1353   18844    0.0359421
1482901621      1176   20020    0.0381851
1482901622      1340   21360    0.040741
1482901623      1346   22706    0.0433083
1482901624      1334   24040    0.0458527
1482901626      1195   25363    0.0483761
1482901627      1361   26724    0.050972
1482901628      1116   27840    0.0531006
1482901629      1356   29196    0.055687
1482901630      1173   30369    0.0579243
1482901631      1318   31687    0.0604382
1482901632      1351   33038    0.063015
1482901633      1340   34378    0.0655708
1482901634      1207   35717    0.0681248
1482901635      1344   37061    0.0706882
1482901636      1345   38406    0.0732536
1482901637      1212   39618    0.0755653
1482901638      813   40711    0.0776501
1482901639      1353   42064    0.0802307
1482901640      1353   43417    0.0828114
1482901641      1155   44572    0.0850143
1482901642      1344   45916    0.0875778
1482901643      1147   47143    0.0899181
1482901644      1347   48490    0.0924873
1482901645      1178   49668    0.0947342
1482901646      1353   51021    0.0973148
1482901647      1356   52377    0.0999012
1482901648      1173   53575    0.102186
1482901649      1091   54666    0.104267
1482901650      1349   56015    0.10684
1482901651      1344   57359    0.109404
1482901652      1179   58569    0.111712
1482901653      1338   59907    0.114264
1482901654      1349   61256    0.116837
1482901655      1322   62578    0.119358
1482901656      1220   63929    0.121935
1482901657      1354   65283    0.124517
1482901658      1354   66637    0.1271
1482901659      997   67851    0.129416
1482901660      1363   69214    0.132015
1482901661      1345   70559    0.134581
1482901662      1339   71898    0.137135
1482901664      1202   73211    0.139639
1482901665      1358   74569    0.142229
1482901666      1344   75913    0.144793
1482901667      1348   77261    0.147364
1482901668      1201   78571    0.149862
1482901669      1340   79911    0.152418
1482901670      1353   81264    0.154999
1482901671      1046   82310    0.156994
1482901672      1200   83565    0.159388
1482901673      1336   84901    0.161936
1482901674      1028   85929    0.163897
1482901675      1341   87270    0.166454
1482901676      1345   88615    0.16902
1482901677      1332   89947    0.17156
1482901678      1194   91141    0.173838
1482901679      1323   92464    0.176361
1482901680      1353   93817    0.178942
1482901681      1069   94991    0.181181
1482901682      1344   96335    0.183744
1482901683      1345   97680    0.18631
1482901684      1351   99031    0.188887
1482901685      1316   100347    0.191397
1482901686      1180   101527    0.193647
1482901687      1342   102869    0.196207
1482901688      1348   104217    0.198778
1482901689      1354   105571    0.201361
1482901690      1193   106783    0.203672
1482901691      1361   108144    0.206268
1482901692      1212   109356    0.20858
1482901693      1221   110705    0.211153
1482901694      1304   112009    0.21364
1482901695      1353   113362    0.216221
1482901696      1339   114701    0.218775
1482901697      1352   116053    0.221354
1482901698      1190   117243    0.223623
1482901699      1342   118585    0.226183
1482901700      1350   119935    0.228758
1482901701      1355   121290    0.231342
1482901702      1025   122315    0.233297
1482901703      1267   123582    0.235714
1482901704      1353   124935    0.238295
1482901705      1346   126281    0.240862
1482901706      1141   127491    0.24317
1482901707      1359   128850    0.245762
1482901708      1355   130205    0.248346
1482901709      1346   131551    0.250914
1482901710      1209   132851    0.253393
1482901711      1355   134206    0.255978
1482901712      1357   135563    0.258566
1482901713      1098   136773    0.260874
1482901714      1353   138126    0.263454
1482901715      1352   139478    0.266033
1482901716      1347   140825    0.268602
1482901717      1214   142133    0.271097
1482901718      1361   143494    0.273693
1482901719      1345   144839    0.276258
1482901720      1345   146184    0.278824
1482901721      1215   147493    0.281321
1482901722      1350   148843    0.283895
1482901723      1210   150053    0.286203
1482901724      1351   151404    0.28878
1482901725      1202   152606    0.291073
1482901726      1350   153956    0.293648
1482901727      1354   155310    0.29623
1482901728      1345   156655    0.298796
1482901729      1188   157847    0.301069
1482901730      1352   159199    0.303648
1482901731      1351   160550    0.306225
1482901732      1343   161893    0.308786
1482901733      1059   162952    0.310806
1482901734      1345   164297    0.313372
1482901735      1351   165648    0.315948
1482901736      1354   167002    0.318531
1482901737      1192   168201    0.320818
1482901738      1354   169555    0.3234
1482901739      1353   170908    0.325981
1482901740      1346   172254    0.328548
1482901741      1213   173561    0.331041
1482901742      1360   174921    0.333635
1482901743      1344   176265    0.336199
1482901744      1211   177476    0.338509
1482901745      1198   178674    0.340794
1482901746      1343   180017    0.343355
1482901747      1351   181368    0.345932
1482901748      1343   182711    0.348494
1482901749      1171   183915    0.35079
1482901750      1357   185272    0.353378
1482901751      1345   186617    0.355944
1482901752      1350   187967    0.358519
1482901753      1212   189275    0.361013
1482901754      1218   190493    0.363337
1482901755      1205   191698    0.365635
1482901756      1200   192898    0.367924
1482901757      1201   194099    0.370214
1482901758      1194   195341    0.372583
1482901759      1346   196687    0.375151
1482901760      1351   198038    0.377728
1482901761      1344   199382    0.380291
1482901763      1213   200701    0.382807
1482901764      1360   202061    0.385401
1482901765      781   202845    0.386896
1482901766      1219   204064    0.389221
1482901767      1333   205397    0.391764
1482901768      1346   206743    0.394331
1482901769      1197   207940    0.396614
1482901770      1350   209290    0.399189
1482901771      1356   210646    0.401775
1482901772      1347   211993    0.404345
1482901773      1201   213199    0.406645
1482901774      1350   214549    0.40922
1482901775      1350   215899    0.411795
1482901776      1104   217121    0.414125
1482901777      1350   218471    0.4167
1482901778      1345   219816    0.419266
1482901779      1352   221168    0.421844
1482901780      1216   222481    0.424349
1482901781      1359   223840    0.426941
1482901782      1343   225183    0.429502
1482901783      1347   226530    0.432072
1482901784      1214   227841    0.434572
1482901785      1359   229200    0.437164
1482901786      1355   230555    0.439749
1482901787      1096   231763    0.442053
1482901788      1350   233113    0.444628
1482901789      1351   234464    0.447205
1482901790      1355   235819    0.449789
1482901791      1214   237123    0.452276
1482901792      1352   238475    0.454855
1482901793      1352   239827    0.457434
1482901794      1342   241169    0.459993
1482901795      1220   242483    0.4625
1482901796      1355   243838    0.465084
1482901797      1210   245048    0.467392
1482901798      1346   246394    0.469959
1482901799      1206   247600    0.47226
1482901800      1344   248944    0.474823
1482901801      1352   250296    0.477402
1482901802      1348   251644    0.479973
1482901803      1191   252837    0.482248
1482901804      1358   254195    0.484838
1482901805      1349   255544    0.487411
1482901806      1351   256895    0.489988
1482901807      918   257831    0.491774
1482901808      1355   259186    0.494358
1482901809      1350   260536    0.496933
1482901810      1324   261860    0.499458
1482901811      1201   263191    0.501997
1482901812      1360   264551    0.504591
1482901813      1325   265876    0.507118
1482901814      1346   267222    0.509686
1482901815      1316   268538    0.512196
1482901816      998   269623    0.514265
1482901817      1353   270976    0.516846
1482901818      1001   271977    0.518755
1482901819      1344   273321    0.521318
1482901820      1200   274521    0.523607
1482901821      1006   275689    0.525835
1482901822      1201   276890    0.528126
1482901823      1354   278244    0.530708
1482901824      1327   279571    0.533239
1482901825      1184   280755    0.535498
1482901826      1327   282082    0.538029
1482901827      1159   283241    0.540239
1482901828      1352   284593    0.542818
1482901829      992   285585    0.54471
1482901830      1342   286927    0.54727
1482901831      1205   288187    0.549673
1482901832      1353   289540    0.552254
1482901833      1349   290889    0.554827
1482901834      1347   292236    0.557396
1482901836      1208   293547    0.559896
1482901837      1346   294893    0.562464
1482901838      1335   296228    0.56501
1482901839      1340   297568    0.567566
1482901840      1068   298636    0.569603
1482901841      1348   299984    0.572174
1482901842      1321   301305    0.574694
1482901843      1347   302652    0.577263
1482901844      1191   303901    0.579645
1482901845      1342   305243    0.582205
1482901846      1357   306600    0.584793
1482901847      1346   307946    0.58736
1482901848      1214   309261    0.589869
1482901849      1356   310617    0.592455
1482901850      1338   311955    0.595007
1482901851      1044   312999    0.596998
1482901852      1200   314255    0.599394
1482901853      1348   315603    0.601965
1482901854      1349   316952    0.604538
1482901855      1341   318293    0.607096
1482901856      1198   319615    0.609617
1482901857      1360   320975    0.612211
1482901858      1337   322312    0.614761
1482901859      1349   323661    0.617334
1482901860      1207   324975    0.619841
1482901861      1074   326049    0.621889
1482901862      1345   327394    0.624454
1482901863      1338   328732    0.627007
1482901864      1193   329969    0.629366
1482901865      1361   331330    0.631962
1482901866      1315   332645    0.63447
1482901867      1347   333992    0.637039
1482901868      1205   335329    0.639589
1482901869      1355   336684    0.642174
1482901870      1351   338035    0.644751
1482901871      1011   339251    0.64707
1482901872      1358   340609    0.64966
1482901873      1354   341963    0.652243
1482901874      1324   343287    0.654768
1482901875      1207   344611    0.657293
1482901876      1351   345962    0.65987
1482901877      1329   347291    0.662405
1482901878      1346   348637    0.664972
1482901879      1207   349971    0.667517
1482901880      1320   351291    0.670034
1482901881      1353   352644    0.672615
1482901882      1003   353647    0.674528
1482901884      1110   354965    0.677042
1482901885      1325   356290    0.679569
1482901886      1182   357472    0.681824
1482901887      1284   358756    0.684273
1482901888      1348   360104    0.686844
1482901889      1219   361397    0.68931
1482901890      1350   362747    0.691885
1482901891      1340   364087    0.694441
1482901892      1356   365443    0.697027
1482901893      1048   366491    0.699026
1482901894      1339   367830    0.70158
1482901895      1343   369173    0.704142
1482901896      1333   370506    0.706684
1482901897      1041   371751    0.709059
1482901898      1360   373111    0.711653
1482901899      1314   374425    0.714159
1482901900      1346   375771    0.716726
1482901901      1208   377111    0.719282
1482901902      1359   378470    0.721874
1482901903      1316   379786    0.724384
1482901904      1206   380992    0.726685
1482901905      1166   382158    0.728909
1482901906      1318   383476    0.731422
1482901907      1348   384824    0.733994
1482901908      1339   386163    0.736547
1482901909      1198   387465    0.739031
1482901910      1349   388814    0.741604
1482901911      1347   390161    0.744173
1482901912      1339   391500    0.746727
1482901913      1198   392825    0.749254
1482901914      1218   394043    0.751577
1482901915      1321   395364    0.754097
1482901916      1352   396716    0.756676
1482901917      1192   397908    0.758949
1482901918      1353   399261    0.76153
1482901919      1325   400586    0.764057
1482901920      1346   401932    0.766624
1482901921      1200   403179    0.769003
1482901922      1349   404528    0.771576
1482901923      1350   405878    0.774151
1482901924      1100   407101    0.776484
1482901925      1351   408452    0.77906
1482901926      1353   409805    0.781641
1482901927      1343   411148    0.784203
1482901928      1140   412288    0.786377
1482901929      1197   413533    0.788752
1482901930      1363   414896    0.791351
1482901931      1343   416239    0.793913
1482901932      1351   417590    0.79649
1482901933      1211   418893    0.798975
1482901934      1359   420252    0.801567
1482901935      1211   421463    0.803877
1482901936      1348   422811    0.806448
1482901937      1108   423919    0.808561
1482901938      1329   425248    0.811096
1482901939      1185   426433    0.813356
1482901940      1210   427643    0.815664
1482901941      1173   428816    0.817902
1482901942      1349   430165    0.820475
1482901943      1169   431334    0.822704
1482901944      1197   432531    0.824987
1482901945      1343   433874    0.827549
1482901946      1206   435080    0.829849
1482901948      1209   436385    0.832338
1482901949      1354   437739    0.834921
1482901950      1353   439092    0.837502
1482901951      1340   440432    0.840057
1482901952      1212   441745    0.842562
1482901953      1358   443103    0.845152
1482901954      1354   444457    0.847734
1482901955      1344   445801    0.850298
1482901956      1220   447105    0.852785
1482901957      1216   448321    0.855104
1482901958      1354   449675    0.857687
1482901959      935   450610    0.85947
1482901960      1342   451952    0.86203
1482901961      1204   453171    0.864355
1482901962      1354   454525    0.866938
1482901963      1342   455867    0.869497
1482901964      1352   457219    0.872076
1482901965      1214   458531    0.874578
1482901966      1358   459889    0.877169
1482901967      1343   461232    0.87973
1482901968      1208   462440    0.882034
1482901969      1198   463638    0.884319
1482901970      1351   464989    0.886896
1482901971      1343   466332    0.889458
1482901972      1353   467685    0.892038
1482901973      1194   468885    0.894327
1482901974      1359   470244    0.896919
1482901975      1344   471588    0.899483
1482901976      1351   472939    0.90206
1482901977      1214   474245    0.904551
1482901978      1217   475462    0.906872
1482901979      1354   476816    0.909454
1482901980      1349   478165    0.912027
1482901981      1195   479360    0.914307
1482901982      1353   480713    0.916887
1482901983      1344   482057    0.919451
1482901984      1349   483406    0.922024
1482901985      1193   484599    0.924299
1482901986      1361   485960    0.926895
1482901987      1344   487304    0.929459
1482901988      1087   488521    0.93178
1482901989      1355   489876    0.934364
1482901990      1354   491230    0.936947
1482901991      1341   492571    0.939505
1482901992      1220   493881    0.942003
1482901993      1357   495238    0.944592
1482901994      1355   496593    0.947176
1482901995      1346   497939    0.949743
1482901996      1211   499241    0.952227
