1500383471      999   999    0
1500383472      999   1998    0
1500383473      1000   2998    0
1500383474      1000   3998    0
1500383475      999   4997    0
1500383476      1000   5997    0
1500383477      999   6996    0
1500383478      1000   7996    0
1500383479      999   8995    0
1500383480      1000   9995    0
1500383481      999   10994    0
1500383482      1000   11994    0
1500383483      999   12993    0
1500383484      1000   13993    0
1500383485      999   14992    0
1500383486      1000   15992    0
1500383487      999   16991    0
1500383488      1000   17991    0
1500383489      1000   18991    0
1500383490      999   19990    0
1500383491      1000   20990    0
1500383492      999   21989    0
1500383493      1000   22989    0
1500383494      999   23988    0
1500383495      1000   24988    0
1500383496      999   25987    0
1500383497      1000   26987    0
1500383498      999   27986    0
1500383499      1000   28986    0
1500383500      999   29985    0
1500383501      1000   30985    0
1500383502      1000   31985    0
1500383503      999   32984    0
1500383504      1000   33984    0
1500383505      999   34983    0
1500383506      996   35979    0
1500383507      999   36978    0
1500383508      1000   37978    0
1500383509      997   38975    0
1500383510      999   39974    0
1500383511      1000   40974    0
1500383512      999   41973    0
1500383513      1000   42973    0
1500383514      999   43972    0
1500383515      1000   44972    0
1500383516      999   45971    0
1500383517      1000   46971    0
1500383518      999   47970    0
1500383519      1000   48970    0
1500383520      999   49969    0
1500383521      1000   50969    0
1500383522      1000   51969    0
1500383523      999   52968    0
1500383524      1000   53968    0
1500383525      999   54967    0
1500383526      1000   55967    0
1500383527      999   56966    0
1500383528      1000   57966    0
1500383529      1000   58966    0
1500383530      999   59965    0
1500383531      1000   60965    0
1500383532      999   61964    0
1500383533      1000   62964    0
1500383534      999   63963    0
1500383535      1000   64963    0
1500383536      999   65962    0
1500383537      1000   66962    0
1500383538      999   67961    0
1500383539      1000   68961    0
1500383540      999   69960    0
1500383541      998   70958    0
1500383542      999   71957    0
1500383543      999   72956    0
1500383544      1000   73956    0
1500383545      999   74955    0
1500383546      1000   75955    0
1500383547      999   76954    0
1500383548      1000   77954    0
1500383549      971   78929    0
1500383550      1006   79935    0
1500383551      1000   80935    0
1500383552      999   81934    0
1500383553      943   82877    0
1500383554      1000   83877    0
1500383555      999   84876    0
1500383556      952   85828    0
1500383557      999   86827    0
1500383558      1000   87827    0
1500383559      947   88774    0
1500383560      1000   89774    0
1500383561      999   90773    0
1500383562      1000   91773    0
1500383563      951   92724    0
1500383564      1000   93724    0
1500383565      999   94723    0
1500383566      952   95675    0
1500383567      1000   96675    0
1500383568      999   97674    0
1500383569      951   98625    0
1500383570      999   99624    0
1500383571      1000   100624    0
1500383572      999   101623    0
1500383573      938   102561    0
1500383574      999   103560    0
1500383575      1000   104560    0
1500383576      951   105511    0
1500383577      1000   106511    0
1500383578      999   107510    0
1500383579      952   108462    0
1500383580      1000   109462    0
1500383581      999   110461    0
1500383582      943   111439    0
1500383583      1006   112445    0
1500383584      1000   113445    0
1500383585      999   114444    0
1500383586      945   115389    0
1500383587      997   116386    0
1500383588      1000   117386    0
1500383589      951   118337    0
1500383590      1000   119337    0
1500383591      1000   120337    0
1500383592      942   121279    0
1500383593      1000   122279    0
1500383594      999   123278    0
1500383595      1000   124278    0
1500383596      951   125229    0
1500383597      1000   126229    0
1500383598      999   127228    0
1500383599      952   128180    0
1500383600      999   129179    0
1500383601      1000   130179    0
1500383602      951   131130    0
1500383603      1000   132130    0
1500383604      1000   133130    0
1500383605      999   134129    0
1500383606      931   135060    0
1500383607      999   136059    0
1500383608      1000   137059    0
1500383609      940   137999    0
1500383610      1000   138999    0
1500383611      999   139998    0
1500383612      952   140950    0
1500383613      999   141949    0
1500383614      998   142947    0
1500383615      999   143946    0
1500383616      936   144882    0
1500383617      1000   145882    0
1500383618      999   146881    0
1500383619      952   147833    0
1500383620      999   148832    0
1500383621      1000   149832    0
1500383622      951   150783    0
1500383623      1000   151783    0
1500383624      999   152782    0
1500383625      952   153734    0
1500383626      999   154733    0
1500383627      1000   155733    0
1500383628      999   156732    0
1500383629      952   157684    0
1500383630      954   158638    0
1500383631      999   159637    0
1500383632      1000   160637    0
1500383633      947   161584    0
1500383634      1000   162584    0
1500383635      999   163583    0
1500383636      949   164532    0
1500383637      999   165531    0
1500383638      1000   166531    0
1500383639      999   167530    0
1500383640      918   168448    0
1500383641      999   169447    0
1500383642      1000   170447    0
1500383643      952   171399    0
1500383644      999   172398    0
1500383645      1000   173398    0
1500383646      951   174349    0
1500383647      1000   175349    0
1500383648      999   176348    0
1500383649      1000   177348    0
1500383650      938   178286    0
1500383651      1000   179286    0
1500383652      999   180285    0
1500383653      952   181237    0
1500383654      999   182236    0
1500383655      1000   183236    0
1500383656      952   184188    0
1500383657      999   185187    0
1500383658      1000   186187    0
1500383659      951   187138    0
1500383660      1000   188138    0
1500383661      999   189137    0
1500383662      1000   190137    0
1500383663      931   191068    0
1500383664      1000   192068    0
1500383665      999   193067    0
1500383666      952   194019    0
1500383667      999   195018    0
1500383668      1000   196018    0
1500383669      941   196959    0
1500383670      999   197958    0
1500383671      1000   198958    0
1500383672      999   199957    0
1500383673      941   200898    0
1500383674      999   201897    0
1500383675      998   202895    0
1500383676      951   203846    0
1500383677      1000   204846    0
1500383678      999   205845    0
1500383679      952   206797    0
1500383680      999   207796    0
1500383681      1000   208796    0
1500383682      1000   209796    0
1500383683      937   210733    0
1500383684      1000   211733    0
1500383685      999   212732    0
1500383686      932   213664    0
1500383687      999   214663    0
1500383688      1000   215663    0
1500383689      951   216614    0
1500383690      1000   217614    0
1500383691      999   218613    0
1500383692      1000   219613    0
1500383693      939   220552    0
1500383694      1000   221552    0
1500383695      999   222551    0
1500383696      952   223503    0
1500383697      1000   224503    0
1500383698      999   225502    0
1500383699      952   226454    0
1500383700      999   227453    0
1500383701      1000   228453    0
1500383702      951   229404    0
1500383703      1000   230404    0
1500383704      999   231403    0
1500383705      1000   232403    0
1500383706      951   233354    0
1500383707      1000   234354    0
1500383708      999   235353    0
1500383709      952   236305    0
1500383710      959   237264    0
1500383711      999   238263    0
1500383712      1000   239263    0
1500383713      951   240214    0
1500383714      1000   241214    0
1500383715      999   242213    0
1500383716      1000   243213    0
1500383717      932   244145    0
1500383718      1000   245145    0
1500383719      999   246144    0
1500383720      952   247096    0
1500383721      1000   248096    0
1500383722      999   249095    0
1500383723      952   250047    0
1500383724      999   251046    0
1500383725      1000   252046    0
1500383726      947   253040    0
1500383727      1007   254047    0
1500383728      999   255046    0
1500383729      1000   256046    0
1500383730      951   256997    0
1500383731      1000   257997    0
1500383732      1000   258997    0
1500383733      951   259948    0
1500383734      1000   260948    0
1500383735      999   261947    0
1500383736      952   262899    0
1500383737      999   263898    0
1500383738      1000   264898    0
1500383739      999   265897    0
1500383740      936   266833    0
1500383741      999   267832    0
1500383742      1000   268832    0
1500383743      951   269783    0
1500383744      1000   270783    0
1500383745      1000   271783    0
1500383746      951   272734    0
1500383747      1000   273734    0
1500383748      999   274733    0
1500383749      1000   275733    0
1500383750      926   276659    0
1500383751      1000   277659    0
1500383752      999   278658    0
1500383753      949   279607    0
1500383754      995   280602    0
1500383755      1000   281602    0
1500383756      951   282553    0
1500383757      1000   283553    0
1500383758      1000   284553    0
1500383759      947   285550    0
1500383760      1007   286557    0
1500383761      999   287556    0
1500383762      1000   288556    0
1500383763      951   289507    0
1500383764      1000   290507    0
1500383765      999   291506    0
1500383766      952   292458    0
1500383767      1000   293458    0
1500383768      999   294457    0
1500383769      952   295409    0
1500383770      999   296408    0
1500383771      1000   297408    0
1500383772      999   298407    0
1500383773      952   299359    0
1500383774      999   300358    0
1500383775      1000   301358    0
1500383776      951   302309    0
1500383777      1000   303309    0
1500383778      999   304308    0
1500383779      952   305260    0
1500383780      1000   306260    0
1500383781      999   307259    0
1500383782      1000   308259    0
1500383783      929   309188    0
1500383784      1000   310188    0
1500383785      999   311187    0
1500383786      952   312139    0
1500383787      999   313138    0
1500383788      1000   314138    0
1500383789      948   315086    0
1500383790      958   316044    0
1500383791      999   317043    0
1500383792      1000   318043    0
1500383793      952   318995    0
1500383794      999   319994    0
1500383795      1000   320994    0
1500383796      999   321993    0
1500383797      951   322944    0
1500383798      999   323943    0
1500383799      999   324942    0
1500383800      951   325893    0
1500383801      1000   326893    0
1500383802      999   327892    0
1500383803      952   328844    0
1500383804      999   329843    0
1500383805      1000   330843    0
1500383806      1000   331843    0
1500383807      933   332776    0
1500383808      1000   333776    0
1500383809      999   334775    0
1500383810      937   335712    0
1500383811      999   336711    0
1500383812      1000   337711    0
1500383813      951   338662    0
1500383814      1000   339662    0
1500383815      999   340661    0
1500383816      1000   341661    0
1500383817      930   342591    0
1500383818      1000   343591    0
1500383819      999   344590    0
1500383820      952   345542    0
1500383821      1000   346542    0
1500383822      999   347541    0
1500383823      952   348493    0
1500383824      999   349492    0
1500383825      1000   350492    0
1500383826      947   351474    0
1500383827      1006   352480    0
1500383828      999   353479    0
1500383829      999   354478    0
1500383830      952   355430    0
1500383831      999   356429    0
1500383832      1000   357429    0
1500383833      950   358379    0
1500383834      1000   359379    0
1500383835      999   360378    0
1500383836      952   361330    0
1500383837      1000   362330    0
1500383838      999   363329    0
1500383839      1000   364329    0
1500383840      951   365280    0
1500383841      1000   366280    0
1500383842      999   367279    0
1500383843      936   368215    0
1500383844      999   369214    0
1500383845      997   370211    0
1500383846      952   371163    0
1500383847      1000   372163    0
1500383848      999   373162    0
1500383849      1000   374162    0
1500383850      926   375088    0
1500383851      1000   376088    0
1500383852      1000   377088    0
1500383853      951   378039    0
1500383854      1000   379039    0
1500383855      999   380038    0
1500383856      952   380990    0
1500383857      999   381989    0
1500383858      1000   382989    0
1500383859      947   383984    0
1500383860      1007   384991    0
1500383861      999   385990    0
1500383862      1000   386990    0
1500383863      952   387942    0
1500383864      999   388941    0
1500383865      1000   389941    0
1500383866      951   390892    0
1500383867      1000   391892    0
1500383868      999   392891    0
1500383869      952   393843    0
1500383870      959   394802    0
1500383871      1000   395802    0
1500383872      997   396799    0
1500383873      1000   397799    0
1500383874      926   398725    0
1500383875      1000   399725    0
1500383876      1000   400725    0
1500383877      930   401655    0
1500383878      996   402651    0
1500383879      999   403650    0
1500383880      952   404602    0
1500383881      999   405601    0
1500383882      1000   406601    0
1500383883      999   407600    0
1500383884      929   408529    0
1500383885      999   409528    0
1500383886      1000   410528    0
1500383887      951   411479    0
1500383888      1000   412479    0
1500383889      1000   413479    0
1500383890      951   414430    0
1500383891      1000   415430    0
1500383892      999   416429    0
1500383893      945   417398    0
1500383894      1007   418405    0
1500383895      999   419404    0
1500383896      1000   420404    0
1500383897      941   421345    0
1500383898      1000   422345    0
1500383899      999   423344    0
1500383900      952   424296    0
1500383901      999   425295    0
1500383902      1000   426295    0
1500383903      949   427244    0
1500383904      999   428243    0
1500383905      1000   429243    0
1500383906      999   430242    0
1500383907      952   431194    0
1500383908      999   432193    0
1500383909      1000   433193    0
1500383910      951   434144    0
1500383911      1000   435144    0
1500383912      999   436143    0
1500383913      948   437091    0
1500383914      1000   438091    0
1500383915      999   439090    0
1500383916      999   440089    0
1500383917      933   441022    0
1500383918      1000   442022    0
1500383919      999   443021    0
1500383920      951   443972    0
1500383921      999   444971    0
1500383922      1000   445971    0
1500383923      951   446922    0
1500383924      1000   447922    0
1500383925      999   448921    0
1500383926      947   449908    0
1500383927      1002   450910    0
1500383928      1000   451910    0
1500383929      999   452909    0
1500383930      949   453858    0
1500383931      999   454857    0
1500383932      1000   455857    0
1500383933      951   456808    0
1500383934      1000   457808    0
1500383935      999   458807    0
1500383936      951   459758    0
1500383937      999   460757    0
1500383938      1000   461757    0
1500383939      1000   462757    0
1500383940      934   463691    0
1500383941      1000   464691    0
1500383942      999   465690    0
1500383943      952   466642    0
1500383944      999   467641    0
1500383945      1000   468641    0
1500383946      951   469592    0
1500383947      1000   470592    0
1500383948      999   471591    0
1500383949      1000   472591    0
1500383950      934   473525    0
1500383951      953   474478    0
1500383952      1000   475478    0
1500383953      999   476477    0
1500383954      952   477429    0
1500383955      999   478428    0
1500383956      1000   479428    0
1500383957      938   480366    0
1500383958      1000   481366    0
1500383959      999   482365    0
1500383960      945   483322    0
1500383961      1007   484329    0
1500383962      999   485328    0
1500383963      1000   486328    0
1500383964      951   487279    0
1500383965      1000   488279    0
1500383966      999   489278    0
1500383967      952   490230    0
1500383968      999   491229    0
1500383969      1000   492229    0
1500383970      952   493181    0
1500383971      999   494180    0
1500383972      1000   495180    0
1500383973      999   496179    0
1500383974      941   497120    0
1500383975      999   498119    0
1500383976      1000   499119    0
