1482248843      1498   1498    0.00285721
1482248844      1499   2997    0.00571632
1482248845      1500   4497    0.00857735
1482248846      1499   5996    0.0114365
1482248847      1499   7495    0.0142956
1482248848      1500   8995    0.0171566
1482248849      1499   10494    0.0200157
1482248850      1499   11993    0.0228748
1482248851      1500   13493    0.0257359
1482248852      1499   14992    0.028595
1482248853      1499   16491    0.0314541
1482248854      1129   17673    0.0337086
1482248855      1389   19062    0.0363579
1482248856      1388   20450    0.0390053
1482248857      1387   21837    0.0416508
1482248858      1276   23113    0.0440845
1482248859      1387   24500    0.04673
1482248860      1387   25887    0.0493755
1482248861      1388   27275    0.0520229
1482248862      1269   28544    0.0544434
1482248863      1388   29932    0.0570908
1482248864      1382   31314    0.0597267
1482248865      1280   32681    0.0623341
1482248866      1204   33885    0.0646305
1482248867      1386   35271    0.0672741
1482248868      1276   36547    0.0697079
1482248869      1387   37934    0.0723534
1482248870      1387   39321    0.0749989
1482248871      1284   40705    0.0776386
1482248872      1394   42099    0.0802975
1482248873      1387   43486    0.082943
1482248874      1383   44869    0.0855808
1482248875      1276   46145    0.0880146
1482248876      1376   47521    0.0906391
1482248877      1387   48908    0.0932846
1482248878      1194   50102    0.095562
1482248879      1387   51489    0.0982075
1482248880      1387   52876    0.100853
1482248881      1277   54153    0.103289
1482248882      1387   55540    0.105934
1482248883      1387   56927    0.10858
1482248884      1387   58314    0.111225
1482248885      1273   59587    0.113653
1482248886      1386   60973    0.116297
1482248887      1383   62356    0.118935
1482248888      1283   63737    0.121569
1482248889      1390   65127    0.12422
1482248890      1217   66401    0.12665
1482248891      1394   67795    0.129309
1482248892      1388   69183    0.131956
1482248893      1386   70569    0.1346
1482248894      1232   71801    0.13695
1482248895      1387   73188    0.139595
1482248896      1386   74574    0.142239
1482248897      1386   75960    0.144882
1482248898      1272   77232    0.147308
1482248899      1387   78619    0.149954
1482248900      1387   80006    0.152599
1482248901      1388   81394    0.155247
1482248902      1270   82664    0.157669
1482248903      1326   83990    0.160198
1482248904      1276   85266    0.162632
1482248905      1387   86653    0.165277
1482248906      1387   88040    0.167923
1482248907      1387   89427    0.170568
1482248908      1257   90684    0.172966
1482248909      1387   92071    0.175611
1482248910      1378   93449    0.17824
1482248911      1267   94793    0.180803
1482248912      1394   96187    0.183462
1482248913      1339   97526    0.186016
1482248914      1387   98913    0.188662
1482248915      1158   100071    0.19087
1482248916      1388   101459    0.193518
1482248917      1323   102782    0.196041
1482248918      1199   103981    0.198328
1482248919      1388   105369    0.200975
1482248920      1387   106756    0.203621
1482248921      1387   108143    0.206266
1482248922      1266   109409    0.208681
1482248923      1386   110795    0.211325
1482248924      1387   112182    0.21397
1482248925      1276   113537    0.216555
1482248926      1393   114930    0.219212
1482248927      1217   116201    0.221636
1482248928      1390   117591    0.224287
1482248929      1389   118980    0.226936
1482248930      1388   120368    0.229584
1482248931      1270   121638    0.232006
1482248932      1388   123026    0.234653
1482248933      1387   124413    0.237299
1482248934      1387   125800    0.239944
1482248935      1272   127072    0.242371
1482248936      1387   128459    0.245016
1482248937      1387   129846    0.247662
1482248938      1282   131209    0.250261
1482248939      1394   132603    0.25292
1482248940      1216   133873    0.255342
1482248941      1395   135268    0.258003
1482248942      1387   136655    0.260649
1482248943      1387   138042    0.263294
1482248944      1276   139318    0.265728
1482248945      1387   140705    0.268373
1482248946      1386   142091    0.271017
1482248947      1384   143475    0.273657
1482248948      1270   144745    0.276079
1482248949      1385   146130    0.278721
1482248950      1387   147517    0.281366
1482248951      1279   148881    0.283968
1482248952      1335   150216    0.286514
1482248953      1276   151545    0.289049
1482248954      1395   152940    0.29171
1482248955      1387   154327    0.294355
1482248956      1387   155714    0.297001
1482248957      1276   156990    0.299435
1482248958      1387   158377    0.30208
1482248959      1387   159764    0.304726
1482248960      1388   161152    0.307373
1482248961      1265   162417    0.309786
1482248962      1386   163803    0.312429
1482248963      1389   165192    0.315079
1482248964      1212   166404    0.31739
1482248965      1384   167788    0.32003
1482248966      1388   169176    0.322678
1482248967      1271   170447    0.325102
1482248968      1384   171831    0.327742
1482248969      1384   173215    0.330381
1482248970      1220   174577    0.332979
1482248971      1394   175971    0.335638
1482248972      1373   177344    0.338257
1482248973      1383   178727    0.340895
1482248974      1274   180001    0.343325
1482248975      1382   181383    0.345961
1482248976      1116   182601    0.348284
1482248977      1313   183914    0.350788
1482248978      1352   185266    0.353367
1482248979      1388   186654    0.356014
1482248980      1276   187961    0.358507
1482248981      1393   189354    0.361164
1482248982      1387   190741    0.36381
1482248983      1387   192128    0.366455
1482248984      1270   193398    0.368877
1482248985      1388   194786    0.371525
1482248986      1387   196173    0.37417
1482248987      1387   197560    0.376816
1482248988      1272   198832    0.379242
1482248989      1328   200160    0.381775
1482248990      1250   201410    0.384159
1482248991      1388   202798    0.386806
1482248992      1387   204185    0.389452
1482248993      1387   205572    0.392097
1482248994      1269   206841    0.394518
1482248995      1387   208228    0.397163
1482248996      1381   209609    0.399797
1482248997      1383   210992    0.402435
1482248998      1265   212257    0.404848
1482248999      1387   213644    0.407494
1482249000      1387   215031    0.410139
1482249001      1214   216245    0.412455
1482249002      1385   217630    0.415096
1482249004      1284   219017    0.417742
1482249005      1396   220413    0.420404
1482249006      1387   221800    0.42305
1482249007      1381   223181    0.425684
1482249008      1276   224457    0.428118
1482249009      1388   225845    0.430765
1482249010      1388   227233    0.433413
1482249011      1389   228622    0.436062
1482249012      1274   229896    0.438492
1482249013      1387   231283    0.441137
1482249014      1213   232496    0.443451
1482249015      1388   233884    0.446098
1482249016      1388   235272    0.448746
1482249017      1388   236660    0.451393
1482249018      1269   237929    0.453814
1482249019      1386   239315    0.456457
1482249020      1388   240703    0.459105
1482249021      1281   242049    0.461672
1482249022      1391   243440    0.464325
1482249023      1387   244827    0.46697
1482249024      1387   246214    0.469616
1482249025      1274   247488    0.472046
1482249026      1387   248875    0.474691
1482249027      1194   250073    0.476976
1482249028      1369   251442    0.479588
1482249029      1229   252671    0.481932
1482249030      1377   254048    0.484558
1482249031      1171   255433    0.4872
1482249032      1237   256670    0.489559
1482249033      1388   258058    0.492207
1482249034      1386   259444    0.49485
1482249035      1264   260793    0.497423
1482249036      1280   262073    0.499865
1482249037      1340   263413    0.50242
1482249038      1386   264799    0.505064
1482249039      1216   266015    0.507383
1482249040      1387   267402    0.510029
1482249041      1387   268789    0.512674
1482249042      1272   270061    0.5151
1482249043      1385   271446    0.517742
1482249044      1388   272834    0.52039
1482249045      1278   274177    0.522951
1482249046      1388   275565    0.525599
1482249047      1388   276953    0.528246
1482249048      1386   278339    0.53089
1482249049      1275   279614    0.533321
1482249050      1385   280999    0.535963
1482249051      1115   282201    0.538256
1482249052      1395   283596    0.540916
1482249053      1387   284983    0.543562
1482249054      1387   286370    0.546207
1482249055      1277   287647    0.548643
1482249056      1387   289034    0.551289
1482249057      1388   290422    0.553936
1482249058      1388   291810    0.556583
1482249059      1272   293082    0.55901
1482249060      1386   294468    0.561653
1482249061      1388   295856    0.564301
1482249062      1279   297209    0.566881
1482249063      1395   298604    0.569542
1482249064      1219   299873    0.571962
1482249065      1394   301267    0.574621
1482249066      1388   302655    0.577269
1482249067      1387   304042    0.579914
1482249068      1275   305317    0.582346
1482249069      1388   306705    0.584993
1482249070      1387   308092    0.587639
1482249071      1387   309479    0.590284
1482249072      1271   310750    0.592709
1482249073      1387   312137    0.595354
1482249074      1387   313524    0.598
1482249075      1278   314881    0.600588
1482249076      1331   316212    0.603127
1482249077      1271   317545    0.605669
1482249078      1394   318939    0.608328
1482249079      1383   320322    0.610966
1482249080      1388   321710    0.613613
1482249081      1263   322973    0.616022
1482249082      1385   324358    0.618664
1482249083      1382   325740    0.6213
1482249084      1379   327119    0.62393
1482249085      1271   328390    0.626354
1482249086      1389   329779    0.629004
1482249087      1383   331162    0.631641
1482249088      1169   332331    0.633871
1482249089      1311   333642    0.636372
1482249090      1384   335026    0.639011
1482249091      1232   336289    0.64142
1482249092      1389   337678    0.64407
1482249093      1388   339066    0.646717
1482249094      1388   340454    0.649364
1482249095      1189   341649    0.651644
1482249096      1264   342913    0.654055
1482249097      1371   344284    0.65667
1482249098      1320   345604    0.659187
1482249099      1387   346991    0.661833
1482249100      1270   348261    0.664255
1482249101      1318   349579    0.666769
1482249102      1276   350855    0.669203
1482249103      1387   352242    0.671848
1482249104      1385   353627    0.67449
1482249105      1388   355015    0.677137
1482249106      1272   356287    0.679564
1482249107      1383   357670    0.682201
1482249108      1379   359049    0.684832
1482249109      1274   360393    0.687395
1482249110      1395   361788    0.690056
1482249111      1386   363174    0.692699
1482249112      1387   364561    0.695345
1482249113      1218   365779    0.697668
1482249114      1388   367167    0.700315
1482249115      1277   368444    0.702751
1482249116      1389   369833    0.7054
1482249117      1382   371215    0.708036
1482249118      1387   372602    0.710682
1482249119      1277   373879    0.713118
1482249120      1387   375266    0.715763
1482249121      1387   376653    0.718409
1482249122      1388   378041    0.721056
1482249123      1267   379308    0.723473
1482249124      1383   380691    0.72611
1482249125      1215   381906    0.728428
1482249126      1387   383293    0.731073
1482249127      1386   384679    0.733717
1482249128      1387   386066    0.736362
1482249129      1219   387285    0.738688
1482249130      1387   388672    0.741333
1482249131      1389   390061    0.743982
1482249132      1386   391447    0.746626
1482249133      1266   392713    0.749041
1482249134      1388   394101    0.751688
1482249135      1387   395488    0.754333
1482249136      1275   396809    0.756853
1482249137      1395   398204    0.759514
1482249138      1220   399473    0.761934
1482249139      1393   400866    0.764591
1482249140      1388   402254    0.767239
1482249141      1388   403642    0.769886
1482249142      1269   404911    0.772306
1482249143      1386   406297    0.77495
1482249144      1387   407684    0.777596
1482249145      1387   409071    0.780241
1482249146      1273   410344    0.782669
1482249147      1388   411732    0.785316
1482249148      1383   413115    0.787954
1482249149      1180   414481    0.79056
1482249150      1336   415817    0.793108
1482249152      1277   417145    0.795641
1482249153      1392   418537    0.798296
1482249154      1330   419867    0.800833
1482249155      1291   421158    0.803295
1482249156      1296   422454    0.805767
1482249157      1086   423577    0.807909
1482249158      1378   424955    0.810537
1482249159      1387   426342    0.813183
1482249160      1387   427729    0.815828
1482249161      1275   429004    0.81826
1482249162      1387   430391    0.820906
1482249163      1208   431601    0.823214
1482249164      1394   432995    0.825872
1482249165      1388   434383    0.82852
1482249166      1388   435771    0.831167
1482249167      1228   436999    0.833509
1482249168      1388   438387    0.836157
1482249169      1388   439775    0.838804
1482249170      1387   441162    0.84145
1482249171      1240   442402    0.843815
1482249172      1388   443790    0.846462
1482249173      1388   445178    0.84911
1482249174      1387   446565    0.851755
1482249175      1273   447838    0.854183
1482249176      1328   449166    0.856716
1482249177      1266   450432    0.859131
1482249178      1387   451819    0.861776
1482249179      1387   453206    0.864422
1482249180      1388   454594    0.867069
1482249181      1269   455863    0.86949
1482249182      1384   457247    0.872129
1482249183      1389   458636    0.874779
1482249184      1276   459993    0.877367
1482249185      1394   461387    0.880026
1482249186      1384   462771    0.882666
1482249187      1387   464158    0.885311
1482249188      1213   465371    0.887625
1482249189      1389   466760    0.890274
1482249190      1274   468034    0.892704
1482249191      1388   469422    0.895351
1482249192      1389   470811    0.898001
1482249193      1387   472198    0.900646
1482249194      1276   473474    0.90308
1482249195      1389   474863    0.905729
1482249196      1387   476250    0.908375
1482249197      1387   477637    0.91102
1482249198      1265   478902    0.913433
1482249199      1388   480290    0.91608
1482249200      1215   481505    0.918398
1482249201      1381   482886    0.921032
1482249202      1387   484273    0.923677
1482249203      1373   485646    0.926296
1482249204      1267   486913    0.928713
1482249205      1379   488292    0.931343
1482249206      1369   489661    0.933954
1482249207      1379   491040    0.936584
1482249208      1228   492268    0.938927
1482249209      1382   493650    0.941563
1482249210      1385   495036    0.944206
1482249211      1278   496409    0.946825
1482249212      1317   497726    0.949337
1482249213      1327   499053    0.951868
