1481996903      1498   1498    0.00285721
1481996904      1500   2998    0.00571823
1481996905      1499   4497    0.00857735
1481996906      1499   5996    0.0114365
1481996907      1500   7496    0.0142975
1481996908      1499   8995    0.0171566
1481996909      1500   10495    0.0200176
1481996910      1499   11994    0.0228767
1481996911      1499   13493    0.0257359
1481996912      1500   14993    0.0285969
1481996913      1464   16457    0.0313892
1481996914      1384   17841    0.034029
1481996915      1273   19114    0.0364571
1481996916      1226   20340    0.0387955
1481996917      1227   21567    0.0411358
1481996918      1187   22863    0.0436077
1481996919      1393   24256    0.0462646
1481996920      1385   25641    0.0489063
1481996921      1385   27026    0.051548
1481996922      1272   28298    0.0539742
1481996923      1385   29683    0.0566158
1481996924      1386   31069    0.0592594
1481996925      1387   32456    0.0619049
1481996926      1269   33725    0.0643253
1481996927      1268   35005    0.0667667
1481996928      1392   36397    0.0694218
1481996929      1385   37782    0.0720634
1481996930      1386   39168    0.074707
1481996931      1270   40438    0.0771294
1481996932      1385   41823    0.079771
1481996933      1379   43202    0.0824013
1481996934      1384   44586    0.085041
1481996935      1272   45858    0.0874672
1481996936      1387   47245    0.0901127
1481996937      1385   48630    0.0927544
1481996938      1271   49901    0.0951786
1481996939      1386   51287    0.0978222
1481996940      1272   52559    0.100248
1481996941      1385   53944    0.10289
1481996942      1386   55330    0.105534
1481996943      1385   56715    0.108175
1481996944      1271   57986    0.1106
1481996945      1386   59372    0.113243
1481996946      1385   60757    0.115885
1481996947      1385   62142    0.118526
1481996948      1272   63414    0.120953
1481996949      1385   64799    0.123594
1481996950      1269   66068    0.126015
1481996951      1387   67455    0.12866
1481996952      1385   68840    0.131302
1481996953      1265   70105    0.133715
1481996954      1388   71493    0.136362
1481996955      1386   72879    0.139006
1481996956      1386   74265    0.141649
1481996957      1274   75539    0.144079
1481996958      1386   76925    0.146723
1481996959      1386   78311    0.149366
1481996960      1279   79657    0.151934
1481996961      1393   81050    0.154591
1481996962      1271   82321    0.157015
1481996963      1387   83708    0.15966
1481996964      1386   85094    0.162304
1481996965      1278   86439    0.164869
1481996966      1393   87832    0.167526
1481996967      1386   89218    0.17017
1481996968      1387   90605    0.172815
1481996969      1274   91879    0.175245
1481996970      1376   93255    0.17787
1481996971      1386   94641    0.180513
1481996972      1386   96027    0.183157
1481996973      1262   97289    0.185564
1481996974      1230   98581    0.188028
1481996975      1352   99933    0.190607
1481996976      1157   101090    0.192814
1481996977      1160   102250    0.195026
1481996978      1342   103592    0.197586
1481996979      1361   104953    0.200182
1481996980      1066   106085    0.202341
1481996981      1391   107476    0.204994
1481996982      1387   108863    0.20764
1481996983      1385   110248    0.210281
1481996984      1272   111520    0.212708
1481996985      1387   112907    0.215353
1481996986      1386   114293    0.217997
1481996987      1269   115562    0.220417
1481996988      1386   116948    0.223061
1481996989      1268   118227    0.2255
1481996990      1393   119620    0.228157
1481996991      1386   121006    0.230801
1481996992      1385   122391    0.233442
1481996993      1273   123664    0.23587
1481996994      1387   125051    0.238516
1481996995      1386   126437    0.241159
1481996996      1387   127824    0.243805
1481996997      1274   129098    0.246235
1481996998      1382   130480    0.248871
1481996999      1269   131749    0.251291
1481997000      1384   133133    0.253931
1481997001      1385   134518    0.256573
1481997002      1274   135792    0.259003
1481997003      1387   137179    0.261648
1481997004      1387   138566    0.264294
1481997005      1386   139952    0.266937
1481997006      1274   141226    0.269367
1481997007      1386   142612    0.272011
1481997008      1386   143998    0.274654
1481997009      1283   145377    0.277285
1481997010      1392   146769    0.27994
1481997011      1270   148039    0.282362
1481997012      1387   149426    0.285007
1481997013      1385   150811    0.287649
1481997014      1278   152159    0.29022
1481997015      1394   153553    0.292879
1481997016      1386   154939    0.295523
1481997017      1386   156325    0.298166
1481997018      1274   157599    0.300596
1481997019      1386   158985    0.30324
1481997020      1386   160371    0.305883
1481997021      1387   161758    0.308529
1481997022      1225   162983    0.310865
1481997023      1272   164301    0.313379
1481997024      1393   165694    0.316036
1481997025      1386   167080    0.31868
1481997026      1386   168466    0.321323
1481997027      1273   169739    0.323751
1481997028      1386   171125    0.326395
1481997029      1387   172512    0.329041
1481997030      1385   173897    0.331682
1481997031      1273   175170    0.33411
1481997032      1387   176557    0.336756
1481997033      1386   177943    0.339399
1481997034      1264   179207    0.34181
1481997035      1021   180381    0.344049
1481997036      1306   181687    0.34654
1481997037      1263   182950    0.348949
1481997038      1225   184175    0.351286
1481997039      1228   185403    0.353628
1481997040      1321   186724    0.356148
1481997041      1240   187964    0.358513
1481997042      1337   189301    0.361063
1481997043      1209   190510    0.363369
1481997044      1386   191896    0.366013
1481997045      1385   193281    0.368654
1481997046      1283   194667    0.371298
1481997047      1392   196059    0.373953
1481997049      1072   197161    0.376055
1481997050      1393   198554    0.378712
1481997051      1386   199940    0.381355
1481997052      1384   201324    0.383995
1481997053      1270   202594    0.386417
1481997054      1386   203980    0.389061
1481997055      1378   205358    0.391689
1481997056      1386   206744    0.394333
1481997057      1273   208017    0.396761
1481997058      1386   209403    0.399405
1481997059      1387   210790    0.40205
1481997060      1278   212169    0.40468
1481997061      1392   213561    0.407335
1481997062      1071   214663    0.409437
1481997063      1392   216055    0.412092
1481997064      1386   217441    0.414736
1481997065      1385   218826    0.417377
1481997066      1271   220097    0.419802
1481997067      1387   221484    0.422447
1481997068      1385   222869    0.425089
1481997069      1385   224254    0.427731
1481997070      1272   225526    0.430157
1481997071      1385   226911    0.432798
1481997072      1386   228297    0.435442
1481997073      1281   229671    0.438063
1481997074      1390   231061    0.440714
1481997075      1271   232332    0.443138
1481997076      1386   233718    0.445782
1481997077      1387   235105    0.448427
1481997078      1278   236453    0.450998
1481997079      1392   237845    0.453653
1481997080      1385   239230    0.456295
1481997081      1386   240616    0.458939
1481997082      1272   241888    0.461365
1481997083      1385   243273    0.464006
1481997084      1386   244659    0.46665
1481997085      1385   246044    0.469292
1481997086      1129   247173    0.471445
1481997087      1387   248560    0.474091
1481997088      1271   249831    0.476515
1481997089      1385   251216    0.479156
1481997090      1387   252603    0.481802
1481997091      1278   253955    0.484381
1481997092      1393   255348    0.487038
1481997093      1385   256733    0.489679
1481997094      1386   258119    0.492323
1481997095      1274   259393    0.494753
1481997096      1386   260779    0.497396
1481997097      1386   262165    0.50004
1481997098      1226   263391    0.502378
1481997099      1322   264713    0.5049
1481997100      1229   265942    0.507244
1481997101      1209   267151    0.50955
1481997102      1116   268267    0.511679
1481997103      1229   269496    0.514023
1481997104      1378   270874    0.516651
1481997105      1228   272102    0.518993
1481997106      1227   273329    0.521334
1481997107      1240   274673    0.523897
1481997108      1393   276066    0.526554
1481997109      1387   277453    0.5292
1481997110      1386   278839    0.531843
1481997111      1193   280032    0.534119
1481997112      1387   281419    0.536764
1481997113      1273   282692    0.539192
1481997114      1386   284078    0.541836
1481997115      1387   285465    0.544481
1481997116      1277   286815    0.547056
1481997117      1393   288208    0.549713
1481997118      1386   289594    0.552357
1481997119      1381   290975    0.554991
1481997120      1274   292249    0.557421
1481997121      1386   293635    0.560064
1481997122      1360   294995    0.562658
1481997123      1272   296267    0.565084
1481997124      1386   297653    0.567728
1481997125      1266   298957    0.570215
1481997126      1393   300350    0.572872
1481997127      1387   301737    0.575518
1481997128      1385   303122    0.578159
1481997129      1272   304394    0.580585
1481997130      1387   305781    0.583231
1481997131      1338   307119    0.585783
1481997132      1386   308505    0.588427
1481997133      1275   309780    0.590858
1481997134      1386   311166    0.593502
1481997135      1270   312436    0.595924
1481997136      1386   313822    0.598568
1481997137      1385   315207    0.60121
1481997138      1273   316480    0.603638
1481997139      1387   317867    0.606283
1481997140      1385   319252    0.608925
1481997141      1385   320637    0.611567
1481997142      1272   321909    0.613993
1481997143      1385   323294    0.616634
1481997144      1385   324679    0.619276
1481997145      1386   326065    0.62192
1481997146      1272   327337    0.624346
1481997147      1263   328601    0.626757
1481997148      1393   329994    0.629414
1481997149      1382   331376    0.63205
1481997150      1386   332762    0.634693
1481997151      1274   334036    0.637123
1481997152      1386   335422    0.639767
1481997153      1386   336808    0.64241
1481997154      1387   338195    0.645056
1481997155      1271   339466    0.64748
1481997156      1386   340852    0.650124
1481997157      1387   342239    0.652769
1481997158      1189   343609    0.655382
1481997159      1347   344956    0.657951
1481997160      1260   346216    0.660355
1481997161      1228   347444    0.662697
1481997162      1314   348758    0.665203
1481997163      1249   350007    0.667585
1481997164      1249   351256    0.669968
1481997165      1223   352535    0.672407
1481997166      1234   353769    0.674761
1481997167      1228   354997    0.677103
1481997168      1226   356223    0.679441
1481997169      1387   357610    0.682087
1481997170      1278   358967    0.684675
1481997171      1392   360359    0.68733
1481997172      1269   361628    0.689751
1481997173      1386   363014    0.692394
1481997174      1384   364398    0.695034
1481997175      1276   365749    0.697611
1481997176      1391   367140    0.700264
1481997177      1386   368526    0.702908
1481997178      1386   369912    0.705551
1481997179      1271   371183    0.707975
1481997180      1385   372568    0.710617
1481997181      1386   373954    0.713261
1481997182      1385   375339    0.715902
1481997183      1271   376610    0.718327
1481997184      1258   377891    0.72077
1481997185      1393   379284    0.723427
1481997186      1385   380669    0.726068
1481997187      1385   382054    0.72871
1481997188      1271   383325    0.731134
1481997189      1386   384711    0.733778
1481997190      1386   386097    0.736422
1481997191      1386   387483    0.739065
1481997192      1271   388754    0.741489
1481997193      1385   390139    0.744131
1481997194      1387   391526    0.746777
1481997195      1281   392899    0.749395
1481997196      1392   394291    0.75205
1481997197      1270   395561    0.754473
1481997198      1386   396947    0.757116
1481997199      1387   398334    0.759762
1481997200      1278   399681    0.762331
1481997201      1392   401073    0.764986
1481997202      1387   402460    0.767632
1481997203      1385   403845    0.770273
1481997204      1272   405117    0.772699
1481997205      1386   406503    0.775343
1481997206      1378   407881    0.777971
1481997207      1385   409266    0.780613
1481997208      1272   410538    0.783039
1481997209      1266   411823    0.78549
1481997210      1392   413215    0.788145
1481997211      1385   414600    0.790787
1481997212      1386   415986    0.79343
1481997213      1271   417257    0.795855
1481997214      1386   418643    0.798498
1481997215      1387   420030    0.801144
1481997216      1386   421416    0.803787
1481997217      1273   422689    0.806215
1481997218      1387   424076    0.808861
1481997219      1379   425455    0.811491
1481997220      1249   426831    0.814116
1481997221      1308   428139    0.81661
1481997223      1024   429325    0.818872
1481997224      1235   430560    0.821228
1481997225      1386   431946    0.823872
1481997226      1338   433284    0.826424
1481997227      1227   434511    0.828764
1481997228      1228   435739    0.831106
1481997229      1105   436844    0.833214
1481997230      1226   438070    0.835552
1481997231      1365   439435    0.838156
1481997232      1279   440714    0.840595
1481997233      1337   442051    0.843145
1481997234      1273   443324    0.845573
1481997235      1170   444494    0.847805
1481997236      1273   445767    0.850233
1481997237      1387   447154    0.852879
1481997238      1386   448540    0.855522
1481997239      1385   449925    0.858164
1481997240      1272   451197    0.86059
1481997241      1386   452583    0.863234
1481997242      1386   453969    0.865877
1481997243      1387   455356    0.868523
1481997244      1272   456628    0.870949
1481997245      1385   458013    0.87359
1481997246      1386   459399    0.876234
1481997247      1066   460465    0.878267
1481997248      1307   461772    0.88076
1481997249      1308   463080    0.883255
1481997250      1176   464329    0.885637
1481997251      1306   465635    0.888128
1481997252      1305   466940    0.890617
1481997253      1309   468249    0.893114
1481997254      1306   469555    0.895605
1481997255      1189   470761    0.897905
1481997256      1392   472153    0.90056
1481997257      1381   473534    0.903194
1481997258      1377   474911    0.905821
1481997259      1258   476169    0.90822
1481997260      1272   477543    0.910841
1481997261      1391   478934    0.913494
1481997262      1379   480313    0.916124
1481997263      1387   481700    0.91877
1481997264      1273   482973    0.921198
1481997265      1386   484359    0.923841
1481997266      1387   485746    0.926487
1481997267      1386   487132    0.929131
1481997268      1272   488404    0.931557
1481997269      1344   489748    0.93412
1481997270      1386   491134    0.936764
1481997271      1386   492520    0.939407
1481997272      1271   493791    0.941832
1481997273      1273   495064    0.94426
1481997274      1386   496450    0.946903
1481997275      1387   497837    0.949549
1481997276      1386   499223    0.952192
