1499688527      440   441    0.0130377
1499688528      432   873    0.0258093
1499688529      431   1305    0.0385809
1499688530      435   1741    0.0514708
1499688531      498   2240    0.0662231
1499688532      380   2620    0.0774574
1499688533      385   3005    0.0888395
1499688534      391   3396    0.100399
1499688535      407   3833    0.113318
1499688536      432   4265    0.12609
1499688537      395   4660    0.137768
1499688538      387   5047    0.149209
1499688539      267   5405    0.159793
1499688540      405   5857    0.173156
1499688541      448   6305    0.1864
1499688542      395   6700    0.198078
1499688543      379   7079    0.209283
1499688544      264   7429    0.21963
1499688546      409   7881    0.232993
1499688547      467   8348    0.246799
1499688548      389   8737    0.2583
1499688549      385   9122    0.269682
1499688550      375   9497    0.280768
1499688551      394   9905    0.29283
1499688552      468   10373    0.306666
1499688553      361   10734    0.317339
1499688554      394   11128    0.328987
1499688555      387   11515    0.340428
1499688556      400   11929    0.352668
1499688557      471   12401    0.366622
1499688558      387   12788    0.378063
1499688559      377   13166    0.389238
1499688560      398   13564    0.401005
1499688561      386   13953    0.412505
1499688562      346   14299    0.422734
1499688563      209   14621    0.432254
1499688564      419   15073    0.445617
1499688565      413   15525    0.45898
1499688566      414   15977    0.472342
1499688567      467   16444    0.486149
1499688568      396   16841    0.497886
1499688569      386   17227    0.509297
1499688570      385   17613    0.520709
1499688571      387   18001    0.53218
1499688572      468   18470    0.546045
1499688573      381   18851    0.557309
1499688574      391   19243    0.568898
1499688575      397   19640    0.580635
