1500020546      1595   1595    0.0106478
1500020547      1552   3147    0.0210085
1500020548      1634   4781    0.0319166
1500020549      1415   6196    0.0413628
1500020550      1584   7780    0.0519371
1500020551      1357   9137    0.0609961
1500020552      1550   10687    0.0713434
1500020553      1062   11749    0.078433
1500020554      1074   12832    0.0856628
1500020555      1430   14262    0.0952091
1500020556      807   15069    0.100596
1500020557      675   15744    0.105103
1500020558      656   16400    0.109482
1500020559      499   16908    0.112873
1500020560      650   17558    0.117212
1500020561      446   18004    0.12019
1500020562      456   18460    0.123234
1500020563      937   19549    0.130504
1500020564      1668   21587    0.144109
1500020565      3969   25556    0.170605
1500020566      2318   28304    0.18895
1500020567      4031   32336    0.215866
1500020568      1992   34418    0.229765
1500020569      3250   37668    0.251461
1500020570      2165   39833    0.265914
1500020572      1094   41135    0.274606
1500020573      1499   42634    0.284613
1500020574      1007   43776    0.292236
1500020575      1437   45213    0.301829
1500020576      1092   46305    0.309119
1500020577      1367   47672    0.318245
1500020578      428   48100    0.321102
1500020579      709   48809    0.325835
1500020580      688   49497    0.330428
