1499695111      953   953    0.00999737
1499695112      969   1922    0.0201626
1499695113      960   2882    0.0302334
1499695114      976   3858    0.040472
1499695115      823   4681    0.0491056
1499695116      691   5372    0.0563545
1499695117      754   6126    0.0642643
1499695118      753   6879    0.0721636
1499695119      690   7569    0.079402
1499695120      604   8186    0.0858746
1499695121      690   8988    0.0942879
1499695122      769   9790    0.102701
1499695123      719   10592    0.111115
1499695124      713   11394    0.119528
1499695126      652   12078    0.126703
1499695127      715   12880    0.135117
1499695128      713   13682    0.14353
1499695129      707   14484    0.151943
1499695130      671   15286    0.160357
1499695131      606   15970    0.167532
1499695132      762   16772    0.175945
1499695133      761   17574    0.184359
1499695134      759   18376    0.192772
1499695135      769   19178    0.201185
1499695136      655   19862    0.208361
1499695138      756   20664    0.216774
1499695139      766   21466    0.225187
1499695140      745   22268    0.233601
1499695141      756   23070    0.242014
1499695142      264   23353    0.244983
1499695143      762   24155    0.253396
1499695144      766   24957    0.261809
1499695145      744   25759    0.270223
1499695146      753   26561    0.278636
1499695147      658   27245    0.285811
1499695148      755   28047    0.294225
1499695149      722   28849    0.302638
1499695150      769   29651    0.311051
1499695151      764   30453    0.319465
1499695152      640   31137    0.32664
1499695153      744   31939    0.335053
1499695155      737   32741    0.343467
1499695156      763   33543    0.35188
1499695157      732   34345    0.360293
1499695158      645   35029    0.367469
1499695159      758   35831    0.375882
1499695160      744   36633    0.384295
1499695161      748   37435    0.392709
1499695162      761   38237    0.401122
1499695163      665   38921    0.408298
1499695164      764   39723    0.416711
1499695165      750   40525    0.425124
1499695166      741   41327    0.433537
1499695167      729   42129    0.441951
1499695168      623   42813    0.449126
1499695170      732   43615    0.45754
1499695171      737   44417    0.465953
1499695172      735   45219    0.474366
1499695173      517   45736    0.47979
1499695174      634   46422    0.486986
1499695175      623   47106    0.494162
1499695176      727   47908    0.502575
1499695177      724   48710    0.510988
1499695178      728   49512    0.519402
1499695179      728   50314    0.527815
1499695180      619   50998    0.53499
1499695182      720   51800    0.543404
1499695183      730   52602    0.551817
1499695184      729   53404    0.56023
1499695185      716   54206    0.568644
1499695186      622   54890    0.575819
1499695187      725   55692    0.584232
1499695188      732   56494    0.592646
1499695189      743   57296    0.601059
1499695190      715   58098    0.609472
1499695191      622   58782    0.616648
1499695193      726   59584    0.625061
1499695194      723   60386    0.633474
1499695195      732   61188    0.641888
1499695196      735   61990    0.650301
1499695197      621   62674    0.657476
1499695198      729   63476    0.66589
1499695199      722   64278    0.674303
1499695200      728   65080    0.682716
1499695201      735   65882    0.69113
1499695202      630   66566    0.698305
1499695204      735   67368    0.706718
1499695205      732   68170    0.715132
1499695206      718   68972    0.723545
1499695207      747   69774    0.731958
1499695208      616   70458    0.739134
1499695209      727   71260    0.747547
1499695210      724   72062    0.75596
1499695211      727   72864    0.764374
1499695212      718   73666    0.772787
1499695213      626   74350    0.779963
1499695215      726   75152    0.788376
1499695216      726   75954    0.796789
1499695217      721   76756    0.805202
1499695218      712   77558    0.813616
1499695219      612   78242    0.820791
1499695220      719   79044    0.829205
1499695221      719   79846    0.837618
1499695222      719   80648    0.846031
1499695223      754   81450    0.854445
1499695225      613   82134    0.86162
1499695226      720   82936    0.870033
1499695227      739   83738    0.878447
1499695228      727   84540    0.88686
1499695229      700   85342    0.895273
1499695230      617   86026    0.902449
1499695231      742   86828    0.910862
1499695232      723   87630    0.919275
1499695233      736   88432    0.927689
1499695234      746   89234    0.936102
1499695236      379   89918    0.943277
1499695237      730   90720    0.951691
1499695238      728   91522    0.960104
1499695240      725   92324    0.968517
1499695241      713   93126    0.976931
1499695242      617   93810    0.984106
1499695243      698   94612    0.992519
1499695244      710   95414    1.00093
1499695245      730   96216    1.00935
1499695246      680   97018    1.01776
1499695247      611   97702    1.02493
1499695249      726   98504    1.03335
1499695250      729   99306    1.04176
1499695251      725   100108    1.05017
1499695252      720   100910    1.05859
1499695253      626   101594    1.06576
1499695254      650   102396    1.07418
1499695255      700   103198    1.08259
1499695256      730   104000    1.091
1499695258      736   104802    1.09942
1499695259      635   105486    1.10659
1499695260      726   106288    1.11501
1499695261      797   107085    1.12337
1499695262      589   107674    1.12955
1499695263      714   108388    1.13704
1499695264      562   108977    1.14321
1499695265      722   109779    1.15163
1499695266      740   110581    1.16004
1499695267      337   110982    1.16425
1499695268      722   111784    1.17266
1499695269      728   112586    1.18107
1499695270      616   113270    1.18825
1499695272      714   114072    1.19666
1499695273      726   114874    1.20508
1499695274      729   115676    1.21349
1499695275      711   116478    1.2219
1499695276      623   117162    1.22908
1499695277      735   117964    1.23749
1499695278      732   118766    1.2459
1499695279      729   119568    1.25432
1499695280      731   120370    1.26273
1499695282      613   121054    1.26991
1499695283      745   121856    1.27832
1499695284      731   122658    1.28673
1499695285      720   123460    1.29515
1499695286      715   124262    1.30356
1499695287      619   124946    1.31074
1499695288      733   125748    1.31915
1499695289      742   126550    1.32756
1499695290      728   127352    1.33598
1499695291      710   128154    1.34439
1499695293      624   128838    1.35156
1499695294      728   129640    1.35998
1499695295      742   130442    1.36839
1499695296      717   131244    1.3768
1499695297      716   132046    1.38522
1499695298      622   132730    1.39239
1499695299      744   133532    1.40081
1499695300      749   134334    1.40922
1499695301      739   135136    1.41763
1499695302      712   135938    1.42605
1499695304      620   136622    1.43322
1499695305      730   137424    1.44164
1499695306      725   138226    1.45005
1499695307      738   139028    1.45846
1499695308      727   139830    1.46688
1499695309      613   140514    1.47405
1499695310      723   141316    1.48246
1499695311      729   142118    1.49088
1499695312      744   142920    1.49929
1499695313      737   143722    1.5077
1499695314      622   144406    1.51488
1499695316      742   145208    1.52329
1499695317      740   146010    1.53171
1499695318      740   146812    1.54012
1499695319      736   147614    1.54853
1499695320      622   148298    1.55571
1499695321      739   149100    1.56412
1499695322      738   149902    1.57253
1499695323      730   150704    1.58095
1499695324      728   151506    1.58936
1499695325      626   152190    1.59654
1499695326      743   152992    1.60495
1499695328      730   153794    1.61336
1499695329      721   154596    1.62178
1499695331      392   155398    1.63019
1499695332      613   156082    1.63737
1499695333      729   156884    1.64578
1499695334      705   157686    1.65419
1499695335      725   158488    1.66261
1499695336      725   159290    1.67102
1499695337      632   159974    1.67819
1499695338      729   160776    1.68661
1499695340      710   161578    1.69502
1499695341      672   162380    1.70343
1499695342      704   163182    1.71185
1499695343      616   163866    1.71902
1499695344      719   164668    1.72744
1499695345      722   165470    1.73585
1499695346      721   166272    1.74426
1499695347      727   167074    1.75268
1499695349      619   167758    1.75985
1499695350      724   168560    1.76826
1499695351      742   169362    1.77668
1499695352      722   170164    1.78509
1499695353      694   170966    1.7935
1499695354      617   171650    1.80068
1499695355      721   172452    1.80909
1499695356      717   173254    1.81751
1499695357      747   174056    1.82592
1499695359      699   174858    1.83433
1499695360      613   175542    1.84151
1499695361      572   176344    1.84992
1499695362      723   177146    1.85834
1499695363      726   177948    1.86675
1499695364      700   178750    1.87516
1499695366      616   179434    1.88234
1499695367      725   180236    1.89075
1499695368      722   181038    1.89916
1499695369      724   181840    1.90758
1499695370      736   182642    1.91599
1499695371      642   183326    1.92317
1499695372      733   184128    1.93158
1499695373      706   184930    1.93999
1499695374      666   185732    1.94841
1499695375      770   186502    1.95648
1499695376      537   187039    1.96212
1499695377      705   187744    1.96951
1499695379      664   188421    1.97661
1499695380      729   189223    1.98503
1499695381      723   190025    1.99344
1499695382      613   190709    2.00062
1499695383      684   191511    2.00903
1499695384      794   192305    2.01736
1499695385      587   192892    2.02352
1499695386      675   193567    2.0306
1499695387      698   194318    2.03848
1499695388      608   195002    2.04565
1499695389      659   195804    2.05407
1499695390      795   196599    2.06241
1499695391      640   197239    2.06912
1499695392      535   197809    2.0751
1499695394      619   198493    2.08227
1499695395      727   199295    2.09069
1499695396      732   200097    2.0991
1499695397      717   200899    2.10751
1499695398      718   201701    2.11593
1499695399      628   202385    2.1231
1499695400      727   203187    2.13152
1499695401      721   203989    2.13993
1499695402      728   204791    2.14834
1499695404      718   205593    2.15676
1499695405      612   206277    2.16393
1499695406      745   207079    2.17235
1499695407      732   207881    2.18076
1499695408      718   208683    2.18917
1499695409      706   209485    2.19759
1499695410      621   210169    2.20476
1499695411      729   210971    2.21317
1499695412      751   211773    2.22159
1499695413      728   212575    2.23
1499695415      711   213377    2.23841
1499695416      615   214061    2.24559
1499695417      731   214863    2.254
1499695418      724   215665    2.26242
1499695419      744   216467    2.27083
1499695420      708   217269    2.27924
1499695421      614   217953    2.28642
1499695422      727   218755    2.29483
1499695423      727   219557    2.30324
1499695425      484   220359    2.31166
1499695426      735   221161    2.32007
1499695427      616   221845    2.32725
1499695428      723   222647    2.33566
1499695429      724   223449    2.34407
1499695431      729   224251    2.35249
1499695432      709   225053    2.3609
1499695433      622   225737    2.36808
1499695434      743   226539    2.37649
1499695435      727   227341    2.3849
1499695436      731   228143    2.39332
1499695437      719   228945    2.40173
1499695438      621   229629    2.4089
1499695439      727   230431    2.41732
1499695441      739   231233    2.42573
1499695442      709   232035    2.43414
1499695443      719   232837    2.44256
1499695444      619   233521    2.44973
1499695445      733   234323    2.45815
1499695446      723   235125    2.46656
1499695447      763   235927    2.47497
1499695448      714   236729    2.48339
1499695449      618   237413    2.49056
1499695450      727   238215    2.49897
1499695452      716   239017    2.50739
1499695453      713   239819    2.5158
1499695454      722   240621    2.52421
1499695455      610   241305    2.53139
1499695456      332   241706    2.5356
1499695457      797   242503    2.54396
1499695458      618   243121    2.55044
1499695459      695   243816    2.55773
1499695460      683   244513    2.56504
1499695461      603   245197    2.57222
1499695462      761   245999    2.58063
1499695463      708   246801    2.58905
1499695465      719   247603    2.59746
1499695466      725   248405    2.60587
1499695467      617   249089    2.61305
1499695468      720   249891    2.62146
1499695469      743   250693    2.62987
1499695470      703   251495    2.63829
1499695471      725   252297    2.6467
1499695472      609   252981    2.65388
1499695473      714   253783    2.66229
1499695475      720   254585    2.6707
1499695476      721   255387    2.67912
1499695477      709   256189    2.68753
1499695478      612   256873    2.69471
1499695479      718   257675    2.70312
1499695480      722   258477    2.71153
1499695481      723   259279    2.71994
1499695482      741   260081    2.72836
1499695483      620   260765    2.73553
1499695485      726   261567    2.74395
1499695486      716   262369    2.75236
1499695487      665   263171    2.76077
1499695488      684   263855    2.76795
1499695489      584   264439    2.77408
1499695490      579   265058    2.78057
1499695491      739   265860    2.78898
1499695492      722   266662    2.7974
1499695493      709   267464    2.80581
1499695494      705   268266    2.81422
1499695496      604   268950    2.8214
1499695497      728   269752    2.82981
1499695498      704   270554    2.83822
1499695499      691   271356    2.84664
1499695500      714   272158    2.85505
1499695501      613   272842    2.86223
1499695502      726   273644    2.87064
1499695503      728   274446    2.87905
1499695504      742   275248    2.88747
1499695506      728   276050    2.89588
1499695507      617   276734    2.90306
1499695508      716   277536    2.91147
1499695509      708   278338    2.91988
1499695510      716   279140    2.9283
1499695511      740   279942    2.93671
1499695512      614   280626    2.94388
1499695513      725   281428    2.9523
1499695514      725   282230    2.96071
1499695516      688   283032    2.96912
1499695517      783   283815    2.97734
1499695518      520   284335    2.98279
1499695520      96   284518    2.98471
1499695521      739   285320    2.99313
1499695522      689   286122    3.00154
1499695523      791   286913    3.00984
1499695524      649   287562    3.01665
1499695525      577   288139    3.0227
1499695526      708   288847    3.03013
1499695527      720   289613    3.03816
1499695528      722   290415    3.04657
1499695529      769   291217    3.05499
1499695530      606   291901    3.06216
1499695531      726   292703    3.07058
1499695532      720   293505    3.07899
1499695533      728   294307    3.0874
1499695535      726   295109    3.09582
1499695536      660   295793    3.10299
1499695537      733   296595    3.11141
1499695538      734   297397    3.11982
1499695539      723   298199    3.12823
1499695540      728   299001    3.13665
1499695541      623   299685    3.14382
1499695542      724   300487    3.15223
1499695543      735   301289    3.16065
1499695544      720   302091    3.16906
1499695545      734   302893    3.17747
1499695547      607   303577    3.18465
1499695548      723   304379    3.19306
1499695549      729   305181    3.20148
1499695551      377   305983    3.20989
1499695552      721   306785    3.2183
1499695553      621   307469    3.22548
1499695554      734   308271    3.23389
1499695555      728   309073    3.2423
1499695556      726   309875    3.25072
1499695558      757   310677    3.25913
1499695559      612   311361    3.26631
1499695560      728   312163    3.27472
1499695561      711   312965    3.28313
1499695562      724   313767    3.29155
1499695563      735   314569    3.29996
1499695564      603   315253    3.30714
1499695565      707   316055    3.31555
1499695566      716   316857    3.32396
1499695568      723   317659    3.33238
1499695569      767   318461    3.34079
1499695570      611   319145    3.34796
1499695571      702   319947    3.35638
1499695572      726   320749    3.36479
1499695573      720   321551    3.3732
1499695574      762   322353    3.38162
1499695575      606   323037    3.38879
1499695576      715   323839    3.39721
1499695577      723   324641    3.40562
1499695579      703   325443    3.41403
1499695580      761   326245    3.42245
1499695581      618   326929    3.42962
1499695582      686   327731    3.43804
1499695583      728   328533    3.44645
1499695584      707   329335    3.45486
1499695585      749   330137    3.46327
1499695586      597   330821    3.47045
1499695588      627   331623    3.47886
1499695589      783   332406    3.48708
1499695590      660   333066    3.494
1499695591      666   333732    3.50099
1499695592      693   334430    3.50831
1499695593      614   335114    3.51549
1499695594      747   335916    3.5239
1499695595      733   336718    3.53231
1499695596      710   337520    3.54073
1499695597      724   338322    3.54914
1499695598      601   339006    3.55631
1499695599      743   339808    3.56473
1499695601      720   340610    3.57314
1499695602      723   341412    3.58155
1499695603      732   342214    3.58997
1499695604      623   342898    3.59714
1499695605      739   343700    3.60556
1499695606      719   344502    3.61397
1499695607      692   345304    3.62238
1499695608      708   346106    3.6308
1499695609      631   346790    3.63797
1499695610      746   347592    3.64639
1499695612      729   348394    3.6548
1499695613      728   349196    3.66321
1499695614      731   349998    3.67163
1499695615      613   350682    3.6788
1499695616      728   351484    3.68721
1499695617      725   352286    3.69563
1499695618      726   353088    3.70404
1499695619      700   353890    3.71245
1499695620      636   354574    3.71963
1499695622      742   355376    3.72804
1499695623      735   356178    3.73646
1499695624      260   356579    3.74066
1499695625      738   357317    3.7484
1499695626      649   357966    3.75521
1499695627      536   358502    3.76084
1499695628      726   359268    3.76887
1499695629      748   360070    3.77728
1499695630      729   360872    3.7857
1499695631      728   361674    3.79411
1499695633      605   362358    3.80129
1499695634      715   363160    3.8097
1499695635      740   363962    3.81811
1499695636      728   364764    3.82653
1499695637      733   365566    3.83494
1499695638      622   366250    3.84212
1499695639      729   367052    3.85053
1499695640      739   367854    3.85894
1499695641      690   368656    3.86736
1499695643      717   369458    3.87577
1499695644      622   370142    3.88294
1499695645      728   370944    3.89136
1499695646      758   371746    3.89977
1499695647      723   372548    3.90818
1499695648      722   373350    3.9166
1499695649      617   374034    3.92377
1499695650      731   374836    3.93219
1499695651      746   375638    3.9406
1499695652      722   376440    3.94901
1499695654      720   377242    3.95743
1499695655      610   377926    3.9646
1499695656      727   378728    3.97301
1499695657      752   379530    3.98143
1499695658      656   380332    3.98984
1499695659      782   381114    3.99804
1499695660      233   381417    4.00122
1499695661      375   381818    4.00543
1499695663      733   382620    4.01384
1499695664      728   383422    4.02226
1499695665      724   384224    4.03067
1499695666      731   385026    4.03908
1499695667      649   385710    4.04626
1499695668      729   386512    4.05467
1499695669      727   387314    4.06309
1499695670      727   388116    4.0715
1499695671      748   388918    4.07991
1499695672      651   389602    4.08709
1499695673      730   390404    4.0955
1499695674      785   391189    4.10374
1499695675      465   391654    4.10861
1499695676      711   392409    4.11653
1499695678      604   393093    4.12371
1499695679      738   393895    4.13212
1499695680      720   394697    4.14054
1499695681      728   395499    4.14895
1499695682      726   396301    4.15736
1499695683      616   396985    4.16454
1499695684      756   397787    4.17295
1499695685      725   398589    4.18137
1499695686      710   399391    4.18978
1499695688      702   400193    4.19819
1499695689      618   400877    4.20537
1499695690      760   401679    4.21378
1499695691      724   402481    4.22219
1499695692      726   403283    4.23061
1499695693      704   403987    4.23799
1499695694      613   404600    4.24442
1499695695      562   405170    4.2504
1499695696      717   405972    4.25882
1499695697      734   406774    4.26723
1499695698      688   407462    4.27445
1499695699      656   408118    4.28133
1499695700      566   408684    4.28727
1499695701      717   409463    4.29544
1499695702      710   410265    4.30385
1499695703      739   411067    4.31226
1499695705      725   411869    4.32068
1499695706      622   412553    4.32785
1499695707      736   413355    4.33627
1499695708      733   414157    4.34468
1499695709      628   414959    4.35309
1499695710      444   415403    4.35775
1499695711      692   416162    4.36571
1499695712      614   416846    4.37289
1499695713      705   417648    4.3813
1499695715      729   418450    4.38972
1499695716      749   419252    4.39813
1499695717      733   420054    4.40654
1499695718      616   420738    4.41372
1499695719      725   421540    4.42213
1499695720      712   422342    4.43054
1499695721      722   423144    4.43896
1499695722      733   423946    4.44737
1499695723      614   424630    4.45455
1499695725      706   425432    4.46296
1499695726      723   426234    4.47137
1499695727      741   427036    4.47979
1499695728      749   427838    4.4882
1499695729      552   428390    4.49399
1499695730      622   429012    4.50051
1499695731      302   429324    4.50379
1499695732      728   430126    4.5122
1499695733      729   430928    4.52061
1499695734      721   431730    4.52903
1499695735      630   432414    4.5362
1499695736      723   433216    4.54462
1499695737      729   434018    4.55303
1499695739      728   434820    4.56144
1499695740      727   435622    4.56986
1499695741      622   436306    4.57703
1499695742      673   437108    4.58545
1499695743      731   437910    4.59386
1499695744      725   438712    4.60227
1499695745      729   439514    4.61069
1499695746      616   440198    4.61786
1499695747      746   441000    4.62627
1499695748      728   441802    4.63469
1499695750      734   442604    4.6431
1499695751      734   443406    4.65151
1499695752      620   444090    4.65869
1499695753      743   444892    4.6671
1499695754      729   445694    4.67552
1499695755      730   446496    4.68393
1499695756      728   447298    4.69234
1499695757      621   447982    4.69952
1499695758      726   448784    4.70793
1499695760      636   449586    4.71634
1499695761      619   450388    4.72476
1499695762      336   450789    4.72896
1499695763      623   451473    4.73614
1499695764      722   452275    4.74455
1499695765      727   453077    4.75297
1499695767      722   453879    4.76138
1499695768      735   454681    4.76979
1499695769      616   455365    4.77697
1499695770      717   456167    4.78538
1499695771      728   456969    4.7938
1499695772      737   457771    4.80221
1499695773      745   458573    4.81062
1499695774      634   459257    4.8178
1499695775      730   460059    4.82621
1499695776      707   460861    4.83462
1499695778      727   461663    4.84304
1499695779      739   462465    4.85145
1499695780      636   463149    4.85863
1499695781      734   463951    4.86704
1499695782      735   464753    4.87545
1499695783      696   465555    4.88387
1499695784      727   466357    4.89228
1499695785      634   467041    4.89946
1499695786      729   467843    4.90787
1499695787      715   468645    4.91628
1499695789      704   469447    4.9247
1499695790      740   470249    4.93311
1499695791      621   470933    4.94028
1499695792      718   471735    4.9487
1499695793      597   472332    4.95496
1499695794      522   472938    4.96132
1499695795      725   473740    4.96973
1499695796      720   474542    4.97814
1499695797      627   475226    4.98532
1499695799      671   476028    4.99373
1499695800      792   476820    5.00204
1499695801      666   477486    5.00903
1499695802      651   478137    5.01586
1499695803      549   478717    5.02194
1499695804      728   479519    5.03035
1499695805      800   480319    5.03875
1499695806      576   480895    5.04479
1499695807      708   481603    5.05222
1499695808      687   482326    5.0598
1499695809      593   483010    5.06698
1499695810      721   483812    5.07539
1499695811      738   484614    5.0838
1499695812      717   485416    5.09222
1499695813      728   486218    5.10063
1499695814      621   486902    5.10781
1499695816      718   487704    5.11622
1499695817      722   488506    5.12463
1499695818      724   489308    5.13305
1499695819      717   490110    5.14146
1499695820      624   490794    5.14863
1499695821      711   491596    5.15705
1499695822      726   492398    5.16546
1499695823      725   493200    5.17387
1499695824      713   494002    5.18229
1499695826      621   494686    5.18946
1499695827      739   495488    5.19788
1499695828      748   496290    5.20629
1499695829      473   497092    5.2147
1499695830      785   497877    5.22294
1499695831      551   498428    5.22872
1499695832      697   499125    5.23603
1499695833      695   499820    5.24332
