1482502368      1498   1498    0.00285721
1482502369      1499   2997    0.00571632
1482502370      1500   4497    0.00857735
1482502371      1499   5996    0.0114365
1482502372      1499   7495    0.0142956
1482502373      1499   8995    0.0171566
1482502374      1500   10495    0.0200176
1482502375      1499   11994    0.0228767
1482502376      1499   13493    0.0257359
1482502377      1500   14993    0.0285969
1482502378      1461   16454    0.0313835
1482502379      1317   17771    0.0338955
1482502380      1259   19030    0.0362968
1482502381      1378   20408    0.0389252
1482502382      1378   21786    0.0415535
1482502383      1380   23166    0.0441856
1482502384      1258   24424    0.0465851
1482502385      1379   25803    0.0492153
1482502386      1380   27183    0.0518475
1482502387      1379   28562    0.0544777
1482502388      1259   29821    0.056879
1482502389      1380   31201    0.0595112
1482502390      1215   32416    0.0618286
1482502391      1263   33745    0.0643635
1482502392      1380   35125    0.0669956
1482502393      1379   36504    0.0696259
1482502394      1379   37883    0.0722561
1482502395      1162   39105    0.0745869
1482502396      1273   40378    0.0770149
1482502397      1374   41752    0.0796356
1482502398      1360   43112    0.0822296
1482502400      1153   44465    0.0848103
1482502401      1351   45816    0.0873871
1482502402      1378   47194    0.0900154
1482502403      1216   48410    0.0923347
1482502404      1256   49666    0.0947304
1482502405      1379   51045    0.0973606
1482502406      1379   52424    0.0999908
1482502407      1375   53799    0.102613
1482502408      1251   55050    0.105
1482502409      1375   56425    0.107622
1482502410      1378   57803    0.11025
1482502411      1379   59182    0.112881
1482502412      1248   60430    0.115261
1482502413      1379   61809    0.117891
1482502414      1381   63190    0.120525
1482502415      1096   64286    0.122616
1482502416      1378   65664    0.125244
1482502417      1380   67044    0.127876
1482502418      1379   68423    0.130507
1482502419      1259   69682    0.132908
1482502420      1380   71062    0.13554
1482502421      1379   72441    0.13817
1482502422      1380   73821    0.140802
1482502423      1258   75079    0.143202
1482502424      1379   76458    0.145832
1482502425      1379   77837    0.148462
1482502426      1113   79001    0.150682
1482502427      1387   80388    0.153328
1482502428      1377   81765    0.155954
1482502429      1379   83144    0.158585
1482502430      1259   84403    0.160986
1482502431      1379   85782    0.163616
1482502432      1379   87161    0.166246
1482502433      1377   88538    0.168873
1482502434      1257   89795    0.17127
1482502435      1379   91174    0.173901
1482502436      1377   92551    0.176527
1482502437      1379   93930    0.179157
1482502438      1096   95026    0.181248
1482502439      1375   96401    0.18387
1482502440      1379   97780    0.186501
1482502441      1232   99089    0.188997
1482502442      1385   100474    0.191639
1482502443      1380   101854    0.194271
1482502444      1373   103227    0.19689
1482502445      1253   104480    0.19928
1482502446      1329   105809    0.201815
1482502447      1379   107188    0.204445
1482502448      1379   108567    0.207075
1482502449      1258   109825    0.209475
1482502450      1209   111034    0.211781
1482502451      1379   112413    0.214411
1482502452      1380   113793    0.217043
1482502453      1039   114889    0.219133
1482502454      1277   116166    0.221569
1482502455      1379   117545    0.224199
1482502456      1379   118924    0.22683
1482502457      1263   120249    0.229357
1482502458      1386   121635    0.232
1482502459      1360   122995    0.234594
1482502460      1376   124371    0.237219
1482502461      1251   125622    0.239605
1482502462      1046   126668    0.2416
1482502463      1379   128047    0.24423
1482502464      1379   129426    0.246861
1482502465      1253   130689    0.249269
1482502466      1386   132075    0.251913
1482502467      1379   133454    0.254543
1482502468      1380   134834    0.257175
1482502469      1257   136091    0.259573
1482502470      1379   137470    0.262203
1482502471      1380   138850    0.264835
1482502472      1379   140229    0.267466
1482502473      1260   141489    0.269869
1482502474      1107   142596    0.27198
1482502475      1378   143974    0.274609
1482502476      1378   145352    0.277237
1482502477      1256   146608    0.279633
1482502478      1376   147984    0.282257
1482502479      1378   149362    0.284885
1482502480      1380   150742    0.287518
1482502481      1249   151991    0.2899
1482502482      1378   153369    0.292528
1482502483      1381   154750    0.295162
1482502484      1372   156122    0.297779
1482502485      1248   157370    0.300159
1482502486      1073   158443    0.302206
1482502487      1379   159822    0.304836
1482502488      1377   161199    0.307463
1482502489      1245   162444    0.309837
1482502490      1379   163823    0.312468
1482502491      1379   165202    0.315098
1482502492      1268   166577    0.31772
1482502493      1386   167963    0.320364
1482502494      1377   169340    0.32299
1482502495      1379   170719    0.325621
1482502496      1254   171973    0.328012
1482502497      1381   173354    0.330647
1482502498      1060   174414    0.332668
1482502499      1378   175792    0.335297
1482502500      1261   177053    0.337702
1482502501      1379   178432    0.340332
1482502502      1379   179811    0.342962
1482502503      1380   181191    0.345594
1482502504      1255   182446    0.347988
1482502505      1379   183825    0.350618
1482502506      1380   185205    0.353251
1482502507      1379   186584    0.355881
1482502508      1260   187844    0.358284
1482502509      1380   189224    0.360916
1482502510      1138   190362    0.363087
1482502511      1380   191742    0.365719
1482502512      1253   192995    0.368109
1482502513      1375   194370    0.370731
1482502514      1379   195749    0.373362
1482502515      1249   197105    0.375948
1482502516      1271   198376    0.378372
1482502517      1371   199747    0.380987
1482502518      1245   200992    0.383362
1482502519      1380   202372    0.385994
1482502520      1103   203537    0.388216
1482502521      1380   204917    0.390848
1482502522      1222   206139    0.393179
1482502523      1379   207518    0.395809
1482502524      1256   208774    0.398205
1482502525      1379   210153    0.400835
1482502526      1378   211531    0.403463
1482502527      1271   212905    0.406084
1482502528      1384   214289    0.408724
1482502529      1379   215668    0.411354
1482502530      1380   217048    0.413986
1482502531      1254   218302    0.416378
1482502532      1379   219681    0.419008
1482502533      1375   221056    0.421631
1482502534      1122   222273    0.423952
1482502535      1386   223659    0.426596
1482502536      1379   225038    0.429226
1482502537      1378   226416    0.431854
1482502538      1235   227651    0.43421
1482502539      1379   229030    0.43684
1482502540      1375   230405    0.439463
1482502541      1381   231786    0.442097
1482502542      1215   233001    0.444414
1482502543      1379   234380    0.447044
1482502544      1374   235754    0.449665
1482502545      1125   237001    0.452044
1482502546      1384   238385    0.454683
1482502547      1379   239764    0.457314
1482502548      1379   241143    0.459944
1482502549      1260   242403    0.462347
1482502550      1378   243781    0.464975
1482502551      1379   245160    0.467606
1482502552      1380   246540    0.470238
1482502553      1223   247763    0.47257
1482502554      1379   249142    0.475201
1482502555      1379   250521    0.477831
1482502556      1378   251899    0.480459
1482502557      1066   252965    0.482492
1482502558      1380   254345    0.485125
1482502559      1379   255724    0.487755
1482502560      1270   257089    0.490358
1482502561      1385   258474    0.493
1482502562      1379   259853    0.49563
1482502563      1379   261232    0.49826
1482502564      1258   262490    0.50066
1482502565      1377   263867    0.503286
1482502566      1376   265243    0.505911
1482502567      1380   266623    0.508543
1482502568      1260   267883    0.510946
1482502569      1221   269104    0.513275
1482502570      1380   270484    0.515907
1482502571      1265   271817    0.51845
1482502572      1388   273205    0.521097
1482502573      1218   274423    0.52342
1482502574      1379   275802    0.526051
1482502576      1232   277177    0.528673
1482502577      1385   278562    0.531315
1482502578      1379   279941    0.533945
1482502579      1215   281156    0.536263
1482502580      1263   282419    0.538671
1482502581      1173   283609    0.540941
1482502582      1229   284838    0.543285
1482502583      1252   286090    0.545673
1482502584      1379   287469    0.548304
1482502585      1258   288727    0.550703
1482502586      1380   290107    0.553335
1482502587      1376   291483    0.55596
1482502588      1375   292858    0.558582
1482502589      1260   294118    0.560986
1482502590      1379   295497    0.563616
1482502591      1379   296876    0.566246
1482502592      1380   298256    0.568878
1482502593      1260   299516    0.571281
1482502594      1222   300738    0.573612
1482502595      1380   302118    0.576244
1482502596      1259   303417    0.578722
1482502597      1385   304802    0.581364
1482502598      1379   306181    0.583994
1482502599      1380   307561    0.586626
1482502600      1259   308820    0.589027
1482502601      1379   310199    0.591658
1482502602      1380   311579    0.59429
1482502603      1379   312958    0.59692
1482502604      1258   314216    0.599319
1482502605      1378   315594    0.601948
1482502606      1220   316814    0.604275
1482502607      1265   318145    0.606813
1482502608      1385   319530    0.609455
1482502609      1376   320906    0.61208
1482502610      1379   322285    0.61471
1482502611      1259   323544    0.617111
1482502612      1381   324925    0.619745
1482502613      1379   326304    0.622375
1482502614      1379   327683    0.625006
1482502615      1260   328943    0.627409
1482502616      1379   330322    0.630039
1482502617      1378   331700    0.632668
1482502618      1114   332873    0.634905
1482502619      1386   334259    0.637548
1482502620      1379   335638    0.640179
1482502621      1380   337018    0.642811
1482502622      1259   338277    0.645212
1482502623      1379   339656    0.647842
1482502624      1380   341036    0.650475
1482502625      1378   342414    0.653103
1482502626      1261   343675    0.655508
1482502627      1380   345055    0.65814
1482502628      1379   346434    0.66077
1482502629      1114   347601    0.662996
1482502630      1387   348988    0.665642
1482502631      1379   350367    0.668272
1482502632      1378   351745    0.6709
1482502633      1075   352961    0.67322
1482502634      1386   354347    0.675863
1482502635      1217   355564    0.678185
1482502636      1370   356934    0.680798
1482502637      1217   358151    0.683119
1482502638      1231   359393    0.685488
1482502639      1375   360768    0.68811
1482502640      1335   362103    0.690657
1482502641      1026   363401    0.693132
1482502642      1383   364784    0.69577
1482502643      1380   366164    0.698402
1482502644      1381   367545    0.701036
1482502645      1258   368803    0.703436
1482502646      1375   370178    0.706059
1482502647      1380   371558    0.708691
1482502648      1380   372938    0.711323
1482502649      1259   374197    0.713724
1482502650      1380   375577    0.716356
1482502651      1379   376956    0.718987
1482502652      1378   378334    0.721615
1482502653      1104   379438    0.723721
1482502654      1379   380817    0.726351
1482502655      1378   382195    0.728979
1482502656      1239   383489    0.731447
1482502657      1387   384876    0.734093
1482502658      1379   386255    0.736723
1482502659      1379   387634    0.739353
1482502660      1259   388893    0.741755
1482502661      1378   390271    0.744383
1482502662      1379   391650    0.747013
1482502663      1380   393030    0.749645
1482502664      1224   394254    0.75198
1482502665      1123   395377    0.754122
1482502666      1380   396757    0.756754
1482502667      1379   398136    0.759384
1482502668      1259   399395    0.761786
1482502669      1379   400774    0.764416
1482502670      1378   402152    0.767044
1482502671      1378   403530    0.769672
1482502672      1260   404790    0.772076
1482502673      1380   406170    0.774708
1482502674      1379   407549    0.777338
1482502675      1380   408929    0.77997
1482502676      1251   410180    0.782356
1482502677      1222   411402    0.784687
1482502678      1380   412782    0.787319
1482502679      1259   414041    0.789721
1482502680      1376   415417    0.792345
1482502681      1380   416797    0.794977
1482502682      1379   418176    0.797607
1482502683      1259   419435    0.800009
1482502684      1380   420815    0.802641
1482502685      1378   422193    0.805269
1482502686      1379   423572    0.807899
1482502687      1260   424832    0.810303
1482502688      1379   426211    0.812933
1482502689      1103   427314    0.815037
1482502690      1379   428693    0.817667
1482502691      1254   429947    0.820059
1482502692      1378   431325    0.822687
1482502693      1380   432705    0.825319
1482502694      1379   434084    0.82795
1482502695      1250   435334    0.830334
1482502696      1379   436713    0.832964
1482502697      1364   438077    0.835566
1482502698      1379   439456    0.838196
1482502699      1020   440537    0.840258
1482502700      1385   441922    0.842899
1482502701      1024   442946    0.844852
1482502702      1379   444325    0.847483
1482502703      1256   445617    0.849947
1482502704      1385   447002    0.852589
1482502705      1379   448381    0.855219
1482502706      1379   449760    0.857849
1482502707      1251   451011    0.860235
1482502708      1380   452391    0.862867
1482502709      1379   453770    0.865498
1482502710      1379   455149    0.868128
1482502711      1260   456409    0.870531
1482502712      1378   457787    0.873159
1482502713      1069   458856    0.875198
1482502714      1381   460237    0.877832
1482502715      1260   461497    0.880236
1482502716      1380   462877    0.882868
1482502717      1381   464258    0.885502
1482502718      1380   465638    0.888134
1482502719      1257   466895    0.890532
1482502720      1381   468276    0.893166
1482502721      1380   469656    0.895798
1482502722      1379   471035    0.898428
1482502723      1255   472290    0.900822
1482502724      1380   473670    0.903454
1482502725      1113   474783    0.905577
1482502726      1270   476145    0.908175
1482502727      1387   477532    0.91082
1482502728      1379   478911    0.91345
1482502729      1379   480290    0.91608
1482502730      1259   481549    0.918482
1482502731      1379   482928    0.921112
1482502732      1380   484308    0.923744
1482502733      1379   485687    0.926374
1482502734      1259   486946    0.928776
1482502735      1379   488325    0.931406
1482502736      1378   489703    0.934034
1482502737      1046   490749    0.936029
1482502738      1259   492008    0.938431
1482502739      1381   493389    0.941065
1482502740      1380   494769    0.943697
1482502741      1379   496148    0.946327
1482502742      1261   497409    0.948732
1482502743      1380   498789    0.951365
