1487579286      998   998    0.0104694
1487579287      1000   1998    0.0209599
1487579288      1000   2998    0.0314503
1487579289      976   3974    0.0416889
1487579290      775   4749    0.049819
1487579291      461   5406    0.0567112
1487579292      703   6109    0.064086
1487579293      701   6810    0.0714397
1487579294      585   7546    0.0791607
1487579296      523   8136    0.08535
1487579297      776   8912    0.0934906
1487579298      773   9685    0.1016
1487579299      492   10276    0.1078
1487579300      620   10896    0.114304
1487579301      596   11492    0.120556
1487579302      781   12273    0.128749
1487579303      599   12872    0.135033
1487579304      597   13541    0.142051
1487579305      713   14254    0.14953
1487579306      719   14973    0.157073
1487579307      593   15566    0.163294
1487579308      601   16271    0.17069
1487579309      735   17006    0.1784
1487579310      658   17664    0.185303
1487579311      581   18411    0.193139
1487579312      588   19001    0.199328
1487579313      685   19686    0.206514
1487579314      775   20461    0.214644
1487579315      588   21141    0.221778
1487579316      788   21929    0.230044
1487579317      784   22713    0.238269
1487579318      588   23301    0.244437
1487579320      555   23871    0.250417
1487579321      792   24663    0.258725
1487579322      773   25436    0.266834
1487579323      486   26011    0.272866
1487579324      609   26620    0.279255
1487579325      709   27329    0.286693
1487579326      272   27671    0.29028
1487579327      778   28449    0.298442
1487579328      784   29233    0.306666
1487579329      562   29811    0.31273
1487579330      606   30417    0.319087
1487579331      788   31205    0.327353
1487579332      779   31984    0.335526
1487579333      545   32541    0.341369
1487579334      788   33329    0.349635
1487579335      772   34101    0.357734
1487579336      596   34697    0.363986
1487579337      561   35271    0.370008
1487579338      735   36006    0.377718
1487579339      778   36784    0.38588
1487579340      578   37411    0.392457
1487579341      617   38028    0.39893
1487579342      788   38816    0.407196
1487579343      783   39599    0.41541
1487579344      564   40163    0.421327
1487579345      771   40934    0.429415
1487579346      782   41716    0.437618
1487579347      611   42327    0.444028
1487579348      549   42876    0.449787
1487579349      787   43663    0.458043
1487579350      774   44437    0.466163
1487579351      558   45011    0.472184
1487579352      612   45623    0.478604
1487579353      783   46406    0.486818
1487579354      787   47193    0.495074
1487579355      566   47759    0.501012
1487579356      781   48540    0.509205
1487579357      787   49327    0.517461
1487579358      463   49936    0.523849
1487579359      789   50725    0.532126
1487579360      725   51450    0.539732
1487579362      553   52076    0.546299
1487579363      791   52867    0.554597
1487579364      545   53412    0.560314
1487579365      784   54196    0.568539
1487579366      498   54806    0.574938
1487579367      746   55552    0.582764
1487579368      772   56324    0.590862
1487579369      534   56946    0.597387
1487579370      447   57536    0.603577
1487579371      786   58322    0.611822
1487579372      774   59096    0.619942
1487579373      568   59676    0.626026
1487579374      790   60466    0.634314
1487579375      606   61072    0.640671
1487579376      700   61772    0.648014
1487579377      559   62406    0.654665
1487579378      698   63104    0.661987
1487579379      780   63884    0.67017
1487579381      583   64546    0.677114
1487579382      611   65157    0.683524
1487579383      725   65882    0.69113
1487579384      782   66664    0.699333
1487579385      560   67276    0.705753
1487579386      758   68034    0.713705
1487579387      606   68640    0.720062
1487579388      786   69426    0.728308
1487579389      567   70006    0.734392
1487579390      785   70791    0.742627
1487579391      773   71564    0.750736
1487579392      563   72146    0.756842
1487579393      616   72762    0.763304
1487579394      695   73457    0.770595
1487579395      701   74158    0.777948
1487579396      694   74852    0.785229
1487579397      517   75411    0.791093
1487579398      547   76001    0.797282
1487579399      785   76786    0.805517
1487579400      775   77561    0.813647
1487579401      558   78141    0.819732
1487579402      786   78927    0.827977
1487579403      770   79697    0.836055
1487579404      593   80290    0.842276
1487579405      571   80871    0.848371
1487579406      780   81651    0.856553
1487579407      781   82432    0.864746
1487579408      563   83011    0.87082
1487579409      611   83622    0.87723
1487579410      781   84403    0.885423
1487579411      772   85175    0.893521
1487579412      478   85741    0.899459
1487579413      749   86490    0.907316
1487579414      779   87269    0.915488
1487579415      479   87748    0.920513
1487579416      682   88430    0.927668
1487579417      517   89006    0.93371
1487579418      702   89708    0.941074
1487579419      742   90450    0.948858
1487579420      669   91119    0.955876
1487579421      584   91703    0.962003
1487579422      532   92271    0.967961
1487579423      787   93058    0.976217
1487579424      711   93769    0.983676
1487579425      554   94411    0.990411
1487579427      496   95001    0.9966
1487579428      681   95682    1.00374
1487579429      773   96455    1.01185
1487579430      617   97072    1.01833
1487579431      493   97676    1.02466
1487579432      779   98455    1.03283
1487579433      449   98904    1.03754
1487579434      619   99523    1.04404
1487579435      783   100306    1.05225
1487579436      590   100941    1.05891
1487579437      773   101714    1.06702
1487579438      781   102495    1.07522
1487579439      607   103102    1.08158
1487579440      563   103671    1.08755
1487579441      765   104436    1.09558
1487579442      769   105205    1.10364
1487579443      571   105811    1.11
1487579444      600   106411    1.1163
1487579445      782   107193    1.1245
1487579446      784   107977    1.13272
1487579447      554   108541    1.13864
1487579448      790   109331    1.14693
1487579449      774   110105    1.15505
1487579450      608   110713    1.16143
1487579451      557   111271    1.16728
1487579452      790   112061    1.17557
1487579453      783   112844    1.18378
1487579454      560   113411    1.18973
1487579455      614   114025    1.19617
1487579456      778   114803    1.20433
1487579457      776   115579    1.21247
1487579458      545   116141    1.21837
1487579459      757   116898    1.22631
1487579460      777   117675    1.23446
1487579461      605   118280    1.24081
1487579462      572   118871    1.24701
1487579463      789   119660    1.25528
1487579464      782   120442    1.26349
1487579465      564   121011    1.26946
1487579466      614   121625    1.2759
1487579467      780   122405    1.28408
1487579468      783   123188    1.29229
1487579469      546   123741    1.29809
1487579470      787   124528    1.30635
1487579471      783   125311    1.31456
1487579472      500   125811    1.31981
1487579473      590   126471    1.32673
1487579474      699   127170    1.33407
1487579475      769   127939    1.34213
1487579476      565   128611    1.34918
1487579477      611   129222    1.35559
1487579478      777   129999    1.36374
1487579479      780   130779    1.37193
1487579480      559   131341    1.37782
1487579481      788   132129    1.38609
1487579482      782   132911    1.39429
1487579483      597   133508    1.40055
1487579485      496   134071    1.40646
1487579486      699   134770    1.41379
1487579487      766   135536    1.42183
1487579488      577   136211    1.42891
1487579489      554   136765    1.43472
1487579490      445   137336    1.44071
1487579491      505   137871    1.44632
1487579492      787   138658    1.45458
1487579493      722   139380    1.46215
1487579494      544   140011    1.46877
1487579495      584   140601    1.47496
1487579496      612   141213    1.48138
1487579497      769   141982    1.48945
1487579498      598   142580    1.49572
1487579500      529   143276    1.50303
1487579501      787   144063    1.51128
1487579502      423   144486    1.51572
1487579503      783   145269    1.52393
1487579504      616   146006    1.53166
1487579505      796   146802    1.54001
1487579506      786   147588    1.54826
1487579507      500   148146    1.55411
1487579508      602   148748    1.56043
1487579509      696   149444    1.56773
1487579510      748   150192    1.57558
1487579511      658   150850    1.58248
1487579512      509   151411    1.58836
1487579513      583   152001    1.59455
1487579514      700   152701    1.6019
1487579515      772   153473    1.61
1487579516      601   154141    1.617
1487579517      793   154934    1.62532
1487579518      787   155721    1.63358
1487579519      576   156297    1.63962
1487579520      561   156871    1.64564
1487579521      763   157634    1.65365
1487579522      783   158417    1.66186
1487579523      569   159011    1.66809
1487579524      610   159621    1.67449
1487579525      760   160381    1.68246
1487579526      784   161165    1.69069
1487579527      552   161741    1.69673
1487579528      791   162532    1.70503
1487579529      782   163314    1.71323
1487579530      589   163903    1.71941
1487579531      567   164471    1.72537
1487579532      783   165254    1.73358
1487579533      783   166037    1.7418
1487579534      564   166611    1.74782
1487579535      587   167201    1.75401
1487579536      784   167985    1.76223
1487579537      780   168765    1.77042
1487579538      554   169341    1.77646
1487579539      791   170132    1.78476
1487579540      771   170903    1.79284
1487579541      602   171505    1.79916
1487579542      557   172071    1.8051
1487579543      772   172843    1.8132
1487579544      789   173632    1.82147
1487579545      559   174211    1.82755
1487579546      617   174828    1.83402
1487579547      784   175612    1.84224
1487579548      783   176395    1.85046
1487579549      544   176941    1.85618
1487579550      788   177729    1.86445
1487579551      782   178511    1.87265
1487579552      606   179117    1.87901
1487579554      477   179671    1.88482
1487579555      791   180462    1.89312
1487579556      601   181063    1.89943
1487579557      545   181811    1.90727
1487579558      614   182425    1.91371
1487579559      387   182936    1.91908
1487579560      793   183729    1.92739
1487579561      607   184336    1.93376
1487579563      544   185076    1.94152
1487579564      788   185864    1.94979
1487579565      563   186427    1.9557
1487579566      600   187027    1.96199
1487579567      700   187727    1.96933
1487579568      576   188341    1.97578
1487579569      785   189126    1.98401
1487579570      755   189881    1.99193
1487579571      607   190488    1.9983
1487579572      565   191071    2.00441
1487579573      789   191860    2.01269
1487579574      777   192637    2.02084
1487579575      566   193211    2.02686
1487579576      585   193801    2.03305
1487579577      785   194586    2.04129
1487579578      696   195282    2.04859
1487579579      565   195941    2.0555
1487579580      790   196731    2.06379
1487579581      782   197513    2.07199
1487579582      519   198032    2.07744
1487579583      571   198671    2.08414
1487579584      706   199377    2.09155
1487579585      697   200074    2.09886
1487579586      609   200811    2.10659
1487579587      599   201410    2.11287
1487579588      790   202200    2.12116
1487579589      778   202978    2.12932
1487579590      251   203229    2.13196
1487579591      765   203994    2.13998
1487579592      579   204611    2.14645
1487579593      551   205201    2.15264
1487579594      765   205966    2.16067
1487579595      718   206684    2.1682
1487579597      541   207341    2.17509
1487579598      690   208031    2.18233
1487579599      670   208701    2.18936
1487579600      607   209308    2.19573
1487579601      747   210055    2.20356
1487579602      548   210606    2.20934
1487579603      785   211391    2.21758
1487579604      768   212159    2.22564
1487579605      567   212746    2.23179
1487579606      607   213353    2.23816
1487579607      783   214136    2.24638
1487579608      787   214923    2.25463
1487579609      552   215476    2.26043
1487579610      793   216269    2.26875
1487579611      566   216835    2.27469
1487579612      755   217590    2.28261
1487579613      553   218206    2.28907
1487579614      748   218954    2.29692
1487579615      783   219737    2.30513
1487579616      547   220346    2.31152
1487579617      584   220936    2.31771
1487579618      793   221729    2.32603
1487579619      784   222513    2.33425
1487579620      548   223076    2.34016
1487579621      607   223683    2.34653
1487579622      605   224288    2.35287
1487579623      760   225048    2.36085
1487579624      594   225806    2.3688
1487579625      788   226594    2.37707
1487579626      701   227295    2.38442
1487579627      531   227946    2.39125
1487579629      485   228536    2.39744
1487579630      722   229258    2.40501
1487579631      766   230024    2.41305
1487579632      581   230676    2.41989
1487579633      746   231422    2.42771
1487579634      608   232030    2.43409
1487579635      778   232808    2.44225
1487579636      574   233406    2.44853
1487579637      791   234197    2.45682
1487579638      771   234968    2.46491
1487579639      564   235546    2.47098
1487579640      610   236156    2.47738
1487579641      753   236909    2.48527
1487579642      781   237690    2.49347
1487579643      563   238276    2.49961
1487579644      788   239064    2.50788
1487579645      603   239667    2.51421
1487579646      780   240447    2.52239
1487579647      555   241006    2.52825
1487579648      785   241791    2.53649
1487579649      780   242571    2.54467
1487579650      562   243146    2.5507
1487579651      595   243741    2.55694
1487579652      790   244531    2.56523
1487579653      777   245308    2.57338
1487579654      546   245876    2.57934
1487579655      790   246666    2.58763
1487579656      581   247247    2.59372
1487579657      725   247972    2.60133
1487579658      571   248606    2.60798
1487579659      766   249372    2.61602
