1481195565      72   73    6.96182e-05
1481195566      69   143    0.000136375
1481195567      75   219    0.000208855
1481195568      75   294    0.00028038
1481195569      72   366    0.000349045
1481195570      72   439    0.000418663
1481195571      79   518    0.000494003
1481195572      79   597    0.000569344
1481195573      83   680    0.000648499
1481195574      79   759    0.000723839
1481195575      73   832    0.000793457
1481195576      82   915    0.000872612
1481195577      81   996    0.00094986
1481195578      79   1076    0.00102615
1481195579      80   1156    0.00110245
1481195580      82   1238    0.00118065
1481195581      79   1318    0.00125694
1481195582      79   1398    0.00133324
1481195583      81   1480    0.00141144
1481195584      80   1560    0.00148773
1481195585      78   1638    0.00156212
1481195587      79   1718    0.00163841
1481195588      81   1799    0.00171566
1481195589      80   1879    0.00179195
1481195590      80   1959    0.00186825
1481195591      79   2039    0.00194454
1481195592      78   2118    0.00201988
1481195593      79   2197    0.00209522
1481195594      80   2278    0.00217247
1481195595      80   2358    0.00224876
1481195596      79   2437    0.0023241
1481195597      78   2516    0.00239944
1481195598      80   2597    0.00247669
1481195599      81   2678    0.00255394
1481195600      80   2759    0.00263119
1481195601      81   2840    0.00270844
1481195602      82   2923    0.00278759
1481195603      82   3006    0.00286674
1481195604      82   3088    0.00294495
1481195605      81   3169    0.00302219
1481195606      81   3250    0.00309944
1481195607      81   3331    0.00317669
1481195608      82   3414    0.00325584
1481195609      81   3495    0.00333309
1481195610      80   3576    0.00341034
1481195611      81   3658    0.00348854
1481195612      81   3739    0.00356579
1481195613      79   3818    0.00364113
1481195614      81   3900    0.00371933
1481195615      79   3979    0.00379467
1481195616      79   4059    0.00387096
1481195617      81   4141    0.00394917
1481195618      80   4222    0.00402641
1481195619      81   4304    0.00410461
1481195620      80   4384    0.00418091
1481195621      82   4466    0.00425911
1481195622      82   4548    0.00433731
1481195623      82   4630    0.00441551
1481195624      79   4709    0.00449085
1481195625      80   4790    0.0045681
1481195626      78   4869    0.00464344
1481195627      80   4950    0.00472069
1481195628      81   5031    0.00479794
1481195629      82   5113    0.00487614
1481195630      81   5194    0.00495338
1481195631      81   5276    0.00503159
1481195632      82   5359    0.00511074
1481195633      83   5442    0.0051899
1481195634      84   5526    0.00527
1481195635      84   5610    0.00535011
1481195636      82   5693    0.00542927
1481195637      83   5777    0.00550938
1481195638      83   5860    0.00558853
1481195639      80   5941    0.00566578
1481195640      83   6024    0.00574493
1481195641      79   6103    0.00582027
1481195642      80   6184    0.00589752
1481195643      81   6265    0.00597477
1481195644      78   6343    0.00604916
1481195645      79   6422    0.0061245
1481195646      79   6502    0.00620079
1481195647      80   6582    0.00627708
1481195648      79   6661    0.00635242
1481195649      79   6740    0.00642776
1481195650      79   6819    0.00650311
1481195651      80   6900    0.00658035
1481195652      81   6981    0.0066576
1481195653      80   7061    0.00673389
1481195654      80   7141    0.00681019
1481195655      80   7222    0.00688744
1481195656      81   7303    0.00696468
1481195657      82   7385    0.00704288
1481195658      84   7469    0.00712299
1481195659      82   7551    0.00720119
1481195660      81   7633    0.0072794
1481195661      79   7713    0.00735569
1481195662      82   7796    0.00743484
1481195663      79   7876    0.00751114
1481195664      80   7957    0.00758839
1481195665      82   8039    0.00766659
1481195666      81   8120    0.00774384
1481195667      80   8200    0.00782013
1481195668      80   8281    0.00789738
1481195669      80   8362    0.00797462
1481195670      79   8442    0.00805092
1481195671      80   8523    0.00812817
1481195672      79   8603    0.00820446
1481195673      79   8683    0.00828075
1481195674      80   8763    0.00835705
1481195675      80   8843    0.00843334
1481195676      80   8923    0.00850964
1481195677      80   9003    0.00858593
1481195678      80   9084    0.00866318
1481195679      79   9164    0.00873947
1481195680      80   9244    0.00881577
1481195681      81   9325    0.00889301
1481195682      80   9406    0.00897026
1481195683      79   9486    0.00904655
1481195684      79   9566    0.00912285
1481195685      80   9647    0.0092001
1481195686      80   9727    0.00927639
1481195687      81   9808    0.00935364
1481195688      73   9882    0.00942421
1481195689      79   9962    0.0095005
1481195690      79   10042    0.0095768
1481195691      80   10122    0.00965309
1481195692      80   10202    0.00972939
1481195693      80   10283    0.00980663
1481195694      79   10363    0.00988293
1481195695      80   10444    0.00996017
1481195696      80   10524    0.0100365
1481195697      81   10605    0.0101137
1481195698      79   10685    0.01019
1481195699      80   10766    0.0102673
1481195700      81   10848    0.0103455
1481195701      80   10929    0.0104227
1481195702      79   11009    0.010499
1481195703      78   11087    0.0105734
1481195704      80   11168    0.0106506
1481195705      80   11249    0.0107279
1481195706      80   11329    0.0108042
1481195707      80   11410    0.0108814
1481195708      81   11492    0.0109596
1481195709      79   11571    0.011035
1481195710      79   11650    0.0111103
1481195711      81   11732    0.0111885
1481195712      81   11814    0.0112667
1481195713      81   11896    0.0113449
1481195714      80   11977    0.0114222
1481195715      80   12058    0.0114994
1481195716      79   12137    0.0115747
1481195717      79   12217    0.011651
1481195718      79   12297    0.0117273
1481195719      81   12379    0.0118055
1481195720      80   12460    0.0118828
1481195721      81   12541    0.01196
1481195722      82   12624    0.0120392
1481195723      80   12705    0.0121164
1481195724      82   12787    0.0121946
1481195725      81   12868    0.0122719
1481195726      80   12949    0.0123491
1481195727      80   13029    0.0124254
1481195728      79   13109    0.0125017
1481195729      80   13189    0.012578
1481195730      80   13270    0.0126553
1481195731      81   13351    0.0127325
1481195732      80   13431    0.0128088
1481195733      79   13510    0.0128841
1481195734      80   13590    0.0129604
1481195735      79   13670    0.0130367
1481195736      78   13749    0.0131121
1481195737      79   13828    0.0131874
1481195738      79   13907    0.0132627
1481195739      80   13988    0.01334
1481195740      78   14067    0.0134153
1481195741      80   14147    0.0134916
1481195742      81   14228    0.0135689
1481195743      80   14308    0.0136452
1481195744      79   14388    0.0137215
1481195745      78   14467    0.0137968
1481195746      79   14547    0.0138731
1481195747      78   14625    0.0139475
1481195748      79   14705    0.0140238
1481195749      79   14784    0.0140991
1481195750      80   14865    0.0141764
1481195751      81   14946    0.0142536
1481195752      80   15027    0.0143309
1481195753      80   15108    0.0144081
1481195754      81   15189    0.0144854
1481195755      80   15270    0.0145626
1481195756      82   15352    0.0146408
1481195757      80   15433    0.0147181
1481195758      80   15513    0.0147943
1481195759      79   15592    0.0148697
1481195761      79   15672    0.014946
1481195762      80   15753    0.0150232
1481195763      80   15833    0.0150995
1481195764      79   15913    0.0151758
1481195765      78   15992    0.0152512
1481195766      80   16072    0.0153275
1481195767      80   16152    0.0154037
1481195768      80   16232    0.01548
1481195769      79   16312    0.0155563
1481195770      78   16390    0.0156307
1481195771      79   16470    0.015707
1481195772      80   16550    0.0157833
1481195773      81   16631    0.0158606
1481195774      79   16710    0.0159359
1481195775      80   16791    0.0160131
1481195776      81   16872    0.0160904
1481195777      79   16952    0.0161667
1481195778      80   17032    0.016243
1481195779      79   17112    0.0163193
1481195780      79   17192    0.0163956
1481195781      79   17271    0.0164709
1481195782      78   17350    0.0165462
1481195783      79   17429    0.0166216
1481195784      82   17511    0.0166998
1481195785      80   17592    0.016777
1481195786      83   17675    0.0168562
1481195787      83   17758    0.0169353
1481195788      81   17840    0.0170135
1481195789      82   17922    0.0170918
1481195790      80   18003    0.017169
1481195791      80   18083    0.0172453
1481195792      80   18163    0.0173216
1481195793      79   18242    0.0173969
1481195794      80   18323    0.0174742
1481195795      80   18404    0.0175514
1481195796      79   18484    0.0176277
1481195797      79   18564    0.017704
1481195798      79   18644    0.0177803
1481195799      80   18724    0.0178566
1481195800      79   18803    0.0179319
1481195801      80   18884    0.0180092
1481195802      80   18964    0.0180855
1481195803      74   19038    0.0181561
1481195804      79   19118    0.0182323
1481195805      80   19199    0.0183096
1481195806      80   19279    0.0183859
1481195807      79   19359    0.0184622
1481195808      80   19439    0.0185385
1481195809      80   19520    0.0186157
1481195810      79   19600    0.018692
1481195811      80   19680    0.0187683
1481195812      80   19760    0.0188446
1481195813      79   19839    0.0189199
1481195814      81   19920    0.0189972
1481195815      80   20000    0.0190735
1481195816      82   20083    0.0191526
1481195817      82   20165    0.0192308
1481195818      83   20249    0.019311
1481195819      82   20332    0.0193901
1481195820      82   20415    0.0194693
1481195821      81   20497    0.0195475
1481195822      82   20579    0.0196257
1481195823      79   20658    0.019701
1481195824      80   20739    0.0197783
1481195825      80   20820    0.0198555
1481195826      81   20902    0.0199337
1481195827      80   20983    0.0200109
1481195828      80   21063    0.0200872
1481195829      80   21143    0.0201635
1481195830      81   21224    0.0202408
1481195831      81   21305    0.020318
1481195832      80   21386    0.0203953
1481195833      80   21467    0.0204725
1481195834      81   21549    0.0205507
1481195835      80   21630    0.020628
1481195836      79   21709    0.0207033
1481195837      80   21789    0.0207796
1481195838      81   21871    0.0208578
1481195839      81   21952    0.0209351
1481195840      82   22034    0.0210133
1481195841      81   22115    0.0210905
1481195842      82   22197    0.0211687
1481195843      81   22279    0.0212469
1481195844      82   22361    0.0213251
1481195845      82   22443    0.0214033
1481195846      83   22526    0.0214825
1481195847      81   22608    0.0215607
1481195848      80   22688    0.021637
1481195849      82   22770    0.0217152
1481195850      82   22852    0.0217934
1481195851      79   22932    0.0218697
1481195852      81   23014    0.0219479
1481195853      79   23094    0.0220242
1481195854      78   23172    0.0220985
1481195855      79   23252    0.0221748
1481195856      80   23333    0.0222521
1481195857      81   23414    0.0223293
1481195858      80   23494    0.0224056
1481195859      79   23574    0.0224819
1481195860      80   23654    0.0225582
1481195861      79   23734    0.0226345
1481195862      80   23815    0.0227118
1481195863      80   23895    0.022788
1481195864      79   23974    0.0228634
1481195865      78   24053    0.0229387
1481195866      81   24134    0.023016
1481195867      81   24215    0.0230932
1481195868      80   24295    0.0231695
1481195869      79   24375    0.0232458
1481195870      81   24456    0.0233231
1481195871      81   24537    0.0234003
1481195872      81   24619    0.0234785
1481195873      80   24700    0.0235558
1481195874      81   24781    0.023633
1481195875      79   24861    0.0237093
1481195876      79   24941    0.0237856
1481195877      82   25024    0.0238647
1481195878      80   25104    0.023941
1481195879      82   25187    0.0240202
1481195880      82   25269    0.0240984
1481195881      81   25351    0.0241766
1481195882      81   25432    0.0242538
1481195883      79   25512    0.0243301
1481195884      80   25593    0.0244074
1481195885      80   25674    0.0244846
1481195886      81   25756    0.0245628
1481195887      80   25837    0.0246401
1481195888      81   25919    0.0247183
1481195889      82   26002    0.0247974
1481195890      79   26081    0.0248728
1481195891      81   26162    0.02495
1481195892      84   26246    0.0250301
1481195893      81   26328    0.0251083
1481195894      81   26409    0.0251856
1481195895      82   26492    0.0252647
1481195896      81   26574    0.0253429
1481195897      81   26656    0.0254211
1481195898      74   26730    0.0254917
1481195899      81   26812    0.0255699
1481195900      83   26895    0.0256491
1481195901      81   26976    0.0257263
1481195902      83   27059    0.0258055
1481195903      80   27140    0.0258827
1481195904      81   27221    0.02596
1481195905      81   27303    0.0260382
1481195906      79   27383    0.0261145
1481195907      82   27465    0.0261927
1481195908      84   27550    0.0262737
1481195909      82   27633    0.0263529
1481195910      80   27713    0.0264292
1481195911      80   27794    0.0265064
1481195912      79   27873    0.0265818
1481195913      80   27953    0.0266581
1481195914      80   28034    0.0267353
1481195915      74   28108    0.0268059
1481195916      81   28189    0.0268831
1481195917      80   28269    0.0269594
1481195918      72   28341    0.0270281
1481195919      80   28422    0.0271053
1481195920      80   28503    0.0271826
1481195921      80   28583    0.0272589
1481195922      79   28663    0.0273352
1481195923      79   28742    0.0274105
1481195924      83   28826    0.0274906
1481195925      77   28904    0.027565
1481195926      80   28984    0.0276413
1481195927      79   29064    0.0277176
1481195928      79   29144    0.0277939
1481195930      78   29223    0.0278692
1481195931      80   29304    0.0279465
1481195932      80   29384    0.0280228
1481195933      80   29464    0.0280991
1481195934      81   29545    0.0281763
1481195935      81   29627    0.0282545
1481195936      80   29707    0.0283308
1481195937      80   29788    0.0284081
1481195938      82   29870    0.0284863
1481195939      75   29946    0.0285587
1481195940      83   30030    0.0286388
1481195941      82   30113    0.028718
1481195942      81   30195    0.0287962
1481195943      82   30278    0.0288754
1481195944      82   30360    0.0289536
1481195945      79   30440    0.0290298
1481195946      79   30519    0.0291052
1481195947      80   30600    0.0291824
1481195948      79   30680    0.0292587
1481195949      81   30762    0.0293369
1481195950      81   30843    0.0294142
1481195951      80   30924    0.0294914
1481195952      80   31004    0.0295677
1481195953      79   31083    0.0296431
1481195954      81   31165    0.0297213
1481195955      80   31246    0.0297985
1481195956      80   31327    0.0298758
1481195957      80   31407    0.029952
1481195958      81   31488    0.0300293
1481195959      74   31563    0.0301008
1481195960      83   31646    0.03018
1481195961      81   31728    0.0302582
1481195962      78   31807    0.0303335
1481195963      81   31888    0.0304108
1481195964      80   31968    0.0304871
1481195965      81   32050    0.0305653
1481195966      80   32130    0.0306416
1481195967      80   32211    0.0307188
1481195968      82   32294    0.030798
1481195969      81   32375    0.0308752
1481195970      82   32457    0.0309534
1481195971      81   32538    0.0310307
1481195972      82   32620    0.0311089
1481195973      83   32703    0.031188
1481195974      80   32784    0.0312653
1481195975      80   32865    0.0313425
1481195976      81   32946    0.0314198
1481195977      81   33027    0.031497
1481195978      80   33107    0.0315733
1481195979      74   33181    0.0316439
1481195980      81   33263    0.0317221
1481195981      82   33345    0.0318003
1481195982      82   33428    0.0318794
1481195983      82   33510    0.0319576
1481195984      81   33592    0.0320358
1481195985      84   33676    0.0321159
1481195986      80   33757    0.0321932
1481195987      80   33837    0.0322695
1481195988      80   33918    0.0323467
1481195989      79   33998    0.032423
1481195990      80   34078    0.0324993
1481195991      79   34157    0.0325747
1481195992      80   34237    0.0326509
1481195993      80   34318    0.0327282
1481195994      81   34399    0.0328054
1481195995      80   34480    0.0328827
1481195996      80   34560    0.032959
1481195997      81   34641    0.0330362
1481195998      82   34724    0.0331154
1481195999      75   34800    0.0331879
1481196000      83   34883    0.033267
1481196001      80   34963    0.0333433
1481196002      77   35040    0.0334167
1481196003      78   35119    0.0334921
1481196004      80   35199    0.0335684
