1489492653      64   65    0.000185966
1489492654      63   129    0.000369072
1489492655      59   188    0.000537872
1489492656      54   243    0.000695229
1489492657      52   296    0.000846863
1489492658      62   358    0.00102425
1489492659      63   421    0.00120449
1489492660      57   478    0.00136757
1489492661      74   553    0.00158215
1489492662      75   629    0.00179958
1489492663      74   704    0.00201416
1489492664      75   779    0.00222874
1489492665      76   855    0.00244617
1489492666      75   931    0.00266361
1489492667      75   1007    0.00288105
1489492668      77   1084    0.00310135
1489492669      77   1162    0.00332451
1489492670      76   1238    0.00354195
1489492671      75   1314    0.00375938
1489492672      76   1391    0.00397968
1489492673      77   1468    0.00419998
1489492674      77   1546    0.00442314
1489492675      77   1624    0.0046463
1489492676      80   1704    0.00487518
1489492677      79   1783    0.0051012
1489492678      76   1860    0.0053215
1489492679      73   1933    0.00553036
1489492680      73   2007    0.00574207
1489492681      73   2081    0.00595379
1489492682      70   2152    0.00615692
1489492683      70   2222    0.00635719
1489492684      71   2294    0.00656319
1489492685      70   2364    0.00676346
1489492686      69   2434    0.00696373
1489492687      67   2501    0.00715542
1489492688      69   2571    0.00735569
1489492689      68   2640    0.0075531
1489492690      74   2714    0.00776482
1489492691      66   2780    0.00795364
1489492692      71   2851    0.00815678
1489492693      73   2924    0.00836563
1489492694      73   2997    0.00857449
1489492695      75   3073    0.00879192
1489492696      74   3148    0.0090065
1489492697      75   3224    0.00922394
1489492698      75   3300    0.00944138
1489492699      73   3373    0.00965023
1489492700      60   3434    0.00982475
1489492701      73   3507    0.0100336
1489492702      72   3580    0.0102425
1489492703      74   3654    0.0104542
1489492704      76   3730    0.0106716
1489492705      74   3804    0.0108833
1489492706      75   3879    0.0110979
1489492707      75   3955    0.0113153
1489492708      73   4028    0.0115242
1489492710      73   4102    0.0117359
1489492711      76   4179    0.0119562
1489492712      72   4252    0.0121651
1489492713      74   4326    0.0123768
1489492714      70   4396    0.0125771
1489492715      70   4467    0.0127802
1489492716      66   4533    0.012969
1489492717      68   4601    0.0131636
1489492718      70   4672    0.0133667
1489492719      70   4742    0.013567
1489492720      70   4813    0.0137701
1489492721      68   4881    0.0139647
1489492722      68   4950    0.0141621
1489492723      70   5021    0.0143652
1489492724      66   5087    0.014554
1489492725      73   5160    0.0147629
1489492726      73   5234    0.0149746
1489492727      74   5309    0.0151892
1489492728      73   5383    0.0154009
1489492729      74   5458    0.0156155
1489492730      73   5532    0.0158272
1489492731      70   5602    0.0160275
1489492732      71   5674    0.0162334
1489492733      72   5747    0.0164423
1489492734      76   5823    0.0166597
1489492735      75   5898    0.0168743
1489492736      75   5974    0.0170918
1489492737      77   6052    0.0173149
1489492738      74   6126    0.0175266
1489492739      74   6201    0.0177412
1489492740      75   6276    0.0179558
1489492741      72   6348    0.0181618
1489492742      74   6422    0.0183735
1489492743      51   6474    0.0185223
1489492744      48   6523    0.0186625
1489492745      56   6580    0.0188255
1489492746      45   6625    0.0189543
1489492747      45   6671    0.0190859
1489492748      44   6715    0.0192118
1489492749      45   6760    0.0193405
1489492750      49   6809    0.0194807
1489492751      48   6858    0.0196209
1489492752      61   6919    0.0197954
1489492753      64   6984    0.0199814
1489492754      68   7052    0.0201759
1489492755      60   7113    0.0203505
1489492756      62   7175    0.0205278
1489492757      65   7241    0.0207167
1489492758      67   7309    0.0209112
1489492759      62   7371    0.0210886
1489492760      63   7435    0.0212717
1489492761      56   7492    0.0214348
1489492762      41   7533    0.0215521
1489492763      58   7591    0.021718
1489492764      43   7634    0.021841
1489492765      43   7677    0.0219641
1489492766      58   7736    0.0221329
1489492767      60   7796    0.0223045
1489492768      69   7866    0.0225048
1489492769      65   7931    0.0226908
1489492770      69   8000    0.0228882
1489492771      67   8067    0.0230799
1489492772      55   8122    0.0232372
1489492773      47   8169    0.0233717
1489492774      46   8216    0.0235062
1489492775      42   8259    0.0236292
1489492776      43   8303    0.0237551
1489492777      62   8366    0.0239353
1489492778      64   8431    0.0241213
1489492779      64   8496    0.0243073
1489492780      69   8566    0.0245075
1489492781      69   8635    0.0247049
1489492782      62   8698    0.0248852
1489492783      67   8766    0.0250797
1489492784      67   8834    0.0252743
1489492785      68   8902    0.0254688
1489492786      66   8969    0.0256605
1489492787      69   9039    0.0258608
1489492788      68   9107    0.0260553
1489492789      67   9175    0.0262499
1489492790      68   9243    0.0264444
1489492791      65   9309    0.0266333
1489492792      66   9376    0.026825
1489492793      72   9449    0.0270338
1489492794      71   9521    0.0272398
1489492795      73   9594    0.0274487
1489492796      72   9667    0.0276575
1489492797      71   9739    0.0278635
1489492798      71   9811    0.0280695
1489492799      70   9881    0.0282698
1489492800      71   9952    0.0284729
