1481705003      1498   1498    0.00285721
1481705004      1499   2997    0.00571632
1481705005      1499   4496    0.00857544
1481705006      1500   5996    0.0114365
1481705007      1499   7496    0.0142975
1481705008      1499   8996    0.0171585
1481705009      1499   10495    0.0200176
1481705010      1500   11995    0.0228786
1481705011      1499   13494    0.0257378
1481705012      1499   14993    0.0285969
1481705013      1414   16407    0.0312939
1481705014      1323   17730    0.0338173
1481705015      1382   19112    0.0364532
1481705016      1383   20495    0.0390911
1481705017      1260   21755    0.0414944
1481705018      1382   23137    0.0441303
1481705019      1385   24522    0.046772
1481705020      1275   25879    0.0493603
1481705021      1371   27250    0.0519753
1481705022      1382   28632    0.0546112
1481705023      1380   30012    0.0572433
1481705024      1205   31239    0.0595837
1481705025      1250   32489    0.0619678
1481705026      1383   33872    0.0646057
1481705027      1382   35254    0.0672417
1481705028      1384   36638    0.0698814
1481705029      1268   37906    0.0723
1481705030      1383   39289    0.0749378
1481705031      1384   40673    0.0775776
1481705032      1347   42020    0.0801468
1481705033      1267   43287    0.0825634
1481705034      1384   44671    0.0852032
1481705035      1381   46052    0.0878372
1481705036      1379   47431    0.0904675
1481705037      1203   48634    0.092762
1481705038      1249   49883    0.0951443
1481705039      1382   51265    0.0977802
1481705040      1383   52648    0.100418
1481705041      1378   54026    0.103046
1481705042      1258   55284    0.105446
1481705043      1380   56664    0.108078
1481705044      1383   58047    0.110716
1481705045      1336   59383    0.113264
1481705046      1263   60646    0.115673
1481705047      1384   62030    0.118313
1481705048      1383   63413    0.120951
1481705049      1274   64771    0.123541
1481705050      1254   66025    0.125933
1481705051      1383   67408    0.128571
1481705052      1383   68791    0.131208
1481705053      1379   70170    0.133839
1481705054      1267   71437    0.136255
1481705055      1382   72819    0.138891
1481705056      1383   74202    0.141529
1481705057      1383   75585    0.144167
1481705058      1260   76845    0.14657
1481705059      1383   78228    0.149208
1481705060      1384   79612    0.151848
1481705061      1383   80995    0.154486
1481705062      1179   82174    0.156734
1481705063      1174   83348    0.158974
1481705064      1334   84682    0.161518
1481705065      1382   86064    0.164154
1481705066      1383   87447    0.166792
1481705067      1188   88655    0.169096
1481705068      1382   90037    0.171732
1481705069      1311   91348    0.174232
1481705070      1384   92732    0.176872
1481705071      1258   94015    0.179319
1481705072      1390   95405    0.181971
1481705073      1384   96789    0.18461
1481705074      1244   98033    0.186983
1481705075      1382   99415    0.189619
1481705076      1257   100672    0.192017
1481705077      1383   102055    0.194654
1481705078      1382   103437    0.19729
1481705079      1383   104820    0.199928
1481705080      1261   106081    0.202333
1481705081      1383   107464    0.204971
1481705082      1384   108848    0.207611
1481705083      1318   110166    0.210125
1481705084      1266   111432    0.21254
1481705085      1384   112816    0.215179
1481705086      958   113774    0.217007
1481705087      1382   115156    0.219643
1481705088      1384   116540    0.222282
1481705089      1274   117899    0.224874
1481705090      1335   119234    0.227421
1481705091      1383   120617    0.230059
1481705092      1382   121999    0.232695
1481705093      1259   123259    0.235098
1481705094      1389   124648    0.237747
1481705095      1381   126029    0.240381
1481705096      1383   127412    0.243019
1481705097      1218   128630    0.245342
1481705098      1027   129841    0.247652
1481705099      1388   131229    0.250299
1481705100      1373   132602    0.252918
1481705101      1384   133986    0.255558
1481705102      1262   135248    0.257965
1481705103      1383   136631    0.260603
1481705104      1384   138015    0.263243
1481705105      1381   139396    0.265877
1481705106      1244   140640    0.26825
1481705107      1384   142024    0.270889
1481705108      1365   143389    0.273493
1481705109      1383   144772    0.276131
1481705110      1265   146037    0.278543
1481705111      1246   147283    0.28092
1481705112      1380   148663    0.283552
1481705113      1384   150047    0.286192
1481705114      1278   151431    0.288832
1481705115      1390   152821    0.291483
1481705116      1384   154205    0.294123
1481705117      1383   155588    0.296761
1481705118      1265   156853    0.299173
1481705119      1383   158236    0.301811
1481705120      1374   159610    0.304432
1481705121      1383   160993    0.30707
1481705122      1266   162259    0.309484
1481705123      1243   163502    0.311855
1481705124      1384   164886    0.314495
1481705125      1382   166268    0.317131
1481705126      1265   167533    0.319544
1481705127      1117   168733    0.321833
1481705128      1391   170124    0.324486
1481705129      1382   171506    0.327122
1481705130      1243   172749    0.329493
1481705131      1266   174093    0.332056
1481705132      1390   175483    0.334707
1481705133      1382   176865    0.337343
1481705134      1382   178247    0.339979
1481705135      1244   179491    0.342352
1481705136      1267   180758    0.344769
1481705137      1382   182140    0.347404
1481705138      1384   183524    0.350044
1481705139      1383   184907    0.352682
1481705140      1243   186150    0.355053
1481705141      1384   187534    0.357693
1481705142      1380   188914    0.360325
1481705143      1379   190293    0.362955
1481705144      1263   191556    0.365364
1481705145      1381   192937    0.367998
1481705146      1382   194319    0.370634
1481705147      1213   195532    0.372948
1481705148      1342   196874    0.375507
1481705149      1259   198133    0.377909
1481705150      1376   199509    0.380533
1481705151      1383   200892    0.383171
1481705152      1276   202265    0.38579
1481705153      1390   203655    0.388441
1481705154      1384   205039    0.391081
1481705155      1379   206418    0.393711
1481705156      1266   207684    0.396126
1481705157      1383   209067    0.398764
1481705158      1383   210450    0.401402
1481705159      1246   211696    0.403778
1481705160      1383   213079    0.406416
1481705161      1203   214282    0.40871
1481705162      1379   215661    0.411341
1481705163      1384   217045    0.41398
1481705164      1383   218428    0.416618
1481705165      1266   219694    0.419033
1481705166      1383   221077    0.421671
1481705167      1382   222459    0.424307
1481705168      1382   223841    0.426943
1481705169      1262   225103    0.42935
1481705170      1384   226487    0.43199
1481705171      1248   227735    0.43437
1481705172      1384   229119    0.43701
1481705173      1266   230437    0.439524
1481705174      1389   231826    0.442173
1481705175      1379   233205    0.444803
1481705176      1383   234588    0.447441
1481705177      1258   235846    0.449841
1481705178      1384   237230    0.45248
1481705179      1383   238613    0.455118
1481705180      1382   239995    0.457754
1481705181      1204   241199    0.460051
1481705182      1383   242582    0.462688
1481705183      1245   243827    0.465063
1481705184      1384   245211    0.467703
1481705185      1374   246585    0.470324
1481705186      1245   247830    0.472698
1481705187      1383   249213    0.475336
1481705188      1314   250527    0.477842
1481705189      1366   251893    0.480448
1481705190      1171   253099    0.482748
1481705191      1390   254489    0.485399
1481705192      1382   255871    0.488035
1481705193      1373   257244    0.490654
1481705194      1267   258511    0.493071
1481705195      1249   259760    0.495453
1481705196      1382   261142    0.498089
1481705197      1382   262524    0.500725
1481705198      1384   263908    0.503365
1481705199      1265   265173    0.505777
1481705200      1379   266552    0.508408
1481705201      1384   267936    0.511047
1481705202      1382   269318    0.513683
1481705203      1258   270576    0.516083
1481705204      1385   271961    0.518724
1481705205      1383   273344    0.521362
1481705207      1271   274689    0.523928
1481705208      1254   275943    0.52632
1481705209      1382   277325    0.528955
1481705210      1383   278708    0.531593
1481705211      1382   280090    0.534229
1481705212      1267   281357    0.536646
1481705213      1383   282740    0.539284
1481705214      1361   284101    0.54188
1481705215      1384   285485    0.544519
1481705216      1240   286725    0.546885
1481705217      1378   288103    0.549513
1481705218      1383   289486    0.552151
1481705219      1383   290869    0.554789
1481705220      1264   292133    0.557199
1481705221      1245   293378    0.559574
1481705222      1384   294762    0.562214
1481705223      1383   296145    0.564852
1481705224      1272   297501    0.567438
1481705225      1390   298891    0.570089
1481705226      1382   300273    0.572725
1481705227      1306   301579    0.575216
1481705228      1263   302861    0.577662
1481705229      1390   304251    0.580313
1481705230      1379   305630    0.582943
1481705231      1383   307013    0.585581
1481705232      1264   308277    0.587992
1481705233      1240   309517    0.590357
1481705234      1384   310901    0.592997
1481705235      1383   312284    0.595634
1481705236      1383   313667    0.598272
1481705237      1267   314934    0.600689
1481705238      1382   316316    0.603325
1481705239      1380   317696    0.605957
1481705240      1379   319075    0.608587
1481705241      1262   320337    0.610994
1481705242      1382   321719    0.61363
1481705243      1384   323103    0.61627
1481705244      1264   324451    0.618841
1481705245      1255   325706    0.621235
1481705246      1376   327082    0.623859
1481705247      1312   328394    0.626362
1481705248      1331   329725    0.628901
1481705249      1259   331033    0.631395
1481705250      1388   332421    0.634043
1481705251      1374   333795    0.636663
1481705252      1356   335151    0.63925
1481705253      1231   336382    0.641598
1481705254      1200   337582    0.643887
1481705255      1383   338965    0.646524
1481705256      1382   340347    0.64916
1481705257      1247   341594    0.651539
1481705258      1267   342975    0.654173
1481705259      1390   344365    0.656824
1481705260      1383   345748    0.659462
1481705261      1383   347131    0.6621
1481705262      1262   348393    0.664507
1481705263      1384   349777    0.667147
1481705264      1381   351158    0.669781
1481705265      1383   352541    0.672419
1481705266      1269   353810    0.674839
1481705267      1383   355193    0.677477
1481705268      1383   356576    0.680115
1481705269      951   357527    0.681929
1481705270      1383   358910    0.684566
1481705271      1275   360277    0.687174
1481705272      1390   361667    0.689825
1481705273      1384   363051    0.692465
1481705274      1382   364433    0.695101
1481705275      1267   365700    0.697517
1481705276      1385   367085    0.700159
1481705277      1384   368469    0.702799
1481705278      1383   369852    0.705437
1481705279      1268   371120    0.707855
1481705280      1382   372502    0.710491
1481705281      940   373442    0.712284
1481705282      1384   374826    0.714924
1481705283      1383   376209    0.717562
1481705284      1321   377530    0.720081
1481705285      1266   378796    0.722496
1481705286      1380   380176    0.725128
1481705287      1383   381559    0.727766
1481705288      1277   382939    0.730398
1481705289      1390   384329    0.733049
1481705290      1383   385712    0.735687
1481705291      1382   387094    0.738323
1481705292      1265   388359    0.740736
1481705293      1248   389607    0.743116
1481705294      1382   390989    0.745752
1481705295      1382   392371    0.748388
1481705296      1384   393755    0.751028
1481705297      1257   395012    0.753426
1481705298      1382   396394    0.756062
1481705299      1381   397775    0.758696
1481705300      1382   399157    0.761332
1481705301      1219   400376    0.763657
1481705302      1383   401759    0.766294
1481705303      1382   403141    0.76893
1481705304      1381   404522    0.771564
1481705305      1104   405626    0.77367
1481705306      1234   406860    0.776024
1481705307      1366   408226    0.778629
1481705308      1366   409592    0.781235
1481705309      1382   410974    0.783871
1481705310      1201   412183    0.786177
1481705311      1389   413572    0.788826
1481705312      1380   414952    0.791458
1481705313      1383   416335    0.794096
1481705314      1258   417593    0.796495
1481705315      1375   418968    0.799118
1481705316      1388   420356    0.801765
1481705317      1384   421740    0.804405
1481705318      1069   422809    0.806444
1481705319      1268   424125    0.808954
1481705320      1386   425511    0.811598
1481705321      1383   426894    0.814236
1481705322      1384   428278    0.816875
1481705323      1222   429500    0.819206
1481705324      1383   430883    0.821844
1481705325      1384   432267    0.824484
1481705326      1383   433650    0.827122
1481705327      1268   434918    0.82954
1481705328      1384   436302    0.83218
1481705329      1384   437686    0.83482
1481705330      1246   438932    0.837196
1481705331      1370   440302    0.839809
1481705332      1238   441540    0.842171
1481705333      1357   442897    0.844759
1481705334      1383   444280    0.847397
1481705335      1383   445663    0.850035
1481705336      1255   446918    0.852428
1481705337      1384   448302    0.855068
1481705338      1382   449684    0.857704
1481705339      1377   451061    0.860331
1481705340      1258   452319    0.86273
1481705341      1382   453701    0.865366
1481705342      1246   454947    0.867743
1481705343      1381   456328    0.870377
1481705344      1270   457657    0.872911
1481705345      1383   459040    0.875549
1481705346      1382   460422    0.878185
1481705347      1384   461806    0.880825
1481705348      1268   463074    0.883244
1481705349      1384   464458    0.885883
1481705350      1385   465843    0.888525
1481705351      1384   467227    0.891165
1481705352      1267   468494    0.893581
1481705353      1335   469829    0.896128
1481705354      1247   471076    0.898506
1481705355      1381   472457    0.90114
1481705356      1383   473840    0.903778
1481705357      1261   475101    0.906183
1481705358      1382   476483    0.908819
1481705359      1382   477865    0.911455
1481705360      1275   479247    0.914091
1481705361      1388   480635    0.916739
1481705362      1380   482015    0.919371
1481705363      1383   483398    0.922009
1481705364      1203   484607    0.924314
1481705365      1389   485996    0.926964
1481705366      1245   487241    0.929338
1481705367      1314   488555    0.931845
1481705368      1368   489923    0.934454
1481705369      1260   491189    0.936869
1481705370      1391   492580    0.939522
1481705371      1374   493954    0.942142
1481705372      1371   495325    0.944757
1481705373      1269   496594    0.947178
1481705374      1382   497976    0.949814
1481705375      1372   499348    0.952431
