1500033532      998   998    0
1500033533      1000   1998    0
1500033534      999   2997    0
1500033535      1000   3997    0
1500033536      999   4996    0
1500033537      1000   5996    0
1500033538      999   6995    0
1500033539      1000   7995    0
1500033540      1000   8995    0
1500033541      999   9994    0
1500033542      1000   10994    0
1500033543      999   11993    0
1500033544      1000   12993    0
1500033545      999   13992    0
1500033546      1000   14992    0
1500033547      999   15991    0
1500033548      1000   16991    0
1500033549      999   17990    0
1500033550      1000   18990    0
1500033551      1000   19990    0
1500033552      999   20989    0
1500033553      997   21986    0
1500033554      999   22985    0
1500033555      1000   23985    0
1500033556      999   24984    0
1500033557      1000   25984    0
1500033558      999   26983    0
1500033559      1000   27983    0
1500033560      999   28982    0
1500033561      1000   29982    0
1500033562      1000   30982    0
1500033563      999   31981    0
1500033564      1000   32981    0
1500033565      999   33980    0
1500033566      1000   34980    0
1500033567      999   35979    0
1500033568      1000   36979    0
1500033569      999   37978    0
1500033570      1000   38978    0
1500033571      999   39977    0
1500033572      1000   40977    0
1500033573      999   41976    0
1500033574      1000   42976    0
1500033575      999   43975    0
1500033576      1000   44975    0
1500033577      1000   45975    0
1500033578      997   46972    0
1500033579      1000   47972    0
1500033580      999   48971    0
1500033581      1000   49971    0
1500033582      999   50970    0
1500033583      1000   51970    0
1500033584      999   52969    0
1500033585      1000   53969    0
1500033586      999   54968    0
1500033587      1000   55968    0
1500033588      999   56967    0
1500033589      1000   57967    0
1500033590      999   58966    0
1500033591      1000   59966    0
1500033592      1000   60966    0
1500033593      999   61965    0
1500033594      1000   62965    0
1500033595      999   63964    0
1500033596      1000   64964    0
1500033597      999   65963    0
1500033598      1000   66963    0
1500033599      999   67962    0
1500033600      1000   68962    0
1500033601      999   69961    0
1500033602      1000   70961    0
1500033603      999   71960    0
1500033604      1000   72960    0
1500033605      960   73920    0
1500033606      1000   74920    0
1500033607      1000   75920    0
1500033608      946   76866    0
1500033609      1000   77866    0
1500033610      999   78865    0
1500033611      949   79814    0
1500033612      999   80813    0
1500033613      1000   81813    0
1500033614      999   82812    0
1500033615      936   83748    0
1500033616      998   84746    0
1500033617      1000   85746    0
1500033618      912   86658    0
1500033619      1000   87658    0
1500033620      999   88657    0
1500033621      949   89606    0
1500033622      996   90602    0
1500033623      999   91601    0
1500033624      944   92579    0
1500033625      1006   93585    0
1500033626      1000   94585    0
1500033627      999   95584    0
1500033628      950   96534    0
1500033629      999   97533    0
1500033630      1000   98533    0
1500033631      949   99482    0
1500033632      1000   100482    0
1500033633      999   101481    0
1500033634      949   102430    0
1500033635      999   103429    0
1500033636      1000   104429    0
1500033637      1000   105429    0
1500033638      948   106377    0
1500033639      1000   107377    0
1500033640      999   108376    0
1500033641      949   109325    0
1500033642      999   110324    0
1500033643      1000   111324    0
1500033644      948   112272    0
1500033645      1000   113272    0
1500033646      999   114271    0
1500033647      1000   115271    0
1500033648      928   116199    0
1500033649      1000   117199    0
1500033650      1000   118199    0
1500033651      923   119122    0
1500033652      1000   120122    0
1500033653      996   121118    0
1500033654      949   122067    0
1500033655      999   123066    0
1500033656      1000   124066    0
1500033657      999   125065    0
1500033658      938   126003    0
1500033659      999   127002    0
1500033660      1000   128002    0
1500033661      948   128950    0
1500033662      1000   129950    0
1500033663      1000   130950    0
1500033664      939   131889    0
1500033665      1000   132889    0
1500033666      999   133888    0
1500033667      943   134842    0
1500033668      1006   135848    0
1500033669      1000   136848    0
1500033670      999   137847    0
1500033671      941   138788    0
1500033672      999   139787    0
1500033673      1000   140787    0
1500033674      949   141736    0
1500033675      999   142735    0
1500033676      1000   143735    0
1500033677      948   144683    0
1500033678      1000   145683    0
1500033679      923   146606    0
1500033680      1000   147606    0
1500033681      999   148605    0
1500033682      949   149554    0
1500033683      999   150553    0
1500033684      1000   151553    0
1500033685      999   152552    0
1500033686      919   153471    0
1500033687      1000   154471    0
1500033688      999   155470    0
1500033689      949   156419    0
1500033690      999   157418    0
1500033691      1000   158418    0
1500033692      948   159366    0
1500033693      1000   160366    0
1500033694      999   161365    0
1500033695      1000   162365    0
1500033696      929   163294    0
1500033697      1000   164294    0
1500033698      999   165293    0
1500033699      924   166217    0
1500033700      999   167216    0
1500033701      1000   168216    0
1500033702      949   169165    0
1500033703      999   170164    0
1500033704      1000   171164    0
1500033705      944   172153    0
1500033706      1007   173160    0
1500033707      999   174159    0
1500033708      1000   175159    0
1500033709      940   176099    0
1500033710      1000   177099    0
1500033711      999   178098    0
1500033712      950   179048    0
1500033713      999   180047    0
1500033714      1000   181047    0
1500033715      941   181988    0
1500033716      1000   182988    0
1500033717      999   183987    0
1500033718      1000   184987    0
1500033719      945   185932    0
1500033720      999   186931    0
1500033721      1000   187931    0
1500033722      948   188879    0
1500033723      1000   189879    0
1500033724      999   190878    0
1500033725      949   191827    0
1500033726      999   192826    0
1500033727      1000   193826    0
1500033728      999   194825    0
1500033729      916   195741    0
1500033730      999   196740    0
1500033731      1000   197740    0
1500033732      937   198677    0
1500033733      996   199673    0
1500033734      1000   200673    0
1500033735      948   201621    0
1500033736      1000   202621    0
1500033737      999   203620    0
1500033738      1000   204620    0
1500033739      947   205567    0
1500033740      1000   206567    0
1500033741      999   207566    0
1500033742      949   208515    0
1500033743      999   209514    0
1500033744      1000   210514    0
1500033745      950   211464    0
1500033746      999   212463    0
1500033747      1000   213463    0
1500033748      942   214416    0
1500033749      1007   215423    0
1500033750      1000   216423    0
1500033751      999   217422    0
1500033752      949   218371    0
1500033753      907   219278    0
1500033754      1000   220278    0
1500033755      999   221277    0
1500033756      1000   222277    0
1500033757      948   223225    0
1500033758      1000   224225    0
1500033759      999   225224    0
1500033760      949   226173    0
1500033761      999   227172    0
1500033762      1000   228172    0
1500033763      949   229121    0
1500033764      999   230120    0
1500033765      1000   231120    0
1500033766      999   232119    0
1500033767      931   233050    0
1500033768      999   234049    0
1500033769      1000   235049    0
1500033770      948   235997    0
1500033771      1000   236997    0
1500033772      999   237996    0
1500033773      949   238945    0
1500033774      999   239944    0
1500033775      1000   240944    0
1500033776      1000   241944    0
1500033777      903   242847    0
1500033778      1000   243847    0
1500033779      999   244846    0
1500033780      949   245795    0
1500033781      999   246794    0
1500033782      1000   247794    0
1500033783      947   248741    0
1500033784      1000   249741    0
1500033785      999   250740    0
1500033786      944   251727    0
1500033787      1006   252733    0
1500033788      1000   253733    0
1500033789      1000   254733    0
1500033790      948   255681    0
1500033791      1000   256681    0
1500033792      999   257680    0
1500033793      949   258629    0
1500033794      999   259628    0
1500033795      1000   260628    0
1500033796      948   261576    0
1500033797      1000   262576    0
1500033798      999   263575    0
1500033799      1000   264575    0
1500033800      944   265519    0
1500033801      1000   266519    0
1500033802      1000   267519    0
1500033803      948   268467    0
1500033804      1000   269467    0
1500033805      999   270466    0
1500033806      949   271415    0
1500033807      999   272414    0
1500033808      1000   273414    0
1500033809      999   274413    0
1500033810      929   275342    0
1500033811      999   276341    0
1500033812      1000   277341    0
1500033813      948   278289    0
1500033814      1000   279289    0
1500033815      1000   280289    0
1500033816      948   281237    0
1500033817      1000   282237    0
1500033818      999   283236    0
1500033819      945   284237    0
1500033820      1006   285243    0
1500033821      1000   286243    0
1500033822      999   287242    0
1500033823      949   288191    0
1500033824      1000   289191    0
1500033825      999   290190    0
1500033826      949   291139    0
1500033827      999   292138    0
1500033828      910   293048    0
1500033829      999   294047    0
1500033830      1000   295047    0
1500033831      948   295995    0
1500033832      1000   296995    0
1500033833      999   297994    0
1500033834      949   298943    0
1500033835      999   299942    0
1500033836      1000   300942    0
1500033837      1000   301942    0
1500033838      932   302874    0
1500033839      1000   303874    0
1500033840      999   304873    0
1500033841      949   305822    0
1500033842      999   306821    0
1500033843      1000   307821    0
1500033844      948   308769    0
1500033845      1000   309769    0
1500033846      999   310768    0
1500033847      1000   311768    0
1500033848      933   312701    0
1500033849      1000   313701    0
1500033850      994   314695    0
1500033851      947   315642    0
1500033852      997   316639    0
1500033853      999   317638    0
1500033854      944   318582    0
1500033855      999   319581    0
1500033856      1000   320581    0
1500033857      943   321548    0
1500033858      1007   322555    0
1500033859      999   323554    0
1500033860      1000   324554    0
1500033861      936   325490    0
1500033862      999   326489    0
1500033863      1000   327489    0
1500033864      948   328437    0
1500033865      1000   329437    0
1500033866      999   330436    0
1500033867      949   331385    0
1500033868      999   332384    0
1500033869      1000   333384    0
1500033870      999   334383    0
1500033871      938   335321    0
1500033872      999   336320    0
1500033873      1000   337320    0
1500033874      948   338268    0
1500033875      1000   339268    0
1500033876      1000   340268    0
1500033877      947   341215    0
1500033878      1000   342215    0
1500033879      999   343214    0
1500033880      1000   344214    0
1500033881      927   345141    0
1500033882      1000   346141    0
1500033883      999   347140    0
1500033884      949   348089    0
1500033885      999   349088    0
1500033886      1000   350088    0
1500033887      948   351036    0
1500033888      1000   352036    0
1500033889      1000   353036    0
1500033890      999   354035    0
1500033891      935   354970    0
1500033892      999   355969    0
1500033893      1000   356969    0
1500033894      948   357917    0
1500033895      1000   358917    0
1500033896      999   359916    0
1500033897      949   360865    0
1500033898      999   361864    0
1500033899      1000   362864    0
1500033900      942   363811    0
1500033901      1006   364817    0
1500033902      924   365741    0
1500033903      999   366740    0
1500033904      1000   367740    0
1500033905      945   368685    0
1500033906      999   369684    0
1500033907      1000   370684    0
1500033908      999   371683    0
1500033909      950   372633    0
1500033910      999   373632    0
1500033911      1000   374632    0
1500033912      948   375580    0
1500033913      1000   376580    0
1500033914      999   377579    0
1500033915      949   378528    0
1500033916      999   379527    0
1500033917      1000   380527    0
1500033918      1000   381527    0
1500033919      916   382443    0
1500033920      1000   383443    0
1500033921      999   384442    0
1500033922      937   385379    0
1500033923      999   386378    0
1500033924      1000   387378    0
1500033925      949   388327    0
1500033926      1000   389327    0
1500033927      999   390326    0
1500033928      1000   391326    0
1500033929      925   392251    0
1500033930      1000   393251    0
1500033931      1000   394251    0
1500033932      949   395200    0
1500033933      1000   396200    0
1500033934      999   397199    0
1500033935      949   398148    0
1500033936      999   399147    0
1500033937      1000   400147    0
1500033938      943   401122    0
1500033939      1006   402128    0
1500033940      1000   403128    0
1500033941      999   404127    0
1500033942      949   405076    0
1500033943      1000   406076    0
1500033944      999   407075    0
1500033945      949   408024    0
1500033946      999   409023    0
1500033947      1000   410023    0
1500033948      948   410971    0
1500033949      1000   411971    0
1500033950      999   412970    0
1500033951      1000   413970    0
1500033952      948   414918    0
1500033953      1000   415918    0
1500033954      999   416917    0
1500033955      940   417857    0
1500033956      1000   418857    0
1500033957      999   419856    0
1500033958      950   420806    0
1500033959      999   421805    0
1500033960      1000   422805    0
1500033961      999   423804    0
1500033962      932   424736    0
1500033963      999   425735    0
1500033964      1000   426735    0
1500033965      948   427683    0
1500033966      997   428680    0
1500033967      996   429676    0
1500033968      949   430625    0
1500033969      999   431624    0
1500033970      1000   432624    0
1500033971      1000   433624    0
1500033972      935   434559    0
1500033973      1000   435559    0
1500033974      999   436558    0
1500033975      949   437507    0
1500033976      917   438433    0
1500033977      1006   439439    0
1500033978      1000   440439    0
1500033979      999   441438    0
1500033980      949   442387    0
1500033981      999   443386    0
1500033982      1000   444386    0
1500033983      948   445334    0
1500033984      1000   446334    0
1500033985      1000   447334    0
1500033986      948   448282    0
1500033987      1000   449282    0
1500033988      999   450281    0
1500033989      1000   451281    0
1500033990      948   452229    0
1500033991      1000   453229    0
1500033992      999   454228    0
1500033993      949   455177    0
1500033994      999   456176    0
1500033995      1000   457176    0
1500033996      948   458124    0
1500033997      1000   459124    0
1500033998      999   460123    0
1500033999      1000   461123    0
1500034000      935   462058    0
1500034001      999   463057    0
1500034002      1000   464057    0
1500034003      948   465005    0
1500034004      1000   466005    0
1500034005      999   467004    0
1500034006      949   467953    0
1500034007      999   468952    0
1500034008      1000   469952    0
1500034009      944   470943    0
1500034010      1007   471950    0
1500034011      999   472949    0
1500034012      1000   473949    0
1500034013      949   474898    0
1500034014      999   475897    0
1500034015      1000   476897    0
1500034016      948   477845    0
1500034017      1000   478845    0
1500034018      999   479844    0
1500034019      949   480793    0
1500034020      999   481792    0
1500034021      1000   482792    0
1500034022      999   483791    0
1500034023      949   484740    0
1500034024      999   485739    0
1500034025      1000   486739    0
1500034026      949   487688    0
1500034027      999   488687    0
1500034028      1000   489687    0
1500034029      948   490635    0
1500034030      1000   491635    0
1500034031      997   492632    0
1500034032      1000   493632    0
1500034033      924   494556    0
1500034034      1000   495556    0
1500034035      999   496555    0
1500034036      950   497505    0
1500034037      999   498504    0
1500034038      1000   499504    0
