1485437339      1417   1417    0.0108109
1485437340      1372   2791    0.0212936
1485437341      1429   4220    0.032196
1485437342      1344   5564    0.04245
1485437343      970   6534    0.0498505
1485437344      882   7476    0.0570374
1485437345      1173   8649    0.0659866
1485437346      845   9621    0.0734024
1485437347      955   10576    0.0806885
1485437348      799   11376    0.086792
1485437349      1136   12512    0.095459
1485437350      837   13521    0.103157
1485437351      1196   14717    0.112282
1485437352      945   15662    0.119492
1485437353      877   16539    0.126183
1485437354      906   17445    0.133095
1485437355      1018   18463    0.140862
1485437356      865   19566    0.149277
1485437357      1210   20776    0.158508
1485437358      698   21474    0.163834
1485437359      1008   22482    0.171524
1485437360      920   23466    0.179031
1485437361      1019   24485    0.186806
1485437363      848   25611    0.195396
1485437364      829   26651    0.203331
1485437365      1208   27859    0.212547
1485437366      805   28796    0.219696
1485437367      1191   29987    0.228783
1485437368      819   30941    0.236061
1485437369      1027   31968    0.243896
1485437370      696   32696    0.249451
1485437371      1197   33893    0.258583
1485437373      809   34841    0.265816
1485437374      1180   36021    0.274818
1485437375      943   36964    0.282013
1485437376      713   37677    0.287453
1485437377      876   38741    0.29557
1485437378      1150   39891    0.304344
1485437379      833   40886    0.311935
1485437380      1202   42088    0.321106
1485437381      713   42801    0.326546
1485437382      958   43759    0.333855
1485437383      935   44786    0.34169
1485437384      1018   45804    0.349457
1485437385      864   46931    0.358055
1485437387      834   47971    0.36599
1485437388      1207   49178    0.375198
1485437389      921   50099    0.382225
1485437390      865   50964    0.388824
1485437391      991   51955    0.396385
1485437392      846   52976    0.404175
1485437393      842   54016    0.412109
1485437394      1201   55217    0.421272
1485437395      933   56150    0.428391
1485437396      881   57031    0.435112
1485437397      1073   58104    0.443298
1485437398      577   58681    0.447701
1485437399      1193   59874    0.456802
1485437400      764   60776    0.463684
1485437401      996   61772    0.471283
1485437402      909   62921    0.480049
1485437404      779   63961    0.487984
1485437405      1198   65159    0.497124
1485437406      932   66091    0.504234
1485437407      492   66583    0.507988
1485437408      897   67536    0.515259
1485437409      1112   68648    0.523743
1485437410      586   69291    0.528648
1485437411      1168   70459    0.53756
1485437412      812   71436    0.545013
1485437413      951   72387    0.552269
1485437415      879   73581    0.561378
1485437416      703   74621    0.569313
1485437417      1163   75784    0.578186
1485437418      869   76766    0.585678
1485437419      1050   77816    0.593689
1485437420      887   78911    0.602043
1485437422      831   79951    0.609978
1485437423      1198   81149    0.619118
1485437424      789   82096    0.626343
1485437425      957   83053    0.633644
1485437426      867   84241    0.642708
1485437427      957   85281    0.650642
1485437428      1134   86415    0.659294
1485437429      867   87426    0.667007
1485437430      1202   88628    0.676178
1485437432      836   89571    0.683372
1485437433      888   90611    0.691307
1485437434      965   91576    0.698669
1485437435      906   92756    0.707672
1485437436      1210   93966    0.716904
1485437437      835   94901    0.724037
1485437438      798   95941    0.731972
1485437439      1208   97149    0.741188
1485437441      788   98086    0.748337
1485437442      985   99071    0.755852
1485437443      473   99544    0.75946
1485437444      1177   100721    0.76844
1485437445      524   101271    0.772636
1485437446      1204   102475    0.781822
1485437447      736   103416    0.789001
1485437448      1206   104622    0.798203
1485437449      904   105561    0.805367
1485437450      970   106601    0.813301
1485437451      1095   107696    0.821655
1485437452      938   108746    0.829666
1485437453      1203   109949    0.838844
1485437454      909   110891    0.846031
1485437455      975   111931    0.853966
1485437456      1136   113067    0.862633
1485437457      939   114076    0.870331
1485437458      1204   115280    0.879517
1485437459      895   116221    0.886696
1485437461      974   117261    0.89463
1485437462      1215   118476    0.9039
1485437463      912   119406    0.910995
1485437464      1212   120618    0.920242
1485437465      907   121551    0.927361
1485437466      963   122591    0.935295
1485437467      1184   123775    0.944328
1485437468      913   124736    0.95166
1485437469      1205   125941    0.960854
1485437470      909   126881    0.968025
1485437471      973   127921    0.97596
1485437472      1201   129122    0.985123
1485437473      901   130066    0.992325
1485437474      1206   131272    1.00153
1485437475      919   132211    1.00869
1485437476      962   133251    1.01662
1485437477      1205   134456    1.02582
1485437478      870   135396    1.03299
1485437479      1204   136600    1.04218
1485437480      908   137541    1.04935
1485437481      964   138581    1.05729
1485437482      1217   139798    1.06657
1485437483      909   140726    1.07365
1485437484      1207   141933    1.08286
1485437485      912   142871    1.09002
1485437486      975   143911    1.09795
1485437487      1209   145120    1.10718
1485437488      908   146056    1.11432
1485437489      1201   147257    1.12348
1485437490      902   148201    1.13068
1485437491      959   149241    1.13862
1485437492      1214   150455    1.14788
1485437493      912   151386    1.15498
1485437494      1217   152604    1.16428
1485437496      837   153531    1.17135
1485437497      966   154571    1.17928
1485437498      1192   155763    1.18838
1485437499      916   156716    1.19565
1485437500      1201   157917    1.20481
1485437501      895   158861    1.21201
1485437502      966   159901    1.21995
1485437503      1188   161089    1.22901
1485437504      780   162046    1.23631
1485437505      909   162955    1.24325
1485437506      1160   164115    1.2521
1485437507      789   164906    1.25813
1485437508      964   165946    1.26607
1485437509      1213   167159    1.27532
1485437510      910   168091    1.28243
1485437511      1211   169302    1.29167
1485437512      894   170236    1.2988
1485437513      962   171276    1.30673
1485437514      1192   172468    1.31583
1485437515      921   173421    1.3231
1485437516      1206   174627    1.3323
1485437517      909   175566    1.33946
1485437518      967   176606    1.3474
1485437519      1208   177814    1.35661
1485437520      894   178751    1.36376
1485437521      1203   179954    1.37294
1485437522      893   180896    1.38013
1485437524      943   181936    1.38806
1485437525      1208   183144    1.39728
1485437526      908   184081    1.40443
1485437527      1207   185288    1.41364
1485437528      903   186226    1.42079
1485437529      966   187266    1.42873
1485437530      1210   188476    1.43796
1485437531      909   189411    1.44509
1485437532      1207   190618    1.4543
1485437533      795   191556    1.46146
1485437534      834   192596    1.46939
1485437535      1199   193795    1.47854
1485437536      743   194538    1.48421
1485437537      836   195456    1.49121
1485437538      1121   196577    1.49976
1485437539      765   197342    1.5056
1485437540      1207   198549    1.51481
1485437541      750   199356    1.52097
1485437542      1212   200568    1.53021
1485437544      772   201501    1.53733
1485437545      927   202428    1.5444
1485437546      706   203256    1.55072
1485437547      1207   204463    1.55993
1485437548      807   205401    1.56709
1485437549      1182   206583    1.5761
1485437550      806   207546    1.58345
1485437551      924   208586    1.59138
1485437552      1210   209796    1.60062
1485437553      810   210731    1.60775
1485437554      1011   211742    1.61546
1485437556      877   212876    1.62411
1485437557      943   213916    1.63205
1485437558      1052   214968    1.64008
1485437559      862   216061    1.64841
1485437560      1108   217169    1.65687
1485437561      972   218141    1.66428
1485437562      731   218872    1.66986
1485437563      901   219961    1.67817
1485437564      1089   221050    1.68648
1485437566      823   222106    1.69453
1485437567      1213   223319    1.70379
1485437568      711   224030    1.70921
1485437569      1169   225199    1.71813
1485437570      766   226006    1.72429
1485437571      1011   227017    1.732
1485437572      835   228151    1.74065
1485437573      921   229191    1.74859
1485437574      1214   230405    1.75785
1485437575      816   231336    1.76495
1485437576      1198   232534    1.77409
1485437577      818   233481    1.78132
1485437578      975   234456    1.78876
1485437579      847   235303    1.79522
1485437580      1110   236413    1.80369
1485437582      836   237381    1.81107
1485437583      1141   238522    1.81978
1485437584      849   239526    1.82744
1485437585      855   240381    1.83396
1485437586      742   241281    1.84083
1485437587      1080   242361    1.84907
1485437588      961   243322    1.8564
1485437589      736   244141    1.86265
1485437590      943   245181    1.87058
1485437591      959   246140    1.8779
1485437592      1107   247247    1.88634
1485437593      683   248041    1.8924
1485437594      1092   249133    1.90073
1485437595      934   250186    1.90877
1485437596      961   251147    1.9161
1485437597      735   251941    1.92216
1485437598      1211   253152    1.9314
1485437600      813   254086    1.93852
1485437601      1087   255173    1.94682
1485437602      740   255913    1.95246
1485437603      857   256770    1.959
1485437604      1166   257936    1.9679
1485437605      749   258701    1.97373
1485437606      1204   259905    1.98292
1485437607      828   260846    1.9901
1485437608      987   261833    1.99763
1485437609      713   262601    2.00349
1485437610      1171   263772    2.01242
1485437611      835   264746    2.01985
1485437612      1206   265952    2.02905
1485437613      775   266727    2.03497
1485437614      943   267670    2.04216
1485437615      897   268646    2.04961
1485437616      1092   269738    2.05794
1485437617      862   270791    2.06597
1485437619      828   271831    2.07391
1485437620      1196   273027    2.08303
1485437621      852   273879    2.08953
1485437622      708   274691    2.09573
1485437623      1201   275892    2.10489
1485437624      809   276836    2.11209
1485437625      852   277876    2.12003
1485437626      1186   279062    2.12907
1485437627      801   280021    2.13639
1485437628      1080   281101    2.14463
1485437629      1040   282141    2.15257
1485437630      522   282663    2.15655
1485437631      1189   283852    2.16562
1485437632      662   284636    2.1716
1485437633      984   285620    2.17911
1485437635      970   286781    2.18797
1485437636      1028   287809    2.19581
1485437637      713   288536    2.20135
1485437638      1211   289747    2.21059
1485437639      786   290681    2.21772
1485437640      986   291667    2.22524
1485437641      1038   292705    2.23316
1485437642      759   293464    2.23895
1485437643      852   294316    2.24545
1485437644      838   295296    2.25293
1485437645      1183   296479    2.26196
1485437646      828   297441    2.26929
1485437647      847   298481    2.27723
1485437648      1204   299685    2.28642
1485437650      794   300626    2.29359
1485437651      1022   301648    2.30139
1485437652      940   302771    2.30996
1485437653      881   303811    2.31789
1485437654      965   304776    2.32526
1485437655      1117   305893    2.33378
1485437656      752   306671    2.33971
1485437657      1208   307879    2.34893
1485437658      808   308816    2.35608
1485437659      999   309815    2.3637
1485437660      694   310571    2.36947
1485437661      1211   311782    2.37871
1485437662      821   312716    2.38583
1485437663      1205   313921    2.39503
1485437664      542   314471    2.39922
1485437665      939   315410    2.40639
1485437666      1200   316610    2.41554
1485437667      696   317331    2.42104
1485437668      1168   318499    2.42995
1485437670      856   319476    2.43741
1485437671      986   320462    2.44493
1485437672      707   321231    2.4508
1485437673      1199   322430    2.45995
1485437674      825   323376    2.46716
1485437675      1205   324581    2.47636
1485437676      722   325303    2.48186
1485437677      951   326254    2.48912
1485437678      915   327276    2.49692
1485437679      1102   328378    2.50533
1485437680      869   329421    2.51328
1485437681      863   330461    2.52122
1485437682      1212   331673    2.53046
1485437684      794   332606    2.53758
1485437685      1211   333817    2.54682
1485437686      824   334751    2.55395
1485437687      883   335791    2.56188
1485437688      967   336758    2.56926
1485437689      900   337936    2.57825
1485437690      1217   339153    2.58753
1485437691      843   340081    2.59461
1485437693      824   341121    2.60255
1485437694      1206   342327    2.61175
1485437695      782   343266    2.61891
1485437696      987   344253    2.62644
1485437697      877   345411    2.63528
1485437698      967   346451    2.64321
1485437699      1202   347653    2.65238
1485437700      851   348596    2.65958
1485437701      1203   349799    2.66875
1485437702      854   350741    2.67594
1485437703      904   351781    2.68388
1485437704      988   352769    2.69141
1485437706      876   353926    2.70024
1485437707      1216   355142    2.70952
1485437708      848   356071    2.71661
1485437709      773   357111    2.72454
1485437710      1212   358323    2.73379
1485437711      789   359256    2.74091
1485437712      1088   360344    2.74921
1485437714      863   361401    2.75727
1485437715      835   362441    2.76521
1485437716      1202   363643    2.77438
1485437717      776   364586    2.78157
1485437718      971   365557    2.78898
1485437719      866   366731    2.79794
1485437721      970   367771    2.80587
1485437722      1205   368976    2.81506
1485437723      822   369916    2.82224
1485437724      1207   371123    2.83144
1485437725      841   372061    2.8386
1485437726      561   372776    2.84406
1485437727      1011   373787    2.85177
1485437728      697   374531    2.85744
1485437729      1205   375736    2.86664
1485437730      815   376676    2.87381
1485437731      1145   377821    2.88255
1485437732      849   378670    2.88902
1485437733      1160   379830    2.89787
1485437734      814   380644    2.90408
1485437735      1087   381731    2.91238
1485437736      867   382721    2.91993
1485437738      806   383761    2.92786
1485437739      1213   384974    2.93712
1485437740      786   385906    2.94423
1485437741      974   386880    2.95166
1485437742      874   388051    2.96059
1485437743      848   389091    2.96853
1485437744      1208   390299    2.97775
1485437745      915   391236    2.98489
1485437746      1211   392447    2.99413
1485437748      918   393381    3.00126
1485437749      971   394421    3.00919
1485437750      1205   395626    3.01839
1485437751      911   396566    3.02556
1485437752      1208   397774    3.03477
1485437753      923   398711    3.04192
1485437754      968   399751    3.04986
1485437755      1202   400953    3.05903
1485437756      907   401896    3.06622
1485437757      925   402821    3.07328
1485437758      1198   404019    3.08242
1485437759      883   404902    3.08916
1485437760      917   405819    3.09615
1485437761      1206   407025    3.10535
1485437762      905   407941    3.11234
1485437763      1215   409156    3.12161
1485437764      907   410086    3.12871
1485437765      965   411126    3.13664
1485437766      1214   412340    3.1459
1485437767      905   413271    3.15301
1485437768      1215   414486    3.16228
1485437769      911   415416    3.16937
1485437770      970   416456    3.17731
1485437771      1213   417669    3.18656
1485437772      909   418601    3.19367
1485437773      1207   419808    3.20288
1485437774      920   420746    3.21004
1485437775      972   421786    3.21797
1485437776      1214   423000    3.22723
1485437777      906   423931    3.23434
1485437778      1207   425138    3.24355
1485437779      916   426076    3.2507
1485437780      972   427116    3.25864
1485437781      1213   428329    3.26789
1485437782      914   429261    3.275
1485437783      1207   430468    3.28421
1485437784      915   431406    3.29137
1485437785      976   432446    3.2993
1485437786      1216   433662    3.30858
1485437787      914   434591    3.31567
1485437788      1109   435700    3.32413
1485437789      951   436736    3.33203
1485437790      973   437776    3.33997
1485437791      1212   438988    3.34921
1485437792      912   439921    3.35633
1485437793      1202   441123    3.3655
1485437795      922   442066    3.3727
1485437796      972   443106    3.38063
1485437797      1201   444307    3.38979
1485437798      919   445251    3.397
1485437799      1204   446455    3.40618
1485437800      919   447396    3.41336
1485437801      976   448436    3.4213
1485437802      1201   449637    3.43046
1485437803      808   450581    3.43766
1485437804      979   451560    3.44513
1485437805      876   452726    3.45403
1485437806      1001   453727    3.46166
1485437807      722   454481    3.46741
1485437808      1217   455698    3.4767
1485437809      787   456626    3.48378
1485437810      976   457602    3.49123
1485437811      937   458539    3.49837
1485437812      981   459520    3.50586
1485437814      821   460526    3.51353
1485437815      1214   461740    3.5228
1485437816      793   462671    3.5299
1485437817      756   463711    3.53783
1485437818      1213   464924    3.54709
1485437819      796   465856    3.5542
1485437820      1133   466989    3.56284
1485437822      879   468001    3.57056
1485437823      1024   469025    3.57838
1485437824      765   469790    3.58421
1485437825      1181   470971    3.59322
1485437826      814   471901    3.60032
1485437827      1213   473114    3.60957
1485437828      787   474046    3.61668
1485437829      944   475086    3.62462
1485437830      1212   476298    3.63387
1485437831      810   477231    3.64098
1485437832      978   478209    3.64845
1485437833      876   479376    3.65735
1485437834      973   480416    3.66528
1485437835      1025   481441    3.6731
1485437837      856   482561    3.68165
1485437838      1218   483779    3.69094
1485437839      755   484706    3.69801
1485437840      936   485746    3.70595
1485437841      1209   486955    3.71517
1485437842      807   487891    3.72231
1485437843      979   488870    3.72978
1485437845      877   490036    3.73868
1485437846      961   491076    3.74661
1485437847      1024   492100    3.75443
1485437848      869   493221    3.76298
1485437849      1216   494437    3.77225
1485437850      792   495366    3.77934
1485437851      966   496406    3.78728
1485437852      1198   497604    3.79642
1485437853      842   498551    3.80364
1485437854      1044   499595    3.81161
