1482073742      1499   1499    0.00285912
1482073743      1499   2998    0.00571823
1482073744      1499   4497    0.00857735
1482073745      1500   5997    0.0114384
1482073746      1499   7496    0.0142975
1482073747      1499   8995    0.0171566
1482073748      1500   10495    0.0200176
1482073749      1499   11994    0.0228767
1482073750      1499   13493    0.0257359
1482073751      1500   14993    0.0285969
1482073752      1464   16457    0.0313892
1482073753      1383   17840    0.0340271
1482073754      1386   19226    0.0366707
1482073755      1384   20610    0.0393105
1482073756      1270   21880    0.0417328
1482073757      1386   23266    0.0443764
1482073758      1384   24650    0.0470161
1482073759      1281   26029    0.0496464
1482073760      1392   27421    0.0523014
1482073761      1384   28805    0.0549412
1482073762      1385   30190    0.0575829
1482073763      1271   31461    0.0600071
1482073764      1280   32761    0.0624866
1482073765      1392   34153    0.0651417
1482073766      1387   35540    0.0677872
1482073767      1385   36925    0.0704288
1482073768      1263   38188    0.0728378
1482073769      1385   39573    0.0754795
1482073770      1385   40958    0.0781212
1482073771      1384   42342    0.080761
1482073772      1270   43612    0.0831833
1482073773      1384   44996    0.0858231
1482073774      1384   46380    0.0884628
1482073775      1386   47766    0.0911064
1482073776      1270   49036    0.0935287
1482073777      1287   50323    0.0959835
1482073778      1386   51709    0.0986271
1482073779      1384   53093    0.101267
1482073780      1385   54478    0.103909
1482073781      1270   55748    0.106331
1482073782      1385   57133    0.108973
1482073783      1384   58517    0.111612
1482073784      1276   59861    0.114176
1482073785      1392   61253    0.116831
1482073786      1225   62478    0.119167
1482073787      1160   63638    0.12138
1482073788      1317   64955    0.123892
1482073789      1271   66226    0.126316
1482073790      1383   67609    0.128954
1482073791      1019   68737    0.131105
1482073792      1165   69902    0.133327
1482073793      1347   71249    0.135897
1482073794      1373   72622    0.138515
1482073795      1223   73845    0.140848
1482073796      1157   75169    0.143373
1482073797      1393   76562    0.14603
1482073798      1336   77898    0.148579
1482073799      1385   79283    0.15122
1482073800      1271   80554    0.153645
1482073801      1289   81901    0.156214
1482073802      1390   83291    0.158865
1482073803      1385   84676    0.161507
1482073804      1383   86059    0.164145
1482073805      1271   87330    0.166569
1482073806      1385   88715    0.16921
1482073807      1384   90099    0.17185
1482073808      1384   91483    0.17449
1482073809      1266   92749    0.176905
1482073810      1385   94134    0.179546
1482073811      1385   95519    0.182188
1482073812      1386   96905    0.184832
1482073813      1271   98176    0.187256
1482073814      1286   99462    0.189709
1482073815      1385   100847    0.19235
1482073816      1385   102232    0.194992
1482073817      1384   103616    0.197632
1482073818      1270   104886    0.200054
1482073819      1384   106270    0.202694
1482073820      1385   107655    0.205336
1482073821      1276   109001    0.207903
1482073822      1390   110391    0.210554
1482073823      1385   111776    0.213196
1482073824      1384   113160    0.215836
1482073825      1272   114432    0.218262
1482073826      1282   115733    0.220743
1482073827      1391   117124    0.223396
1482073828      1386   118510    0.22604
1482073829      1385   119895    0.228682
1482073830      1272   121167    0.231108
1482073831      1386   122553    0.233751
1482073832      1385   123938    0.236393
1482073833      1385   125323    0.239035
1482073834      1272   126595    0.241461
1482073835      1385   127980    0.244102
1482073836      1385   129365    0.246744
1482073837      1280   130741    0.249369
1482073838      1190   131931    0.251638
1482073839      1270   133201    0.254061
1482073840      1385   134586    0.256702
1482073841      1385   135971    0.259344
1482073842      1384   137355    0.261984
1482073843      1269   138624    0.264404
1482073844      1385   140009    0.267046
1482073845      1385   141394    0.269688
1482073846      1385   142779    0.272329
1482073847      1270   144049    0.274752
1482073848      1385   145434    0.277393
1482073849      1378   146812    0.280022
1482073850      1041   147853    0.282007
1482073851      1222   149075    0.284338
1482073852      1227   150302    0.286678
1482073853      1173   151475    0.288916
1482073855      1249   152781    0.291407
1482073856      1247   154028    0.293785
1482073857      1227   155255    0.296125
1482073858      1227   156482    0.298466
1482073859      1228   157710    0.300808
1482073860      1227   158937    0.303148
1482073861      1275   160285    0.305719
1482073862      1392   161677    0.308374
1482073863      1385   163062    0.311016
1482073864      1281   164343    0.313459
1482073865      1385   165728    0.316101
1482073866      1268   167017    0.31856
1482073867      1393   168410    0.321217
1482073868      1383   169793    0.323854
1482073869      1385   171178    0.326496
1482073870      1270   172448    0.328918
1482073871      1385   173833    0.33156
1482073872      1386   175219    0.334204
1482073873      1386   176605    0.336847
1482073874      1273   177878    0.339275
1482073875      1386   179264    0.341919
1482073876      1211   180475    0.344229
1482073877      1386   181861    0.346872
1482073878      1385   183246    0.349514
1482073879      1272   184518    0.35194
1482073880      1378   185896    0.354568
1482073881      1385   187281    0.35721
1482073882      1387   188668    0.359856
1482073883      1273   189941    0.362284
1482073884      1386   191327    0.364927
1482073885      1387   192714    0.367573
1482073886      1385   194099    0.370214
1482073887      1271   195370    0.372639
1482073888      1061   196561    0.37491
1482073889      1392   197953    0.377565
1482073890      1385   199338    0.380207
1482073891      1386   200724    0.382851
1482073892      1272   201996    0.385277
1482073893      1385   203381    0.387918
1482073894      1337   204718    0.390469
1482073895      1386   206104    0.393112
1482073896      1270   207374    0.395535
1482073897      1385   208759    0.398176
1482073898      1385   210144    0.400818
1482073899      1385   211529    0.40346
1482073900      1263   212792    0.405869
1482073901      1149   213941    0.40806
1482073902      1271   215212    0.410484
1482073903      1375   216587    0.413107
1482073904      1385   217972    0.415749
1482073905      1384   219356    0.418388
1482073906      1269   220625    0.420809
1482073907      1385   222010    0.42345
1482073908      1384   223394    0.42609
1482073909      1274   224733    0.428644
1482073910      1393   226126    0.431301
1482073911      1385   227511    0.433943
1482073912      1384   228895    0.436583
1482073913      1287   230182    0.439037
1482073914      1199   231465    0.441484
1482073915      1376   232841    0.444109
1482073916      1337   234178    0.446659
1482073917      1363   235541    0.449259
1482073918      1224   236765    0.451593
1482073919      1103   237897    0.453753
1482073920      1356   239253    0.456339
1482073921      1369   240622    0.45895
1482073922      1386   242008    0.461594
1482073923      1218   243257    0.463976
1482073924      1344   244601    0.466539
1482073925      1287   245888    0.468994
1482073926      1387   247275    0.47164
1482073927      1385   248660    0.474281
1482073928      1237   249989    0.476816
1482073929      1394   251383    0.479475
1482073930      1386   252769    0.482119
1482073931      1385   254154    0.48476
1482073932      1271   255425    0.487185
1482073933      1385   256810    0.489826
1482073934      1385   258195    0.492468
1482073935      1386   259581    0.495111
1482073936      1270   260851    0.497534
1482073937      1285   262136    0.499985
1482073938      1386   263522    0.502628
1482073939      1384   264906    0.505268
1482073940      1385   266291    0.50791
1482073941      1264   267555    0.510321
1482073942      1385   268940    0.512962
1482073943      1384   270324    0.515602
1482073944      1386   271710    0.518246
1482073945      1269   272979    0.520666
1482073946      1385   274364    0.523308
1482073947      1386   275750    0.525951
1482073948      1275   277089    0.528505
1482073949      1298   278461    0.531122
1482073950      1392   279853    0.533777
1482073951      1386   281239    0.536421
1482073952      1385   282624    0.539062
1482073953      1271   283895    0.541487
1482073954      1386   285281    0.54413
1482073955      1385   286666    0.546772
1482073956      1386   288052    0.549416
1482073957      1272   289324    0.551842
1482073958      1385   290709    0.554483
1482073959      1385   292094    0.557125
1482073960      1281   293469    0.559748
1482073961      1298   294841    0.562365
1482073962      1393   296234    0.565022
1482073963      1387   297621    0.567667
1482073964      1385   299006    0.570309
1482073965      1272   300278    0.572735
1482073966      1387   301665    0.57538
1482073967      1386   303051    0.578024
1482073968      1385   304436    0.580666
1482073969      1242   305678    0.583035
1482073970      1385   307063    0.585676
1482073971      1385   308448    0.588318
1482073972      1386   309834    0.590961
1482073973      1270   311104    0.593384
1482073974      261   311365    0.593882
1482073975      1271   312636    0.596306
1482073976      1227   313863    0.598646
1482073977      1385   315248    0.601288
1482073978      1326   316574    0.603817
1482073979      1090   317664    0.605896
1482073980      1278   318942    0.608334
1482073981      1280   320222    0.610775
1482073982      1370   321592    0.613388
1482073983      1185   322777    0.615648
1482073984      1224   324001    0.617983
1482073985      1106   325157    0.620188
1482073986      1344   326501    0.622751
1482073987      1285   327786    0.625202
1482073988      1385   329171    0.627844
1482073989      1384   330555    0.630484
1482073990      1274   331889    0.633028
1482073991      1392   333281    0.635683
1482073992      1386   334667    0.638327
1482073993      1383   336050    0.640965
1482073994      1271   337321    0.643389
1482073995      1338   338659    0.645941
1482073996      1385   340044    0.648582
1482073997      1385   341429    0.651224
1482073998      1272   342701    0.65365
1482073999      1278   343981    0.656092
1482074000      1393   345374    0.658749
1482074001      1378   346752    0.661377
1482074002      1385   348137    0.664019
1482074003      1271   349408    0.666443
1482074004      1385   350793    0.669085
1482074005      1385   352178    0.671726
1482074006      1386   353564    0.67437
1482074007      1271   354835    0.676794
1482074008      1385   356220    0.679436
1482074009      1386   357606    0.682079
1482074010      1280   358989    0.684717
1482074011      1297   360361    0.687334
1482074012      1391   361752    0.689987
1482074013      1383   363135    0.692625
1482074014      1386   364521    0.695269
1482074015      1273   365794    0.697697
1482074016      1386   367180    0.70034
1482074017      1337   368517    0.70289
1482074018      1387   369904    0.705536
1482074019      1273   371177    0.707964
1482074020      1386   372563    0.710608
1482074021      1386   373949    0.713251
1482074022      1386   375335    0.715895
1482074023      1273   376608    0.718323
1482074024      1287   377895    0.720778
1482074025      1385   379280    0.723419
1482074026      1385   380665    0.726061
1482074027      1386   382051    0.728704
1482074028      1272   383323    0.731131
1482074029      1385   384708    0.733772
1482074030      1386   386094    0.736416
1482074031      1279   387461    0.739023
1482074032      1392   388853    0.741678
1482074033      1385   390238    0.74432
1482074034      1384   391622    0.74696
1482074035      1271   392893    0.749384
1482074036      1283   394193    0.751863
1482074037      1233   395426    0.754215
1482074038      1226   396652    0.756554
1482074039      1254   397906    0.758945
1482074040      1293   399199    0.761412
1482074041      1227   400426    0.763752
1482074043      1146   401697    0.766176
1482074044      1381   403078    0.76881
1482074045      1228   404306    0.771152
1482074046      1227   405533    0.773493
1482074047      1226   406759    0.775831
1482074048      1337   408096    0.778381
1482074049      1183   409279    0.780638
1482074050      1152   410431    0.782835
1482074051      1270   411701    0.785257
1482074052      1384   413085    0.787897
1482074053      1383   414468    0.790535
1482074054      1385   415853    0.793177
1482074055      1271   417124    0.795601
1482074056      1383   418507    0.798239
1482074057      1386   419893    0.800882
1482074058      1385   421278    0.803524
1482074059      1271   422549    0.805948
1482074060      1386   423935    0.808592
1482074061      1385   425320    0.811234
1482074062      1041   426361    0.813219
1482074063      1386   427747    0.815863
1482074064      1276   429097    0.818438
1482074065      1392   430489    0.821093
1482074066      1385   431874    0.823734
1482074067      1384   433258    0.826374
1482074068      1272   434530    0.8288
1482074069      1385   435915    0.831442
1482074070      1385   437300    0.834084
1482074071      1386   438686    0.836727
1482074072      1269   439955    0.839148
1482074073      1385   441340    0.841789
1482074074      1280   442620    0.844231
1482074075      1385   444005    0.846872
1482074076      1385   445390    0.849514
1482074077      1268   446658    0.851933
1482074078      1384   448042    0.854572
1482074079      1385   449427    0.857214
1482074080      1385   450812    0.859856
1482074081      1271   452083    0.86228
1482074082      1384   453467    0.86492
1482074083      1385   454852    0.867561
1482074084      1276   456197    0.870127
1482074085      1392   457589    0.872782
1482074086      1284   458873    0.875231
1482074087      1386   460259    0.877874
1482074088      1386   461645    0.880518
1482074089      1224   462929    0.882967
1482074090      1393   464322    0.885624
1482074091      1385   465707    0.888266
1482074092      1385   467092    0.890907
1482074093      1272   468364    0.893333
1482074094      1385   469749    0.895975
1482074095      1385   471134    0.898617
1482074096      1386   472520    0.90126
1482074097      1270   473790    0.903683
1482074098      1219   475021    0.906031
1482074099      1344   476365    0.908594
1482074100      1382   477747    0.91123
1482074101      1320   479067    0.913748
1482074102      1153   480381    0.916254
1482074103      1345   481726    0.918819
1482074104      1384   483110    0.921459
1482074105      1364   484474    0.924061
1482074106      1135   485741    0.926477
1482074107      1163   486904    0.928696
1482074108      1252   488156    0.931084
1482074109      1385   489541    0.933725
1482074110      1375   490916    0.936348
1482074111      1238   492154    0.938709
1482074112      1228   493382    0.941051
1482074113      1265   494647    0.943464
1482074114      1384   496031    0.946104
1482074115      1386   497417    0.948748
1482074116      1385   498802    0.951389
