1500039937      999   999    0.00857449
1500039938      999   1998    0.017149
1500039939      1000   2998    0.025732
1500039940      999   3997    0.0343065
1500039941      1000   4997    0.0428896
1500039942      934   5977    0.051301
1500039943      1007   6984    0.0599442
1500039944      783   7767    0.0666647
1500039945      814   8581    0.0736513
1500039946      759   9340    0.0801659
1500039947      814   10154    0.0871525
1500039948      830   11087    0.0951605
1500039949      676   11953    0.102593
1500039950      1006   12959    0.111228
1500039951      810   13769    0.11818
1500039952      788   14557    0.124944
1500039953      815   15372    0.131939
1500039954      788   16160    0.138702
1500039955      824   17063    0.146453
1500039957      670   17929    0.153886
1500039958      1007   18936    0.162529
1500039959      775   19711    0.169181
1500039960      782   20493    0.175893
1500039961      781   21274    0.182596
1500039962      808   22082    0.189531
1500039963      813   23039    0.197745
1500039964      645   23905    0.205178
1500039965      1006   24911    0.213813
1500039966      817   25728    0.220825
1500039967      812   26540    0.227795
1500039968      815   27355    0.23479
1500039969      817   28172    0.241802
1500039970      815   29015    0.249038
1500039972      670   29881    0.256471
1500039973      1006   30887    0.265105
1500039974      816   31703    0.272109
1500039975      815   32518    0.279104
1500039976      816   33334    0.286108
1500039977      785   34119    0.292846
1500039978      820   34991    0.30033
1500039979      695   35857    0.307763
1500039980      1007   36864    0.316406
1500039981      785   37649    0.323144
1500039982      788   38437    0.329907
1500039983      786   39223    0.336654
1500039984      789   40012    0.343426
1500039985      809   40967    0.351623
1500039986      638   41833    0.359056
1500039987      1007   42840    0.367699
1500039988      816   43656    0.374702
1500039989      778   44434    0.38138
1500039990      812   45246    0.38835
1500039991      789   46035    0.395122
1500039993      820   46943    0.402915
1500039994      652   47809    0.410348
1500039995      1006   48815    0.418983
1500039996      787   49602    0.425737
1500039997      815   50417    0.432733
1500039998      818   51235    0.439754
1500039999      816   52051    0.446757
1500040000      819   52919    0.454207
1500040001      670   53785    0.46164
1500040002      1007   54792    0.470284
1500040003      809   55601    0.477227
1500040004      814   56415    0.484214
1500040005      816   57231    0.491218
1500040006      786   58017    0.497964
1500040007      793   58895    0.5055
1500040009      729   59761    0.512933
1500040010      1006   60767    0.521567
1500040011      816   61583    0.528571
1500040012      816   62399    0.535575
1500040013      778   63177    0.542253
1500040014      809   63986    0.549196
1500040015      822   64871    0.556792
1500040016      674   65737    0.564225
1500040017      1006   66743    0.57286
1500040018      780   67523    0.579555
1500040019      816   68339    0.586558
1500040020      780   69119    0.593253
1500040021      783   69902    0.599974
1500040022      809   70847    0.608085
1500040023      666   71713    0.615518
1500040024      1007   72720    0.624161
1500040025      807   73527    0.631087
1500040026      811   74338    0.638048
1500040027      813   75151    0.645026
1500040028      811   75962    0.651987
1500040029      814   76823    0.659377
1500040031      669   77689    0.66681
1500040032      1006   78695    0.675445
1500040033      813   79508    0.682423
1500040034      780   80288    0.689117
1500040035      789   81077    0.695889
1500040036      762   81839    0.70243
1500040037      755   82799    0.71067
1500040038      749   83665    0.718102
1500040039      1007   84672    0.726746
1500040040      815   85487    0.733741
1500040041      816   86303    0.740745
1500040042      813   87116    0.747723
1500040043      788   87904    0.754486
1500040044      795   88775    0.761962
1500040046      672   89641    0.769395
1500040047      1006   90647    0.778029
1500040048      809   91456    0.784973
1500040049      816   92272    0.791977
1500040050      816   93088    0.798981
1500040051      813   93901    0.805959
1500040052      813   94751    0.813254
1500040053      654   95617    0.820687
1500040054      1006   96623    0.829322
1500040055      783   97406    0.836042
1500040056      786   98192    0.842789
1500040057      811   99003    0.84975
1500040058      744   99747    0.856135
1500040059      816   100727    0.864547
1500040060      671   101593    0.87198
1500040061      1006   102599    0.880614
1500040062      774   103373    0.887258
1500040063      815   104188    0.894253
1500040064      816   105004    0.901257
1500040065      788   105792    0.90802
1500040066      822   106703    0.915839
1500040068      713   107569    0.923272
1500040069      1006   108575    0.931907
1500040070      816   109391    0.93891
1500040071      774   110165    0.945554
1500040072      815   110980    0.952549
1500040073      781   111761    0.959252
1500040074      821   112679    0.967132
1500040075      653   113545    0.974565
1500040076      1006   114551    0.983199
1500040077      774   115325    0.989842
1500040078      813   116138    0.99682
1500040079      809   116947    1.00376
1500040080      817   117764    1.01078
1500040081      808   118655    1.01842
1500040083      633   119521    1.02586
1500040084      1007   120528    1.0345
1500040085      810   121338    1.04145
1500040086      783   122121    1.04817
1500040087      789   122910    1.05494
1500040088      788   123698    1.06171
1500040089      829   124631    1.06972
1500040090      629   125497    1.07715
1500040091      1006   126503    1.08578
1500040092      775   127278    1.09244
1500040093      812   128090    1.09941
1500040094      779   128869    1.10609
1500040095      812   129681    1.11306
1500040096      829   130607    1.12101
1500040098      661   131473    1.12844
1500040099      1007   132480    1.13708
1500040100      811   133291    1.14405
1500040101      766   134057    1.15062
1500040102      788   134845    1.15738
1500040103      811   135656    1.16434
1500040104      829   136583    1.1723
1500040105      661   137449    1.17973
1500040106      1007   138456    1.18838
1500040107      786   139242    1.19512
1500040108      817   140059    1.20214
1500040109      767   140826    1.20872
1500040110      772   141598    1.21535
1500040111      830   142559    1.22359
1500040112      648   143425    1.23103
1500040113      1007   144432    1.23967
1500040114      775   145207    1.24632
1500040115      810   146017    1.25327
1500040116      814   146831    1.26026
1500040117      816   147647    1.26726
1500040119      824   148535    1.27489
1500040120      622   149401    1.28232
1500040121      1006   150407    1.29095
1500040122      737   151144    1.29728
1500040123      813   151957    1.30426
1500040124      777   152734    1.31093
1500040125      779   153513    1.31761
1500040126      816   154511    1.32618
1500040127      669   155377    1.33361
1500040128      1007   156384    1.34225
1500040129      814   157198    1.34924
1500040130      786   157984    1.35599
1500040131      815   158799    1.36298
1500040132      815   159614    1.36998
1500040134      793   160487    1.37747
1500040135      688   161353    1.3849
1500040136      1007   162360    1.39355
1500040137      803   163163    1.40044
1500040138      812   163975    1.40741
1500040139      814   164789    1.4144
1500040140      766   165555    1.42097
1500040141      806   166463    1.42876
1500040142      651   167329    1.4362
1500040143      1007   168336    1.44484
1500040144      785   169121    1.45158
1500040145      814   169935    1.45856
1500040146      815   170750    1.46556
1500040147      812   171562    1.47253
1500040148      820   172439    1.48006
1500040150      658   173305    1.48749
1500040151      1006   174311    1.49612
1500040152      811   175122    1.50308
1500040153      816   175938    1.51009
1500040154      787   176725    1.51684
1500040155      789   177514    1.52361
1500040156      803   178415    1.53135
1500040157      636   179281    1.53878
1500040158      1007   180288    1.54742
1500040159      809   181097    1.55437
1500040160      815   181912    1.56136
1500040161      812   182724    1.56833
1500040162      816   183540    1.57534
1500040163      796   184391    1.58264
1500040164      669   185257    1.59007
1500040165      1006   186263    1.59871
1500040166      808   187071    1.60564
1500040167      817   187888    1.61266
1500040168      786   188674    1.6194
1500040169      779   189453    1.62609
1500040171      828   190367    1.63393
1500040172      663   191233    1.64137
1500040173      1007   192240    1.65001
1500040174      815   193055    1.657
1500040175      789   193844    1.66378
1500040176      816   194660    1.67078
1500040177      782   195442    1.67749
1500040178      826   196343    1.68523
1500040179      659   197209    1.69266
1500040180      1007   198216    1.7013
1500040181      772   198988    1.70793
1500040182      812   199800    1.7149
1500040183      815   200615    1.72189
1500040184      816   201431    1.7289
1500040185      780   202319    1.73652
1500040187      653   203185    1.74395
1500040188      1006   204191    1.75259
1500040189      783   204974    1.75931
1500040190      815   205789    1.7663
1500040191      816   206605    1.7733
1500040192      814   207419    1.78029
1500040193      820   208295    1.78781
1500040194      715   209161    1.79524
1500040195      1006   210167    1.80388
1500040196      816   210983    1.81088
1500040197      814   211797    1.81787
1500040198      748   212545    1.82429
1500040199      790   213335    1.83107
1500040200      820   214271    1.8391
1500040201      669   215137    1.84654
1500040202      1007   216144    1.85518
1500040203      804   216948    1.86208
1500040204      780   217728    1.86877
1500040205      810   218538    1.87573
1500040206      784   219322    1.88246
1500040208      819   220247    1.8904
1500040209      672   221113    1.89783
1500040210      1007   222120    1.90647
1500040211      805   222925    1.91338
1500040212      779   223704    1.92007
1500040213      798   224502    1.92692
1500040214      811   225313    1.93388
1500040215      826   226223    1.94169
1500040216      670   227089    1.94912
1500040217      1007   228096    1.95776
1500040218      816   228912    1.96477
1500040219      813   229725    1.97175
1500040220      816   230541    1.97875
1500040221      785   231326    1.98549
1500040222      822   232199    1.99298
1500040223      744   233065    2.00041
1500040224      1006   234071    2.00905
1500040225      805   234876    2.01596
1500040226      818   235694    2.02298
1500040227      789   236483    2.02975
1500040228      814   237297    2.03674
1500040230      822   238175    2.04427
1500040231      660   239041    2.05171
1500040232      1006   240047    2.06034
1500040233      811   240858    2.0673
1500040234      807   241665    2.07423
1500040235      816   242481    2.08123
1500040236      810   243291    2.08818
1500040237      817   244151    2.09556
1500040238      662   245017    2.103
1500040239      1006   246023    2.11163
1500040240      801   246824    2.11851
1500040241      746   247570    2.12491
1500040242      817   248387    2.13192
1500040243      768   249155    2.13851
