1489414516      997   997    0.0104589
1489414517      1000   1997    0.0209494
1489414518      999   2997    0.0314398
1489414519      963   3961    0.0415525
1489414520      789   4750    0.0498295
1489414521      776   5526    0.05797
1489414522      560   6101    0.064002
1489414523      752   6853    0.0718908
1489414524      769   7622    0.079958
1489414525      354   7976    0.0836716
1489414526      796   8772    0.0920219
1489414527      752   9524    0.0999107
1489414528      515   10061    0.105544
1489414529      746   10807    0.11337
1489414530      700   11507    0.120713
1489414531      618   12125    0.127196
1489414532      800   12925    0.135589
1489414533      593   13518    0.141809
1489414534      801   14319    0.150212
1489414535      655   15091    0.158311
1489414536      673   15841    0.166179
1489414537      802   16643    0.174592
1489414538      802   17445    0.183005
1489414539      600   18045    0.1893
1489414540      798   18843    0.197671
1489414541      633   19586    0.205465
1489414542      671   20336    0.213333
1489414543      806   21142    0.221788
1489414544      798   21940    0.23016
1489414545      589   22529    0.236339
1489414546      797   23326    0.244699
1489414547      646   23972    0.251476
1489414548      805   24777    0.259921
1489414549      586   25366    0.2661
1489414550      808   26174    0.274576
1489414551      557   26731    0.280419
1489414552      654   27506    0.288549
1489414554      674   28256    0.296417
1489414555      801   29057    0.30482
1489414556      796   29853    0.31317
1489414557      594   30447    0.319402
1489414558      783   31230    0.327616
1489414559      626   31856    0.334183
1489414560      796   32652    0.342533
1489414561      593   33286    0.349184
1489414562      804   34090    0.357618
1489414563      788   34878    0.365885
1489414564      584   35462    0.372011
1489414565      647   36176    0.379501
1489414566      789   36965    0.387778
1489414567      791   37756    0.396076
1489414568      580   38336    0.402161
1489414569      795   39131    0.410501
1489414570      641   39772    0.417225
1489414571      795   40567    0.425565
1489414572      608   41206    0.432268
1489414573      804   42010    0.440702
1489414574      797   42807    0.449063
1489414575      590   43397    0.455253
1489414576      653   44096    0.462585
1489414577      802   44898    0.470999
1489414578      782   45680    0.479202
1489414579      589   46269    0.485381
1489414580      783   47052    0.493595
1489414581      621   47673    0.50011
1489414582      796   48469    0.50846
1489414583      603   49126    0.515352
1489414584      793   49919    0.523671
1489414585      787   50706    0.531927
1489414586      580   51286    0.538012
1489414587      653   52016    0.54567
1489414588      796   52812    0.55402
1489414589      781   53593    0.562213
1489414590      586   54179    0.56836
1489414591      773   54952    0.576469
1489414592      557   55509    0.582313
1489414593      795   56304    0.590652
1489414594      627   57046    0.598436
1489414595      779   57825    0.606608
1489414596      728   58553    0.614245
1489414597      607   59186    0.620886
1489414598      666   59936    0.628754
1489414599      779   60715    0.636926
1489414600      762   61477    0.644919
1489414601      592   62076    0.651203
1489414602      812   62888    0.659721
1489414603      643   63531    0.666467
1489414604      806   64337    0.674922
1489414605      606   64966    0.68152
1489414606      808   65774    0.689997
1489414608      646   66571    0.698358
1489414609      671   67321    0.706225
1489414610      814   68135    0.714765
1489414611      662   68926    0.723063
1489414612      813   69739    0.731591
1489414613      787   70526    0.739847
1489414614      472   71066    0.745512
1489414615      677   71816    0.75338
1489414616      815   72631    0.76193
1489414617      655   73421    0.770217
1489414618      812   74233    0.778735
1489414620      661   75026    0.787054
1489414621      680   75776    0.794922
1489414622      806   76582    0.803377
1489414623      780   77362    0.81156
1489414624      609   77971    0.817948
1489414625      799   78770    0.82633
1489414626      630   79400    0.832939
1489414627      722   80122    0.840513
1489414628      625   80806    0.847689
1489414629      786   81592    0.855934
1489414630      801   82393    0.864337
1489414631      594   82987    0.870568
1489414632      663   83696    0.878006
1489414633      781   84477    0.886199
1489414634      802   85279    0.894612
1489414635      572   85851    0.900613
1489414636      792   86643    0.908921
1489414637      638   87281    0.915614
1489414638      803   88084    0.924038
1489414639      601   88726    0.930773
1489414640      806   89532    0.939228
1489414641      787   90319    0.947484
1489414642      596   90915    0.953736
1489414643      661   91616    0.96109
1489414644      797   92413    0.969451
1489414645      801   93214    0.977854
1489414646      327   93541    0.981284
1489414647      639   94291    0.989152
1489414648      619   95041    0.99702
1489414649      804   95845    1.00545
1489414650      787   96632    1.01371
1489414651      603   97235    1.02004
1489414652      797   98032    1.0284
1489414654      646   98786    1.03631
1489414655      673   99536    1.04417
1489414656      805   100341    1.05262
1489414657      798   101139    1.06099
1489414658      572   101711    1.06699
1489414659      793   102504    1.07531
1489414660      631   103135    1.08193
1489414661      788   103923    1.0902
1489414662      601   104566    1.09694
1489414663      787   105353    1.1052
1489414664      799   106152    1.11358
1489414665      572   106724    1.11958
1489414666      657   107456    1.12726
1489414667      802   108258    1.13567
1489414668      796   109054    1.14402
1489414669      573   109627    1.15003
1489414670      795   110422    1.15837
1489414671      610   111032    1.16477
1489414672      782   111814    1.17298
1489414673      614   112486    1.18003
1489414674      797   113283    1.18839
1489414675      778   114061    1.19655
1489414676      573   114634    1.20256
1489414677      638   115376    1.21034
1489414678      794   116170    1.21867
1489414679      795   116965    1.22701
1489414680      576   117541    1.23305
1489414681      787   118328    1.24131
1489414682      634   118962    1.24796
1489414683      790   119752    1.25625
1489414684      610   120406    1.26311
1489414685      790   121196    1.2714
1489414686      782   121978    1.2796
1489414687      518   122546    1.28556
1489414688      669   123296    1.29343
1489414689      800   124096    1.30182
1489414690      791   124887    1.31012
1489414691      589   125476    1.3163
1489414692      794   126270    1.32463
1489414693      621   126892    1.33115
1489414694      780   127672    1.33933
1489414695      620   128326    1.34619
1489414696      804   129130    1.35463
1489414697      752   129882    1.36252
1489414698      554   130466    1.36864
1489414700      675   131216    1.37651
1489414701      809   132025    1.385
1489414702      665   132821    1.39335
1489414703      784   133605    1.40157
1489414704      718   134323    1.4091
1489414705      635   134958    1.41577
1489414706      651   135711    1.42367
1489414707      802   136513    1.43208
1489414708      666   137316    1.4405
1489414709      808   138124    1.44898
1489414710      624   138748    1.45552
1489414711      780   139528    1.46371
1489414713      400   140206    1.47082
1489414714      816   141022    1.47938
1489414715      718   141740    1.48691
1489414716      612   142352    1.49333
1489414717      657   143096    1.50114
1489414718      772   143868    1.50924
1489414719      804   144672    1.51767
1489414720      599   145271    1.52395
1489414721      764   146035    1.53197
1489414722      640   146675    1.53868
1489414723      796   147471    1.54703
1489414724      615   148126    1.5539
1489414725      773   148899    1.56201
1489414726      792   149691    1.57032
1489414727      606   150297    1.57668
1489414728      670   151016    1.58422
1489414729      784   151800    1.59245
1489414730      802   152602    1.60086
1489414731      603   153205    1.60718
1489414732      796   154001    1.61553
1489414733      647   154648    1.62232
1489414734      805   155453    1.63077
1489414735      590   156046    1.63699
1489414736      799   156845    1.64537
1489414737      798   157643    1.65374
1489414738      589   158232    1.65992
1489414739      652   158936    1.6673
1489414740      800   159736    1.6757
1489414741      796   160532    1.68405
1489414742      582   161114    1.69015
1489414743      790   161904    1.69844
1489414744      414   162361    1.70323
1489414745      453   162896    1.70885
1489414746      806   163702    1.7173
1489414747      777   164479    1.72545
1489414748      599   165078    1.73174
1489414749      797   165875    1.7401
1489414750      637   166512    1.74678
1489414751      800   167312    1.75517
1489414753      601   167926    1.76161
1489414754      804   168730    1.77005
1489414755      795   169525    1.77839
1489414756      603   170128    1.78471
1489414757      654   170816    1.79193
1489414758      811   171627    1.80044
1489414759      790   172417    1.80873
1489414760      582   172999    1.81483
1489414761      798   173797    1.8232
1489414762      634   174431    1.82985
1489414763      802   175233    1.83827
1489414764      591   175846    1.8447
1489414765      803   176649    1.85312
1489414766      776   177425    1.86126
1489414767      515   177986    1.86715
1489414768      650   178736    1.87502
1489414769      804   179540    1.88345
1489414770      664   180341    1.89185
1489414771      811   181152    1.90036
1489414772      658   181946    1.90869
1489414773      674   182696    1.91656
1489414774      803   183499    1.92498
1489414775      798   184297    1.93335
1489414776      545   184842    1.93907
1489414777      802   185644    1.94748
1489414778      632   186276    1.95411
1489414779      786   187062    1.96236
1489414780      622   187726    1.96932
1489414781      792   188518    1.97763
1489414782      793   189311    1.98595
1489414783      528   189866    1.99177
1489414785      676   190616    1.99964
1489414786      806   191422    2.0081
1489414787      181   191686    2.01087
1489414788      804   192490    2.0193
1489414789      783   193273    2.02751
1489414790      549   193826    2.03332
1489414791      668   194576    2.04118
1489414792      810   195386    2.04968
1489414793      662   196181    2.05802
1489414794      811   196992    2.06653
1489414795      790   197782    2.07482
1489414796      594   198376    2.08105
1489414797      635   199071    2.08834
1489414798      807   199878    2.0968
1489414799      795   200673    2.10514
1489414800      526   201211    2.11079
1489414802      673   201961    2.11866
1489414803      798   202759    2.12703
1489414804      797   203556    2.13539
1489414805      599   204155    2.14167
1489414806      805   204960    2.15012
1489414807      639   205706    2.15794
1489414808      663   206456    2.16581
1489414809      732   207188    2.17349
1489414810      783   207971    2.1817
1489414811      592   208596    2.18826
1489414812      806   209402    2.19671
1489414813      634   210036    2.20337
1489414814      793   210829    2.21168
1489414815      613   211486    2.21858
1489414816      802   212288    2.22699
1489414817      776   213064    2.23513
1489414818      543   213607    2.24083
1489414819      620   214227    2.24733
1489414820      619   214911    2.25451
1489414821      775   215686    2.26264
1489414822      711   216397    2.27009
1489414823      593   217051    2.27696
1489414824      666   217801    2.28482
1489414825      803   218604    2.29325
1489414826      790   219394    2.30153
1489414827      573   219967    2.30755
1489414828      790   220757    2.31583
1489414829      782   221539    2.32404
1489414830      618   222157    2.33052
1489414831      617   222831    2.33759
1489414832      786   223617    2.34584
1489414833      792   224409    2.35414
1489414834      561   224971    2.36004
1489414836      665   225721    2.36791
1489414837      798   226519    2.37628
1489414838      787   227306    2.38453
1489414839      573   227879    2.39055
1489414840      797   228676    2.39891
1489414841      765   229441    2.40693
1489414842      609   230050    2.41332
1489414843      625   230751    2.42067
1489414844      793   231544    2.42899
1489414845      786   232330    2.43724
1489414846      563   232893    2.44314
1489414847      663   233641    2.45099
1489414848      801   234442    2.45939
1489414849      799   235241    2.46778
1489414850      4   235246    2.46783
1489414851      813   236059    2.47636
1489414852      654   236851    2.48467
1489414853      667   237601    2.49253
1489414854      803   238404    2.50096
1489414855      664   239206    2.50937
1489414856      806   240012    2.51783
1489414858      666   240811    2.52621
1489414859      680   241561    2.53408
1489414860      813   242374    2.5426
1489414861      664   243166    2.55091
1489414862      815   243981    2.55946
1489414863      662   244771    2.56775
1489414864      675   245521    2.57562
1489414865      812   246333    2.58414
1489414867      651   247126    2.59245
1489414868      801   247927    2.60086
1489414869      665   248731    2.60929
1489414870      679   249481    2.61716
