1485530953      1404   1405    0.0107193
1485530954      1350   2755    0.021019
1485530955      1379   4134    0.0315399
1485530956      1410   5544    0.0422974
1485530957      988   6711    0.0512009
1485530958      1210   7921    0.0604324
1485530959      914   8856    0.0675659
1485530960      1156   10012    0.0763855
1485530961      981   10993    0.0838699
1485530962      916   11991    0.0914841
1485530963      1208   13199    0.1007
1485530964      899   14136    0.107849
1485530965      1208   15344    0.117065
1485530966      961   16305    0.124397
1485530967      915   17271    0.131767
1485530968      1211   18482    0.141006
1485530969      905   19416    0.148132
1485530970      1169   20585    0.157051
1485530971      973   21558    0.164474
1485530972      921   22551    0.17205
1485530973      1204   23755    0.181236
1485530974      885   24696    0.188416
1485530975      1199   25895    0.197563
1485530976      971   26866    0.204971
1485530977      911   27831    0.212334
1485530978      1032   28863    0.220207
1485530979      992   29855    0.227776
1485530980      726   30691    0.234154
1485530981      975   31681    0.241707
1485530982      1210   32891    0.250938
1485530984      897   33826    0.258072
1485530985      1189   35015    0.267143
1485530986      896   35971    0.274437
1485530987      973   36961    0.28199
1485530988      1206   38167    0.291191
1485530989      909   39106    0.298355
1485530990      1200   40306    0.30751
1485530991      905   41251    0.31472
1485530992      968   42241    0.322273
1485530993      898   43139    0.329124
1485530994      1184   44323    0.338158
1485530995      901   45224    0.345032
1485530996      1193   46417    0.354134
1485530997      883   47300    0.36087
1485530998      964   48264    0.368225
1485530999      1192   49456    0.377319
1485531000      894   50381    0.384377
1485531001      1210   51591    0.393608
1485531002      903   52526    0.400742
1485531003      977   53516    0.408295
1485531004      1191   54707    0.417381
1485531005      910   55661    0.42466
1485531006      1095   56756    0.433014
1485531007      928   57806    0.441025
1485531008      942   58796    0.448578
1485531009      1204   60000    0.457764
1485531010      910   60941    0.464943
1485531011      1200   62141    0.474098
1485531012      905   63086    0.481308
1485531013      977   64076    0.488861
1485531014      1206   65282    0.498062
1485531015      889   66221    0.505226
1485531016      1198   67419    0.514366
1485531017      912   68366    0.521591
1485531018      970   69356    0.529144
1485531019      1195   70551    0.538261
1485531020      902   71501    0.545509
1485531021      1093   72594    0.553848
1485531022      940   73646    0.561874
1485531023      970   74636    0.569427
1485531024      931   75567    0.57653
1485531025      1191   76758    0.585617
1485531026      878   77636    0.592316
1485531027      1195   78831    0.601433
1485531028      952   79783    0.608696
1485531029      889   80672    0.615479
1485531030      1188   81860    0.624542
1485531031      879   82776    0.631531
1485531032      1196   83972    0.640656
1485531033      953   84925    0.647926
1485531035      931   85911    0.655449
1485531036      1210   87121    0.66468
1485531037      898   88056    0.671814
1485531038      1197   89253    0.680946
1485531039      948   90201    0.688179
1485531040      918   91191    0.695732
1485531041      1204   92395    0.704918
1485531042      913   93336    0.712097
1485531043      1204   94540    0.721283
1485531044      975   95515    0.728722
1485531045      914   96471    0.736015
1485531046      1195   97666    0.745132
1485531047      914   98616    0.75238
1485531048      1199   99815    0.761528
1485531049      958   100773    0.768837
1485531050      914   101751    0.776299
1485531051      1196   102947    0.785423
1485531052      907   103896    0.792664
1485531053      1184   105080    0.801697
1485531054      954   106034    0.808975
1485531055      861   107031    0.816582
1485531056      1135   108166    0.825241
1485531057      921   109176    0.832947
1485531058      946   110122    0.840164
1485531059      675   110881    0.845955
1485531060      1212   112093    0.855202
1485531062      729   113026    0.86232
1485531063      1207   114233    0.871529
1485531064      886   115171    0.878685
1485531065      972   116161    0.886238
1485531066      1190   117351    0.895317
1485531067      902   118306    0.902603
1485531068      1204   119510    0.911789
1485531069      896   120451    0.918968
1485531070      976   121441    0.926521
1485531071      1199   122640    0.935669
1485531072      898   123586    0.942886
1485531073      1176   124762    0.951859
1485531074      907   125731    0.959251
1485531075      973   126721    0.966805
1485531076      1184   127905    0.975838
1485531077      908   128866    0.98317
1485531078      1203   130069    0.992348
1485531079      908   131011    0.999535
1485531080      965   132001    1.00709
1485531081      1197   133198    1.01622
1485531082      903   134146    1.02345
1485531083      1202   135348    1.03262
1485531084      897   136291    1.03982
1485531085      970   137281    1.04737
1485531086      577   137996    1.05283
1485531087      1199   139196    1.06198
1485531088      903   140141    1.06919
1485531089      1188   141329    1.07825
1485531090      908   142286    1.08556
1485531091      978   143276    1.09311
1485531092      1203   144479    1.10229
1485531093      901   145421    1.10947
1485531094      1199   146620    1.11862
1485531096      888   147566    1.12584
1485531097      975   148556    1.13339
1485531098      1203   149759    1.14257
1485531099      907   150701    1.14976
1485531100      1193   151894    1.15886
1485531101      812   152846    1.16612
1485531102      963   153836    1.17368
1485531103      1175   155011    1.18264
1485531104      829   155981    1.19004
1485531105      1193   157174    1.19914
1485531106      816   158126    1.20641
1485531107      967   159116    1.21396
1485531108      1189   160305    1.22303
1485531109      907   161261    1.23032
1485531110      1205   162466    1.23952
1485531111      876   163406    1.24669
1485531112      977   164396    1.25424
1485531113      1204   165600    1.26343
1485531114      890   166541    1.27061
1485531115      1187   167728    1.27966
1485531116      895   168686    1.28697
1485531117      968   169676    1.29453
1485531118      1178   170854    1.30351
1485531120      901   171821    1.31089
1485531121      1162   172983    1.31976
1485531122      905   173966    1.32726
1485531123      577   174543    1.33166
1485531124      941   175671    1.34026
1485531125      1173   176844    1.34921
1485531126      915   177816    1.35663
1485531127      1203   179019    1.36581
1485531128      956   179975    1.3731
1485531129      912   180951    1.38055
1485531130      1203   182154    1.38972
1485531131      912   183096    1.39691
1485531132      1194   184290    1.40602
1485531133      953   185243    1.41329
1485531134      858   186231    1.42083
1485531135      1198   187429    1.42997
1485531136      902   188376    1.43719
1485531137      1192   189568    1.44629
1485531138      916   190484    1.45328
1485531139      941   191511    1.46111
1485531140      1203   192714    1.47029
1485531141      906   193656    1.47748
1485531142      1196   194852    1.4866
1485531143      944   195796    1.4938
1485531144      925   196791    1.5014
1485531145      1188   197979    1.51046
1485531146      913   198936    1.51776
1485531147      1209   200145    1.52699
1485531148      959   201104    1.5343
1485531149      924   202071    1.54168
1485531150      1193   203264    1.55078
1485531152      899   204216    1.55804
1485531153      1197   205413    1.56718
1485531154      951   206364    1.57443
1485531155      918   207351    1.58196
1485531156      1177   208528    1.59094
1485531157      905   209496    1.59833
1485531158      1191   210687    1.60741
1485531159      961   211648    1.61475
1485531160      907   212631    1.62225
1485531161      1191   213822    1.63133
1485531162      908   214776    1.63861
1485531163      1203   215979    1.64779
1485531164      952   216931    1.65505
1485531165      915   217911    1.66253
1485531166      1202   219113    1.6717
1485531167      893   220056    1.67889
1485531168      1190   221246    1.68797
1485531169      960   222206    1.6953
1485531170      925   223191    1.70281
1485531171      1202   224393    1.71198
1485531172      904   225336    1.71918
1485531173      1193   226529    1.72828
1485531174      948   227477    1.73551
1485531175      928   228471    1.7431
1485531176      1202   229673    1.75227
1485531177      916   230616    1.75946
1485531178      1186   231802    1.76851
1485531179      964   232766    1.77586
1485531180      805   233751    1.78338
1485531181      1204   234955    1.79256
1485531183      775   235896    1.79974
1485531184      1210   237106    1.80898
1485531185      494   237601    1.81275
1485531186      1185   238786    1.82179
1485531187      898   239746    1.82912
1485531188      1208   240954    1.83833
1485531189      899   241891    1.84548
1485531190      970   242881    1.85303
1485531191      1202   244083    1.86221
1485531192      914   245026    1.8694
1485531193      1202   246228    1.87857
1485531194      907   247171    1.88577
1485531195      969   248161    1.89332
1485531196      1212   249373    1.90257
1485531197      899   250306    1.90968
1485531198      1134   251440    1.91833
1485531199      925   252451    1.92605
1485531200      969   253441    1.9336
1485531201      1201   254642    1.94276
1485531202      913   255586    1.94997
1485531203      1187   256773    1.95902
1485531204      916   257731    1.96633
1485531205      967   258721    1.97388
1485531206      1202   259923    1.98306
1485531207      887   260866    1.99025
1485531208      1201   262067    1.99941
1485531209      896   263011    2.00661
1485531210      974   264001    2.01417
1485531211      1205   265206    2.02336
1485531212      894   266146    2.03053
1485531213      1209   267355    2.03976
1485531214      900   268291    2.0469
1485531215      954   269281    2.05445
1485531216      1200   270481    2.06361
1485531217      897   271426    2.07082
1485531218      1199   272626    2.07997
1485531219      905   273571    2.08718
1485531220      974   274561    2.09473
1485531221      1200   275761    2.10389
1485531222      912   276706    2.1111
1485531223      1189   277895    2.12017
1485531224      906   278851    2.12746
1485531226      681   279841    2.13502
1485531227      1202   281043    2.14419
1485531228      865   281986    2.15138
1485531229      1042   283028    2.15933
1485531230      1029   284057    2.16718
1485531231      892   284949    2.17399
1485531232      858   285836    2.18076
1485531233      1137   286973    2.18943
1485531234      899   287981    2.19712
1485531235      1205   289186    2.20631
1485531236      917   290126    2.21349
1485531237      980   291116    2.22104
1485531238      1200   292316    2.23019
1485531239      848   293261    2.2374
1485531240      1199   294460    2.24655
1485531241      910   295406    2.25377
1485531242      907   296396    2.26132
1485531243      1207   297603    2.27053
1485531245      883   298541    2.27769
1485531246      1092   299633    2.28602
1485531247      880   300686    2.29405
1485531248      969   301676    2.30161
1485531249      1061   302737    2.3097
1485531250      847   303821    2.31797
1485531251      1195   305016    2.32709
1485531252      939   305955    2.33425
1485531253      933   306888    2.34137
1485531254      857   307745    2.34791
1485531255      1199   308944    2.35706
1485531256      850   309816    2.36371
1485531257      1194   311010    2.37282
1485531258      964   311974    2.38017
1485531259      921   312951    2.38763
1485531260      1210   314161    2.39686
1485531261      914   315096    2.40399
1485531262      1115   316211    2.4125
1485531263      973   317184    2.41992
1485531264      893   318231    2.42791
1485531265      1175   319406    2.43687
1485531266      845   320376    2.44427
1485531267      1080   321456    2.45251
1485531268      971   322427    2.45992
1485531270      908   323511    2.46819
1485531271      1200   324711    2.47735
1485531272      813   325656    2.48456
1485531273      1151   326807    2.49334
1485531274      958   327765    2.50065
1485531275      935   328791    2.50848
1485531276      1202   329993    2.51765
1485531277      857   330936    2.52484
1485531278      1184   332120    2.53387
1485531279      845   332965    2.54032
1485531280      962   334071    2.54876
1485531281      1203   335274    2.55794
1485531282      903   336216    2.56512
1485531283      1162   337378    2.57399
1485531284      959   338337    2.58131
1485531285      923   339351    2.58904
1485531286      1197   340548    2.59818
1485531287      877   341496    2.60541
1485531288      1214   342710    2.61467
1485531289      970   343680    2.62207
1485531291      837   344631    2.62933
1485531292      1215   345846    2.6386
1485531293      813   346776    2.64569
1485531294      1213   347989    2.65495
1485531295      960   348949    2.66227
1485531296      927   349911    2.66961
1485531297      1206   351117    2.67881
1485531298      911   352056    2.68597
1485531299      1212   353268    2.69522
1485531300      947   354215    2.70245
1485531301      929   355191    2.70989
1485531302      1217   356408    2.71918
1485531303      909   357336    2.72626
1485531304      1162   358498    2.73512
1485531305      839   359337    2.74152
1485531306      1086   360423    2.74981
1485531307      666   361186    2.75563
1485531308      1206   362392    2.76483
1485531309      863   363331    2.772
1485531310      954   364285    2.77927
1485531311      775   365060    2.78519
1485531312      1001   366061    2.79282
1485531313      778   367181    2.80137
1485531314      1196   368377    2.81049
1485531315      907   369326    2.81773
1485531317      975   370316    2.82529
1485531318      1212   371528    2.83453
1485531319      890   372461    2.84165
1485531320      1194   373655    2.85076
1485531321      910   374606    2.85802
1485531322      968   375596    2.86557
1485531323      1186   376782    2.87462
1485531324      905   377741    2.88194
1485531325      1208   378949    2.89115
1485531326      914   379886    2.8983
1485531327      903   380876    2.90585
1485531328      1196   382072    2.91498
1485531329      918   383021    2.92222
1485531330      1085   384106    2.9305
1485531331      959   385166    2.93858
1485531332      982   386156    2.94614
1485531333      1170   387326    2.95506
1485531334      912   388301    2.9625
1485531335      1125   389426    2.97108
1485531336      913   390446    2.97887
1485531337      981   391436    2.98642
1485531338      1080   392516    2.99466
1485531339      914   393581    3.00278
1485531340      1189   394770    3.01186
1485531341      903   395726    3.01915
1485531342      900   396716    3.0267
1485531343      1211   397927    3.03594
1485531345      891   398861    3.04307
1485531346      778   399639    3.049
1485531347      1200   400839    3.05816
1485531348      920   401759    3.06518
1485531349      893   402711    3.07244
1485531350      932   403643    3.07955
1485531351      1206   404849    3.08875
1485531352      687   405571    3.09426
1485531353      900   406561    3.10181
1485531354      1077   407638    3.11003
1485531355      921   408706    3.11818
1485531356      1199   409905    3.12733
1485531357      898   410851    3.13454
1485531358      950   411841    3.1421
1485531359      1181   413022    3.15111
1485531360      919   413986    3.15846
1485531361      1100   415086    3.16685
1485531362      920   416131    3.17483
1485531363      908   417121    3.18238
1485531364      1151   418272    3.19116
1485531365      876   419266    3.19875
1485531366      1189   420455    3.20782
1485531367      869   421411    3.21511
1485531369      968   422401    3.22266
1485531370      1073   423474    3.23085
1485531371      873   424546    3.23903
1485531372      1205   425751    3.24822
1485531373      906   426691    3.25539
1485531374      971   427681    3.26295
1485531375      1126   428807    3.27154
1485531376      326   429133    3.27402
1485531377      1151   430284    3.28281
1485531378      927   431256    3.29022
1485531379      1214   432470    3.29948
1485531380      969   433439    3.30688
1485531381      890   434391    3.31414
1485531382      1119   435510    3.32268
1485531383      944   436536    3.33051
1485531384      1079   437615    3.33874
1485531385      959   438574    3.34605
1485531386      962   439671    3.35442
1485531387      1205   440876    3.36362
1485531388      919   441816    3.37079
1485531389      1196   443012    3.37991
1485531390      892   443904    3.38672
1485531391      906   444951    3.39471
1485531392      1115   446066    3.40321
1485531393      866   447096    3.41107
1485531394      1127   448223    3.41967
1485531395      909   449132    3.42661
1485531397      904   450231    3.43499
1485531398      1176   451407    3.44396
1485531399      913   452376    3.45135
1485531400      1216   453592    3.46063
1485531401      943   454535    3.46783
1485531402      917   455511    3.47527
1485531403      1198   456709    3.48441
1485531404      824   457656    3.49164
1485531405      1072   458728    3.49982
1485531406      968   459696    3.5072
1485531407      1021   460717    3.51499
1485531408      789   461506    3.52101
1485531409      1103   462609    3.52943
1485531410      942   463651    3.53738
1485531411      889   464641    3.54493
1485531412      1076   465717    3.55314
1485531413      949   466786    3.56129
1485531414      1164   467950    3.57018
1485531415      916   468931    3.57766
1485531416      980   469921    3.58521
1485531417      1207   471128    3.59442
1485531418      901   472066    3.60158
1485531419      1207   473273    3.61079
1485531421      854   474211    3.61794
1485531422      976   475201    3.6255
1485531423      1113   476314    3.63399
1485531424      916   477346    3.64186
1485531425      1079   478425    3.65009
1485531426      930   479491    3.65823
1485531427      923   480481    3.66578
1485531428      1157   481638    3.67461
1485531429      856   482626    3.68214
1485531430      1188   483814    3.69121
1485531431      747   484771    3.69851
1485531432      977   485761    3.70606
1485531433      1045   486806    3.71404
1485531434      1094   487900    3.72238
1485531435      639   488621    3.72788
1485531436      1209   489830    3.73711
1485531437      836   490666    3.74348
1485531438      974   491640    3.75092
1485531439      861   492501    3.75748
1485531440      1145   493646    3.76622
1485531442      925   494616    3.77362
1485531443      1208   495824    3.78284
1485531444      879   496703    3.78954
1485531445      890   497751    3.79754
1485531446      1093   498844    3.80588
1485531447      893   499896    3.8139
