1483692497      1432   1432    0.00273132
1483692498      1500   2932    0.00559235
1483692499      1471   4403    0.00839806
1483692500      1499   5902    0.0112572
1483692501      1500   7402    0.0141182
1483692502      1499   8901    0.0169773
1483692503      1499   10400    0.0198364
1483692504      1500   11901    0.0226994
1483692505      1500   13401    0.0255604
1483692506      1019   14658    0.0279579
1483692507      1042   15730    0.0300026
1483692508      1150   16880    0.032196
1483692509      1349   18229    0.0347691
1483692510      1322   19551    0.0372906
1483692511      1325   20876    0.0398178
1483692512      1173   22162    0.0422707
1483692513      1360   23522    0.0448647
1483692514      1300   24822    0.0473442
1483692515      1351   26173    0.049921
1483692516      1017   27190    0.0518608
1483692517      1322   28512    0.0543823
1483692518      1314   29826    0.0568886
1483692519      1332   31158    0.0594292
1483692520      1346   32504    0.0619965
1483692521      1183   33687    0.0642529
1483692522      1348   35035    0.066824
1483692523      1337   36372    0.0693741
1483692524      1344   37716    0.0719376
1483692525      1194   38963    0.074316
1483692526      1350   40313    0.0768909
1483692527      1204   41517    0.0791874
1483692528      1344   42861    0.0817509
1483692529      1187   44048    0.0840149
1483692530      1340   45388    0.0865707
1483692531      1345   46733    0.0891361
1483692532      1353   48086    0.0917168
1483692533      1193   49332    0.0940933
1483692534      1340   50672    0.0966492
1483692535      1322   51994    0.0991707
1483692536      1327   53321    0.101702
1483692537      1052   54373    0.103708
1483692538      1346   55719    0.106276
1483692539      1351   57070    0.108852
1483692540      1356   58426    0.111439
1483692542      1209   59701    0.113871
1483692543      1357   61058    0.116459
1483692544      1353   62411    0.11904
1483692545      1346   63757    0.121607
1483692546      1213   65061    0.124094
1483692547      1357   66418    0.126682
1483692548      1356   67774    0.129269
1483692549      1206   68980    0.131569
1483692550      1191   70171    0.133841
1483692551      1326   71497    0.13637
1483692552      1347   72844    0.138939
1483692553      1350   74194    0.141514
1483692554      1196   75430    0.143871
1483692555      1349   76779    0.146444
1483692556      1358   78137    0.149035
1483692557      1355   79492    0.151619
1483692558      1214   80790    0.154095
1483692559      1211   82001    0.156404
1483692560      1260   83261    0.158808
1483692561      1208   84469    0.161112
1483692562      1187   85656    0.163376
1483692563      1192   86848    0.165649
1483692564      1147   87995    0.167837
1483692565      1224   89219    0.170172
1483692566      1187   90406    0.172436
1483692567      1352   91758    0.175014
1483692568      1340   93098    0.17757
1483692569      1207   94375    0.180006
1483692570      1210   95585    0.182314
1483692571      1317   96902    0.184826
1483692572      1345   98247    0.187391
1483692573      1199   99446    0.189678
1483692574      1354   100800    0.192261
1483692575      1343   102143    0.194822
1483692576      1354   103497    0.197405
1483692577      1203   104744    0.199783
1483692578      1353   106097    0.202364
1483692579      1352   107449    0.204943
1483692580      1101   108681    0.207293
1483692581      1360   110041    0.209887
1483692582      1347   111388    0.212456
1483692583      1351   112739    0.215033
1483692584      1213   114041    0.217516
1483692585      1361   115402    0.220112
1483692586      1346   116748    0.222679
1483692587      1357   118105    0.225267
1483692588      1213   119401    0.227739
1483692589      1350   120751    0.230314
1483692590      1348   122099    0.232885
1483692591      1204   123303    0.235182
1483692592      1200   124503    0.237471
1483692593      1358   125861    0.240061
1483692594      1352   127213    0.24264
1483692595      1349   128562    0.245213
1483692596      1198   129770    0.247517
1483692597      1364   131134    0.250118
1483692598      1346   132480    0.252686
1483692599      1354   133834    0.255268
1483692600      1209   135130    0.25774
1483692601      1209   136339    0.260046
1483692602      1354   137693    0.262629
1483692603      1339   139032    0.265182
1483692604      1200   140232    0.267471
1483692605      1352   141584    0.27005
1483692606      1346   142930    0.272617
1483692607      1354   144284    0.2752
1483692608      1196   145499    0.277517
1483692609      1352   146851    0.280096
1483692610      1351   148202    0.282673
1483692611      1096   149436    0.285027
1483692612      1357   150793    0.287615
1483692613      1355   152148    0.290199
1483692614      1345   153493    0.292765
1483692615      1212   154796    0.29525
1483692616      1356   156152    0.297836
1483692617      1350   157502    0.300411
1483692618      946   158448    0.302216
1483692619      1355   159803    0.3048
1483692620      1352   161155    0.307379
1483692622      967   162300    0.309563
1483692623      1006   163306    0.311481
1483692624      1204   164510    0.313778
1483692625      1209   165719    0.316084
1483692626      1214   166933    0.318399
1483692627      1160   168093    0.320612
1483692628      1230   169323    0.322958
1483692629      1139   170525    0.325251
1483692630      1362   171887    0.327848
1483692631      1353   173240    0.330429
1483692632      1349   174589    0.333002
1483692633      1186   175885    0.335474
1483692634      1210   177095    0.337782
1483692635      1354   178449    0.340364
1483692636      1347   179796    0.342934
1483692637      1198   180994    0.345219
1483692638      1354   182348    0.347801
1483692639      1356   183704    0.350388
1483692640      1348   185052    0.352959
1483692641      1201   186254    0.355251
1483692642      1357   187611    0.35784
1483692643      1356   188967    0.360426
1483692644      1094   190191    0.362761
1483692645      1361   191552    0.365356
1483692646      1346   192898    0.367924
1483692647      1345   194243    0.370489
1483692648      1208   195551    0.372984
1483692649      1354   196905    0.375566
1483692650      1337   198242    0.378117
1483692651      1348   199590    0.380688
1483692652      1226   200911    0.383207
1483692653      1353   202264    0.385788
1483692654      1355   203619    0.388372
1483692655      1180   204799    0.390623
1483692656      1181   205980    0.392876
1483692657      1358   207338    0.395466
1483692658      1323   208661    0.397989
1483692659      1350   210011    0.400564
1483692660      1201   211280    0.402985
1483692661      1346   212626    0.405552
1483692662      1343   213969    0.408113
1483692663      1318   215287    0.410627
1483692664      1351   216638    0.413204
1483692665      1024   217662    0.415157
1483692666      1340   219002    0.417713
1483692667      1344   220346    0.420277
1483692668      1208   221649    0.422762
1483692669      1351   223000    0.425339
1483692670      1354   224354    0.427921
1483692671      1348   225702    0.430492
1483692672      1216   227009    0.432985
1483692673      1336   228345    0.435534
1483692674      1353   229698    0.438114
1483692675      1042   230946    0.440495
1483692676      1361   232307    0.44309
1483692677      1346   233653    0.445658
1483692678      1347   235000    0.448227
1483692679      1185   236306    0.450718
1483692680      1348   237654    0.453289
1483692681      1327   238981    0.45582
1483692682      1356   240337    0.458406
1483692684      1037   241666    0.460941
1483692685      1343   243009    0.463503
1483692686      1346   244355    0.46607
1483692687      1029   245384    0.468033
1483692688      1203   246675    0.470495
1483692689      1361   248036    0.473091
1483692690      1323   249359    0.475615
1483692691      1353   250712    0.478195
1483692692      1203   252035    0.480719
1483692693      1352   253387    0.483297
1483692694      1343   254730    0.485859
1483692695      1348   256078    0.48843
1483692696      1218   257395    0.490942
1483692697      1212   258607    0.493254
1483692698      1348   259955    0.495825
1483692699      1338   261293    0.498377
1483692700      1177   262470    0.500622
1483692701      1355   263825    0.503206
1483692702      1329   265154    0.505741
1483692703      1352   266506    0.50832
1483692704      1185   267764    0.510719
1483692705      1340   269104    0.513275
1483692706      1343   270447    0.515837
1483692707      1088   271701    0.518229
1483692708      1351   273052    0.520805
1483692709      1350   274402    0.52338
1483692710      1356   275758    0.525967
1483692711      1205   277061    0.528452
1483692712      1335   278396    0.530998
1483692713      1353   279749    0.533579
1483692714      1327   281076    0.53611
1483692715      1213   282421    0.538675
1483692716      1351   283772    0.541252
1483692717      1334   285106    0.543797
1483692718      1206   286312    0.546097
1483692719      1174   287486    0.548336
1483692720      1343   288829    0.550898
1483692721      1347   290176    0.553467
1483692722      1331   291507    0.556005
1483692723      1198   292790    0.558453
1483692724      1353   294143    0.561033
1483692725      1348   295491    0.563604
1483692726      1355   296846    0.566189
1483692728      1211   298150    0.568676
1483692729      1004   299154    0.570591
1483692730      1349   300503    0.573164
1483692731      1356   301859    0.57575
1483692732      1191   303159    0.57823
1483692733      1346   304505    0.580797
1483692734      1344   305849    0.583361
1483692735      1340   307189    0.585917
1483692736      1208   308519    0.588453
1483692737      1325   309844    0.590981
1483692738      1319   311163    0.593496
1483692739      987   312456    0.595963
1483692740      1352   313808    0.598541
1483692741      1341   315149    0.601099
1483692742      1351   316500    0.603676
1483692743      1216   317816    0.606186
1483692744      1364   319180    0.608788
1483692745      1339   320519    0.611341
1483692746      1292   321811    0.613806
1483692747      1338   323149    0.616358
1483692748      1177   324326    0.618603
1483692749      1359   325685    0.621195
1483692750      994   326679    0.623091
1483692751      1343   328022    0.625652
1483692752      1184   329257    0.628008
1483692753      1359   330616    0.6306
1483692754      1346   331962    0.633167
1483692755      1346   333308    0.635735
1483692756      1203   334617    0.638231
1483692757      1343   335960    0.640793
1483692758      1351   337311    0.64337
1483692759      1339   338650    0.645924
1483692760      874   339626    0.647785
1483692761      1355   340981    0.65037
1483692762      1319   342300    0.652885
1483692763      1353   343653    0.655466
1483692764      1204   344986    0.658009
1483692765      1353   346339    0.660589
1483692766      1336   347675    0.663137
1483692767      1354   349029    0.66572
1483692769      1204   350346    0.668232
1483692770      1354   351700    0.670815
1483692771      1351   353051    0.673391
1483692772      993   354044    0.675285
1483692773      1214   355355    0.677786
1483692774      1340   356695    0.680342
1483692775      1346   358041    0.682909
1483692776      1345   359386    0.685474
1483692777      1204   360715    0.688009
1483692778      1353   362068    0.69059
1483692779      1352   363420    0.693169
1483692780      1328   364748    0.695702
1483692781      1189   366075    0.698233
1483692782      1209   367284    0.700539
1483692783      1285   368569    0.70299
1483692784      1337   369906    0.70554
1483692785      1177   371084    0.707787
1483692786      1332   372416    0.710327
1483692787      1343   373759    0.712889
1483692788      1344   375103    0.715452
1483692789      1340   376443    0.718008
1483692790      1190   377633    0.720278
1483692791      1335   378968    0.722824
1483692792      1344   380312    0.725388
1483692793      945   381257    0.72719
1483692794      1189   382525    0.729609
1483692795      1357   383882    0.732197
1483692796      1340   385222    0.734753
1483692797      1344   386566    0.737316
1483692798      1206   387885    0.739832
1483692799      1361   389246    0.742428
1483692800      1354   390600    0.74501
1483692801      1343   391943    0.747572
1483692802      1300   393243    0.750051
1483692803      998   394241    0.751955
1483692804      1352   395593    0.754534
1483692805      1354   396947    0.757116
1483692806      1212   398254    0.759609
1483692807      1350   399604    0.762184
1483692808      1353   400957    0.764765
1483692809      1347   402304    0.767334
1483692810      1203   403614    0.769833
1483692811      1361   404975    0.772429
1483692812      1343   406318    0.77499
1483692813      1095   407551    0.777342
1483692814      1359   408910    0.779934
1483692816      614   409695    0.781431
1483692817      1349   411044    0.784004
1483692818      1348   412392    0.786575
1483692819      1355   413747    0.78916
1483692820      1211   415055    0.791655
1483692821      1338   416393    0.794207
1483692822      1344   417737    0.79677
1483692823      1352   419089    0.799349
1483692824      1207   420415    0.801878
1483692825      1210   421625    0.804186
1483692826      1342   422967    0.806746
1483692827      1345   424312    0.809311
1483692828      1197   425509    0.811594
1483692829      1353   426862    0.814175
1483692830      1295   428157    0.816645
1483692831      1324   429481    0.81917
1483692832      1208   430784    0.821655
1483692833      1354   432138    0.824238
1483692834      1354   433492    0.82682
1483692835      1093   434721    0.829165
1483692836      1352   436073    0.831743
1483692837      1353   437426    0.834324
1483692838      1349   438775    0.836897
1483692839      1215   440081    0.839388
1483692840      1347   441428    0.841957
1483692841      1352   442780    0.844536
1483692842      1355   444135    0.84712
1483692843      1207   445441    0.849611
1483692844      1356   446797    0.852198
1483692845      1222   448019    0.854528
1483692846      1195   449214    0.856808
1483692847      1192   450450    0.859165
1483692848      1353   451803    0.861746
1483692849      1348   453151    0.864317
1483692850      1343   454494    0.866879
1483692851      1208   455810    0.869389
1483692852      1351   457161    0.871965
1483692853      1347   458508    0.874535
1483692854      1352   459860    0.877113
1483692855      1214   461170    0.879612
1483692856      1071   462241    0.881655
1483692857      1200   463441    0.883944
1483692858      1342   464783    0.886503
1483692859      1347   466130    0.889072
1483692860      1205   467335    0.891371
1483692861      1348   468683    0.893942
1483692862      1347   470030    0.896511
1483692863      1353   471383    0.899092
1483692864      1197   472611    0.901434
1483692865      1195   473806    0.903713
1483692866      1317   475123    0.906225
1483692867      1205   476328    0.908524
1483692868      1212   477620    0.910988
1483692869      1362   478982    0.913586
1483692870      1343   480325    0.916147
1483692871      1350   481675    0.918722
1483692872      1216   482980    0.921211
1483692873      1361   484341    0.923807
1483692874      1344   485685    0.926371
1483692875      1349   487034    0.928944
1483692877      1157   488340    0.931435
1483692878      1211   489551    0.933744
1483692879      1357   490908    0.936333
1483692880      1351   492259    0.93891
1483692881      1195   493454    0.941189
1483692882      1353   494807    0.943769
1483692883      1347   496154    0.946339
1483692884      1354   497508    0.948921
1483692885      1195   498709    0.951212
