1500453907      74   74    0
1500453908      73   147    0
1500453909      68   216    0
1500453910      66   283    0
1500453911      70   354    0
1500453912      69   424    0
1500453913      76   501    0
1500453914      76   578    0
1500453915      75   654    0
1500453916      77   731    0
1500453917      75   807    0
1500453918      75   883    0
1500453919      75   958    0
1500453920      74   1033    0
1500453921      74   1108    0
1500453922      74   1182    0
1500453923      75   1258    0
1500453924      74   1333    0
1500453925      76   1410    0
1500453926      76   1487    0
1500453927      77   1564    0
1500453928      77   1641    0
1500453929      72   1713    0
1500453930      77   1791    0
1500453931      75   1866    0
1500453932      72   1939    0
1500453933      73   2012    0
1500453934      75   2088    0
1500453935      75   2164    0
1500453936      76   2241    0
1500453937      74   2316    0
1500453938      77   2393    0
1500453939      76   2470    0
1500453940      76   2547    0
1500453941      75   2623    0
1500453942      78   2701    0
1500453943      76   2777    0
1500453944      75   2852    0
1500453945      75   2927    0
1500453946      74   3001    0
1500453947      74   3076    0
1500453948      78   3154    0
1500453949      76   3230    0
1500453950      74   3304    0
1500453951      74   3379    0
1500453952      78   3458    0
1500453953      77   3536    0
1500453954      74   3610    0
1500453955      77   3687    0
1500453956      75   3763    0
1500453957      80   3844    0
1500453958      83   3927    0
1500453959      75   4003    0
1500453960      75   4079    0
1500453961      74   4154    0
1500453962      73   4227    0
1500453963      76   4304    0
