1486102410      1355   1356    0.0103455
1486102411      1399   2756    0.0210266
1486102412      1371   4128    0.0314941
1486102413      1287   5415    0.0413132
1486102414      1017   6432    0.0490723
1486102415      695   7127    0.0543747
1486102416      702   7931    0.0605087
1486102417      955   8886    0.0677948
1486102418      1178   10064    0.0767822
1486102419      475   10539    0.0804062
1486102420      794   11571    0.0882797
1486102421      1176   12747    0.0972519
1486102422      925   13672    0.104309
1486102423      703   14431    0.1101
1486102424      912   15343    0.117058
1486102425      1175   16518    0.126022
1486102426      840   17358    0.132431
1486102427      1184   18542    0.141464
1486102428      896   19501    0.148781
1486102429      911   20412    0.155731
1486102430      1169   21581    0.16465
1486102431      835   22426    0.171097
1486102432      1184   23610    0.18013
1486102433      891   24571    0.187462
1486102434      909   25480    0.194397
1486102435      1174   26654    0.203354
1486102436      840   27496    0.209778
1486102437      1177   28673    0.218758
1486102439      895   29641    0.226143
1486102440      507   30421    0.232094
1486102441      1174   31595    0.241051
1486102442      895   32566    0.248459
1486102443      1176   33742    0.257431
1486102444      891   34711    0.264824
1486102445      911   35622    0.271774
1486102446      1177   36799    0.280754
1486102447      834   37636    0.28714
1486102448      1182   38818    0.296158
1486102449      894   39781    0.303505
1486102450      913   40694    0.310471
1486102451      1186   41880    0.319519
1486102452      860   42740    0.32608
1486102453      1172   43912    0.335022
1486102454      888   44851    0.342186
1486102455      910   45761    0.349129
1486102456      1156   46917    0.357948
1486102457      844   47776    0.364502
1486102458      1191   48967    0.373589
1486102459      889   49921    0.380867
1486102460      912   50833    0.387825
1486102461      1174   52007    0.396782
1486102462      833   52846    0.403183
1486102463      1178   54024    0.41217
1486102465      893   54991    0.419548
1486102466      899   55890    0.426407
1486102467      1183   57073    0.435432
1486102468      842   57916    0.441864
1486102469      1175   59091    0.450829
1486102470      893   60061    0.458229
1486102471      908   60969    0.465157
1486102472      1172   62141    0.474098
1486102473      840   62986    0.480545
1486102474      1175   64161    0.48951
1486102475      893   65131    0.49691
1486102476      566   65846    0.502365
1486102477      1013   66859    0.510094
1486102478      1171   68030    0.519028
1486102479      862   68892    0.525604
1486102480      1177   70069    0.534584
1486102481      850   70919    0.541069
1486102482      903   71822    0.547958
1486102483      1180   73002    0.556961
1486102484      760   73841    0.563362
1486102485      1185   75026    0.572403
1486102486      819   75986    0.579727
1486102487      737   76766    0.585678
1486102488      978   77744    0.59314
1486102490      925   78911    0.602043
1486102491      1104   80015    0.610466
1486102492      847   81056    0.618408
1486102493      913   81969    0.625374
1486102494      916   82885    0.632362
1486102495      841   83981    0.640724
1486102496      1179   85160    0.649719
1486102497      827   86126    0.657089
1486102498      746   86906    0.66304
1486102499      1186   88092    0.672089
1486102501      831   89051    0.679405
1486102502      1183   90234    0.688431
1486102503      834   91196    0.69577
1486102504      905   92101    0.702675
1486102505      1070   93171    0.710838
1486102506      886   94121    0.718086
1486102507      1032   95153    0.72596
1486102508      881   96266    0.734451
1486102509      846   97112    0.740906
1486102510      1168   98280    0.749817
1486102511      875   99191    0.756767
1486102512      1182   100373    0.765785
1486102513      899   101336    0.773132
1486102514      906   102242    0.780045
1486102515      1178   103420    0.789032
1486102516      841   104261    0.795448
1486102517      1177   105438    0.804428
1486102518      897   106406    0.811813
1486102519      911   107317    0.818764
1486102520      1180   108497    0.827766
1486102521      841   109338    0.834183
1486102522      1183   110521    0.843208
1486102523      885   111476    0.850494
1486102524      908   112384    0.857422
1486102525      1169   113553    0.866341
1486102526      839   114401    0.87281
1486102527      1190   115591    0.881889
1486102528      896   116546    0.889175
1486102529      902   117448    0.896057
1486102530      1171   118619    0.904991
1486102531      850   119471    0.911491
1486102532      1179   120650    0.920486
1486102533      863   121616    0.927856
1486102534      908   122524    0.934784
1486102535      1172   123696    0.943726
1486102536      840   124541    0.950172
1486102537      1171   125712    0.959106
1486102539      892   126686    0.966537
1486102540      923   127609    0.973579
1486102541      1174   128783    0.982536
1486102542      844   129627    0.988976
1486102543      1181   130808    0.997986
1486102544      796   131756    1.00522
1486102545      750   132536    1.01117
1486102546      1178   133714    1.02016
1486102547      779   134681    1.02753
1486102548      1190   135871    1.03661
1486102549      819   136826    1.0439
1486102550      744   137606    1.04985
1486102551      1165   138771    1.05874
1486102552      821   139751    1.06622
1486102553      1175   140926    1.07518
1486102555      821   141896    1.08258
1486102556      733   142676    1.08853
1486102557      1194   143870    1.09764
1486102558      916   144786    1.10463
1486102559      675   145536    1.11035
1486102560      1192   146728    1.11945
1486102561      590   147318    1.12395
1486102562      893   148461    1.13267
1486102563      1179   149640    1.14166
1486102564      834   150606    1.14903
1486102565      1067   151673    1.15717
1486102566      742   152415    1.16283
1486102568      826   153531    1.17135
1486102569      1179   154710    1.18034
1486102570      893   155676    1.18771
1486102571      1182   156858    1.19673
1486102572      908   157766    1.20366
1486102573      849   158615    1.21014
1486102574      585   159316    1.21548
1486102575      1181   160497    1.22449
1486102576      890   161461    1.23185
1486102577      913   162374    1.23882
1486102578      1176   163550    1.24779
1486102579      864   164414    1.25438
1486102580      1173   165587    1.26333
1486102581      889   166531    1.27053
1486102582      913   167444    1.2775
1486102583      1172   168616    1.28644
1486102584      853   169469    1.29295
1486102585      1181   170650    1.30196
1486102586      882   171601    1.30921
1486102587      914   172515    1.31618
1486102588      1171   173686    1.32512
1486102589      852   174538    1.33162
1486102590      1182   175720    1.34064
1486102591      886   176671    1.34789
1486102592      907   177578    1.35481
1486102593      1158   178736    1.36365
1486102594      843   179596    1.37021
1486102595      1188   180784    1.37927
1486102596      888   181741    1.38657
1486102597      896   182637    1.39341
1486102598      1171   183808    1.40234
1486102599      850   184666    1.40889
1486102600      1166   185832    1.41779
1486102601      885   186811    1.42525
1486102602      886   187697    1.43201
1486102603      1184   188881    1.44105
1486102604      851   189736    1.44757
1486102605      1182   190918    1.45659
1486102606      897   191881    1.46394
1486102607      910   192791    1.47088
1486102608      1173   193964    1.47983
1486102609      841   194806    1.48625
1486102610      1125   195931    1.49483
1486102612      915   196951    1.50262
1486102613      915   197866    1.5096
1486102614      1170   199036    1.51852
1486102615      850   199886    1.52501
1486102616      1174   201060    1.53397
1486102617      887   202021    1.5413
1486102618      913   202934    1.54826
1486102619      1183   204117    1.55729
1486102620      855   204972    1.56381
1486102621      1179   206151    1.57281
1486102622      881   207091    1.57998
1486102623      911   208002    1.58693
1486102624      1171   209173    1.59586
1486102625      853   210026    1.60237
1486102626      1175   211201    1.61134
1486102627      774   212161    1.61866
1486102628      912   213073    1.62562
1486102629      923   213996    1.63266
1486102630      818   215086    1.64098
1486102631      1193   216279    1.65008
1486102632      925   217204    1.65714
1486102633      737   217946    1.6628
1486102634      681   218726    1.66875
1486102635      915   219641    1.67573
1486102636      1169   220810    1.68465
1486102637      704   221586    1.69057
1486102638      1169   222755    1.69949
1486102639      762   223517    1.7053
1486102641      552   224511    1.71288
1486102642      1185   225696    1.72192
1486102643      825   226656    1.72925
1486102644      1066   227722    1.73738
1486102645      709   228431    1.74279
1486102647      830   229581    1.75156
1486102648      1183   230764    1.76059
1486102649      800   231726    1.76793
1486102650      1095   232821    1.77628
1486102651      866   233687    1.78289
1486102652      833   234651    1.79025
1486102653      1187   235838    1.7993
1486102654      894   236796    1.80661
1486102655      1186   237982    1.81566
1486102656      905   238887    1.82256
1486102657      848   239735    1.82903
1486102658      1177   240912    1.83801
1486102659      886   241866    1.84529
1486102660      1189   243055    1.85436
1486102661      906   243961    1.86127
1486102662      856   244817    1.86781
1486102663      1175   245992    1.87677
1486102664      884   246936    1.88397
1486102665      1186   248122    1.89302
1486102666      884   249006    1.89977
1486102667      847   249861    1.90629
1486102668      1173   251034    1.91524
1486102670      888   252006    1.92265
1486102671      1190   253196    1.93173
1486102672      902   254098    1.93861
1486102673      840   254938    1.94502
1486102674      1184   256122    1.95406
1486102675      886   257076    1.96133
1486102676      1180   258256    1.97034
1486102677      900   259156    1.9772
1486102678      541   260001    1.98365
1486102679      1175   261176    1.99261
1486102680      898   262146    2.00002
1486102681      1175   263321    2.00898
1486102682      903   264224    2.01587
1486102683      840   265071    2.02233
1486102684      1185   266256    2.03137
1486102685      887   267216    2.0387
1486102686      1186   268402    2.04774
1486102687      628   269030    2.05254
1486102689      824   270141    2.06101
1486102690      1187   271328    2.07007
1486102691      801   272286    2.07738
1486102692      1147   273433    2.08613
1486102693      802   274235    2.09225
1486102694      829   275211    2.09969
1486102695      1179   276390    2.10869
1486102696      815   277356    2.11606
1486102697      1019   278375    2.12383
1486102698      860   279235    2.13039
1486102699      923   280281    2.13837
1486102700      938   281219    2.14553
1486102701      1177   282396    2.15451
1486102702      717   283141    2.16019
1486102704      658   283921    2.16615
1486102705      1176   285097    2.17512
1486102706      929   286026    2.18221
1486102707      687   286781    2.18797
1486102708      1184   287965    2.197
1486102709      934   288899    2.20412
1486102710      330   289229    2.20664
1486102711      1180   290409    2.21564
1486102712      666   291136    2.22119
1486102713      1183   292319    2.23022
1486102714      892   293281    2.23756
1486102715      913   294194    2.24452
1486102716      1174   295368    2.25348
1486102717      840   296208    2.25989
1486102718      1172   297380    2.26883
1486102719      891   298351    2.27624
1486102720      881   299232    2.28296
1486102721      1162   300394    2.29182
1486102722      858   301276    2.29855
1486102723      1189   302465    2.30762
1486102724      882   303421    2.31492
1486102725      903   304324    2.32181
1486102726      1156   305480    2.33063
1486102727      843   306346    2.33723
1486102728      1189   307535    2.34631
1486102729      878   308491    2.3536
1486102730      906   309397    2.36051
1486102731      1173   310570    2.36946
1486102732      849   311419    2.37594
1486102733      1185   312604    2.38498
1486102734      895   313561    2.39228
1486102735      909   314470    2.39922
1486102736      1170   315640    2.40814
1486102737      845   316486    2.4146
1486102738      1180   317666    2.4236
1486102739      820   318631    2.43096
1486102740      907   319538    2.43788
1486102741      1174   320712    2.44684
1486102742      851   321563    2.45333
1486102743      1177   322740    2.46231
1486102744      892   323701    2.46964
1486102745      907   324608    2.47656
1486102746      1173   325781    2.48551
1486102747      859   326640    2.49207
1486102748      1178   327818    2.50105
1486102750      890   328771    2.50832
1486102751      909   329680    2.51526
1486102752      1167   330847    2.52416
1486102753      839   331696    2.53064
1486102754      1180   332876    2.53964
1486102755      893   333841    2.547
1486102756      896   334737    2.55384
1486102757      1170   335907    2.56277
1486102758      848   336766    2.56932
1486102759      1188   337954    2.57838
1486102760      891   338911    2.58569
1486102761      909   339820    2.59262
1486102762      1178   340998    2.60161
1486102763      859   341857    2.60816
1486102764      1172   343029    2.6171
1486102765      878   343981    2.62437
1486102766      903   344884    2.63126
1486102767      1168   346052    2.64017
1486102768      839   346906    2.64668
1486102769      1180   348086    2.65569
1486102770      891   349051    2.66305
1486102771      773   349831    2.669
1486102772      1181   351012    2.67801
1486102773      816   351976    2.68536
1486102774      1177   353153    2.69434
1486102775      822   354121    2.70173
1486102776      772   354901    2.70768
1486102777      1007   355908    2.71536
1486102778      955   357046    2.72404
1486102779      1022   358068    2.73184
1486102781      871   359191    2.74041
1486102782      899   360090    2.74727
1486102783      1175   361265    2.75623
1486102784      749   362116    2.76273
1486102785      1185   363301    2.77177
1486102786      825   364261    2.77909
1486102787      721   365041    2.78504
1486102788      1179   366220    2.79404
1486102789      930   367150    2.80113
1486102790      684   367901    2.80686
1486102791      1184   369085    2.8159
1486102792      796   370046    2.82323
1486102794      717   370826    2.82918
1486102795      1184   372010    2.83821
1486102796      903   372913    2.8451
1486102797      768   373686    2.851
1486102798      1186   374872    2.86005
1486102799      906   375778    2.86696
1486102800      863   376641    2.87354
1486102801      1177   377818    2.88252
1486102802      548   378756    2.88968
1486102803      1187   379943    2.89874
1486102804      903   380846    2.90562
1486102805      851   381697    2.91212
1486102806      1177   382874    2.9211
1486102807      881   383826    2.92836
1486102808      1191   385017    2.93745
1486102809      906   385923    2.94436
1486102810      850   386773    2.95084
1486102811      1181   387954    2.95985
1486102812      883   388896    2.96704
1486102813      1175   390072    2.97601
1486102814      903   390975    2.9829
1486102815      843   391821    2.98936
1486102816      1179   393000    2.99835
1486102817      896   393966    3.00572
1486102818      1178   395144    3.01471
1486102819      905   396049    3.02161
1486102820      845   396894    3.02806
1486102821      1184   398078    3.03709
1486102823      886   399036    3.0444
1486102824      1188   400224    3.05347
1486102825      906   401130    3.06038
1486102826      848   401978    3.06685
1486102827      1174   403152    3.07581
1486102828      898   404106    3.08308
1486102829      1186   405292    3.09213
1486102830      905   406197    3.09904
1486102831      723   407031    3.1054
1486102832      1186   408217    3.11445
1486102833      800   409017    3.12055
1486102834      740   409891    3.12722
1486102835      779   410671    3.13317
1486102836      1180   411851    3.14217
1486102837      910   412761    3.14912
1486102838      763   413531    3.15499
1486102839      1135   414666    3.16365
1486102840      834   415676    3.17136
1486102841      907   416583    3.17828
1486102842      1010   417593    3.18598
1486102843      877   418601    3.19367
1486102844      1118   419719    3.2022
1486102846      851   420746    3.21004
1486102847      731   421526    3.21599
1486102848      1181   422707    3.225
1486102849      819   423671    3.23235
1486102850      1176   424847    3.24133
1486102851      835   425816    3.24872
1486102852      806   426622    3.25487
1486102853      935   427557    3.262
1486102854      1174   428731    3.27096
1486102855      715   429456    3.27649
1486102856      1184   430640    3.28552
1486102857      877   431517    3.29221
1486102858      857   432381    3.29881
1486102859      1178   433559    3.30779
1486102860      896   434526    3.31517
1486102861      1185   435711    3.32421
1486102862      902   436613    3.33109
1486102863      852   437465    3.33759
1486102864      1180   438645    3.3466
1486102865      891   439596    3.35385
1486102866      1178   440774    3.36284
1486102867      905   441679    3.36974
1486102868      862   442541    3.37632
1486102869      1169   443710    3.38524
1486102870      884   444666    3.39253
1486102871      1187   445853    3.40159
1486102872      891   446744    3.40839
1486102873      844   447591    3.41485
1486102874      1185   448776    3.42389
1486102875      890   449736    3.43121
1486102876      1183   450919    3.44024
1486102877      901   451820    3.44711
1486102878      866   452686    3.45372
1486102879      1186   453872    3.46277
1486102880      882   454806    3.46989
1486102881      1186   455992    3.47894
1486102882      903   456895    3.48583
1486102883      840   457735    3.49224
1486102884      1185   458920    3.50128
1486102885      894   459876    3.50858
1486102886      1185   461061    3.51762
1486102887      906   461967    3.52453
1486102888      862   462829    3.53111
1486102889      1168   463997    3.54002
1486102890      887   464946    3.54726
1486102891      1179   466125    3.55625
1486102892      903   467028    3.56314
1486102893      848   467876    3.56961
1486102894      1189   469065    3.57868
1486102895      288   469353    3.58088
1486102896      1135   470488    3.58954
1486102898      887   471446    3.59685
1486102899      912   472358    3.60381
1486102900      1180   473538    3.61281
1486102901      867   474405    3.61942
1486102902      1173   475578    3.62837
1486102903      880   476516    3.63553
1486102904      916   477432    3.64252
1486102905      1175   478607    3.65148
1486102906      855   479462    3.658
1486102907      1174   480636    3.66696
1486102908      886   481586    3.67421
1486102909      910   482496    3.68115
1486102910      1173   483669    3.6901
1486102911      850   484519    3.69659
1486102912      1174   485693    3.70554
1486102913      900   486656    3.71289
1486102914      905   487561    3.7198
1486102915      1050   488611    3.72781
1486102916      886   489581    3.73521
1486102917      1049   490630    3.74321
1486102918      868   491726    3.75157
1486102919      738   492506    3.75752
1486102920      1175   493681    3.76649
1486102921      823   494651    3.77389
1486102922      1183   495834    3.78291
1486102923      822   496796    3.79025
1486102924      826   497622    3.79655
1486102925      1021   498643    3.80434
1486102927      931   499721    3.81257
