1485350443      1458   1458    0.0111237
1485350444      1401   2861    0.0218277
1485350445      1386   4251    0.0324326
1485350446      1402   5653    0.043129
1485350447      821   6771    0.0516586
1485350448      1171   7942    0.0605927
1485350449      835   8916    0.0680237
1485350450      1201   10117    0.0771866
1485350451      752   10869    0.0829239
1485350452      896   11765    0.0897598
1485350453      820   12826    0.0978546
1485350454      1208   14034    0.107071
1485350456      790   14971    0.11422
1485350457      1045   16016    0.122192
1485350458      700   16736    0.127686
1485350459      1205   17941    0.136879
1485350460      810   18881    0.144051
1485350461      1140   20021    0.152748
1485350462      873   21026    0.160416
1485350463      939   21965    0.16758
1485350464      771   22791    0.173882
1485350465      1173   23964    0.182831
1485350466      830   24936    0.190247
1485350467      1104   26040    0.198669
1485350468      811   26851    0.204857
1485350469      947   27798    0.212082
1485350470      938   28846    0.220078
1485350471      950   29796    0.227325
1485350473      871   30991    0.236443
1485350474      967   32041    0.244453
1485350475      1178   33219    0.253441
1485350476      831   34186    0.260818
1485350477      1199   35385    0.269966
1485350478      944   36329    0.277168
1485350479      677   37046    0.282639
1485350480      955   38096    0.290649
1485350481      954   39050    0.297928
1485350482      865   40241    0.307014
1485350483      1201   41442    0.316177
1485350485      813   42386    0.32338
1485350486      814   43436    0.33139
1485350487      1216   44652    0.340668
1485350488      805   45581    0.347755
1485350489      1200   46781    0.356911
1485350490      814   47726    0.36412
1485350491      930   48776    0.372131
1485350492      1183   49959    0.381157
1485350493      818   50921    0.388496
1485350494      1028   51949    0.396339
1485350496      858   53066    0.404861
1485350497      874   54116    0.412872
1485350498      1197   55313    0.422005
1485350499      817   56261    0.429237
1485350500      1210   57471    0.438469
1485350501      788   58406    0.445602
1485350502      1021   59427    0.453392
1485350503      819   60246    0.459641
1485350504      1118   61364    0.46817
1485350505      826   62316    0.475433
1485350506      1189   63505    0.484505
1485350507      830   64335    0.490837
1485350508      1067   65402    0.498978
1485350509      895   66297    0.505806
1485350510      1056   67353    0.513863
1485350512      810   68371    0.521629
1485350513      952   69421    0.52964
1485350514      1097   70518    0.53801
1485350515      880   71566    0.546005
1485350516      1180   72746    0.555008
1485350517      835   73711    0.56237
1485350518      892   74761    0.570381
1485350519      966   75727    0.577751
1485350520      1111   76838    0.586227
1485350521      718   77621    0.592201
1485350522      959   78580    0.599518
1485350524      876   79766    0.608566
1485350525      821   80816    0.616577
1485350526      1186   82002    0.625626
1485350527      842   82961    0.632942
1485350528      1213   84174    0.642197
1485350529      828   85106    0.649307
1485350530      969   86075    0.6567
1485350531      705   86871    0.662773
1485350532      1212   88083    0.67202
1485350534      785   89016    0.679138
1485350535      933   89949    0.686256
1485350536      916   90865    0.693245
1485350537      1163   92028    0.702118
1485350538      830   92926    0.708969
1485350539      1104   94030    0.717392
1485350540      900   95071    0.725334
1485350541      895   96121    0.733345
1485350542      855   96976    0.739868
1485350543      1199   98175    0.749016
1485350544      714   98981    0.755165
1485350545      967   99948    0.762543
1485350546      1165   101113    0.771431
1485350547      785   101898    0.77742
1485350548      965   102863    0.784782
1485350549      704   103606    0.790451
1485350550      1213   104819    0.799706
1485350551      827   105751    0.806816
1485350553      780   106801    0.814827
1485350554      1198   107999    0.823967
1485350555      793   108946    0.831192
1485350556      1011   109957    0.838905
1485350557      909   111091    0.847557
1485350558      982   112073    0.855049
1485350559      879   112952    0.861755
1485350560      1198   114150    0.870895
1485350561      916   115066    0.877884
1485350562      1189   116255    0.886955
1485350563      878   117146    0.893753
1485350564      961   118196    0.901764
1485350565      1213   119409    0.911018
1485350566      903   120341    0.918129
1485350567      1196   121537    0.927254
1485350568      909   122486    0.934494
1485350569      956   123536    0.942505
1485350570      1210   124746    0.951736
1485350571      911   125681    0.95887
1485350572      1218   126899    0.968163
1485350573      903   127826    0.975235
1485350575      793   128876    0.983246
1485350576      1207   130083    0.992455
1485350577      909   131021    0.999611
1485350578      1208   132229    1.00883
1485350579      842   133166    1.01598
1485350580      969   134216    1.02399
1485350581      1195   135411    1.0331
1485350582      923   136361    1.04035
1485350583      1200   137561    1.04951
1485350584      907   138506    1.05672
1485350585      965   139556    1.06473
1485350586      1199   140755    1.07388
1485350587      854   141701    1.08109
1485350588      1207   142908    1.0903
1485350589      910   143846    1.09746
1485350590      961   144896    1.10547
1485350591      1199   146095    1.11462
1485350592      913   147041    1.12183
1485350593      1202   148243    1.131
1485350594      912   149186    1.1382
1485350596      968   150236    1.14621
1485350597      1204   151440    1.1554
1485350598      915   152381    1.16257
1485350599      1214   153595    1.17184
1485350600      864   154526    1.17894
1485350601      970   155576    1.18695
1485350602      1205   156781    1.19614
1485350603      895   157721    1.20332
1485350604      1208   158929    1.21253
1485350605      913   159866    1.21968
1485350606      955   160916    1.22769
1485350607      1204   162120    1.23688
1485350608      903   163061    1.24406
1485350609      1215   164276    1.25333
1485350610      918   165206    1.26042
1485350611      971   166256    1.26843
1485350612      1216   167472    1.27771
1485350613      909   168401    1.2848
1485350614      1205   169606    1.29399
1485350615      893   170546    1.30116
1485350616      969   171596    1.30917
1485350617      1202   172798    1.31834
1485350618      917   173741    1.32554
1485350619      1211   174952    1.33478
1485350620      908   175886    1.3419
1485350621      973   176936    1.34991
1485350622      1094   178030    1.35826
1485350623      952   179081    1.36628
1485350624      1207   180288    1.37549
1485350626      902   181226    1.38264
1485350627      959   182276    1.39066
1485350628      1209   183485    1.39988
1485350629      923   184421    1.40702
1485350630      1214   185635    1.41628
1485350631      802   186566    1.42339
1485350632      835   187616    1.4314
1485350633      1195   188811    1.44051
1485350634      808   189761    1.44776
1485350635      1202   190963    1.45693
1485350636      783   191906    1.46413
1485350637      982   192888    1.47162
1485350638      778   193671    1.47759
1485350639      1103   194774    1.48601
1485350641      837   195816    1.49396
1485350642      756   196572    1.49973
1485350643      849   197581    1.50742
1485350644      1008   198589    1.51511
1485350645      856   199726    1.52379
1485350646      1203   200929    1.53297
1485350647      786   201871    1.54015
1485350649      904   202921    1.54816
1485350650      1200   204121    1.55732
1485350651      810   205066    1.56453
1485350652      1209   206275    1.57375
1485350653      790   207211    1.58089
1485350654      952   208163    1.58816
1485350655      808   208976    1.59436
1485350656      994   209970    1.60194
1485350657      947   211121    1.61073
1485350658      1063   212184    1.61884
1485350659      836   213266    1.62709
1485350661      857   214316    1.6351
1485350662      1212   215528    1.64435
1485350663      798   216461    1.65147
1485350664      1202   217663    1.66064
1485350665      788   218606    1.66783
1485350666      930   219656    1.67584
1485350667      1212   220868    1.68509
1485350668      785   221801    1.69221
1485350669      1113   222914    1.7007
1485350670      885   223946    1.70857
1485350671      952   224898    1.71584
1485350673      515   225711    1.72204
1485350674      1160   226871    1.73089
1485350675      822   227856    1.7384
1485350676      980   228836    1.74588
1485350677      723   229621    1.75187
1485350678      1206   230827    1.76107
1485350679      808   231766    1.76823
1485350680      1201   232967    1.7774
1485350682      812   233911    1.7846
1485350683      964   234875    1.79195
1485350684      735   235676    1.79807
1485350685      1203   236879    1.80724
1485350686      813   237821    1.81443
1485350687      1205   239026    1.82362
1485350688      813   239966    1.8308
1485350689      966   240932    1.83817
1485350690      722   241731    1.84426
1485350691      1202   242933    1.85343
1485350692      782   243876    1.86063
1485350693      1210   245086    1.86986
1485350694      721   245807    1.87536
1485350695      944   246751    1.88256
1485350697      886   247786    1.89046
1485350698      1109   248895    1.89892
1485350699      849   249931    1.90682
1485350700      823   250981    1.91483
1485350701      1201   252182    1.924
1485350702      771   253126    1.9312
1485350703      1145   254271    1.93993
1485350704      866   255271    1.94756
1485350705      921   256192    1.95459
1485350706      824   257036    1.96103
1485350707      1125   258161    1.96961
1485350709      844   259181    1.97739
1485350710      1207   260388    1.9866
1485350711      800   261326    1.99376
1485350712      962   262288    2.0011
1485350713      725   263091    2.00723
1485350714      1211   264302    2.01646
1485350715      827   265236    2.02359
1485350716      1168   266404    2.0325
1485350717      752   267156    2.03824
1485350718      970   268126    2.04564
1485350719      917   269146    2.05342
1485350720      1088   270234    2.06172
1485350721      853   271291    2.06979
1485350723      807   272341    2.0778
1485350724      1190   273531    2.08688
1485350725      799   274486    2.09416
1485350726      965   275451    2.10152
1485350727      984   276631    2.11053
1485350728      869   277681    2.11854
1485350729      884   278565    2.12528
1485350730      1179   279744    2.13428
1485350731      661   280541    2.14036
1485350732      1025   281566    2.14818
1485350734      921   282686    2.15672
1485350735      590   283276    2.16122
1485350736      909   284451    2.17019
1485350737      1101   285552    2.17859
1485350738      869   286596    2.18655
1485350739      1203   287799    2.19573
1485350740      675   288474    2.20088
1485350741      1152   289626    2.20967
1485350742      726   290506    2.21638
1485350743      967   291473    2.22376
1485350745      966   292651    2.23275
1485350746      890   293701    2.24076
1485350747      984   294685    2.24827
1485350748      990   295846    2.25713
1485350749      1045   296891    2.2651
1485350750      887   297991    2.27349
1485350752      812   299041    2.2815
1485350753      1204   300245    2.29069
1485350754      809   301186    2.29787
1485350755      1181   302367    2.30688
1485350756      855   303331    2.31423
1485350757      968   304299    2.32162
1485350758      748   305096    2.3277
1485350759      1209   306305    2.33692
1485350760      824   307241    2.34406
1485350761      1127   308368    2.35266
1485350762      786   309386    2.36043
1485350763      873   310259    2.36709
1485350764      761   311151    2.37389
1485350765      1205   312356    2.38309
1485350767      811   313296    2.39026
1485350768      1207   314503    2.39947
1485350769      757   315260    2.40524
1485350770      978   316238    2.4127
1485350771      884   317206    2.42009
1485350772      1081   318287    2.42834
1485350773      879   319351    2.43645
1485350774      843   320401    2.44447
1485350775      1215   321616    2.45374
1485350776      821   322546    2.46083
1485350777      1142   323688    2.46954
1485350779      805   324691    2.4772
1485350780      1045   325736    2.48517
1485350781      698   326456    2.49066
1485350782      1131   327587    2.49929
1485350783      804   328601    2.50703
1485350784      1136   329737    2.51569
1485350785      855   330746    2.52339
1485350786      981   331727    2.53088
1485350787      723   332511    2.53686
1485350788      1182   333693    2.54588
1485350789      946   334639    2.55309
1485350790      698   335371    2.55868
1485350791      842   336421    2.56669
1485350792      1212   337633    2.57594
1485350794      788   338566    2.58305
1485350795      967   339533    2.59043
1485350796      886   340711    2.59942
1485350797      950   341761    2.60743
1485350798      1091   342852    2.61575
1485350799      892   343906    2.62379
1485350800      1005   344911    2.63146
1485350801      888   346051    2.64016
1485350803      907   347101    2.64817
1485350804      987   348088    2.6557
1485350805      926   349246    2.66454
1485350806      1209   350455    2.67376
1485350807      829   351391    2.6809
1485350808      898   352441    2.68891
1485350809      999   353440    2.69653
1485350810      874   354586    2.70528
1485350811      1211   355798    2.71452
1485350813      850   356731    2.72164
1485350814      725   357781    2.72965
1485350815      1207   358988    2.73886
1485350816      788   359926    2.74602
1485350817      1071   360997    2.75419
1485350818      899   362071    2.76238
1485350820      794   363121    2.77039
1485350821      1192   364313    2.77949
1485350822      752   365266    2.78676
1485350823      1079   366345    2.79499
1485350824      873   367411    2.80312
1485350826      804   368461    2.81113
1485350827      1022   369483    2.81893
1485350828      1087   370570    2.82722
1485350829      787   371357    2.83323
1485350830      1203   372560    2.84241
1485350831      829   373466    2.84932
1485350832      875   374341    2.856
1485350833      773   375231    2.86279
1485350834      1202   376433    2.87196
1485350835      794   377376    2.87915
1485350836      865   378241    2.88575
1485350837      846   379141    2.89262
1485350838      1207   380348    2.90182
1485350839      892   381286    2.90898
1485350840      1050   382336    2.91699
1485350841      917   383431    2.92535
1485350842      969   384481    2.93336
1485350843      1206   385687    2.94256
1485350844      897   386626    2.94972
1485350845      1197   387823    2.95885
1485350846      891   388771    2.96609
1485350848      954   389821    2.9741
1485350849      1220   391041    2.98341
1485350850      831   391966    2.99046
1485350851      1219   393185    2.99976
1485350852      914   394111    3.00683
1485350853      953   395161    3.01484
1485350854      1208   396369    3.02406
1485350855      910   397306    3.0312
1485350856      1204   398510    3.04039
1485350857      861   399451    3.04757
1485350858      962   400501    3.05558
1485350859      1145   401646    3.06432
1485350860      933   402646    3.07195
1485350861      1210   403856    3.08118
1485350862      840   404791    3.08831
1485350863      966   405841    3.09632
1485350864      1219   407060    3.10562
1485350865      891   407986    3.11269
1485350866      1208   409194    3.1219
1485350867      850   410131    3.12905
1485350868      978   411181    3.13706
1485350869      1207   412388    3.14627
1485350871      848   413326    3.15343
1485350872      1210   414536    3.16266
1485350873      920   415471    3.16979
1485350874      972   416521    3.1778
1485350875      1188   417709    3.18687
1485350876      851   418666    3.19417
1485350877      1121   419787    3.20272
1485350878      891   420811    3.21053
1485350879      918   421861    3.21854
1485350880      1206   423067    3.22775
1485350881      845   424006    3.23491
1485350882      1179   425185    3.2439
1485350883      906   426151    3.25127
1485350884      910   427201    3.25928
1485350885      1092   428293    3.26762
1485350887      960   429346    3.27565
1485350888      1090   430436    3.28397
1485350889      913   431491    3.29202
1485350890      967   432541    3.30003
1485350891      1199   433740    3.30917
1485350892      907   434686    3.31639
1485350893      1202   435888    3.32556
1485350894      881   436831    3.33276
1485350895      962   437881    3.34077
1485350896      1205   439086    3.34996
1485350897      914   440026    3.35713
1485350898      1200   441226    3.36629
1485350899      828   442054    3.3726
1485350900      806   442886    3.37895
1485350901      925   443936    3.38696
1485350902      1219   445155    3.39626
1485350903      841   446081    3.40333
1485350904      1190   447271    3.41241
1485350905      885   448226    3.41969
1485350907      901   449276    3.4277
1485350908      1136   450412    3.43637
1485350909      869   451421    3.44407
1485350910      1090   452511    3.45238
1485350911      897   453566    3.46043
1485350912      905   454616    3.46844
1485350913      1031   455647    3.47631
1485350914      870   456761    3.48481
1485350915      1204   457965    3.494
1485350916      881   458846    3.50072
1485350917      896   459742    3.50755
1485350918      879   460671    3.51464
1485350919      1026   461697    3.52247
1485350921      847   462816    3.53101
1485350922      1219   464035    3.54031
1485350923      624   464659    3.54507
1485350924      1208   465867    3.55428
1485350925      729   466726    3.56084
1485350926      1028   467754    3.56868
1485350927      855   468871    3.5772
1485350928      862   469921    3.58521
1485350929      1166   471087    3.59411
1485350931      804   472066    3.60158
1485350932      1219   473285    3.61088
1485350933      769   474211    3.61794
1485350934      1032   475243    3.62582
1485350935      733   475976    3.63141
1485350936      1155   477131    3.64022
1485350937      778   478121    3.64777
1485350938      1213   479334    3.65703
1485350939      772   480266    3.66414
1485350940      1015   481281    3.67188
1485350941      682   482031    3.6776
1485350942      1111   483142    3.68608
1485350944      839   484176    3.69397
1485350945      1176   485352    3.70294
1485350946      682   486034    3.70815
1485350947      928   486962    3.71523
1485350948      941   488086    3.7238
1485350949      1023   489109    3.73161
1485350950      1097   490206    3.73997
1485350951      677   490946    3.74562
1485350952      983   491929    3.75312
1485350953      696   492711    3.75909
1485350954      1209   493920    3.76831
1485350955      759   494856    3.77545
1485350956      1190   496046    3.78453
1485350957      725   496771    3.79006
1485350958      1092   497863    3.79839
1485350959      863   498766    3.80528
1485350960      1020   499786    3.81306
