1483176029      1499   1499    0.00285912
1483176030      1499   2998    0.00571823
1483176031      1499   4497    0.00857735
1483176032      1500   5997    0.0114384
1483176033      1499   7496    0.0142975
1483176034      1499   8995    0.0171566
1483176035      1499   10495    0.0200176
1483176036      1499   11995    0.0228786
1483176037      1500   13495    0.0257397
1483176038      1308   14803    0.0282345
1483176039      1338   16141    0.0307865
1483176040      1347   17488    0.0333557
1483176041      1332   18820    0.0358963
1483176042      1207   20068    0.0382767
1483176043      1355   21423    0.0408611
1483176044      1338   22761    0.0434132
1483176045      1357   24118    0.0460014
1483176046      1215   25428    0.0485001
1483176047      1347   26775    0.0510693
1483176048      1186   27961    0.0533314
1483176049      1329   29290    0.0558662
1483176050      1190   30487    0.0581493
1483176051      1353   31840    0.06073
1483176052      1340   33180    0.0632858
1483176053      1344   34524    0.0658493
1483176054      1214   35847    0.0683727
1483176055      1332   37179    0.0709133
1483176056      1352   38531    0.0734921
1483176057      1322   39853    0.0760136
1483176058      970   40906    0.078022
1483176059      1353   42259    0.0806026
1483176060      1339   43598    0.0831566
1483176061      1325   44923    0.0856838
1483176062      1215   46138    0.0880013
1483176064      862   47338    0.0902901
1483176065      1337   48675    0.0928402
1483176066      1355   50030    0.0954247
1483176067      1325   51355    0.0979519
1483176068      1184   52539    0.10021
1483176069      1189   53728    0.102478
1483176070      915   54643    0.104223
1483176071      1256   55899    0.106619
1483176072      1259   57158    0.10902
1483176073      1337   58495    0.11157
1483176074      1356   59851    0.114157
1483176075      1176   61027    0.1164
1483176076      1348   62375    0.118971
1483176077      1353   63728    0.121552
1483176078      1347   65075    0.124121
1483176079      1199   66333    0.12652
1483176080      1364   67697    0.129122
1483176081      963   68660    0.130959
1483176082      1354   70014    0.133541
1483176083      1348   71362    0.136112
1483176084      1202   72564    0.138405
1483176085      1355   73919    0.140989
1483176086      1344   75263    0.143553
1483176087      1336   76599    0.146101
1483176088      1185   77824    0.148438
1483176089      1352   79176    0.151016
1483176090      1341   80517    0.153574
1483176091      988   81811    0.156042
1483176092      1363   83174    0.158642
1483176093      1326   84500    0.161171
1483176094      1353   85853    0.163752
1483176095      1220   87171    0.166265
1483176096      1347   88518    0.168835
1483176097      1357   89875    0.171423
1483176098      1323   91198    0.173946
1483176099      1201   92531    0.176489
1483176100      1356   93887    0.179075
1483176101      1354   95241    0.181658
1483176102      1186   96427    0.18392
1483176103      1194   97621    0.186197
1483176104      1345   98966    0.188763
1483176105      1339   100305    0.191317
1483176106      1355   101660    0.193901
1483176107      1191   102950    0.196362
1483176108      1360   104310    0.198956
1483176109      1346   105656    0.201523
1483176110      1353   107009    0.204103
1483176111      1197   108310    0.206585
1483176112      1161   109471    0.208799
1483176113      1359   110830    0.211391
1483176114      1350   112180    0.213966
1483176115      1181   113369    0.216234
1483176116      1363   114732    0.218834
1483176117      1347   116079    0.221403
1483176118      1352   117431    0.223982
1483176119      1197   118729    0.226458
1483176120      1356   120085    0.229044
1483176121      1328   121413    0.231577
1483176122      1235   122648    0.233932
1483176123      944   123592    0.235733
1483176124      1178   124860    0.238152
1483176125      1192   126052    0.240425
1483176126      1343   127395    0.242987
1483176127      1300   128695    0.245466
1483176128      1180   129875    0.247717
1483176129      880   130755    0.249395
1483176130      1134   131889    0.251558
1483176131      1345   133234    0.254124
1483176133      1205   134508    0.256554
1483176134      1348   135856    0.259125
1483176135      1185   137041    0.261385
1483176136      1327   138368    0.263916
1483176137      1195   139567    0.266203
1483176138      1355   140922    0.268787
1483176139      1341   142263    0.271345
1483176140      1348   143611    0.273916
1483176141      1213   144927    0.276426
1483176142      1357   146284    0.279015
1483176143      1347   147631    0.281584
1483176144      1345   148976    0.284149
1483176145      1027   150003    0.286108
1483176146      1331   151334    0.288647
1483176147      1355   152689    0.291231
1483176148      1357   154046    0.293819
1483176149      1218   155346    0.296299
1483176150      1356   156702    0.298885
1483176151      1347   158049    0.301455
1483176152      1343   159392    0.304016
1483176153      1218   160706    0.306522
1483176154      1360   162066    0.309116
1483176155      1356   163422    0.311703
1483176156      1184   164606    0.313961
1483176157      1200   165806    0.31625
1483176158      1354   167160    0.318832
1483176159      1357   168517    0.321421
1483176160      1348   169865    0.323992
1483176161      1210   171125    0.326395
1483176162      1354   172479    0.328978
1483176163      1353   173832    0.331558
1483176164      1345   175177    0.334124
1483176165      1213   176485    0.336618
1483176166      1190   177675    0.338888
1483176167      1345   179020    0.341454
1483176168      1351   180371    0.34403
1483176169      1211   181582    0.34634
1483176170      1357   182939    0.348928
1483176171      1347   184286    0.351498
1483176172      1353   185639    0.354078
1483176173      1212   186904    0.356491
1483176174      1361   188265    0.359087
1483176175      1358   189623    0.361677
1483176176      1092   190891    0.364096
1483176177      1356   192247    0.366682
1483176178      1351   193598    0.369259
1483176179      1345   194943    0.371824
1483176180      1214   196251    0.374319
1483176181      1185   197436    0.376579
1483176182      1269   198705    0.379
1483176183      1207   199912    0.381302
1483176184      1357   201269    0.38389
1483176185      1184   202453    0.386148
1483176186      1233   203686    0.3885
1483176187      1010   204696    0.390427
1483176188      1187   205883    0.392691
1483176189      1357   207240    0.395279
1483176190      428   207742    0.396236
1483176191      1307   209049    0.398729
1483176192      1358   210407    0.40132
1483176193      1355   211762    0.403904
1483176194      1229   213102    0.40646
1483176195      1361   214463    0.409056
1483176196      1357   215820    0.411644
1483176197      1353   217173    0.414225
1483176198      1039   218212    0.416206
1483176199      1352   219564    0.418785
1483176200      1346   220910    0.421352
1483176201      1353   222263    0.423933
1483176202      1202   223521    0.426332
1483176203      1351   224872    0.428909
1483176204      1347   226219    0.431479
1483176205      1354   227573    0.434061
1483176207      1219   228881    0.436556
1483176208      1360   230241    0.43915
1483176209      1357   231598    0.441738
1483176210      1186   232784    0.444
1483176211      1208   233992    0.446304
1483176212      1358   235350    0.448895
1483176213      1351   236701    0.451471
1483176214      1357   238058    0.45406
1483176215      1203   239300    0.456429
1483176216      1348   240648    0.459
1483176217      1359   242007    0.461592
1483176218      1347   243354    0.464161
1483176219      1214   244660    0.466652
1483176220      1194   245854    0.468929
1483176221      1349   247203    0.471502
1483176222      1353   248556    0.474083
1483176223      1215   249771    0.4764
1483176224      1348   251119    0.478971
1483176225      1352   252471    0.48155
1483176226      1348   253819    0.484121
1483176227      1213   255079    0.486525
1483176228      1359   256438    0.489117
1483176229      1346   257784    0.491684
1483176230      1098   259066    0.494129
1483176231      1359   260425    0.496721
1483176232      1354   261779    0.499304
1483176233      1346   263125    0.501871
1483176234      1222   264426    0.504353
1483176235      1361   265787    0.506948
1483176236      1357   267144    0.509537
1483176237      1350   268494    0.512112
1483176238      1213   269786    0.514576
1483176239      1358   271144    0.517166
1483176240      1356   272500    0.519753
1483176241      1139   273639    0.521925
1483176242      1186   274825    0.524187
1483176243      961   275917    0.52627
1483176244      1245   277162    0.528645
1483176245      1186   278348    0.530907
1483176246      1345   279693    0.533472
1483176247      1269   280962    0.535892
1483176248      1337   282299    0.538443
1483176249      1174   283473    0.540682
1483176250      1296   284769    0.543154
1483176251      1179   285948    0.545403
1483176252      1186   287134    0.547665
1483176253      1233   288480    0.550232
1483176254      1360   289840    0.552826
1483176255      1345   291185    0.555391
1483176256      1352   292537    0.55797
1483176257      1196   293840    0.560455
1483176258      1360   295200    0.563049
1483176259      1357   296557    0.565638
1483176260      1353   297910    0.568218
1483176261      1212   299200    0.570679
1483176262      1193   300393    0.572954
1483176263      1353   301746    0.575535
1483176264      1358   303104    0.578125
1483176265      1194   304298    0.580402
1483176266      1352   305650    0.582981
1483176267      1345   306995    0.585546
1483176268      1352   308347    0.588125
1483176269      1218   309619    0.590551
1483176270      1357   310976    0.59314
1483176271      1354   312330    0.595722
1483176273      1094   313606    0.598156
1483176274      1356   314962    0.600742
1483176275      1354   316316    0.603325
1483176276      1324   317640    0.60585
1483176277      1211   318966    0.608379
1483176278      1364   320330    0.610981
1483176279      1335   321665    0.613527
1483176280      1352   323017    0.616106
1483176281      1201   324326    0.618603
1483176282      1353   325679    0.621183
1483176283      1348   327027    0.623755
1483176284      1183   328210    0.626011
1483176285      1171   329385    0.628252
1483176286      1358   330743    0.630842
1483176287      1321   332064    0.633362
1483176288      1353   333417    0.635942
1483176289      1218   334745    0.638475
1483176290      1347   336092    0.641045
1483176291      1355   337447    0.643629
1483176292      1325   338772    0.646156
1483176293      1211   340105    0.648699
1483176294      1181   341286    0.650951
1483176295      1339   342625    0.653505
1483176296      1357   343982    0.656094
1483176297      1179   345164    0.658348
1483176298      1353   346517    0.660929
1483176299      1346   347863    0.663496
1483176300      1338   349201    0.666048
1483176301      1089   350524    0.668571
1483176302      1357   351881    0.67116
1483176303      1280   353161    0.673601
1483176304      1050   354511    0.676176
1483176305      1353   355864    0.678757
1483176306      1204   357068    0.681053
1483176307      1179   358247    0.683302
1483176308      1331   359578    0.685841
1483176309      1262   360840    0.688248
1483176310      1138   362015    0.690489
1483176311      1355   363370    0.693073
1483176312      1340   364710    0.695629
1483176313      1357   366067    0.698217
1483176315      1204   367375    0.700712
1483176316      1081   368456    0.702774
1483176317      1351   369807    0.705351
1483176318      1356   371163    0.707937
1483176319      1189   372434    0.710361
1483176320      1349   373783    0.712934
1483176321      1358   375141    0.715525
1483176322      1338   376479    0.718077
1483176323      1210   377794    0.720585
1483176324      1335   379129    0.723131
1483176325      1349   380478    0.725704
1483176326      1017   381781    0.728189
1483176327      1355   383136    0.730774
1483176328      1339   384475    0.733328
1483176329      1355   385830    0.735912
1483176330      1303   387133    0.738398
1483176331      1206   388339    0.740698
1483176332      1348   389687    0.743269
1483176333      1345   391032    0.745834
1483176334      1340   392372    0.74839
1483176335      1200   393573    0.750681
1483176336      1357   394930    0.753269
1483176337      1184   396114    0.755527
1483176338      1330   397444    0.758064
1483176339      1198   398642    0.760349
1483176340      1347   399989    0.762918
1483176341      1340   401329    0.765474
1483176342      1355   402684    0.768059
1483176343      1224   403992    0.770554
1483176344      1360   405352    0.773148
1483176345      1345   406697    0.775713
1483176346      1353   408050    0.778294
1483176347      1033   409083    0.780264
1483176348      1350   410433    0.782839
1483176349      1346   411779    0.785406
1483176350      1338   413117    0.787958
1483176351      1202   414411    0.790426
1483176352      1364   415775    0.793028
1483176353      1331   417106    0.795567
1483176354      1354   418460    0.798149
1483176355      1212   419771    0.80065
1483176356      1346   421117    0.803217
1483176357      1233   422350    0.805569
1483176358      1088   423438    0.807644
1483176359      1358   424796    0.810234
1483176360      1184   425980    0.812492
1483176361      1351   427331    0.815069
1483176362      1307   428638    0.817562
1483176363      1184   429822    0.81982
1483176364      1253   431075    0.82221
1483176365      1211   432286    0.82452
1483176366      1029   433406    0.826656
1483176367      1192   434598    0.82893
1483176368      1169   435767    0.83116
1483176369      1040   436807    0.833143
1483176370      1176   437983    0.835386
1483176371      1199   439182    0.837673
1483176372      1353   440535    0.840254
1483176373      1204   441739    0.84255
1483176374      1336   443075    0.845098
1483176375      1344   444419    0.847662
1483176376      1351   445770    0.850239
1483176377      1209   447041    0.852663
1483176378      1346   448387    0.85523
1483176379      1357   449744    0.857819
1483176380      1090   450834    0.859898
1483176381      1189   452100    0.862312
1483176382      1359   453459    0.864904
1483176383      1350   454809    0.867479
1483176384      1354   456163    0.870062
1483176385      1199   457460    0.872536
1483176386      1362   458822    0.875134
1483176387      1328   460150    0.877666
1483176388      1352   461502    0.880245
1483176390      1201   462820    0.882759
1483176391      1192   464012    0.885033
1483176392      1325   465337    0.88756
1483176393      1353   466690    0.890141
1483176394      1185   467879    0.892408
1483176395      1360   469239    0.895002
1483176396      1340   470579    0.897558
1483176397      1345   471924    0.900124
1483176398      1221   473239    0.902632
1483176399      1353   474592    0.905212
1483176400      1354   475946    0.907795
1483176401      1100   477226    0.910236
1483176402      1363   478589    0.912836
1483176403      1353   479942    0.915417
1483176404      1354   481296    0.917999
1483176405      1210   482586    0.92046
1483176406      1363   483949    0.923059
1483176407      1347   485296    0.925629
1483176408      1353   486649    0.928209
1483176409      1214   487946    0.930683
1483176410      1359   489305    0.933275
1483176411      1355   490660    0.93586
1483176412      1171   491831    0.938093
1483176413      1206   493037    0.940393
1483176414      1346   494383    0.942961
1483176415      1353   495736    0.945541
1483176416      1355   497091    0.948126
1483176417      1214   498365    0.950556
1483176418      1358   499723    0.953146
