1484559762      1423   1423    0.0108566
1484559763      1416   2839    0.0216599
1484559764      1424   4263    0.0325241
1484559765      1339   5602    0.0427399
1484559766      1207   6809    0.0519485
1484559767      772   7641    0.0582962
1484559768      1226   8867    0.0676498
1484559769      820   9786    0.0746613
1484559771      959   10991    0.0838547
1484559772      1229   12220    0.0932312
1484559773      819   13136    0.10022
1484559774      1216   14352    0.109497
1484559775      823   15281    0.116585
1484559776      799   16486    0.125778
1484559777      1207   17693    0.134987
1484559778      810   18631    0.142143
1484559779      993   19624    0.149719
1484559781      945   20776    0.158508
1484559782      1111   21887    0.166985
1484559783      802   22696    0.173157
1484559784      1030   23726    0.181015
1484559785      877   24841    0.189522
1484559786      1217   26058    0.198807
1484559787      799   26986    0.205887
1484559788      1055   28041    0.213936
1484559789      791   28906    0.220535
1484559790      1227   30133    0.229897
1484559791      905   31051    0.2369
1484559792      1028   32079    0.244743
1484559794      676   32971    0.251549
1484559795      1222   34193    0.260872
1484559796      821   35116    0.267914
1484559797      1217   36333    0.277199
1484559798      798   37261    0.284279
1484559799      955   38466    0.293472
1484559800      1223   39689    0.302803
1484559801      803   40611    0.309837
1484559802      1223   41834    0.319168
1484559803      820   42756    0.326202
1484559805      804   43961    0.335396
1484559806      1222   45183    0.344719
1484559807      811   46106    0.351761
1484559808      1218   47325    0.361061
1484559809      822   48251    0.368126
1484559810      946   49456    0.377319
1484559811      964   50420    0.384674
1484559812      1171   51591    0.393608
1484559813      715   52316    0.399139
1484559814      1222   53538    0.408463
1484559815      821   54461    0.415504
1484559816      1095   55556    0.423859
1484559818      764   56381    0.430153
1484559819      1216   57597    0.43943
1484559820      802   58526    0.446518
1484559821      987   59513    0.454048
1484559822      862   60446    0.461166
1484559823      1222   61668    0.47049
1484559824      821   62591    0.477531
1484559825      1003   63594    0.485184
1484559826      1134   64728    0.493835
1484559827      717   65451    0.499352
1484559828      1112   66563    0.507835
1484559829      749   67371    0.514
1484559830      1236   68607    0.52343
1484559831      781   69516    0.530365
1484559832      1223   70739    0.539696
1484559833      642   71436    0.545013
1484559834      1222   72658    0.554337
1484559835      807   73581    0.561378
1484559836      1081   74662    0.569626
1484559838      946   75726    0.577744
1484559839      802   76931    0.586937
1484559840      1224   78155    0.596275
1484559841      791   79076    0.603302
1484559842      1177   80253    0.612282
1484559843      827   81221    0.619667
1484559844      993   82214    0.627243
1484559846      794   83141    0.634315
1484559847      1225   84366    0.643661
1484559848      826   85286    0.650681
1484559849      1051   86337    0.658699
1484559850      894   87431    0.667046
1484559851      1110   88541    0.675514
1484559852      750   89351    0.681694
1484559853      989   90340    0.68924
1484559854      1002   91496    0.698059
1484559855      1001   92497    0.705696
1484559856      459   92956    0.709198
1484559857      867   93823    0.715813
1484559858      958   94846    0.723618
1484559859      1081   95927    0.731865
1484559860      896   96991    0.739983
1484559861      1226   98217    0.749336
1484559862      674   98911    0.754631
1484559863      1183   100094    0.763657
1484559864      887   101056    0.770996
1484559865      1078   102134    0.779221
1484559867      968   103201    0.787361
1484559868      1084   104285    0.795631
1484559869      750   105121    0.80201
1484559870      1224   106345    0.811348
1484559871      843   107266    0.818375
1484559872      1226   108492    0.827728
1484559873      844   109411    0.83474
1484559874      742   110153    0.840401
1484559875      948   111331    0.849388
1484559876      1168   112499    0.858299
1484559877      869   113476    0.865753
1484559878      1232   114708    0.875153
1484559879      582   115396    0.880402
1484559880      1224   116620    0.88974
1484559882      836   117541    0.896767
1484559883      1224   118765    0.906105
1484559884      843   119686    0.913132
1484559885      1062   120748    0.921234
1484559886      762   121606    0.92778
1484559887      1137   122743    0.936455
1484559888      998   123741    0.944069
1484559889      886   124627    0.950829
1484559890      1123   125750    0.959396
1484559891      825   126575    0.965691
1484559892      1214   127789    0.974953
1484559893      786   128575    0.980949
1484559894      1217   129792    0.990234
1484559895      924   130716    0.997284
1484559896      930   131881    1.00617
1484559897      1218   133100    1.01547
1484559898      925   134026    1.02254
1484559899      1227   135253    1.0319
1484559900      929   136182    1.03899
1484559901      940   137376    1.0481
1484559902      1146   138522    1.05684
1484559903      952   139521    1.06446
1484559904      1222   140743    1.07378
1484559905      928   141671    1.08086
1484559907      949   142871    1.09002
1484559908      1221   144092    1.09933
1484559909      918   145016    1.10638
1484559910      1224   146240    1.11572
1484559911      922   147162    1.12276
1484559912      960   148366    1.13194
1484559913      1126   149492    1.14053
1484559914      966   150511    1.14831
1484559915      1225   151736    1.15765
1484559916      916   152656    1.16467
1484559917      933   153861    1.17387
1484559918      1218   155079    1.18316
1484559919      923   156006    1.19023
1484559920      1225   157231    1.19958
1484559921      910   158151    1.2066
1484559922      579   158866    1.21205
1484559923      1105   159971    1.22048
1484559924      905   160876    1.22739
1484559925      1205   162081    1.23658
1484559926      926   163007    1.24364
1484559927      1218   164225    1.25294
1484559928      818   165043    1.25918
1484559929      1178   166221    1.26817
1484559930      885   167106    1.27492
1484559931      1198   168304    1.28406
1484559932      924   169228    1.29111
1484559934      925   170346    1.29964
1484559935      1226   171572    1.30899
1484559936      906   172491    1.316
1484559937      1218   173709    1.32529
1484559938      911   174636    1.33237
1484559939      949   175841    1.34156
1484559940      1225   177066    1.35091
1484559941      917   177986    1.35793
1484559942      1224   179210    1.36726
1484559943      929   180139    1.37435
1484559944      955   181336    1.38348
1484559945      1223   182559    1.39281
1484559946      920   183481    1.39985
1484559947      1231   184712    1.40924
1484559948      930   185642    1.41634
1484559949      946   186831    1.42541
1484559950      1225   188056    1.43475
1484559951      930   188986    1.44185
1484559952      1224   190210    1.45119
1484559954      841   191121    1.45814
1484559955      951   192326    1.46733
1484559956      1212   193538    1.47658
1484559957      916   194471    1.4837
1484559958      1217   195688    1.49298
1484559959      924   196616    1.50006
1484559960      954   197821    1.50925
1484559961      1215   199036    1.51852
1484559962      923   199966    1.52562
1484559963      1158   201124    1.53445
1484559964      939   202111    1.54198
1484559965      962   203316    1.55118
1484559966      1220   204536    1.56049
1484559967      921   205461    1.56754
1484559968      1219   206680    1.57684
1484559969      919   207606    1.58391
1484559971      962   208811    1.5931
1484559972      1205   210016    1.60229
1484559973      929   210956    1.60947
1484559974      1221   212177    1.61878
1484559975      918   213101    1.62583
1484559976      955   214306    1.63503
1484559977      1220   215526    1.64433
1484559978      916   216451    1.65139
1484559979      1220   217671    1.6607
1484559980      781   218596    1.66776
1484559981      997   219593    1.67536
1484559982      843   220516    1.6824
1484559983      1002   221518    1.69005
1484559984      1002   222661    1.69877
1484559985      1005   223666    1.70644
1484559986      995   224806    1.71513
1484559987      727   225533    1.72068
1484559988      1184   226717    1.72971
1484559990      608   227441    1.73524
1484559991      1227   228668    1.7446
1484559992      813   229586    1.7516
1484559993      801   230791    1.7608
1484559994      1226   232017    1.77015
1484559995      795   232936    1.77716
1484559996      1221   234157    1.78648
1484559998      811   235081    1.79353
1484559999      951   236286    1.80272
1484560000      1107   237393    1.81116
1484560001      850   238431    1.81908
1484560002      1225   239656    1.82843
1484560003      770   240576    1.83545
1484560005      950   241781    1.84464
1484560006      1058   242839    1.85271
1484560007      977   243926    1.86101
1484560008      989   244915    1.86855
1484560009      887   246071    1.87737
1484560010      1153   247225    1.88618
1484560011      675   247991    1.89202
1484560012      1227   249218    1.90138
1484560013      801   250136    1.90839
1484560014      1219   251355    1.91769
1484560015      803   252281    1.92475
1484560016      1090   253371    1.93307
1484560017      763   254201    1.9394
1484560018      1198   255399    1.94854
1484560020      575   256346    1.95576
1484560021      1224   257570    1.9651
1484560022      653   258266    1.97041
1484560023      1217   259483    1.9797
1484560024      802   260411    1.98678
1484560025      992   261403    1.99435
1484560027      997   262556    2.00314
1484560028      1155   263711    2.01196
1484560029      703   264414    2.01732
1484560030      729   265191    2.02325
1484560031      1122   266313    2.03181
1484560032      836   267336    2.03961
1484560033      1227   268563    2.04897
1484560034      642   269256    2.05426
1484560035      1222   270478    2.06358
1484560036      811   271401    2.07063
1484560037      1222   272623    2.07995
1484560038      926   273549    2.08701
1484560040      798   274751    2.09618
1484560041      1212   275963    2.10543
1484560042      805   276896    2.11255
1484560043      1218   278114    2.12184
1484560044      801   279041    2.12891
1484560045      797   280246    2.13811
1484560046      1216   281462    2.14738
1484560048      800   282391    2.15447
1484560049      1220   283611    2.16378
1484560050      804   284536    2.17084
1484560051      954   285741    2.18003
1484560052      1082   286823    2.18829
1484560053      870   287886    2.1964
1484560054      1211   289097    2.20564
1484560055      851   290031    2.21276
1484560056      1129   291160    2.22137
1484560057      731   291951    2.22741
1484560058      1218   293169    2.2367
1484560059      821   294096    2.24377
1484560060      1224   295320    2.25311
1484560062      795   296241    2.26014
1484560063      1107   297348    2.26859
1484560064      749   298161    2.27479
1484560065      1000   299161    2.28242
1484560066      883   300306    2.29115
1484560067      1227   301533    2.30051
1484560068      593   302226    2.3058
1484560069      1226   303452    2.31516
1484560070      801   304371    2.32217
1484560071      1228   305599    2.33154
1484560072      792   306516    2.33853
1484560073      995   307511    2.34612
1484560075      860   308436    2.35318
1484560076      1014   309450    2.36092
1484560077      918   310581    2.36954
1484560078      1172   311753    2.37849
1484560079      944   312726    2.38591
1484560080      712   313438    2.39134
1484560081      1198   314636    2.40048
1484560082      709   315361    2.40601
1484560083      1220   316581    2.41532
1484560084      819   317506    2.42238
1484560085      795   318711    2.43157
1484560086      1204   319915    2.44076
1484560088      829   320856    2.44794
1484560089      1126   321982    2.45653
1484560090      836   323001    2.4643
1484560091      956   324206    2.4735
1484560092      1227   325433    2.48286
1484560093      819   326351    2.48986
1484560094      1222   327573    2.49918
1484560095      808   328496    2.50623
1484560097      795   329701    2.51542
1484560098      1224   330925    2.52476
1484560099      802   331846    2.53178
1484560100      976   332822    2.53923
1484560101      1000   333991    2.54815
1484560102      1021   335012    2.55594
1484560103      826   335911    2.5628
1484560104      1073   336984    2.57098
1484560105      864   338056    2.57916
1484560106      1170   339226    2.58809
1484560108      819   340201    2.59553
1484560109      1106   341307    2.60397
1484560110      711   342121    2.61018
1484560111      1219   343340    2.61948
1484560112      800   344266    2.62654
1484560113      1217   345483    2.63583
1484560114      665   346186    2.64119
1484560115      1220   347406    2.6505
1484560116      820   348331    2.65755
1484560117      1035   349366    2.66545
1484560118      991   350476    2.67392
1484560119      1038   351514    2.68184
1484560120      729   352396    2.68857
1484560121      1218   353614    2.69786
1484560123      808   354541    2.70493
1484560124      1222   355763    2.71426
1484560125      815   356686    2.7213
1484560126      722   357408    2.72681
1484560127      1014   358606    2.73595
1484560128      1026   359632    2.74377
1484560129      983   360751    2.75231
1484560130      1028   361779    2.76015
1484560131      847   362671    2.76696
1484560132      1017   363688    2.77472
1484560133      877   364816    2.78333
1484560134      1167   365983    2.79223
1484560136      803   366961    2.79969
1484560137      1202   368163    2.80886
1484560138      697   368881    2.81434
1484560139      1222   370103    2.82366
1484560140      812   371026    2.8307
1484560141      1224   372251    2.84005
1484560142      815   373171    2.84707
1484560143      1101   374272    2.85547
1484560144      744   375091    2.86172
1484560145      986   376077    2.86924
1484560146      998   377236    2.87808
1484560147      1081   378317    2.88633
1484560148      657   379156    2.89273
1484560149      1213   380369    2.90199
1484560151      848   381301    2.9091
1484560152      1221   382522    2.91841
1484560153      839   383446    2.92546
1484560154      1081   384527    2.93371
1484560155      800   385366    2.94011
1484560156      1108   386474    2.94856
1484560157      888   387511    2.95647
1484560158      1225   388736    2.96582
1484560159      834   389656    2.97284
1484560160      726   390382    2.97838
1484560161      896   391576    2.98749
1484560162      1223   392799    2.99682
1484560163      791   393721    3.00385
1484560164      1225   394946    3.0132
1484560166      678   395641    3.0185
1484560167      968   396609    3.02589
1484560168      886   397786    3.03487
1484560169      1177   398963    3.04385
1484560170      842   399931    3.05123
1484560171      887   401136    3.06042
1484560172      1203   402339    3.0696
1484560174      800   403281    3.07679
1484560175      1221   404502    3.08611
1484560176      830   405426    3.09315
1484560177      795   406631    3.10235
1484560178      1157   407788    3.11118
1484560179      873   408776    3.11871
1484560180      1077   409853    3.12693
1484560181      896   410921    3.13508
1484560183      949   412126    3.14427
1484560184      1132   413258    3.15291
1484560185      867   414271    3.16064
1484560186      1193   415464    3.16974
1484560187      852   416416    3.177
1484560188      1197   417613    3.18613
1484560189      804   418417    3.19227
1484560190      1205   419622    3.20146
1484560191      919   420541    3.20847
1484560192      1224   421765    3.21781
1484560193      937   422702    3.22496
1484560194      1098   423800    3.23334
1484560195      918   424718    3.24034
1484560196      1221   425939    3.24966
1484560197      930   426869    3.25675
1484560198      1213   428082    3.26601
1484560199      807   428889    3.27216
1484560200      997   430041    3.28095
1484560201      1216   431257    3.29023
1484560202      896   432186    3.29732
1484560203      1186   433372    3.30637
1484560204      813   434185    3.31257
1484560205      1230   435415    3.32195
1484560206      854   436269    3.32847
1484560207      1177   437446    3.33745
1484560208      945   438396    3.3447
1484560209      649   439111    3.35015
1484560210      869   439980    3.35678
1484560211      974   441031    3.3648
1484560212      1228   442259    3.37417
1484560213      934   443193    3.38129
1484560214      1212   444405    3.39054
1484560215      809   445214    3.39671
1484560216      1210   446424    3.40594
1484560217      934   447358    3.41307
1484560218      1214   448572    3.42233
1484560219      932   449504    3.42944
1484560221      919   450591    3.43774
1484560222      1175   451766    3.4467
1484560223      939   452736    3.4541
1484560224      1211   453947    3.46334
1484560225      921   454881    3.47047
1484560226      958   456086    3.47966
1484560227      1214   457300    3.48892
1484560228      928   458231    3.49603
1484560229      1211   459442    3.50526
1484560230      905   460376    3.51239
1484560231      956   461581    3.52158
1484560232      1218   462799    3.53088
1484560233      927   463726    3.53795
1484560234      1218   464944    3.54724
1484560235      921   465871    3.55431
1484560236      949   467076    3.56351
1484560237      1224   468300    3.57285
1484560238      932   469232    3.57996
1484560239      1214   470446    3.58922
1484560240      900   471366    3.59624
1484560242      956   472571    3.60543
1484560243      1217   473788    3.61472
1484560244      923   474716    3.6218
1484560245      1223   475939    3.63113
1484560246      855   476861    3.63816
1484560247      953   478066    3.64735
1484560248      999   479065    3.65498
1484560249      1093   480158    3.66331
1484560250      726   480926    3.66917
1484560251      1222   482148    3.6785
1484560252      801   483071    3.68554
1484560253      964   484035    3.69289
1484560254      934   484991    3.70019
1484560255      993   485984    3.70776
1484560257      925   487136    3.71655
1484560258      1142   488278    3.72527
1484560259      635   489056    3.7312
1484560260      1227   490283    3.74056
1484560261      760   491201    3.74757
1484560262      1221   492422    3.75688
1484560263      815   493346    3.76393
1484560265      799   494551    3.77312
1484560266      1224   495775    3.78246
1484560267      793   496696    3.78949
1484560268      1209   497905    3.79871
1484560269      813   498841    3.80585
1484560270      989   499830    3.8134
