1481641266      1498   1498    0.0014286
1481641267      1499   2997    0.00285816
1481641268      1500   4497    0.00428867
1481641269      1499   5996    0.00571823
1481641270      1499   7495    0.00714779
1481641271      1500   8995    0.0085783
1481641272      1499   10494    0.0100079
1481641273      1499   11993    0.0114374
1481641274      1500   13493    0.0128679
1481641275      1499   14992    0.0142975
1481641276      1500   16492    0.015728
1481641277      1499   17991    0.0171576
1481641278      1499   19490    0.0185871
1481641279      1500   20990    0.0200176
1481641280      1499   22489    0.0214472
1481641281      1499   23988    0.0228767
1481641282      1455   25443    0.0242643
1481641283      1374   26817    0.0255747
1481641284      1380   28197    0.0268908
1481641285      1383   29580    0.0282097
1481641286      1382   30962    0.0295277
1481641287      1376   32349    0.0308504
1481641288      1507   33856    0.0322876
1481641289      1382   35238    0.0336056
1481641290      1381   36619    0.0349226
1481641291      1382   38001    0.0362406
1481641292      1382   39383    0.0375586
1481641293      1382   40765    0.0388765
1481641294      1382   42147    0.0401945
1481641295      1364   43633    0.0416117
1481641296      1507   45140    0.0430489
1481641297      1383   46523    0.0443678
1481641298      1383   47906    0.0456867
1481641299      1206   49112    0.0468369
1481641300      1245   50357    0.0480242
1481641301      1381   51801    0.0494013
1481641302      1506   53307    0.0508375
1481641303      1382   54689    0.0521555
1481641304      1383   56072    0.0534744
1481641305      1319   57391    0.0547323
1481641306      1374   58765    0.0560427
1481641307      1378   60143    0.0573568
1481641308      1323   61473    0.0586252
1481641309      1507   62980    0.0600624
1481641310      1382   64362    0.0613804
1481641311      1381   65743    0.0626974
1481641312      1383   67126    0.0640163
1481641313      1382   68508    0.0653343
1481641314      1381   69889    0.0666513
1481641315      1383   71272    0.0679703
1481641317      1380   72757    0.0693865
1481641318      1346   74103    0.0706701
1481641319      1382   75485    0.0719881
1481641320      1383   76868    0.073307
1481641321      1377   78245    0.0746202
1481641322      1377   79622    0.0759335
1481641323      1381   81003    0.0772505
1481641324      1499   82502    0.07868
1481641325      1377   83879    0.0799932
1481641326      1383   85262    0.0813122
1481641327      1382   86644    0.0826302
1481641328      1382   88026    0.0839481
1481641329      1330   89356    0.0852165
1481641330      1379   90735    0.0865316
1481641331      1382   92209    0.0879374
1481641332      1507   93716    0.0893745
1481641333      1376   95092    0.0906868
1481641334      1382   96474    0.0920048
1481641335      1221   97695    0.0931692
1481641336      1382   99077    0.0944872
1481641337      1378   100455    0.0958014
1481641338      1500   101955    0.0972319
1481641339      1376   103331    0.0985441
1481641340      1382   104713    0.0998621
1481641341      1321   106034    0.101122
1481641342      1381   107415    0.102439
1481641343      1382   108797    0.103757
1481641344      1382   110179    0.105075
1481641345      1383   111661    0.106488
1481641346      1506   113167    0.107924
1481641347      1384   114551    0.109244
1481641348      1382   115933    0.110562
1481641349      1361   117294    0.11186
1481641350      1381   118675    0.113177
1481641351      1382   120057    0.114495
1481641352      1381   121438    0.115812
1481641353      1334   122772    0.117085
1481641354      1382   124154    0.118402
1481641355      1381   125535    0.11972
1481641356      1382   126917    0.121037
1481641357      1382   128299    0.122355
1481641358      1382   129681    0.123673
1481641359      1380   131113    0.125039
1481641360      1506   132619    0.126475
1481641361      1328   133947    0.127742
1481641362      1350   135297    0.129029
1481641363      1383   136680    0.130348
1481641364      1372   138052    0.131657
1481641365      1244   139296    0.132843
1481641366      1305   140785    0.134263
1481641367      1506   142291    0.135699
1481641368      1382   143673    0.137017
1481641369      1382   145055    0.138335
1481641370      1218   146273    0.139497
1481641371      1382   147655    0.140815
1481641372      1382   149037    0.142133
1481641373      1499   150536    0.143562
1481641374      1375   151911    0.144874
1481641375      1383   153294    0.146193
1481641376      1382   154676    0.147511
1481641377      1382   156058    0.148829
1481641378      1383   157441    0.150147
1481641379      1345   158786    0.15143
1481641380      1344   160237    0.152814
1481641381      1506   161743    0.15425
1481641382      1382   163125    0.155568
1481641383      1382   164507    0.156886
1481641384      1382   165889    0.158204
1481641385      1383   167272    0.159523
1481641386      1384   168656    0.160843
1481641387      1241   170017    0.162141
1481641388      1506   171523    0.163577
1481641389      1382   172905    0.164895
1481641390      1372   174277    0.166203
1481641391      1377   175654    0.167517
1481641392      1373   177027    0.168826
1481641393      1383   178410    0.170145
1481641394      1382   179792    0.171463
1481641395      1499   181291    0.172893
1481641396      1375   182666    0.174204
1481641397      1381   184047    0.175521
1481641398      1380   185427    0.176837
1481641399      1382   186809    0.178155
1481641400      1348   188157    0.17944
1481641401      1380   189537    0.180757
1481641402      1377   190973    0.182126
1481641403      1506   192479    0.183562
1481641404      1382   193861    0.18488
1481641405      1219   195080    0.186043
1481641406      1380   196460    0.187359
1481641407      1374   197834    0.188669
1481641408      1383   199217    0.189988
1481641409      1499   200716    0.191418
1481641410      1377   202093    0.192731
1481641411      1315   203408    0.193985
1481641412      1340   204748    0.195263
1481641413      1382   206130    0.196581
1481641414      1384   207514    0.197901
1481641415      1382   208896    0.199219
1481641416      1499   210395    0.200648
1481641417      1378   211773    0.201962
1481641418      1379   213152    0.203278
1481641419      1381   214533    0.204595
1481641420      1383   215916    0.205914
1481641421      1383   217299    0.207232
1481641422      1226   218593    0.208467
1481641423      1506   220099    0.209903
1481641424      1383   221482    0.211222
1481641425      1383   222865    0.212541
1481641426      1342   224207    0.21382
1481641427      1379   225586    0.215136
1481641428      1220   226806    0.216299
1481641429      1374   228265    0.21769
1481641430      1507   229772    0.219128
1481641431      1367   231139    0.220431
1481641432      1382   232521    0.221749
1481641433      1383   233904    0.223068
1481641434      1382   235286    0.224386
1481641435      1382   236668    0.225704
1481641436      1383   238051    0.227023
1481641437      1384   239549    0.228452
1481641438      1506   241055    0.229888
1481641439      1383   242438    0.231207
1481641440      1217   243655    0.232368
1481641441      1379   245034    0.233683
1481641442      1381   246415    0.235
1481641443      1382   247797    0.236318
1481641444      1493   249290    0.237741
1481641445      1378   250668    0.239056
1481641446      1382   252050    0.240374
1481641447      1382   253432    0.241692
1481641448      1383   254815    0.243011
1481641449      1382   256197    0.244328
1481641450      1381   257578    0.245646
1481641451      1324   259001    0.247003
1481641452      1507   260508    0.24844
1481641453      1370   261878    0.249746
1481641454      1382   263260    0.251064
1481641455      1384   264644    0.252384
1481641456      1382   266026    0.253702
1481641457      1223   267249    0.254869
1481641458      1500   268749    0.256299
1481641459      1360   270109    0.257596
1481641460      1381   271490    0.258913
1481641461      1384   272874    0.260233
1481641462      1383   274257    0.261552
1481641463      1383   275640    0.262871
1481641464      1384   277024    0.264191
1481641465      1380   278453    0.265553
1481641466      1507   279960    0.266991
1481641467      1382   281342    0.268309
1481641468      1382   282724    0.269627
1481641469      1383   284107    0.270946
1481641470      1343   285450    0.272226
1481641471      1383   286833    0.273545
1481641472      1384   288217    0.274865
1481641473      1499   289716    0.276295
1481641474      1378   291094    0.277609
1481641475      1223   292317    0.278775
1481641476      1383   293700    0.280094
1481641477      1383   295083    0.281413
1481641478      1380   296463    0.282729
1481641479      1329   297905    0.284104
1481641480      1506   299411    0.285541
1481641481      1371   300782    0.286848
1481641482      1381   302163    0.288165
1481641483      1383   303546    0.289484
1481641484      1382   304928    0.290802
1481641485      1382   306310    0.29212
1481641486      1384   307694    0.29344
1481641487      1384   309189    0.294866
1481641488      1507   310696    0.296303
1481641489      1324   312020    0.297565
1481641490      1381   313401    0.298882
1481641491      1283   314684    0.300106
1481641493      927   315745    0.301118
1481641494      1507   317252    0.302555
1481641495      1378   318630    0.303869
1481641496      1220   319850    0.305033
1481641497      1309   321159    0.306281
1481641498      1374   322533    0.307591
1481641499      1382   323915    0.308909
1481641500      1500   325415    0.31034
1481641501      1373   326788    0.311649
1481641502      1378   328166    0.312963
1481641503      1383   329549    0.314282
1481641504      1382   330931    0.3156
1481641505      1382   332313    0.316918
1481641506      1383   333696    0.318237
1481641507      1376   335089    0.319566
1481641508      1506   336595    0.321002
1481641509      1382   337977    0.32232
1481641510      1378   339355    0.323634
1481641511      1220   340575    0.324798
1481641512      1382   341957    0.326116
1481641513      1382   343339    0.327434
1481641514      1500   344839    0.328864
1481641515      1379   346218    0.330179
1481641516      1375   347593    0.331491
1481641517      1383   348976    0.332809
1481641518      1381   350357    0.334126
1481641519      1325   351682    0.33539
1481641520      1383   353065    0.336709
1481641521      1382   354541    0.338117
1481641522      1506   356047    0.339553
1481641523      1384   357431    0.340873
1481641524      1381   358812    0.34219
1481641525      1382   360194    0.343508
1481641526      1383   361577    0.344827
1481641527      1382   362959    0.346145
1481641528      1234   364321    0.347444
1481641529      1506   365827    0.34888
1481641530      1375   367202    0.350191
1481641531      1361   368563    0.351489
1481641532      1382   369945    0.352807
1481641533      1382   371327    0.354125
1481641534      1382   372709    0.355443
1481641535      1375   374084    0.356754
1481641536      1500   375584    0.358185
1481641537      1380   376964    0.359501
1481641538      1382   378346    0.360819
1481641539      1382   379728    0.362137
1481641540      1380   381108    0.363453
1481641541      1381   382489    0.36477
1481641542      1383   383872    0.366089
1481641543      1377   385277    0.367429
1481641544      1506   386783    0.368865
1481641545      1381   388164    0.370182
1481641546      1222   389386    0.371347
1481641547      1377   390763    0.372661
1481641548      1383   392146    0.37398
1481641549      1308   393454    0.375227
1481641550      1500   394954    0.376657
1481641551      1333   396287    0.377929
1481641552      1381   397668    0.379246
1481641553      1383   399051    0.380565
1481641554      1242   400293    0.381749
1481641555      1365   401658    0.383051
1481641556      1254   403117    0.384442
1481641557      1507   404624    0.38588
1481641558      1381   406005    0.387197
1481641559      1314   407319    0.38845
1481641560      1334   408653    0.389722
1481641561      1382   410035    0.39104
1481641562      1382   411417    0.392358
1481641563      1383   412800    0.393677
1481641564      1338   414138    0.394953
1481641565      1381   415519    0.39627
1481641566      1382   416901    0.397588
1481641567      1382   418283    0.398906
1481641568      1381   419664    0.400223
1481641569      1383   421047    0.401542
1481641570      1499   422546    0.402971
1481641571      1371   423917    0.404279
1481641572      1375   425292    0.40559
1481641573      1381   426673    0.406907
1481641574      1381   428054    0.408224
1481641575      1382   429436    0.409542
1481641576      1381   430817    0.410859
1481641577      1379   432241    0.412217
1481641578      1506   433747    0.413653
1481641579      1380   435127    0.414969
1481641580      1381   436508    0.416286
1481641581      1198   437706    0.417429
1481641582      1383   439089    0.418748
1481641583      1381   440470    0.420065
1481641584      1499   441969    0.421494
1481641585      1378   443347    0.422809
1481641586      1381   444728    0.424126
1481641587      1382   446110    0.425444
1481641588      1382   447492    0.426762
1481641589      1382   448874    0.42808
1481641590      1383   450257    0.429399
1481641591      1380   451693    0.430768
1481641592      1506   453199    0.432204
1481641593      1371   454570    0.433512
1481641594      1382   455952    0.43483
1481641595      1382   457334    0.436148
1481641596      1382   458716    0.437466
1481641597      1382   460098    0.438784
1481641598      1220   461473    0.440095
1481641599      1506   462979    0.441531
1481641600      1383   464362    0.44285
1481641601      1377   465739    0.444163
1481641602      1343   467082    0.445444
1481641603      1360   468442    0.446741
1481641604      1382   469824    0.448059
1481641605      1382   471206    0.449377
1481641606      1499   472705    0.450807
1481641607      1379   474084    0.452122
1481641608      1383   475467    0.453441
1481641609      1382   476849    0.454759
1481641610      1382   478231    0.456077
1481641611      1382   479613    0.457395
1481641612      1382   480995    0.458713
1481641613      1379   482429    0.46008
1481641614      1507   483936    0.461517
1481641615      1366   485302    0.46282
1481641616      1206   486508    0.46397
1481641617      1382   487890    0.465288
1481641618      1381   489271    0.466605
1481641619      1370   490641    0.467912
1481641620      1500   492141    0.469342
1481641621      1380   493521    0.470658
1481641622      1333   494854    0.47193
1481641623      1328   496182    0.473196
1481641624      1378   497560    0.47451
1481641625      1381   498941    0.475827
